ftv64
[32, 29, 25, 21, 48, 17, 16, 18, 50, 54, 28, 61, 1, 37, 64, 34, 31, 62, 52, 30, 53, 55, 33, 56, 38, 2, 4, 3, 0, 27, 26, 19, 42, 11, 10, 13, 15, 60, 36, 8, 40, 41, 9, 43, 44, 12, 35, 20, 46, 45, 14, 47, 7, 39, 5, 6, 57, 58, 51, 24, 23, 49, 22, 59, 63];2480.0;3009.9384615384615;1.0911889546153845E7;173.0;362160.0;130.0
[45, 60, 56, 38, 0, 18, 17, 13, 16, 15, 40, 41, 9, 10, 14, 47, 28, 27, 26, 63, 29, 50, 54, 61, 37, 3, 64, 4, 7, 42, 11, 22, 59, 21, 48, 43, 44, 12, 35, 20, 19, 46, 36, 8, 1, 2, 39, 5, 6, 57, 58, 34, 32, 52, 53, 62, 51, 23, 49, 24, 30, 31, 55, 33, 25];3216.0
[44, 45, 15, 61, 21, 48, 19, 46, 0, 18, 27, 26, 24, 51, 32, 54, 1, 37, 28, 29, 52, 31, 62, 30, 53, 3, 14, 47, 41, 9, 43, 10, 60, 13, 16, 17, 50, 55, 33, 56, 38, 2, 39, 42, 11, 12, 35, 20, 36, 7, 6, 57, 58, 34, 25, 22, 23, 49, 59, 63, 64, 4, 5, 8, 40];3084.0
[63, 52, 62, 30, 53, 31, 55, 33, 56, 38, 4, 39, 8, 40, 7, 42, 12, 35, 20, 10, 1, 37, 64, 34, 29, 32, 28, 50, 54, 27, 26, 22, 48, 21, 19, 46, 45, 43, 44, 11, 41, 9, 14, 47, 5, 36, 6, 57, 58, 2, 3, 15, 0, 18, 16, 17, 13, 60, 61, 51, 24, 23, 49, 59, 25];2650.0
[23, 24, 51, 30, 62, 52, 31, 15, 36, 8, 40, 7, 63, 29, 18, 17, 16, 0, 1, 37, 2, 3, 64, 34, 32, 53, 55, 33, 56, 38, 4, 39, 6, 57, 58, 54, 50, 28, 61, 48, 35, 20, 21, 49, 59, 25, 22, 27, 26, 19, 46, 45, 43, 9, 42, 11, 60, 10, 13, 14, 47, 5, 41, 44, 12];2853.0
[14, 47, 8, 7, 13, 16, 17, 51, 30, 32, 26, 49, 22, 59, 25, 63, 55, 33, 27, 21, 48, 20, 19, 46, 42, 11, 45, 10, 60, 1, 4, 39, 5, 6, 57, 58, 34, 56, 38, 37, 3, 18, 61, 54, 64, 2, 0, 15, 28, 50, 29, 52, 53, 31, 62, 24, 23, 35, 12, 43, 44, 36, 40, 41, 9];2702.0
[1, 37, 34, 57, 21, 19, 15, 0, 56, 32, 54, 28, 50, 29, 52, 62, 51, 24, 30, 53, 31, 14, 6, 58, 2, 3, 17, 16, 18, 61, 27, 26, 46, 45, 42, 43, 44, 11, 10, 60, 13, 12, 35, 20, 48, 22, 23, 49, 59, 25, 63, 55, 33, 64, 38, 4, 39, 5, 7, 47, 36, 40, 8, 41, 9];2761.0
[24, 30, 31, 54, 50, 25, 63, 29, 28, 27, 21, 48, 49, 59, 26, 19, 46, 36, 8, 40, 41, 42, 43, 9, 0, 55, 33, 32, 61, 15, 14, 47, 39, 5, 7, 60, 1, 4, 6, 58, 34, 57, 56, 64, 38, 2, 3, 37, 53, 62, 52, 51, 23, 35, 20, 12, 44, 11, 45, 10, 13, 16, 17, 18, 22];2775.0
[20, 18, 50, 54, 32, 29, 55, 33, 38, 3, 2, 4, 39, 5, 61, 28, 63, 30, 53, 31, 25, 23, 35, 36, 6, 57, 58, 34, 56, 64, 15, 42, 11, 16, 17, 26, 21, 19, 10, 60, 1, 37, 62, 52, 51, 24, 49, 22, 59, 12, 43, 9, 8, 40, 41, 44, 13, 46, 45, 14, 47, 7, 0, 27, 48];3331.0
[8, 37, 28, 22, 49, 59, 25, 63, 26, 19, 46, 60, 0, 27, 21, 48, 12, 43, 44, 1, 3, 14, 47, 15, 29, 55, 33, 56, 32, 54, 64, 4, 39, 7, 10, 42, 11, 45, 6, 57, 58, 34, 38, 2, 5, 40, 41, 9, 13, 16, 17, 18, 61, 50, 52, 30, 53, 31, 62, 51, 24, 23, 35, 20, 36];2972.0
[49, 63, 55, 29, 24, 51, 30, 32, 28, 1, 37, 0, 15, 10, 60, 8, 36, 40, 7, 61, 50, 54, 19, 12, 35, 20, 59, 25, 26, 48, 21, 46, 13, 17, 16, 18, 64, 34, 4, 39, 5, 41, 9, 42, 43, 44, 11, 45, 6, 58, 56, 38, 2, 3, 14, 47, 57, 53, 31, 62, 52, 33, 27, 22, 23];2977.0
[34, 58, 3, 14, 47, 29, 30, 28, 1, 37, 27, 21, 7, 6, 57, 62, 31, 32, 54, 26, 59, 63, 51, 24, 23, 22, 35, 48, 49, 25, 52, 53, 33, 4, 39, 5, 16, 18, 17, 42, 11, 60, 61, 50, 55, 56, 64, 38, 2, 15, 13, 46, 20, 19, 10, 36, 8, 40, 41, 9, 44, 45, 12, 43, 0];3460.0
[6, 58, 39, 10, 42, 20, 19, 45, 60, 13, 50, 54, 28, 27, 23, 49, 22, 59, 63, 29, 32, 25, 26, 21, 48, 35, 12, 9, 43, 44, 11, 14, 47, 5, 7, 8, 36, 40, 41, 1, 37, 2, 3, 18, 17, 16, 46, 15, 0, 61, 64, 38, 34, 57, 31, 55, 53, 62, 30, 52, 24, 51, 33, 56, 4];2874.0
[15, 0, 50, 55, 53, 17, 18, 16, 12, 35, 46, 45, 20, 19, 60, 13, 14, 39, 5, 6, 58, 2, 37, 64, 32, 54, 61, 63, 29, 25, 23, 49, 22, 59, 31, 62, 52, 30, 33, 38, 4, 36, 8, 47, 7, 57, 34, 56, 28, 27, 26, 51, 24, 48, 21, 42, 11, 43, 9, 40, 41, 44, 10, 1, 3];3257.0
[10, 43, 44, 11, 15, 50, 54, 28, 17, 13, 46, 42, 45, 0, 1, 37, 2, 3, 64, 62, 52, 30, 53, 31, 33, 56, 25, 26, 36, 40, 41, 9, 16, 18, 61, 27, 51, 24, 23, 35, 20, 19, 12, 60, 14, 6, 34, 57, 58, 32, 21, 48, 49, 22, 59, 63, 29, 55, 38, 4, 39, 47, 5, 8, 7];2992.0
[44, 50, 33, 56, 64, 57, 53, 62, 51, 45, 11, 10, 36, 8, 7, 40, 41, 9, 63, 29, 52, 30, 31, 17, 18, 16, 12, 35, 25, 55, 4, 39, 6, 58, 34, 38, 2, 3, 14, 47, 5, 15, 28, 26, 23, 49, 59, 32, 54, 1, 37, 48, 21, 20, 46, 60, 13, 0, 61, 27, 22, 24, 19, 42, 43];3427.0
[0, 46, 43, 44, 11, 12, 35, 49, 24, 27, 26, 48, 21, 20, 19, 61, 50, 64, 57, 31, 62, 52, 53, 32, 54, 28, 1, 37, 2, 4, 7, 36, 8, 60, 13, 16, 18, 17, 15, 40, 41, 9, 42, 45, 10, 14, 47, 39, 5, 6, 58, 34, 56, 29, 23, 22, 59, 25, 63, 51, 30, 55, 33, 38, 3];2693.0
[1, 37, 64, 38, 2, 4, 3, 0, 22, 59, 27, 26, 63, 61, 18, 50, 54, 28, 29, 25, 46, 14, 6, 56, 32, 53, 62, 52, 31, 55, 33, 34, 57, 58, 39, 41, 44, 11, 45, 20, 21, 49, 24, 51, 30, 23, 48, 19, 12, 35, 10, 36, 8, 7, 47, 5, 40, 9, 42, 43, 15, 60, 13, 16, 17];3056.0
[54, 27, 22, 59, 32, 28, 21, 49, 63, 55, 61, 17, 18, 0, 42, 11, 10, 60, 41, 9, 15, 2, 4, 39, 36, 8, 40, 47, 5, 7, 13, 16, 26, 23, 24, 25, 19, 46, 45, 43, 44, 12, 35, 48, 20, 14, 6, 57, 58, 33, 64, 34, 56, 38, 3, 1, 37, 50, 29, 51, 30, 62, 52, 53, 31];3099.0
[35, 20, 19, 10, 36, 8, 7, 5, 6, 58, 57, 55, 33, 56, 2, 4, 34, 64, 38, 3, 16, 17, 18, 26, 48, 21, 46, 40, 41, 9, 1, 37, 28, 50, 54, 61, 13, 60, 11, 45, 42, 43, 44, 12, 49, 59, 63, 31, 62, 52, 53, 14, 47, 39, 15, 0, 27, 22, 23, 24, 51, 30, 32, 29, 25];2955.0
[58, 42, 11, 10, 60, 15, 26, 23, 35, 12, 44, 45, 20, 49, 22, 24, 19, 46, 1, 37, 3, 0, 13, 36, 40, 41, 43, 9, 8, 14, 47, 5, 7, 51, 30, 61, 16, 17, 18, 50, 29, 53, 31, 62, 52, 33, 56, 64, 32, 54, 28, 27, 21, 48, 59, 25, 63, 55, 38, 2, 4, 39, 6, 34, 57];3074.0
[57, 31, 62, 30, 32, 54, 50, 52, 53, 28, 37, 0, 36, 7, 10, 60, 13, 16, 17, 18, 61, 55, 33, 56, 3, 14, 6, 58, 34, 29, 51, 24, 35, 20, 59, 27, 21, 48, 22, 23, 49, 63, 25, 26, 19, 46, 15, 1, 64, 38, 2, 4, 39, 41, 44, 12, 43, 9, 42, 11, 45, 8, 40, 47, 5];2984.0
[0, 28, 50, 51, 24, 25, 29, 54, 27, 45, 10, 13, 17, 16, 18, 64, 34, 57, 58, 32, 26, 49, 22, 59, 63, 55, 33, 56, 38, 2, 3, 40, 41, 9, 42, 11, 12, 44, 60, 14, 15, 1, 37, 4, 39, 5, 7, 20, 21, 48, 23, 35, 19, 46, 43, 36, 8, 47, 6, 53, 31, 62, 52, 30, 61];2999.0
[47, 5, 7, 36, 44, 11, 15, 28, 27, 21, 19, 12, 35, 59, 25, 45, 42, 43, 0, 61, 1, 37, 26, 63, 24, 23, 49, 22, 48, 20, 46, 10, 60, 13, 16, 18, 17, 50, 32, 54, 64, 38, 2, 4, 39, 8, 40, 41, 9, 57, 6, 58, 34, 56, 29, 55, 31, 62, 52, 51, 30, 53, 33, 3, 14];2939.0
[20, 45, 60, 10, 42, 11, 55, 33, 56, 38, 26, 48, 21, 19, 46, 7, 6, 57, 58, 29, 25, 23, 49, 51, 24, 30, 31, 32, 50, 54, 61, 0, 13, 16, 17, 18, 28, 27, 22, 59, 63, 14, 47, 40, 9, 43, 15, 1, 3, 37, 2, 4, 34, 53, 62, 52, 64, 39, 5, 36, 8, 41, 44, 12, 35];3152.0
[0, 29, 51, 24, 23, 20, 46, 45, 11, 47, 39, 5, 41, 9, 16, 18, 61, 28, 1, 37, 15, 10, 60, 36, 8, 7, 40, 50, 52, 31, 55, 64, 34, 56, 3, 17, 13, 14, 6, 57, 58, 32, 54, 27, 21, 48, 22, 26, 19, 42, 43, 44, 12, 35, 49, 59, 25, 63, 62, 30, 53, 33, 38, 2, 4];3049.0
[58, 12, 44, 60, 10, 15, 61, 50, 64, 56, 32, 54, 28, 18, 17, 16, 13, 42, 11, 49, 22, 59, 24, 51, 23, 35, 19, 46, 29, 25, 27, 26, 45, 20, 21, 48, 63, 2, 4, 39, 7, 36, 40, 41, 43, 9, 8, 0, 1, 37, 3, 14, 47, 5, 6, 57, 31, 62, 52, 30, 55, 53, 33, 38, 34];3114.0
[5, 6, 57, 58, 4, 2, 13, 46, 20, 48, 21, 19, 16, 17, 18, 55, 33, 34, 56, 54, 28, 50, 61, 1, 37, 0, 27, 26, 29, 30, 62, 52, 53, 31, 32, 51, 24, 25, 42, 43, 44, 45, 10, 15, 60, 36, 40, 41, 9, 11, 12, 35, 49, 22, 23, 59, 63, 64, 38, 3, 14, 7, 8, 47, 39];2819.0
[7, 30, 53, 31, 32, 56, 50, 54, 28, 18, 17, 61, 1, 3, 15, 13, 16, 48, 21, 35, 20, 46, 45, 42, 43, 41, 9, 60, 14, 6, 58, 22, 23, 49, 12, 44, 11, 10, 0, 37, 27, 26, 59, 63, 29, 55, 33, 64, 38, 2, 4, 34, 57, 62, 52, 24, 51, 25, 19, 36, 8, 40, 47, 39, 5];3026.0
[43, 40, 6, 5, 7, 36, 8, 60, 14, 47, 10, 13, 55, 33, 56, 38, 2, 0, 18, 61, 28, 1, 3, 37, 27, 63, 29, 32, 54, 17, 16, 46, 12, 44, 15, 50, 25, 59, 26, 21, 48, 35, 19, 20, 49, 23, 22, 24, 51, 30, 31, 62, 52, 53, 64, 34, 57, 58, 4, 39, 41, 9, 42, 11, 45];2791.0
[50, 27, 26, 19, 46, 0, 61, 63, 29, 25, 22, 49, 59, 24, 51, 55, 33, 3, 15, 13, 60, 14, 47, 6, 58, 56, 32, 18, 16, 17, 37, 2, 4, 39, 5, 36, 8, 40, 41, 43, 9, 7, 42, 11, 12, 44, 20, 21, 48, 23, 35, 45, 10, 1, 38, 34, 64, 57, 53, 31, 62, 52, 30, 54, 28];2813.0
[34, 32, 55, 33, 56, 53, 31, 27, 26, 63, 64, 38, 4, 39, 5, 10, 60, 50, 29, 62, 51, 24, 22, 23, 19, 46, 13, 16, 18, 17, 52, 30, 3, 0, 15, 14, 47, 43, 9, 8, 7, 36, 40, 41, 42, 45, 12, 44, 11, 20, 21, 35, 48, 49, 59, 25, 54, 28, 61, 1, 37, 2, 6, 57, 58];2971.0
[52, 50, 28, 61, 15, 60, 10, 47, 14, 5, 6, 57, 58, 3, 0, 13, 17, 16, 18, 1, 37, 2, 39, 36, 8, 7, 46, 45, 12, 35, 20, 19, 21, 48, 22, 59, 24, 25, 29, 32, 54, 27, 26, 63, 51, 30, 53, 33, 56, 64, 38, 34, 4, 40, 41, 9, 43, 44, 11, 42, 23, 49, 55, 31, 62];2751.0
[41, 15, 50, 54, 36, 7, 60, 1, 37, 38, 2, 4, 64, 57, 53, 62, 51, 24, 19, 42, 9, 43, 44, 11, 45, 14, 47, 6, 58, 34, 56, 3, 0, 61, 28, 18, 17, 16, 13, 12, 35, 20, 48, 21, 49, 23, 46, 10, 26, 27, 22, 59, 25, 63, 32, 29, 52, 30, 31, 55, 33, 39, 5, 8, 40];2928.0
[16, 17, 1, 3, 0, 51, 24, 43, 42, 11, 10, 52, 31, 32, 28, 27, 26, 21, 25, 63, 29, 55, 61, 18, 50, 54, 48, 20, 19, 46, 45, 60, 37, 2, 4, 39, 6, 58, 34, 56, 64, 38, 14, 47, 36, 40, 41, 44, 12, 35, 49, 22, 59, 23, 30, 53, 62, 33, 57, 5, 7, 8, 9, 13, 15];3188.0
[48, 22, 59, 24, 30, 53, 28, 50, 54, 38, 2, 3, 10, 36, 40, 41, 61, 63, 33, 56, 32, 29, 25, 26, 60, 46, 42, 45, 43, 9, 15, 0, 1, 37, 64, 57, 55, 31, 62, 52, 51, 19, 12, 44, 11, 14, 47, 5, 6, 58, 34, 4, 39, 7, 8, 13, 16, 17, 18, 27, 21, 49, 23, 35, 20];2877.0
[3, 64, 15, 13, 46, 42, 12, 35, 55, 62, 31, 28, 50, 22, 23, 24, 51, 30, 33, 38, 2, 4, 39, 5, 10, 0, 61, 17, 18, 16, 60, 36, 40, 9, 43, 41, 44, 11, 14, 47, 7, 8, 6, 57, 58, 56, 34, 54, 27, 59, 63, 29, 25, 26, 45, 19, 20, 21, 48, 49, 52, 53, 32, 1, 37];3114.0
[15, 0, 21, 48, 49, 63, 56, 4, 39, 6, 5, 7, 14, 47, 45, 20, 19, 13, 16, 17, 50, 54, 10, 36, 40, 41, 8, 22, 59, 25, 52, 30, 55, 33, 32, 29, 1, 37, 3, 28, 27, 26, 46, 60, 18, 61, 64, 38, 2, 58, 34, 57, 53, 31, 62, 51, 24, 23, 35, 12, 44, 11, 42, 43, 9];3161.0
[2, 4, 3, 42, 43, 10, 36, 8, 0, 51, 24, 12, 44, 11, 45, 15, 61, 25, 63, 53, 62, 33, 57, 58, 64, 34, 56, 32, 28, 27, 26, 48, 21, 35, 19, 46, 14, 47, 40, 41, 9, 17, 16, 18, 1, 37, 50, 52, 30, 31, 55, 38, 6, 39, 5, 7, 60, 13, 20, 22, 23, 49, 59, 29, 54];3223.0
[16, 18, 22, 25, 55, 31, 62, 53, 33, 56, 32, 28, 61, 27, 59, 26, 46, 45, 1, 37, 64, 2, 4, 57, 58, 34, 38, 3, 0, 44, 12, 43, 8, 5, 6, 39, 7, 20, 21, 48, 35, 23, 49, 63, 54, 17, 13, 14, 47, 36, 40, 41, 9, 42, 11, 10, 60, 15, 50, 29, 52, 30, 24, 51, 19];3175.0
[42, 11, 10, 60, 13, 17, 16, 18, 61, 27, 26, 21, 19, 46, 45, 7, 36, 8, 14, 47, 5, 6, 4, 39, 59, 25, 63, 64, 38, 56, 29, 55, 33, 57, 58, 34, 54, 1, 2, 3, 37, 50, 52, 53, 31, 62, 51, 22, 24, 30, 32, 28, 0, 15, 40, 41, 9, 43, 44, 12, 35, 49, 23, 48, 20];2920.0
[8, 64, 38, 3, 1, 37, 28, 50, 55, 31, 62, 32, 29, 25, 22, 23, 51, 24, 27, 26, 46, 15, 16, 17, 13, 14, 47, 60, 0, 18, 61, 54, 34, 57, 58, 56, 2, 39, 7, 40, 44, 45, 12, 43, 41, 9, 42, 11, 19, 20, 21, 35, 48, 49, 59, 63, 52, 30, 53, 33, 4, 6, 5, 10, 36];2951.0
[53, 31, 33, 56, 50, 54, 26, 59, 25, 42, 11, 13, 16, 29, 52, 30, 32, 61, 28, 27, 48, 21, 45, 60, 10, 15, 14, 47, 7, 0, 1, 37, 64, 38, 2, 3, 18, 17, 23, 49, 22, 24, 51, 19, 46, 9, 43, 44, 12, 35, 20, 63, 55, 4, 39, 36, 8, 41, 40, 5, 6, 57, 58, 34, 62];3143.0
[54, 28, 15, 13, 46, 45, 42, 12, 20, 21, 22, 59, 19, 36, 40, 41, 9, 29, 51, 30, 62, 24, 23, 35, 48, 49, 25, 63, 55, 33, 38, 4, 39, 43, 44, 11, 6, 57, 58, 56, 32, 16, 17, 1, 37, 2, 3, 64, 34, 27, 26, 10, 14, 47, 5, 7, 8, 60, 0, 18, 61, 50, 52, 53, 31];3075.0
[6, 39, 5, 7, 27, 26, 59, 25, 32, 50, 54, 0, 18, 28, 29, 30, 31, 61, 37, 3, 53, 62, 52, 24, 51, 23, 49, 22, 48, 36, 41, 43, 9, 60, 15, 1, 57, 58, 34, 2, 17, 16, 13, 14, 47, 8, 40, 44, 12, 35, 20, 21, 19, 46, 11, 45, 42, 10, 63, 55, 33, 56, 64, 38, 4];3093.0
[26, 46, 45, 42, 43, 9, 5, 58, 32, 28, 27, 63, 33, 64, 34, 56, 38, 3, 15, 13, 14, 47, 6, 57, 31, 62, 52, 61, 18, 17, 16, 37, 50, 54, 29, 55, 53, 30, 24, 51, 25, 22, 23, 35, 20, 19, 12, 44, 11, 36, 8, 10, 60, 0, 1, 2, 4, 39, 7, 40, 41, 21, 48, 49, 59];2889.0
[26, 32, 1, 37, 2, 3, 15, 13, 0, 52, 33, 4, 5, 10, 60, 14, 47, 30, 53, 31, 17, 16, 18, 50, 54, 28, 61, 27, 22, 59, 21, 19, 46, 20, 49, 63, 55, 38, 39, 36, 40, 41, 9, 42, 43, 8, 7, 6, 57, 62, 51, 24, 23, 48, 35, 12, 44, 45, 11, 64, 58, 34, 56, 29, 25];3386.0
[36, 8, 6, 5, 46, 11, 45, 61, 1, 3, 37, 4, 39, 10, 13, 16, 50, 54, 29, 55, 33, 56, 32, 18, 17, 14, 47, 7, 28, 27, 26, 21, 48, 20, 19, 0, 64, 57, 58, 34, 38, 2, 15, 60, 40, 41, 9, 42, 43, 44, 12, 35, 22, 23, 49, 59, 25, 63, 52, 51, 24, 30, 62, 53, 31];2933.0
[33, 25, 22, 59, 26, 60, 7, 40, 9, 13, 46, 45, 20, 48, 21, 19, 10, 42, 43, 61, 50, 54, 28, 37, 64, 34, 56, 32, 29, 52, 62, 30, 53, 57, 58, 38, 3, 15, 36, 8, 41, 44, 11, 12, 35, 49, 23, 51, 24, 31, 14, 47, 5, 17, 16, 18, 1, 4, 39, 6, 2, 0, 27, 63, 55];3195.0
[21, 46, 36, 40, 41, 9, 60, 13, 16, 17, 18, 61, 28, 50, 54, 1, 64, 32, 52, 51, 24, 30, 57, 58, 4, 39, 8, 7, 37, 3, 10, 42, 11, 45, 20, 19, 12, 43, 44, 35, 48, 22, 23, 49, 59, 25, 63, 29, 55, 53, 31, 62, 33, 38, 2, 0, 15, 14, 47, 5, 6, 34, 56, 27, 26];2683.0
[28, 27, 19, 1, 37, 64, 34, 53, 30, 31, 62, 52, 51, 24, 23, 49, 63, 22, 59, 35, 20, 46, 36, 7, 6, 57, 58, 56, 38, 4, 39, 5, 2, 3, 61, 50, 29, 25, 26, 21, 48, 12, 45, 42, 43, 9, 8, 18, 17, 16, 13, 14, 47, 40, 41, 44, 11, 10, 60, 15, 0, 55, 33, 32, 54];2883.0
[43, 29, 52, 51, 26, 21, 48, 49, 59, 28, 18, 16, 17, 13, 60, 36, 41, 9, 42, 45, 19, 46, 37, 64, 34, 56, 32, 54, 1, 3, 0, 61, 50, 30, 31, 62, 33, 14, 6, 57, 58, 25, 63, 53, 55, 38, 2, 4, 39, 5, 8, 40, 47, 7, 15, 27, 22, 24, 23, 35, 20, 12, 44, 11, 10];3182.0
[7, 61, 1, 37, 57, 58, 56, 32, 52, 62, 31, 54, 18, 17, 16, 13, 10, 8, 47, 39, 6, 4, 34, 64, 28, 50, 30, 53, 55, 33, 38, 2, 3, 27, 22, 59, 25, 23, 35, 48, 20, 21, 19, 46, 36, 40, 41, 9, 42, 43, 44, 49, 24, 51, 63, 29, 26, 12, 11, 45, 60, 0, 15, 14, 5];3004.0
[26, 63, 28, 60, 10, 15, 50, 29, 55, 54, 7, 36, 8, 40, 52, 53, 31, 32, 27, 22, 59, 25, 17, 18, 16, 13, 9, 42, 11, 1, 37, 2, 3, 0, 61, 21, 48, 49, 23, 24, 51, 30, 62, 33, 4, 39, 41, 43, 44, 12, 35, 20, 19, 46, 45, 14, 47, 5, 6, 57, 58, 56, 64, 38, 34];3182.0
[26, 43, 9, 41, 10, 60, 15, 13, 12, 35, 59, 25, 64, 2, 14, 47, 6, 55, 33, 56, 38, 3, 37, 28, 29, 32, 50, 54, 61, 18, 16, 17, 1, 34, 57, 58, 4, 39, 5, 40, 44, 11, 45, 42, 20, 49, 23, 22, 24, 51, 63, 52, 53, 62, 30, 31, 21, 48, 19, 46, 36, 8, 7, 0, 27];3065.0
[25, 46, 60, 15, 29, 32, 50, 54, 38, 2, 28, 27, 63, 52, 14, 47, 39, 7, 42, 45, 43, 8, 36, 40, 41, 9, 10, 61, 26, 35, 19, 5, 6, 57, 58, 4, 34, 53, 62, 51, 23, 49, 22, 24, 30, 31, 55, 33, 56, 64, 13, 12, 44, 11, 1, 37, 3, 0, 18, 17, 16, 20, 21, 48, 59];3241.0
[6, 56, 54, 38, 2, 3, 0, 18, 16, 17, 50, 28, 27, 26, 21, 46, 14, 47, 7, 8, 15, 61, 1, 37, 32, 29, 52, 23, 22, 48, 36, 40, 41, 9, 11, 45, 10, 60, 13, 20, 19, 42, 43, 44, 12, 35, 49, 59, 25, 63, 51, 24, 30, 57, 58, 62, 53, 31, 55, 33, 64, 34, 4, 39, 5];2893.0
[52, 30, 38, 2, 61, 26, 29, 51, 24, 23, 49, 22, 59, 37, 3, 0, 17, 18, 16, 46, 45, 12, 35, 20, 1, 4, 39, 7, 13, 60, 14, 47, 15, 50, 55, 33, 56, 64, 40, 9, 11, 10, 36, 8, 5, 6, 57, 58, 34, 32, 54, 28, 27, 21, 19, 42, 43, 41, 44, 48, 25, 63, 53, 31, 62];3120.0
[31, 15, 60, 14, 47, 40, 41, 9, 43, 42, 11, 45, 12, 44, 20, 24, 30, 33, 56, 52, 62, 51, 35, 19, 10, 0, 2, 39, 5, 6, 58, 57, 4, 36, 8, 7, 1, 64, 38, 34, 54, 27, 48, 21, 46, 13, 16, 17, 18, 61, 37, 3, 50, 28, 26, 22, 23, 49, 59, 63, 32, 25, 29, 55, 53];3158.0
[57, 58, 4, 39, 7, 60, 10, 36, 40, 41, 14, 47, 6, 5, 12, 35, 20, 46, 18, 61, 50, 54, 42, 43, 9, 28, 27, 63, 29, 51, 24, 25, 26, 19, 45, 13, 16, 17, 52, 30, 53, 62, 33, 56, 2, 3, 8, 44, 11, 15, 0, 1, 37, 64, 38, 34, 31, 32, 22, 23, 48, 21, 49, 59, 55];3107.0
[27, 55, 64, 2, 5, 10, 60, 36, 8, 7, 26, 48, 35, 20, 21, 63, 29, 32, 54, 28, 53, 31, 62, 30, 33, 56, 38, 4, 39, 6, 58, 34, 57, 3, 14, 47, 61, 50, 52, 51, 24, 23, 49, 22, 59, 25, 19, 46, 12, 43, 44, 11, 45, 16, 17, 18, 1, 37, 0, 15, 13, 40, 41, 9, 42];2926.0
[43, 9, 50, 54, 61, 18, 60, 10, 8, 40, 6, 58, 2, 3, 14, 47, 7, 15, 0, 1, 37, 32, 28, 27, 30, 31, 64, 38, 17, 16, 13, 46, 12, 44, 21, 49, 22, 59, 25, 26, 63, 29, 33, 56, 34, 4, 39, 5, 57, 55, 53, 62, 52, 24, 51, 23, 48, 35, 19, 20, 36, 41, 11, 45, 42];2957.0
[6, 3, 27, 26, 7, 10, 1, 37, 28, 63, 29, 53, 62, 52, 51, 24, 21, 46, 60, 15, 0, 30, 31, 17, 16, 18, 61, 22, 59, 48, 20, 19, 14, 47, 36, 8, 40, 41, 9, 43, 42, 49, 23, 35, 12, 44, 11, 45, 13, 50, 25, 55, 33, 64, 38, 4, 34, 57, 58, 56, 32, 54, 2, 39, 5];3250.0
[50, 54, 18, 15, 60, 0, 64, 38, 2, 61, 28, 29, 51, 24, 63, 25, 27, 59, 26, 12, 35, 48, 49, 22, 23, 21, 36, 8, 7, 47, 5, 1, 37, 3, 17, 16, 13, 14, 40, 9, 43, 41, 44, 20, 19, 46, 42, 11, 45, 10, 4, 39, 6, 57, 58, 34, 56, 55, 31, 62, 52, 30, 53, 33, 32];2958.0
[31, 1, 3, 56, 32, 61, 50, 54, 28, 51, 24, 26, 41, 9, 63, 29, 33, 64, 4, 39, 8, 40, 7, 36, 0, 37, 38, 2, 17, 16, 18, 27, 22, 59, 25, 19, 46, 10, 60, 15, 13, 45, 49, 23, 48, 21, 35, 20, 12, 43, 44, 42, 11, 14, 47, 5, 6, 57, 58, 34, 55, 62, 52, 30, 53];3092.0
[52, 28, 0, 15, 38, 39, 6, 2, 4, 7, 60, 43, 44, 29, 55, 33, 64, 56, 32, 54, 61, 1, 37, 3, 18, 16, 17, 13, 46, 19, 12, 35, 49, 22, 24, 51, 23, 59, 25, 62, 30, 53, 31, 21, 48, 20, 36, 8, 40, 41, 9, 10, 42, 11, 45, 14, 47, 5, 57, 58, 34, 50, 27, 26, 63];3114.0
[10, 15, 52, 30, 55, 33, 39, 60, 23, 49, 63, 2, 4, 57, 53, 62, 31, 0, 18, 17, 16, 13, 14, 47, 45, 22, 59, 24, 51, 32, 54, 50, 29, 25, 26, 46, 42, 43, 9, 8, 7, 5, 6, 58, 64, 34, 56, 38, 3, 1, 37, 61, 28, 27, 21, 48, 35, 20, 19, 12, 44, 11, 36, 40, 41];3214.0
[0, 55, 33, 28, 50, 54, 27, 63, 62, 52, 64, 38, 34, 53, 31, 32, 15, 36, 41, 44, 12, 35, 19, 46, 10, 60, 37, 2, 3, 18, 17, 16, 13, 43, 9, 42, 11, 45, 20, 49, 22, 23, 26, 21, 48, 59, 25, 29, 51, 24, 30, 1, 4, 39, 7, 8, 40, 14, 47, 5, 6, 57, 58, 56, 61];3022.0
[56, 32, 29, 52, 51, 24, 30, 14, 47, 39, 5, 7, 50, 54, 28, 61, 0, 18, 16, 17, 21, 35, 48, 22, 23, 49, 25, 59, 63, 1, 37, 64, 34, 57, 62, 53, 31, 55, 2, 3, 13, 10, 36, 8, 40, 41, 9, 43, 42, 20, 19, 46, 45, 12, 44, 11, 60, 15, 27, 26, 33, 38, 4, 6, 58];2867.0
[5, 26, 63, 29, 23, 49, 22, 59, 54, 61, 28, 27, 48, 20, 19, 45, 12, 44, 11, 15, 60, 10, 36, 40, 8, 7, 13, 16, 17, 18, 1, 37, 2, 3, 0, 50, 30, 53, 31, 33, 56, 32, 55, 34, 64, 38, 4, 39, 6, 57, 58, 62, 52, 24, 51, 25, 21, 35, 46, 42, 43, 41, 9, 14, 47];2770.0
[36, 42, 43, 41, 9, 6, 34, 24, 51, 25, 29, 28, 27, 63, 55, 53, 33, 56, 54, 21, 48, 60, 13, 17, 16, 18, 61, 50, 30, 62, 52, 31, 32, 26, 19, 45, 14, 47, 7, 15, 0, 1, 38, 2, 3, 37, 64, 57, 58, 4, 39, 5, 8, 40, 44, 11, 12, 35, 49, 22, 59, 23, 20, 46, 10];3055.0
[15, 50, 54, 28, 61, 1, 37, 34, 29, 55, 33, 56, 25, 63, 52, 30, 53, 32, 42, 11, 36, 40, 41, 9, 8, 64, 38, 3, 0, 18, 27, 21, 48, 49, 22, 59, 26, 46, 10, 60, 16, 17, 13, 14, 47, 39, 5, 7, 6, 2, 4, 57, 58, 31, 62, 51, 24, 23, 19, 12, 35, 20, 45, 43, 44];2917.0
[46, 45, 42, 11, 14, 47, 7, 60, 10, 36, 8, 41, 40, 9, 43, 44, 12, 35, 20, 21, 48, 33, 2, 3, 64, 34, 56, 32, 54, 28, 50, 31, 62, 52, 51, 25, 26, 19, 13, 15, 16, 18, 17, 1, 37, 38, 57, 58, 4, 39, 5, 6, 0, 61, 27, 29, 63, 55, 53, 30, 24, 49, 22, 59, 23];2784.0
[36, 8, 40, 41, 42, 11, 52, 51, 24, 26, 21, 48, 49, 22, 23, 59, 25, 32, 54, 50, 28, 61, 1, 37, 14, 47, 10, 60, 15, 0, 27, 63, 29, 55, 33, 56, 64, 34, 57, 53, 31, 62, 30, 38, 3, 2, 18, 16, 17, 13, 45, 20, 35, 19, 46, 12, 44, 43, 9, 6, 58, 4, 39, 5, 7];2698.0
[46, 64, 3, 60, 42, 10, 36, 8, 7, 0, 18, 16, 17, 29, 30, 62, 53, 28, 50, 25, 63, 52, 31, 55, 54, 27, 26, 21, 12, 43, 9, 40, 6, 57, 4, 41, 44, 11, 45, 14, 47, 13, 15, 51, 24, 23, 22, 49, 59, 33, 38, 2, 39, 5, 58, 34, 56, 32, 1, 37, 61, 48, 35, 20, 19];3340.0
[18, 17, 52, 51, 30, 16, 13, 15, 60, 7, 5, 6, 53, 31, 62, 1, 3, 14, 47, 27, 22, 59, 25, 63, 29, 32, 54, 50, 28, 61, 37, 56, 64, 34, 57, 58, 4, 39, 36, 8, 40, 41, 26, 21, 48, 20, 19, 46, 10, 42, 43, 9, 11, 45, 12, 44, 35, 23, 49, 24, 55, 33, 38, 2, 0];3031.0
[40, 6, 2, 3, 14, 47, 10, 1, 37, 64, 34, 58, 4, 60, 13, 45, 35, 23, 22, 24, 25, 63, 28, 50, 54, 61, 0, 15, 36, 41, 8, 7, 39, 5, 57, 62, 51, 30, 53, 31, 32, 19, 46, 12, 44, 11, 49, 59, 29, 52, 55, 33, 56, 38, 16, 17, 18, 27, 26, 21, 48, 20, 42, 43, 9];3133.0
[29, 27, 26, 21, 48, 20, 14, 8, 47, 5, 6, 39, 7, 18, 17, 16, 13, 10, 60, 15, 1, 37, 3, 0, 61, 28, 50, 24, 51, 30, 32, 54, 19, 46, 45, 43, 44, 11, 36, 40, 41, 9, 42, 12, 35, 31, 62, 52, 53, 55, 33, 56, 64, 38, 34, 2, 4, 57, 58, 22, 23, 49, 59, 25, 63];2812.0
[49, 25, 34, 56, 62, 52, 28, 37, 3, 0, 13, 16, 18, 17, 1, 64, 57, 58, 4, 2, 61, 27, 21, 35, 48, 20, 19, 46, 60, 14, 47, 6, 39, 5, 7, 26, 59, 24, 51, 63, 32, 50, 54, 29, 30, 53, 31, 55, 33, 38, 15, 43, 44, 45, 10, 36, 8, 40, 41, 9, 42, 11, 12, 22, 23];3046.0
[33, 56, 54, 28, 1, 37, 64, 34, 57, 58, 5, 40, 41, 9, 45, 21, 48, 19, 46, 10, 60, 42, 44, 11, 50, 31, 62, 52, 51, 24, 63, 32, 61, 36, 8, 16, 17, 18, 22, 23, 35, 20, 12, 43, 14, 6, 4, 39, 47, 7, 13, 15, 0, 27, 26, 49, 59, 25, 55, 38, 2, 3, 29, 30, 53];3123.0
[35, 42, 11, 61, 55, 33, 38, 2, 5, 6, 57, 58, 34, 56, 14, 47, 7, 41, 9, 13, 15, 0, 1, 37, 3, 18, 17, 16, 27, 29, 52, 51, 24, 49, 59, 25, 26, 63, 30, 53, 31, 62, 32, 22, 23, 21, 48, 20, 19, 46, 45, 60, 28, 50, 54, 64, 4, 39, 10, 36, 8, 40, 43, 44, 12];2766.0
[8, 5, 6, 2, 3, 14, 47, 7, 15, 16, 18, 29, 55, 33, 56, 32, 27, 59, 25, 36, 40, 41, 61, 28, 50, 54, 17, 13, 46, 12, 43, 44, 11, 63, 52, 24, 51, 30, 53, 38, 4, 39, 9, 42, 20, 21, 48, 49, 22, 26, 19, 45, 10, 60, 0, 1, 37, 64, 57, 58, 34, 31, 62, 23, 35];3240.0
[6, 34, 29, 25, 63, 38, 4, 7, 36, 8, 28, 27, 21, 48, 49, 59, 33, 57, 58, 2, 3, 0, 14, 47, 42, 43, 40, 41, 9, 18, 55, 31, 62, 30, 53, 32, 12, 44, 11, 50, 54, 61, 64, 56, 52, 51, 24, 22, 23, 35, 46, 45, 60, 13, 16, 17, 26, 20, 19, 10, 15, 1, 37, 39, 5];3345.0
[44, 11, 45, 24, 51, 30, 32, 61, 15, 0, 18, 52, 53, 33, 34, 57, 31, 62, 54, 14, 47, 42, 43, 9, 6, 58, 4, 39, 60, 13, 16, 17, 1, 37, 3, 28, 50, 21, 48, 22, 23, 49, 59, 25, 63, 29, 55, 56, 64, 38, 2, 5, 7, 8, 40, 10, 27, 26, 35, 19, 20, 46, 36, 41, 12];3138.0
[46, 45, 12, 8, 40, 0, 61, 28, 50, 51, 24, 23, 35, 19, 20, 60, 10, 42, 43, 9, 16, 17, 18, 1, 3, 37, 29, 52, 62, 30, 53, 31, 55, 33, 56, 32, 54, 64, 34, 57, 58, 27, 26, 48, 21, 49, 22, 59, 25, 63, 38, 2, 4, 7, 36, 41, 44, 11, 14, 47, 6, 39, 5, 15, 13];2732.0
[5, 6, 2, 3, 0, 15, 28, 50, 54, 22, 59, 63, 38, 4, 39, 10, 14, 47, 7, 16, 17, 18, 27, 29, 55, 31, 62, 51, 24, 25, 26, 48, 49, 23, 35, 20, 21, 46, 13, 64, 57, 58, 34, 53, 32, 61, 1, 37, 36, 40, 41, 9, 8, 43, 42, 11, 19, 12, 44, 45, 60, 52, 30, 33, 56];3136.0
[0, 64, 38, 34, 56, 40, 41, 16, 18, 1, 37, 14, 6, 57, 58, 3, 17, 13, 42, 43, 9, 61, 27, 26, 63, 29, 32, 54, 28, 50, 51, 24, 22, 23, 12, 35, 49, 59, 25, 30, 31, 62, 52, 53, 55, 33, 2, 4, 39, 5, 10, 60, 15, 47, 7, 36, 8, 44, 11, 45, 20, 48, 21, 19, 46];2952.0
[2, 21, 48, 35, 46, 0, 61, 14, 47, 28, 27, 59, 54, 1, 37, 56, 64, 3, 15, 10, 42, 11, 8, 36, 40, 41, 9, 60, 13, 16, 17, 18, 50, 29, 51, 30, 33, 34, 58, 4, 39, 7, 5, 6, 57, 31, 62, 52, 53, 32, 26, 20, 19, 12, 43, 44, 45, 49, 22, 23, 24, 25, 63, 55, 38];3138.0
[14, 6, 32, 54, 28, 50, 61, 17, 16, 18, 27, 63, 25, 26, 22, 23, 35, 19, 1, 37, 38, 4, 7, 10, 36, 47, 39, 5, 57, 31, 62, 52, 53, 30, 33, 56, 0, 60, 42, 11, 45, 12, 44, 20, 49, 59, 51, 24, 48, 21, 46, 8, 40, 41, 9, 43, 29, 55, 64, 34, 58, 2, 3, 15, 13];3238.0
[19, 14, 47, 7, 61, 28, 50, 54, 57, 58, 2, 4, 39, 43, 44, 45, 42, 11, 36, 40, 41, 15, 0, 1, 27, 21, 48, 12, 9, 13, 46, 60, 10, 8, 5, 6, 53, 62, 30, 31, 32, 52, 24, 49, 23, 35, 20, 16, 18, 17, 26, 63, 55, 33, 64, 34, 56, 38, 37, 3, 29, 51, 25, 22, 59];3229.0
[60, 61, 1, 37, 26, 21, 19, 46, 12, 44, 11, 10, 7, 13, 16, 17, 30, 33, 64, 38, 27, 22, 49, 59, 63, 55, 3, 14, 47, 41, 9, 2, 4, 39, 36, 8, 40, 5, 6, 57, 58, 34, 56, 52, 53, 31, 62, 51, 24, 35, 20, 42, 43, 15, 0, 18, 28, 50, 54, 32, 29, 25, 23, 48, 45];3091.0
[32, 25, 19, 11, 45, 34, 64, 38, 4, 39, 5, 58, 23, 48, 20, 21, 22, 24, 51, 30, 53, 0, 13, 16, 17, 18, 61, 28, 50, 29, 55, 54, 27, 26, 46, 40, 41, 9, 10, 60, 1, 37, 3, 14, 47, 42, 43, 44, 12, 35, 49, 59, 63, 33, 56, 2, 15, 36, 8, 7, 6, 57, 31, 62, 52];3139.0
[55, 33, 7, 42, 11, 28, 27, 26, 46, 45, 12, 35, 20, 48, 21, 37, 2, 3, 60, 10, 13, 17, 16, 18, 50, 52, 53, 30, 25, 19, 15, 0, 61, 63, 29, 32, 54, 1, 64, 34, 56, 38, 4, 39, 40, 9, 43, 41, 44, 14, 47, 36, 8, 5, 6, 58, 57, 31, 62, 51, 24, 23, 49, 22, 59];3112.0
[6, 58, 3, 0, 1, 38, 4, 2, 37, 28, 27, 26, 63, 32, 54, 17, 16, 18, 61, 50, 22, 23, 48, 21, 46, 11, 45, 13, 15, 60, 10, 7, 36, 8, 40, 41, 20, 49, 59, 25, 29, 30, 31, 55, 33, 56, 64, 34, 57, 53, 62, 52, 51, 24, 35, 19, 12, 44, 42, 43, 9, 14, 47, 39, 5];2659.0
[55, 31, 54, 37, 38, 33, 56, 64, 34, 32, 27, 26, 21, 60, 13, 16, 17, 18, 61, 28, 1, 3, 15, 0, 50, 29, 52, 62, 51, 25, 19, 46, 45, 12, 43, 44, 10, 14, 47, 41, 9, 42, 11, 20, 48, 35, 23, 49, 59, 63, 22, 24, 30, 53, 57, 58, 4, 2, 39, 5, 7, 36, 8, 40, 6];2965.0
[58, 34, 56, 0, 18, 27, 26, 22, 29, 32, 55, 31, 62, 52, 19, 46, 45, 43, 44, 15, 50, 54, 28, 61, 1, 37, 3, 64, 57, 4, 39, 12, 35, 48, 59, 25, 63, 33, 38, 2, 14, 47, 7, 60, 36, 41, 9, 10, 42, 11, 20, 21, 49, 23, 24, 51, 30, 53, 17, 16, 13, 8, 40, 5, 6];2971.0
[62, 23, 49, 25, 29, 28, 50, 54, 1, 37, 3, 27, 22, 59, 63, 33, 34, 56, 38, 5, 36, 8, 7, 10, 60, 15, 64, 2, 4, 39, 6, 58, 57, 53, 31, 55, 32, 61, 14, 47, 40, 41, 9, 43, 0, 52, 51, 26, 48, 35, 19, 12, 44, 42, 11, 45, 18, 17, 16, 13, 46, 20, 21, 24, 30];3072.0
[64, 2, 15, 45, 20, 25, 54, 61, 21, 48, 49, 59, 33, 14, 47, 50, 52, 30, 62, 51, 24, 63, 29, 55, 38, 4, 34, 57, 53, 31, 32, 28, 27, 26, 19, 46, 10, 60, 13, 16, 17, 18, 1, 37, 39, 5, 7, 36, 8, 6, 58, 56, 3, 0, 22, 23, 35, 12, 44, 11, 42, 43, 40, 41, 9];3220.0
[9, 0, 50, 54, 28, 51, 30, 31, 56, 64, 38, 2, 39, 57, 29, 22, 24, 25, 19, 10, 13, 16, 15, 60, 11, 45, 42, 43, 44, 12, 35, 23, 49, 59, 63, 55, 33, 3, 1, 37, 61, 27, 26, 21, 48, 20, 46, 5, 6, 58, 4, 34, 62, 52, 53, 32, 17, 18, 14, 47, 7, 36, 8, 41, 40];3071.0
[32, 29, 25, 21, 48, 17, 16, 18, 50, 54, 28, 61, 1, 37, 64, 34, 31, 62, 52, 30, 53, 55, 33, 56, 38, 2, 4, 3, 0, 27, 26, 19, 42, 11, 10, 13, 15, 60, 36, 8, 40, 41, 9, 43, 44, 12, 35, 20, 46, 45, 14, 47, 7, 39, 5, 6, 57, 58, 51, 24, 23, 49, 22, 59, 63];2480.0
[35, 20, 19, 39, 5, 0, 2, 3, 27, 26, 46, 14, 47, 44, 11, 15, 1, 37, 64, 56, 32, 54, 28, 21, 48, 12, 43, 9, 40, 41, 13, 16, 17, 18, 42, 45, 10, 36, 8, 7, 60, 61, 50, 29, 51, 24, 63, 52, 30, 53, 31, 62, 55, 33, 38, 4, 6, 57, 58, 34, 22, 49, 59, 25, 23];3080.0
[15, 23, 49, 22, 51, 24, 63, 29, 32, 61, 1, 37, 4, 39, 7, 28, 27, 26, 48, 20, 21, 19, 46, 45, 60, 10, 0, 50, 52, 30, 62, 31, 54, 14, 47, 5, 6, 55, 33, 64, 34, 57, 58, 56, 38, 2, 3, 36, 8, 40, 41, 9, 42, 11, 43, 44, 12, 35, 59, 25, 53, 17, 18, 16, 13];2876.0
[46, 10, 42, 43, 9, 1, 3, 37, 26, 19, 20, 21, 48, 49, 59, 50, 54, 36, 8, 40, 41, 27, 22, 23, 35, 45, 12, 44, 11, 60, 13, 15, 61, 28, 56, 32, 30, 53, 58, 4, 39, 5, 7, 0, 18, 17, 16, 47, 14, 6, 57, 31, 62, 52, 51, 24, 25, 63, 29, 55, 33, 64, 38, 34, 2];3026.0
[59, 29, 64, 4, 39, 50, 54, 46, 42, 9, 60, 0, 1, 37, 28, 27, 26, 21, 48, 49, 25, 63, 32, 61, 15, 14, 47, 5, 7, 8, 18, 17, 16, 13, 10, 36, 40, 41, 43, 44, 11, 12, 35, 20, 19, 45, 6, 57, 58, 52, 51, 30, 53, 31, 55, 33, 56, 38, 2, 3, 34, 62, 24, 22, 23];2913.0
[16, 17, 30, 53, 31, 38, 2, 13, 46, 45, 10, 42, 11, 60, 0, 37, 3, 28, 50, 54, 27, 21, 35, 48, 23, 49, 22, 59, 63, 29, 32, 61, 14, 47, 15, 18, 26, 19, 20, 1, 64, 34, 57, 58, 62, 52, 51, 24, 25, 55, 33, 56, 4, 39, 5, 6, 7, 36, 40, 8, 41, 44, 12, 43, 9];2953.0
[43, 9, 1, 4, 34, 56, 32, 22, 63, 0, 14, 47, 51, 24, 45, 10, 60, 13, 15, 27, 21, 48, 20, 19, 46, 36, 7, 39, 5, 6, 58, 64, 38, 57, 31, 62, 53, 55, 33, 2, 3, 37, 28, 50, 54, 29, 52, 30, 61, 18, 17, 16, 8, 40, 41, 44, 12, 35, 23, 49, 59, 25, 26, 42, 11];3245.0
[33, 3, 14, 39, 5, 7, 61, 51, 24, 23, 35, 20, 19, 40, 41, 9, 10, 36, 8, 60, 22, 63, 29, 55, 2, 4, 56, 64, 38, 57, 58, 34, 32, 50, 54, 1, 37, 28, 27, 21, 48, 49, 59, 25, 26, 46, 15, 0, 18, 17, 16, 13, 12, 44, 11, 45, 42, 43, 47, 6, 53, 31, 62, 52, 30];2918.0
[31, 55, 32, 27, 46, 45, 42, 11, 10, 5, 6, 39, 7, 41, 9, 0, 50, 54, 52, 51, 24, 25, 26, 19, 20, 12, 35, 21, 48, 49, 22, 23, 59, 63, 29, 33, 38, 2, 37, 3, 15, 60, 14, 47, 36, 8, 40, 43, 44, 13, 17, 16, 18, 28, 61, 1, 64, 34, 56, 57, 58, 4, 53, 62, 30];2708.0
[31, 55, 60, 10, 15, 50, 62, 52, 37, 3, 0, 28, 61, 18, 17, 16, 13, 14, 47, 6, 53, 33, 2, 4, 38, 34, 56, 32, 54, 26, 19, 12, 44, 11, 43, 9, 40, 41, 1, 64, 57, 58, 39, 5, 7, 36, 8, 42, 21, 48, 49, 59, 63, 29, 25, 22, 24, 51, 23, 35, 20, 46, 45, 27, 30];3224.0
[34, 55, 33, 56, 28, 27, 26, 21, 19, 46, 1, 37, 43, 9, 36, 8, 40, 7, 10, 60, 22, 23, 25, 45, 42, 11, 64, 4, 39, 5, 41, 44, 12, 35, 20, 48, 49, 59, 63, 29, 61, 18, 50, 24, 51, 31, 62, 52, 30, 53, 32, 54, 38, 2, 3, 0, 15, 16, 17, 13, 14, 47, 6, 58, 57];3007.0
[61, 18, 15, 36, 7, 0, 29, 51, 24, 25, 32, 14, 47, 8, 40, 43, 41, 9, 10, 60, 42, 44, 11, 45, 13, 16, 17, 27, 26, 22, 23, 48, 19, 46, 12, 35, 20, 21, 49, 59, 63, 55, 33, 56, 3, 37, 64, 38, 2, 4, 5, 39, 6, 57, 58, 34, 53, 31, 62, 52, 30, 54, 1, 28, 50];2720.0
[28, 26, 19, 36, 6, 5, 7, 10, 15, 0, 61, 27, 23, 49, 22, 59, 25, 63, 55, 34, 57, 58, 2, 4, 53, 31, 54, 18, 17, 16, 13, 42, 43, 44, 11, 45, 60, 14, 47, 8, 40, 41, 9, 50, 29, 24, 51, 30, 62, 52, 33, 64, 56, 38, 3, 1, 37, 39, 46, 12, 35, 20, 21, 48, 32];2948.0
[30, 26, 22, 25, 32, 28, 50, 54, 17, 18, 16, 45, 12, 44, 11, 10, 13, 60, 14, 47, 7, 36, 40, 8, 1, 37, 57, 58, 4, 39, 5, 6, 2, 3, 0, 61, 55, 33, 56, 27, 48, 35, 20, 21, 19, 46, 42, 43, 41, 9, 15, 64, 38, 34, 53, 31, 62, 51, 24, 23, 49, 59, 63, 29, 52];2712.0
[42, 43, 38, 2, 4, 0, 15, 16, 13, 46, 45, 10, 36, 5, 6, 56, 64, 34, 32, 54, 17, 18, 1, 37, 28, 61, 27, 21, 35, 23, 24, 51, 30, 57, 58, 39, 8, 40, 41, 9, 60, 50, 55, 31, 62, 52, 53, 33, 3, 14, 47, 7, 20, 48, 49, 22, 59, 63, 29, 25, 26, 19, 12, 44, 11];2976.0
[19, 46, 17, 16, 18, 37, 3, 2, 0, 61, 1, 64, 57, 39, 6, 58, 34, 32, 54, 28, 27, 21, 48, 20, 60, 15, 13, 10, 36, 8, 41, 40, 9, 50, 29, 55, 33, 56, 38, 4, 5, 7, 26, 49, 22, 23, 59, 63, 52, 51, 24, 25, 31, 62, 30, 53, 14, 47, 42, 43, 44, 11, 45, 12, 35];2926.0
[1, 37, 64, 38, 2, 3, 48, 20, 21, 23, 49, 27, 26, 22, 59, 24, 51, 30, 54, 18, 16, 17, 13, 46, 12, 35, 19, 0, 4, 39, 7, 50, 29, 25, 63, 32, 61, 15, 42, 43, 44, 11, 45, 60, 10, 36, 8, 40, 41, 9, 14, 47, 5, 6, 58, 34, 57, 56, 55, 31, 62, 52, 53, 33, 28];2817.0
[64, 38, 2, 39, 40, 41, 9, 62, 51, 23, 49, 59, 25, 27, 26, 22, 63, 52, 30, 24, 21, 48, 35, 20, 10, 60, 14, 42, 11, 18, 50, 29, 32, 54, 37, 3, 61, 28, 19, 46, 15, 0, 1, 57, 58, 34, 4, 5, 7, 16, 17, 13, 45, 12, 43, 44, 36, 8, 47, 6, 53, 31, 55, 33, 56];3130.0
[50, 3, 18, 17, 16, 13, 60, 7, 5, 6, 39, 40, 41, 9, 11, 45, 0, 27, 59, 25, 19, 46, 1, 37, 64, 34, 56, 32, 54, 26, 63, 29, 55, 31, 62, 52, 51, 24, 23, 48, 21, 42, 43, 44, 12, 35, 20, 49, 22, 30, 53, 33, 38, 57, 58, 4, 2, 14, 47, 36, 8, 10, 15, 61, 28];2747.0
[6, 34, 52, 24, 51, 26, 21, 13, 16, 17, 10, 7, 60, 14, 47, 64, 38, 2, 5, 42, 45, 20, 48, 49, 63, 32, 27, 19, 46, 15, 18, 50, 54, 28, 29, 25, 22, 59, 23, 35, 12, 44, 11, 0, 61, 1, 37, 3, 36, 8, 40, 41, 9, 43, 55, 53, 31, 62, 30, 33, 56, 57, 58, 4, 39];3217.0
[15, 1, 3, 0, 61, 28, 37, 64, 38, 2, 18, 50, 54, 17, 16, 13, 42, 11, 20, 21, 48, 45, 10, 36, 40, 41, 9, 43, 44, 6, 58, 34, 57, 51, 24, 26, 22, 25, 27, 19, 46, 12, 35, 23, 49, 59, 63, 29, 56, 32, 52, 30, 62, 53, 31, 55, 33, 4, 39, 5, 14, 47, 7, 8, 60];2886.0
[26, 63, 29, 4, 7, 10, 11, 36, 8, 60, 13, 16, 18, 17, 40, 41, 9, 42, 44, 12, 43, 14, 47, 39, 5, 6, 57, 58, 62, 52, 30, 53, 51, 23, 48, 35, 20, 19, 46, 45, 15, 1, 37, 3, 64, 34, 31, 55, 33, 56, 38, 2, 0, 61, 28, 50, 54, 32, 27, 21, 49, 22, 59, 24, 25];2749.0
[0, 24, 25, 29, 55, 31, 17, 16, 18, 61, 26, 21, 48, 20, 19, 46, 42, 43, 9, 11, 1, 3, 15, 13, 10, 36, 40, 41, 44, 12, 35, 63, 52, 51, 30, 62, 53, 33, 64, 38, 2, 4, 39, 8, 7, 47, 14, 5, 6, 57, 58, 34, 56, 32, 37, 50, 54, 28, 27, 22, 23, 49, 59, 45, 60];2824.0
[57, 58, 38, 34, 56, 32, 52, 30, 54, 28, 60, 42, 11, 6, 4, 39, 5, 10, 13, 46, 45, 20, 19, 12, 43, 44, 14, 47, 40, 41, 9, 50, 25, 63, 29, 55, 33, 2, 3, 61, 27, 26, 53, 31, 62, 51, 24, 23, 21, 48, 49, 22, 59, 35, 18, 17, 16, 36, 8, 7, 15, 0, 1, 37, 64];2954.0
[17, 18, 61, 28, 13, 45, 20, 19, 46, 6, 58, 34, 2, 0, 10, 36, 40, 41, 9, 42, 43, 8, 57, 53, 31, 32, 54, 1, 37, 3, 14, 47, 7, 50, 63, 29, 24, 25, 26, 21, 59, 55, 62, 52, 51, 30, 33, 64, 56, 38, 4, 39, 5, 27, 48, 49, 22, 23, 35, 12, 44, 11, 60, 15, 16];3043.0
[43, 34, 53, 33, 2, 27, 59, 24, 25, 63, 29, 51, 30, 62, 19, 46, 13, 16, 17, 18, 0, 61, 28, 50, 54, 26, 22, 23, 35, 20, 21, 48, 49, 55, 64, 3, 37, 32, 52, 31, 1, 15, 42, 12, 44, 11, 45, 14, 47, 5, 6, 57, 58, 56, 38, 4, 39, 7, 60, 10, 36, 8, 40, 41, 9];3006.0
[29, 32, 28, 3, 37, 38, 5, 7, 10, 60, 15, 0, 61, 50, 54, 22, 23, 35, 20, 16, 18, 17, 1, 4, 39, 6, 58, 34, 57, 2, 13, 14, 47, 36, 8, 40, 41, 43, 9, 42, 11, 45, 19, 46, 12, 44, 48, 24, 51, 30, 31, 62, 52, 53, 55, 33, 64, 56, 27, 26, 21, 49, 59, 25, 63];2758.0
[29, 52, 33, 56, 25, 26, 22, 59, 53, 31, 32, 54, 50, 39, 5, 7, 36, 16, 18, 17, 61, 28, 27, 21, 49, 63, 55, 64, 34, 4, 2, 14, 47, 8, 40, 41, 44, 11, 0, 1, 37, 38, 3, 15, 46, 45, 10, 60, 13, 12, 35, 48, 24, 30, 62, 51, 23, 20, 19, 42, 43, 9, 6, 57, 58];3159.0
[30, 40, 41, 42, 43, 44, 11, 1, 3, 18, 17, 16, 13, 14, 39, 5, 15, 27, 22, 49, 59, 23, 35, 46, 10, 36, 8, 60, 0, 50, 55, 33, 56, 25, 26, 63, 29, 52, 32, 54, 61, 28, 37, 57, 58, 64, 38, 2, 4, 34, 53, 31, 51, 24, 21, 48, 20, 19, 45, 12, 9, 7, 47, 6, 62];3185.0
[19, 46, 42, 11, 0, 1, 34, 54, 64, 6, 5, 61, 27, 55, 57, 58, 15, 60, 10, 13, 17, 16, 18, 50, 52, 53, 32, 28, 14, 47, 45, 20, 22, 25, 26, 59, 63, 29, 31, 62, 51, 24, 30, 33, 56, 38, 3, 37, 2, 4, 39, 7, 36, 40, 41, 9, 8, 43, 44, 12, 35, 48, 49, 23, 21];3215.0
[48, 21, 19, 45, 42, 43, 9, 10, 50, 51, 30, 24, 54, 61, 1, 37, 26, 63, 55, 33, 64, 34, 57, 53, 31, 62, 52, 18, 0, 15, 14, 47, 41, 44, 11, 60, 13, 16, 17, 12, 35, 20, 46, 36, 8, 40, 6, 58, 56, 2, 3, 27, 22, 23, 49, 59, 25, 29, 32, 38, 4, 39, 5, 7, 28];2973.0
[8, 55, 33, 56, 64, 5, 6, 58, 34, 4, 39, 7, 59, 25, 29, 50, 54, 38, 2, 3, 0, 26, 21, 19, 42, 43, 40, 41, 9, 13, 15, 22, 23, 35, 20, 46, 45, 14, 47, 57, 31, 62, 53, 32, 61, 16, 17, 18, 1, 37, 28, 27, 63, 52, 51, 30, 24, 49, 48, 12, 44, 11, 10, 60, 36];3209.0
