ftv44
[14, 19, 0, 31, 1, 2, 5, 21, 43, 11, 10, 20, 7, 9, 8, 40, 39, 44, 3, 4, 41, 6, 32, 28, 25, 27, 33, 34, 36, 37, 38, 35, 30, 29, 26, 24, 42, 23, 22, 18, 16, 17, 15, 12, 13];1842.0;2365.623300970874;2742233.5611650487;100.0;100077.0;515.0
[28, 14, 19, 18, 16, 17, 32, 36, 3, 0, 43, 12, 21, 1, 44, 2, 31, 29, 24, 26, 42, 23, 22, 15, 13, 11, 10, 9, 6, 4, 5, 20, 7, 8, 40, 41, 39, 35, 33, 34, 37, 38, 30, 25, 27];2576.0
[7, 10, 18, 16, 17, 24, 25, 31, 5, 21, 19, 14, 15, 13, 43, 11, 12, 20, 8, 9, 40, 33, 34, 35, 27, 28, 30, 29, 26, 42, 23, 22, 0, 1, 2, 3, 4, 41, 39, 32, 36, 37, 38, 44, 6];2395.0
[11, 15, 22, 18, 16, 9, 8, 1, 2, 5, 0, 30, 29, 43, 12, 13, 14, 21, 19, 31, 32, 27, 33, 34, 37, 38, 35, 44, 40, 39, 41, 6, 7, 10, 17, 42, 23, 24, 25, 26, 28, 36, 3, 4, 20];2530.0
[25, 28, 40, 9, 8, 7, 14, 19, 0, 39, 38, 32, 37, 4, 6, 41, 44, 3, 5, 1, 2, 21, 15, 17, 20, 10, 43, 13, 11, 12, 16, 22, 18, 42, 23, 24, 26, 27, 33, 34, 36, 35, 31, 29, 30];2409.0
[34, 1, 2, 4, 6, 7, 10, 19, 31, 30, 24, 23, 22, 17, 20, 8, 41, 38, 35, 29, 25, 26, 27, 33, 37, 3, 5, 0, 21, 14, 43, 11, 13, 15, 44, 39, 40, 9, 12, 16, 18, 42, 28, 32, 36];2441.0
[30, 24, 22, 43, 11, 7, 10, 13, 21, 0, 19, 20, 9, 8, 40, 28, 29, 26, 27, 33, 34, 35, 31, 1, 2, 5, 14, 15, 17, 44, 39, 38, 3, 4, 6, 41, 12, 16, 18, 42, 23, 25, 32, 36, 37];2385.0
[16, 24, 42, 43, 12, 13, 19, 20, 14, 15, 17, 23, 22, 21, 30, 29, 26, 25, 37, 38, 39, 40, 34, 36, 44, 3, 41, 6, 8, 9, 7, 10, 11, 1, 2, 4, 5, 0, 31, 32, 35, 33, 27, 28, 18];2424.0
[16, 18, 42, 23, 14, 21, 19, 20, 10, 31, 32, 28, 35, 44, 4, 5, 3, 41, 6, 39, 40, 9, 15, 17, 25, 27, 33, 34, 36, 37, 38, 7, 8, 43, 12, 11, 13, 0, 1, 2, 30, 29, 26, 24, 22];2539.0
[22, 12, 13, 0, 21, 15, 17, 18, 16, 3, 40, 41, 2, 44, 39, 38, 4, 5, 31, 30, 29, 25, 26, 42, 23, 24, 28, 27, 33, 34, 36, 37, 6, 7, 10, 14, 19, 20, 8, 9, 43, 11, 1, 35, 32];2434.0
[19, 14, 17, 15, 16, 18, 42, 24, 23, 22, 43, 11, 10, 12, 13, 20, 7, 9, 8, 40, 39, 41, 31, 30, 29, 25, 26, 27, 33, 34, 35, 32, 28, 36, 37, 38, 44, 3, 6, 4, 1, 2, 5, 0, 21];1915.0
[14, 19, 44, 39, 41, 4, 5, 21, 0, 1, 2, 20, 7, 9, 8, 40, 34, 36, 37, 38, 3, 6, 12, 13, 10, 43, 11, 30, 29, 32, 33, 27, 26, 42, 23, 18, 16, 17, 15, 31, 35, 28, 25, 24, 22];2282.0
[10, 44, 3, 9, 8, 40, 41, 39, 38, 35, 1, 5, 0, 2, 30, 29, 25, 28, 26, 24, 22, 14, 20, 11, 13, 15, 17, 19, 21, 31, 32, 27, 33, 34, 36, 37, 4, 6, 7, 43, 12, 16, 18, 42, 23];2309.0
[14, 25, 26, 43, 12, 15, 13, 20, 7, 10, 11, 21, 36, 37, 38, 5, 2, 44, 3, 4, 9, 8, 41, 6, 35, 32, 33, 27, 28, 30, 29, 22, 19, 0, 31, 1, 39, 40, 34, 24, 42, 23, 18, 16, 17];2533.0
[33, 34, 35, 31, 1, 2, 29, 32, 36, 37, 38, 28, 25, 26, 14, 20, 10, 7, 9, 8, 39, 40, 4, 5, 15, 17, 23, 42, 22, 18, 16, 44, 3, 6, 41, 43, 12, 13, 11, 19, 21, 0, 30, 24, 27];2444.0
[12, 13, 42, 23, 32, 35, 31, 1, 2, 44, 39, 40, 37, 38, 29, 26, 25, 27, 28, 33, 34, 36, 3, 41, 6, 15, 18, 16, 17, 20, 8, 9, 7, 10, 19, 21, 4, 5, 0, 30, 24, 22, 14, 43, 11];2369.0
[17, 19, 39, 40, 37, 38, 35, 25, 42, 23, 28, 29, 20, 10, 0, 1, 2, 44, 3, 4, 5, 32, 36, 34, 33, 27, 26, 24, 14, 43, 11, 7, 8, 9, 41, 6, 12, 13, 15, 21, 31, 30, 22, 18, 16];2529.0
[13, 1, 2, 15, 17, 24, 42, 20, 9, 8, 40, 10, 19, 23, 22, 18, 16, 14, 21, 31, 32, 35, 39, 38, 4, 5, 0, 30, 29, 28, 25, 26, 27, 33, 34, 36, 37, 44, 3, 41, 6, 7, 43, 12, 11];2434.0
[1, 40, 34, 35, 2, 5, 30, 29, 27, 33, 31, 19, 21, 0, 41, 6, 39, 38, 32, 24, 23, 22, 18, 42, 26, 25, 28, 36, 37, 44, 3, 4, 20, 7, 8, 9, 10, 43, 11, 12, 13, 15, 16, 17, 14];2315.0
[10, 43, 30, 24, 18, 16, 14, 20, 8, 40, 9, 12, 13, 19, 44, 3, 4, 7, 11, 21, 32, 36, 34, 35, 1, 5, 2, 0, 31, 25, 28, 29, 22, 15, 17, 42, 23, 26, 27, 33, 37, 38, 39, 41, 6];2624.0
[27, 28, 26, 43, 13, 14, 36, 35, 10, 11, 12, 16, 21, 1, 2, 19, 15, 17, 0, 31, 30, 32, 33, 34, 37, 38, 44, 3, 4, 5, 20, 7, 9, 8, 40, 41, 6, 39, 29, 22, 18, 42, 23, 24, 25];2447.0
[4, 5, 44, 39, 40, 34, 36, 32, 28, 25, 26, 42, 23, 22, 43, 11, 12, 13, 9, 8, 35, 24, 18, 16, 17, 30, 29, 27, 33, 37, 38, 3, 20, 7, 10, 14, 15, 19, 21, 0, 31, 1, 2, 6, 41];2296.0
[35, 1, 2, 44, 41, 6, 11, 16, 42, 23, 22, 18, 12, 13, 14, 21, 31, 0, 19, 15, 17, 24, 26, 27, 3, 4, 5, 20, 10, 43, 7, 9, 8, 40, 39, 34, 33, 36, 37, 38, 30, 29, 25, 28, 32];2410.0
[28, 6, 41, 19, 20, 7, 11, 10, 14, 15, 17, 9, 8, 40, 39, 36, 34, 37, 38, 4, 0, 43, 12, 13, 1, 44, 3, 5, 2, 29, 26, 42, 24, 23, 22, 18, 16, 21, 31, 30, 32, 35, 33, 27, 25];2513.0
[11, 19, 35, 31, 30, 29, 4, 5, 2, 3, 40, 36, 37, 44, 39, 34, 28, 24, 22, 18, 16, 17, 14, 21, 0, 1, 38, 32, 33, 27, 25, 26, 42, 23, 20, 9, 8, 41, 6, 7, 12, 13, 15, 43, 10];2446.0
[19, 31, 4, 0, 21, 20, 14, 1, 2, 5, 35, 30, 32, 34, 36, 37, 38, 39, 44, 3, 41, 6, 7, 12, 16, 18, 13, 9, 8, 40, 33, 27, 28, 29, 24, 42, 23, 25, 26, 22, 15, 17, 43, 11, 10];2373.0
[22, 2, 38, 35, 32, 33, 34, 21, 19, 20, 9, 41, 5, 15, 18, 16, 17, 10, 43, 11, 12, 13, 14, 36, 37, 31, 29, 25, 26, 27, 28, 1, 6, 7, 8, 40, 44, 3, 39, 4, 0, 30, 24, 42, 23];2565.0
[1, 2, 44, 12, 13, 14, 19, 0, 31, 36, 35, 21, 43, 11, 10, 32, 33, 34, 37, 38, 3, 6, 15, 17, 23, 22, 20, 7, 9, 8, 39, 40, 41, 4, 5, 30, 29, 24, 27, 28, 25, 26, 42, 18, 16];2476.0
[22, 14, 19, 1, 5, 21, 0, 30, 29, 36, 37, 35, 32, 33, 34, 31, 2, 39, 40, 38, 44, 3, 41, 4, 6, 8, 9, 7, 15, 17, 20, 10, 43, 11, 12, 13, 16, 18, 42, 26, 25, 27, 28, 24, 23];2101.0
[35, 31, 22, 17, 14, 43, 11, 1, 2, 5, 20, 10, 21, 19, 18, 16, 4, 0, 30, 29, 32, 28, 36, 37, 44, 3, 41, 6, 39, 38, 40, 9, 7, 8, 12, 13, 15, 23, 24, 42, 26, 25, 27, 33, 34];2390.0
[44, 39, 38, 10, 15, 17, 19, 21, 27, 33, 37, 5, 2, 31, 30, 22, 14, 20, 8, 9, 7, 16, 18, 42, 26, 25, 28, 32, 36, 3, 4, 6, 41, 40, 34, 35, 29, 24, 23, 43, 11, 12, 13, 0, 1];2514.0
[24, 23, 14, 12, 13, 15, 16, 17, 36, 37, 4, 5, 20, 19, 21, 0, 29, 25, 28, 32, 31, 1, 30, 22, 18, 42, 26, 27, 33, 34, 35, 2, 44, 41, 6, 43, 11, 10, 7, 9, 8, 40, 39, 38, 3];2458.0
[10, 43, 11, 19, 35, 28, 32, 33, 34, 27, 26, 18, 16, 14, 21, 0, 1, 2, 44, 39, 40, 37, 38, 4, 5, 31, 30, 29, 24, 42, 22, 12, 13, 15, 17, 23, 25, 36, 3, 20, 9, 8, 41, 6, 7];2369.0
[5, 2, 42, 23, 19, 1, 44, 3, 30, 25, 28, 29, 24, 22, 15, 17, 14, 43, 16, 18, 26, 27, 33, 37, 39, 38, 40, 41, 6, 10, 11, 12, 13, 21, 31, 32, 36, 34, 35, 0, 20, 7, 8, 9, 4];2512.0
[27, 28, 29, 19, 21, 0, 26, 42, 23, 24, 22, 18, 16, 1, 2, 5, 33, 34, 35, 31, 32, 36, 37, 38, 6, 10, 14, 15, 17, 43, 11, 12, 13, 20, 7, 8, 9, 40, 41, 39, 44, 3, 4, 30, 25];2265.0
[41, 13, 12, 33, 34, 35, 32, 36, 3, 4, 2, 5, 20, 21, 31, 30, 29, 25, 26, 42, 18, 16, 19, 0, 1, 38, 27, 28, 24, 23, 22, 15, 17, 14, 43, 11, 10, 7, 9, 8, 40, 37, 44, 39, 6];2411.0
[44, 10, 15, 13, 7, 8, 39, 3, 4, 6, 41, 5, 21, 20, 9, 40, 36, 37, 38, 35, 2, 31, 30, 24, 22, 23, 27, 33, 34, 25, 26, 42, 18, 16, 17, 43, 11, 12, 32, 28, 29, 14, 19, 0, 1];2562.0
[23, 17, 31, 32, 36, 37, 38, 5, 0, 1, 44, 3, 4, 6, 41, 2, 25, 26, 27, 33, 21, 11, 12, 13, 15, 20, 7, 9, 8, 40, 39, 34, 35, 28, 29, 22, 18, 16, 43, 10, 14, 19, 30, 24, 42];2390.0
[39, 32, 36, 4, 5, 20, 40, 37, 38, 35, 33, 34, 30, 26, 42, 18, 16, 17, 14, 21, 0, 31, 1, 2, 44, 3, 19, 43, 11, 12, 13, 15, 23, 24, 25, 27, 28, 29, 22, 10, 7, 8, 9, 41, 6];2306.0
[4, 0, 43, 11, 12, 13, 19, 21, 30, 29, 22, 18, 16, 17, 15, 14, 10, 9, 41, 6, 39, 38, 44, 3, 34, 32, 28, 25, 26, 24, 42, 23, 27, 33, 36, 37, 35, 31, 1, 2, 5, 20, 7, 8, 40];2136.0
[3, 4, 0, 33, 34, 27, 26, 25, 28, 29, 24, 23, 43, 10, 14, 20, 7, 9, 8, 35, 32, 42, 18, 16, 19, 21, 31, 30, 22, 1, 44, 39, 40, 41, 6, 11, 12, 13, 15, 17, 2, 5, 36, 37, 38];2522.0
[3, 4, 41, 6, 38, 35, 31, 28, 32, 36, 34, 1, 2, 44, 39, 40, 9, 8, 42, 23, 43, 11, 10, 14, 30, 29, 24, 25, 26, 27, 33, 37, 5, 0, 21, 19, 20, 7, 12, 13, 15, 22, 18, 16, 17];2472.0
[33, 35, 32, 28, 25, 14, 19, 21, 0, 31, 29, 22, 20, 9, 8, 34, 36, 37, 38, 4, 2, 5, 30, 24, 42, 23, 1, 44, 3, 40, 39, 41, 6, 7, 13, 15, 17, 43, 10, 11, 12, 16, 18, 26, 27];2447.0
[22, 23, 1, 4, 5, 2, 0, 21, 31, 32, 33, 34, 36, 37, 38, 6, 7, 9, 8, 40, 39, 35, 44, 3, 41, 19, 20, 10, 11, 16, 18, 42, 43, 12, 13, 15, 17, 14, 30, 29, 24, 25, 26, 27, 28];2276.0
[16, 31, 30, 25, 26, 32, 39, 40, 5, 2, 20, 8, 9, 7, 10, 14, 21, 1, 44, 3, 6, 41, 4, 0, 19, 18, 42, 23, 27, 33, 34, 36, 37, 38, 35, 28, 29, 24, 22, 15, 17, 43, 13, 11, 12];2322.0
[0, 19, 20, 16, 18, 42, 25, 26, 23, 24, 27, 28, 6, 7, 10, 21, 31, 30, 22, 43, 11, 12, 13, 15, 17, 14, 1, 2, 5, 29, 32, 35, 9, 8, 40, 41, 39, 33, 34, 36, 37, 38, 44, 3, 4];2462.0
[13, 42, 23, 22, 14, 1, 6, 9, 8, 41, 4, 5, 2, 40, 39, 36, 34, 35, 28, 30, 29, 15, 17, 18, 16, 31, 32, 26, 24, 25, 27, 33, 37, 38, 44, 3, 0, 21, 19, 20, 7, 43, 10, 11, 12];2366.0
[29, 27, 33, 34, 1, 2, 31, 0, 21, 20, 8, 40, 38, 44, 5, 4, 6, 7, 9, 11, 12, 13, 15, 14, 19, 30, 36, 37, 3, 41, 39, 35, 32, 28, 25, 26, 42, 24, 23, 22, 18, 16, 17, 43, 10];2240.0
[44, 4, 6, 15, 17, 20, 10, 14, 43, 11, 9, 8, 40, 39, 24, 42, 22, 23, 18, 16, 19, 31, 30, 26, 27, 33, 34, 35, 3, 5, 2, 29, 25, 28, 32, 36, 37, 38, 41, 7, 12, 13, 21, 0, 1];2400.0
[32, 27, 28, 29, 30, 25, 26, 24, 42, 23, 22, 14, 15, 17, 1, 2, 33, 34, 35, 20, 43, 11, 16, 18, 12, 13, 9, 8, 40, 41, 36, 37, 4, 5, 44, 39, 38, 3, 6, 7, 10, 19, 21, 0, 31];2378.0
[17, 25, 26, 27, 20, 7, 9, 8, 40, 39, 35, 28, 32, 33, 34, 36, 37, 38, 10, 43, 11, 12, 13, 21, 1, 2, 44, 3, 6, 41, 4, 5, 0, 31, 30, 29, 14, 19, 18, 42, 24, 23, 22, 15, 16];2239.0
[16, 24, 32, 35, 2, 31, 30, 29, 27, 28, 37, 38, 39, 40, 33, 34, 36, 3, 20, 7, 10, 25, 26, 42, 22, 23, 15, 17, 1, 4, 5, 44, 41, 6, 8, 9, 43, 11, 12, 13, 14, 21, 0, 19, 18];2543.0
[17, 37, 38, 21, 43, 12, 16, 18, 26, 42, 22, 14, 20, 10, 11, 13, 0, 1, 2, 31, 30, 23, 24, 25, 27, 33, 34, 35, 32, 28, 29, 36, 6, 7, 9, 8, 40, 41, 39, 44, 3, 4, 5, 19, 15];2400.0
[36, 6, 11, 10, 19, 21, 1, 30, 24, 42, 23, 43, 12, 15, 13, 20, 7, 9, 8, 40, 41, 4, 5, 2, 31, 29, 25, 26, 27, 28, 37, 44, 3, 39, 38, 35, 22, 18, 16, 17, 14, 0, 32, 33, 34];2270.0
[30, 27, 28, 36, 37, 44, 3, 5, 21, 0, 1, 2, 4, 6, 41, 39, 38, 40, 8, 9, 7, 11, 10, 15, 23, 24, 25, 26, 42, 22, 18, 20, 43, 12, 13, 16, 17, 14, 19, 29, 32, 33, 34, 35, 31];2194.0
[2, 6, 14, 15, 17, 1, 38, 35, 31, 43, 11, 12, 13, 21, 0, 32, 36, 3, 5, 30, 29, 28, 24, 23, 22, 19, 20, 8, 40, 9, 7, 10, 16, 18, 42, 25, 26, 27, 33, 34, 37, 44, 39, 41, 4];2470.0
[6, 7, 11, 10, 1, 2, 5, 30, 22, 24, 23, 33, 34, 35, 36, 37, 44, 3, 41, 39, 38, 4, 14, 19, 21, 0, 31, 32, 28, 29, 25, 27, 26, 42, 18, 16, 17, 43, 12, 13, 15, 20, 9, 8, 40];2265.0
[15, 17, 44, 3, 41, 39, 38, 4, 1, 2, 5, 20, 43, 11, 10, 9, 8, 40, 21, 0, 30, 29, 22, 14, 19, 31, 35, 32, 27, 33, 34, 36, 37, 6, 7, 13, 12, 16, 18, 42, 23, 24, 26, 25, 28];2368.0
[8, 38, 32, 28, 25, 27, 26, 14, 10, 19, 44, 39, 35, 29, 18, 16, 17, 1, 2, 5, 40, 41, 6, 43, 11, 12, 15, 13, 21, 31, 30, 24, 42, 23, 22, 0, 33, 34, 36, 37, 3, 4, 20, 7, 9];2535.0
[18, 19, 21, 2, 5, 15, 13, 43, 11, 12, 16, 17, 20, 10, 32, 36, 37, 28, 25, 26, 42, 23, 22, 14, 0, 1, 44, 39, 38, 3, 4, 41, 6, 7, 8, 9, 40, 27, 33, 34, 35, 31, 30, 29, 24];2353.0
[22, 19, 14, 43, 11, 12, 13, 15, 17, 21, 2, 5, 0, 1, 44, 39, 31, 26, 25, 27, 33, 36, 37, 38, 4, 20, 9, 8, 40, 34, 30, 29, 23, 24, 28, 32, 35, 3, 6, 41, 7, 10, 16, 18, 42];2324.0
[36, 34, 15, 17, 1, 2, 3, 0, 32, 27, 33, 37, 6, 41, 4, 5, 21, 19, 11, 12, 16, 18, 13, 31, 30, 29, 25, 28, 26, 24, 42, 22, 23, 14, 43, 10, 20, 7, 9, 8, 40, 39, 44, 38, 35];2448.0
[15, 18, 42, 23, 37, 38, 44, 21, 0, 1, 4, 5, 2, 32, 28, 26, 24, 22, 20, 8, 40, 41, 39, 35, 31, 30, 29, 25, 27, 33, 34, 36, 3, 6, 9, 7, 43, 10, 11, 13, 14, 19, 12, 16, 17];2336.0
[21, 25, 26, 42, 24, 28, 32, 35, 44, 39, 40, 34, 36, 38, 3, 41, 4, 2, 5, 0, 31, 1, 30, 29, 27, 33, 37, 6, 10, 43, 11, 12, 13, 15, 23, 22, 18, 16, 17, 20, 8, 9, 7, 14, 19];2243.0
[11, 10, 33, 34, 35, 0, 19, 18, 16, 31, 29, 32, 27, 26, 42, 22, 14, 21, 1, 2, 4, 6, 7, 12, 13, 15, 17, 20, 9, 8, 40, 41, 39, 44, 3, 5, 30, 24, 23, 25, 28, 36, 37, 38, 43];2468.0
[4, 5, 2, 29, 26, 25, 27, 28, 44, 6, 41, 39, 38, 35, 32, 33, 34, 36, 37, 40, 8, 9, 19, 0, 21, 31, 30, 24, 23, 22, 18, 42, 15, 16, 17, 43, 11, 14, 20, 7, 10, 12, 13, 1, 3];2261.0
[24, 20, 10, 43, 16, 42, 23, 22, 18, 12, 13, 19, 31, 37, 44, 38, 3, 15, 17, 21, 30, 29, 27, 33, 34, 35, 28, 32, 36, 4, 9, 8, 40, 39, 41, 5, 0, 1, 2, 6, 7, 11, 14, 25, 26];2692.0
[44, 3, 4, 6, 10, 19, 21, 20, 43, 11, 12, 42, 23, 22, 18, 16, 17, 13, 14, 15, 31, 30, 29, 24, 26, 25, 27, 28, 32, 36, 35, 1, 2, 5, 0, 33, 34, 37, 39, 40, 9, 7, 8, 41, 38];2224.0
[16, 2, 4, 5, 20, 43, 11, 12, 13, 19, 21, 0, 14, 15, 17, 10, 7, 8, 9, 40, 33, 27, 28, 32, 36, 34, 37, 44, 3, 6, 41, 39, 38, 35, 1, 31, 30, 29, 25, 26, 42, 23, 22, 24, 18];2093.0
[31, 36, 37, 38, 44, 3, 30, 29, 26, 18, 42, 23, 24, 22, 15, 17, 8, 40, 39, 35, 32, 28, 25, 27, 33, 34, 21, 20, 9, 7, 10, 43, 13, 11, 12, 16, 14, 19, 1, 2, 6, 41, 4, 5, 0];2257.0
[5, 2, 44, 3, 4, 30, 24, 15, 17, 16, 18, 42, 23, 26, 25, 27, 33, 36, 37, 38, 41, 6, 39, 40, 34, 35, 32, 28, 29, 22, 43, 12, 13, 14, 31, 1, 0, 21, 19, 20, 11, 10, 7, 8, 9];2244.0
[2, 18, 42, 20, 9, 8, 40, 39, 38, 32, 34, 36, 35, 31, 22, 23, 24, 25, 28, 30, 29, 26, 27, 33, 37, 3, 4, 5, 44, 41, 6, 7, 10, 13, 15, 17, 14, 43, 11, 12, 16, 19, 0, 21, 1];2284.0
[42, 23, 24, 28, 30, 29, 25, 27, 33, 34, 35, 31, 21, 19, 0, 1, 4, 6, 7, 9, 43, 11, 12, 13, 15, 22, 18, 16, 17, 10, 14, 20, 8, 41, 39, 3, 5, 2, 44, 40, 36, 37, 38, 32, 26];2118.0
[27, 33, 1, 2, 4, 5, 16, 18, 26, 35, 31, 30, 24, 42, 43, 10, 19, 14, 0, 21, 44, 34, 36, 37, 3, 41, 6, 8, 40, 39, 38, 32, 28, 29, 22, 20, 9, 7, 11, 12, 13, 15, 17, 23, 25];2615.0
[26, 37, 44, 3, 38, 35, 28, 32, 36, 31, 43, 11, 2, 39, 40, 9, 7, 8, 14, 15, 12, 13, 21, 0, 30, 29, 27, 33, 34, 1, 4, 6, 41, 5, 20, 10, 19, 23, 24, 22, 18, 16, 17, 42, 25];2579.0
[13, 11, 10, 35, 32, 36, 34, 15, 17, 21, 0, 19, 43, 12, 16, 18, 42, 23, 22, 14, 20, 7, 8, 9, 5, 1, 2, 28, 25, 26, 27, 33, 37, 44, 3, 39, 40, 6, 41, 38, 4, 31, 30, 29, 24];2467.0
[44, 40, 39, 38, 3, 41, 6, 8, 9, 7, 10, 43, 11, 12, 21, 2, 4, 5, 30, 24, 42, 23, 22, 20, 14, 29, 26, 25, 27, 28, 18, 16, 17, 15, 13, 19, 0, 31, 1, 35, 32, 33, 34, 36, 37];2194.0
[44, 6, 41, 39, 40, 36, 34, 35, 32, 33, 27, 26, 24, 22, 19, 21, 2, 3, 4, 0, 1, 5, 20, 11, 10, 7, 8, 9, 14, 15, 13, 17, 43, 12, 16, 18, 42, 23, 25, 28, 37, 38, 31, 30, 29];2308.0
[38, 44, 0, 31, 32, 36, 34, 35, 24, 23, 25, 37, 40, 9, 8, 39, 3, 4, 6, 41, 5, 2, 30, 29, 22, 15, 14, 20, 7, 43, 11, 10, 19, 33, 27, 28, 26, 42, 18, 16, 17, 12, 13, 21, 1];2524.0
[36, 34, 35, 19, 15, 17, 18, 16, 23, 22, 43, 12, 13, 14, 20, 8, 40, 41, 6, 7, 9, 11, 10, 30, 29, 37, 3, 4, 5, 0, 21, 31, 1, 2, 44, 39, 38, 33, 27, 28, 26, 42, 24, 25, 32];2261.0
[5, 3, 21, 19, 20, 9, 6, 41, 32, 27, 24, 14, 43, 10, 11, 7, 8, 4, 31, 30, 25, 26, 42, 23, 22, 15, 0, 1, 44, 39, 40, 33, 34, 36, 37, 38, 35, 28, 29, 18, 12, 13, 16, 17, 2];2590.0
[25, 26, 28, 32, 22, 10, 14, 19, 21, 20, 7, 9, 8, 40, 41, 6, 44, 39, 38, 35, 33, 27, 34, 36, 37, 3, 4, 31, 30, 29, 42, 18, 16, 1, 2, 5, 0, 43, 11, 12, 13, 17, 15, 23, 24];2235.0
[27, 30, 29, 11, 12, 13, 32, 28, 18, 16, 43, 40, 34, 15, 17, 19, 21, 2, 3, 41, 6, 8, 9, 7, 10, 23, 24, 26, 42, 22, 0, 1, 39, 38, 35, 33, 36, 37, 44, 4, 5, 20, 14, 31, 25];2920.0
[25, 2, 5, 0, 22, 15, 17, 20, 7, 10, 11, 19, 30, 29, 26, 27, 28, 32, 38, 35, 31, 1, 44, 3, 4, 8, 9, 43, 12, 13, 14, 21, 33, 34, 36, 37, 39, 40, 6, 41, 16, 18, 42, 23, 24];2525.0
[16, 30, 24, 23, 22, 17, 15, 18, 42, 21, 19, 0, 32, 35, 31, 1, 2, 39, 40, 41, 38, 33, 34, 27, 29, 26, 25, 28, 36, 37, 44, 3, 4, 6, 5, 20, 8, 9, 7, 10, 14, 43, 11, 13, 12];2374.0
[26, 34, 35, 30, 14, 19, 31, 0, 21, 20, 8, 5, 1, 2, 3, 4, 41, 6, 40, 9, 7, 10, 11, 43, 12, 13, 15, 36, 37, 44, 39, 38, 32, 33, 27, 28, 29, 22, 18, 16, 17, 42, 23, 24, 25];2385.0
[29, 25, 26, 27, 33, 44, 3, 6, 41, 0, 19, 21, 31, 32, 35, 28, 24, 23, 22, 14, 1, 2, 20, 10, 13, 12, 16, 18, 42, 15, 17, 43, 11, 7, 9, 8, 40, 39, 34, 36, 37, 38, 4, 5, 30];2281.0
[11, 10, 21, 27, 33, 37, 39, 40, 38, 35, 32, 34, 36, 44, 3, 5, 0, 1, 2, 4, 6, 41, 31, 24, 23, 22, 18, 16, 17, 15, 12, 13, 14, 19, 30, 29, 25, 28, 26, 42, 20, 7, 8, 9, 43];2297.0
[20, 10, 19, 18, 16, 40, 34, 37, 39, 38, 35, 30, 29, 25, 26, 42, 23, 22, 24, 14, 43, 11, 12, 13, 15, 17, 21, 1, 2, 31, 32, 33, 27, 28, 36, 44, 3, 6, 7, 9, 8, 41, 4, 5, 0];2233.0
[38, 10, 11, 21, 33, 34, 31, 30, 26, 27, 29, 32, 35, 0, 19, 20, 7, 9, 8, 40, 44, 3, 39, 41, 6, 4, 5, 1, 2, 14, 43, 12, 13, 17, 15, 16, 18, 42, 22, 23, 24, 25, 28, 36, 37];2302.0
[34, 35, 36, 37, 38, 44, 6, 41, 7, 15, 23, 25, 28, 26, 24, 22, 21, 31, 30, 29, 17, 14, 43, 10, 11, 12, 13, 19, 1, 2, 3, 4, 5, 0, 32, 33, 27, 42, 18, 16, 20, 9, 8, 39, 40];2407.0
[32, 28, 22, 12, 13, 0, 39, 38, 44, 3, 4, 5, 20, 9, 8, 40, 35, 33, 34, 36, 37, 41, 6, 7, 11, 10, 43, 14, 19, 30, 24, 18, 16, 17, 15, 21, 31, 29, 27, 25, 26, 42, 23, 1, 2];2466.0
[10, 13, 15, 17, 18, 42, 23, 22, 21, 4, 6, 41, 30, 29, 24, 28, 36, 37, 39, 40, 38, 25, 26, 27, 33, 34, 35, 32, 31, 1, 2, 44, 3, 5, 0, 19, 43, 11, 12, 16, 14, 20, 7, 8, 9];2207.0
[34, 2, 44, 4, 31, 25, 26, 27, 33, 40, 9, 8, 41, 39, 38, 35, 30, 29, 22, 42, 23, 24, 28, 36, 37, 3, 6, 7, 11, 14, 19, 21, 1, 5, 20, 10, 43, 12, 13, 15, 18, 16, 17, 0, 32];2373.0
[38, 39, 35, 31, 1, 2, 30, 22, 18, 42, 21, 0, 29, 25, 28, 36, 3, 4, 5, 44, 41, 6, 7, 9, 10, 14, 43, 11, 12, 13, 15, 16, 17, 19, 20, 8, 40, 34, 32, 26, 23, 24, 27, 33, 37];2310.0
[26, 24, 42, 23, 22, 18, 12, 16, 17, 27, 28, 1, 2, 44, 41, 39, 6, 43, 11, 10, 21, 29, 36, 32, 33, 34, 35, 31, 0, 20, 7, 9, 8, 40, 37, 38, 3, 4, 5, 19, 15, 13, 14, 30, 25];2419.0
[8, 10, 30, 37, 38, 20, 14, 1, 39, 35, 28, 26, 25, 27, 33, 34, 40, 9, 19, 0, 21, 31, 32, 36, 44, 3, 6, 41, 4, 5, 2, 29, 42, 23, 24, 22, 18, 13, 12, 16, 17, 15, 43, 11, 7];2633.0
[13, 11, 7, 10, 21, 19, 18, 16, 24, 26, 42, 23, 22, 15, 17, 14, 20, 9, 8, 40, 6, 41, 4, 1, 2, 39, 44, 3, 5, 31, 30, 29, 25, 27, 28, 32, 33, 34, 36, 37, 38, 35, 0, 43, 12];2083.0
[20, 9, 7, 31, 32, 33, 27, 30, 29, 24, 22, 18, 16, 8, 40, 34, 35, 21, 12, 13, 14, 19, 0, 1, 4, 6, 41, 5, 2, 44, 39, 26, 42, 23, 25, 28, 36, 37, 38, 3, 10, 43, 11, 15, 17];2531.0
[36, 35, 28, 24, 15, 16, 18, 42, 23, 22, 43, 11, 10, 14, 19, 0, 31, 1, 2, 30, 25, 26, 27, 33, 34, 37, 6, 7, 8, 9, 40, 41, 39, 38, 44, 3, 4, 5, 20, 12, 13, 17, 21, 29, 32];2171.0
[21, 19, 20, 8, 35, 33, 34, 27, 28, 44, 39, 40, 9, 7, 1, 2, 0, 10, 43, 11, 12, 13, 32, 36, 37, 38, 3, 41, 4, 6, 5, 31, 30, 29, 25, 26, 42, 23, 24, 22, 18, 16, 17, 15, 14];2300.0
[6, 7, 10, 11, 33, 34, 36, 37, 4, 5, 0, 43, 12, 1, 2, 35, 24, 22, 15, 13, 14, 19, 21, 31, 30, 29, 27, 32, 28, 25, 26, 42, 23, 18, 16, 17, 20, 9, 8, 40, 39, 44, 38, 3, 41];2302.0
[10, 12, 13, 21, 0, 1, 44, 39, 40, 9, 7, 14, 15, 23, 24, 42, 22, 18, 16, 17, 19, 20, 8, 6, 41, 5, 2, 31, 30, 29, 32, 33, 34, 27, 26, 25, 28, 37, 38, 35, 36, 3, 4, 43, 11];2182.0
[14, 2, 4, 6, 41, 5, 20, 8, 40, 9, 7, 11, 10, 21, 0, 19, 15, 18, 42, 25, 26, 27, 33, 34, 43, 12, 16, 17, 23, 24, 36, 37, 44, 3, 39, 38, 35, 1, 31, 30, 29, 32, 28, 22, 13];2436.0
[21, 36, 37, 9, 8, 40, 41, 30, 29, 22, 18, 16, 17, 19, 1, 5, 0, 32, 27, 33, 34, 44, 39, 38, 35, 31, 2, 3, 4, 6, 12, 13, 15, 23, 24, 28, 25, 26, 42, 43, 11, 20, 7, 10, 14];2485.0
[11, 10, 19, 0, 21, 30, 29, 22, 20, 7, 9, 8, 40, 44, 3, 4, 6, 41, 39, 34, 31, 1, 5, 2, 36, 37, 38, 35, 28, 25, 24, 18, 12, 13, 16, 17, 15, 32, 33, 27, 26, 42, 23, 14, 43];2334.0
[15, 17, 27, 33, 35, 1, 2, 3, 4, 6, 41, 44, 39, 40, 34, 36, 37, 38, 5, 31, 30, 22, 23, 24, 25, 32, 0, 21, 19, 14, 10, 43, 12, 16, 18, 42, 26, 28, 29, 20, 8, 9, 7, 11, 13];2367.0
[44, 3, 4, 5, 21, 0, 25, 26, 23, 15, 17, 27, 33, 34, 35, 1, 2, 31, 30, 24, 22, 8, 9, 7, 10, 13, 19, 14, 20, 43, 11, 12, 16, 18, 42, 28, 29, 32, 36, 37, 38, 40, 41, 6, 39];2368.0
[7, 14, 19, 43, 10, 21, 1, 5, 20, 15, 17, 13, 11, 12, 16, 0, 31, 30, 29, 24, 22, 18, 42, 23, 9, 8, 40, 35, 32, 25, 28, 26, 27, 33, 34, 36, 37, 38, 3, 4, 6, 2, 44, 39, 41];2321.0
[13, 20, 43, 11, 30, 29, 35, 36, 44, 3, 39, 41, 5, 1, 2, 24, 18, 42, 23, 22, 14, 19, 21, 0, 31, 25, 26, 27, 28, 32, 33, 34, 37, 38, 4, 6, 8, 40, 9, 7, 10, 12, 16, 17, 15];2286.0
[10, 7, 9, 8, 40, 36, 37, 44, 3, 4, 6, 41, 39, 38, 35, 15, 17, 19, 0, 31, 30, 24, 22, 14, 43, 12, 13, 21, 5, 1, 2, 29, 25, 28, 32, 34, 33, 27, 26, 42, 23, 18, 16, 20, 11];2187.0
[37, 38, 3, 39, 44, 40, 8, 41, 6, 4, 5, 21, 19, 20, 9, 7, 10, 29, 25, 28, 22, 43, 11, 12, 13, 30, 35, 32, 33, 27, 26, 42, 24, 23, 18, 16, 17, 15, 14, 31, 0, 1, 2, 34, 36];2399.0
[8, 44, 3, 12, 13, 0, 31, 24, 42, 23, 22, 43, 11, 10, 15, 17, 14, 1, 2, 35, 32, 28, 30, 29, 26, 25, 27, 33, 36, 34, 37, 38, 39, 40, 41, 6, 4, 5, 21, 19, 18, 16, 20, 7, 9];2233.0
[29, 14, 15, 44, 41, 6, 5, 20, 7, 43, 10, 11, 19, 21, 31, 36, 33, 34, 37, 38, 3, 4, 0, 1, 2, 30, 24, 23, 22, 16, 17, 18, 12, 13, 8, 9, 40, 39, 35, 32, 27, 26, 42, 25, 28];2552.0
[35, 30, 29, 38, 3, 7, 12, 13, 20, 41, 39, 6, 9, 8, 40, 34, 33, 27, 26, 43, 11, 10, 31, 5, 24, 22, 21, 0, 1, 2, 44, 4, 19, 18, 16, 14, 15, 17, 42, 23, 25, 28, 32, 36, 37];2743.0
[25, 28, 29, 26, 27, 44, 3, 5, 2, 39, 35, 32, 33, 34, 36, 37, 38, 4, 20, 8, 40, 9, 12, 13, 14, 19, 21, 31, 30, 24, 22, 18, 16, 17, 0, 1, 41, 6, 7, 10, 43, 11, 15, 42, 23];2320.0
[20, 7, 19, 31, 32, 1, 0, 21, 43, 12, 13, 15, 17, 9, 8, 40, 5, 2, 44, 3, 4, 6, 41, 39, 28, 25, 26, 42, 24, 23, 18, 16, 27, 33, 34, 36, 37, 38, 35, 30, 29, 22, 11, 10, 14];2361.0
[18, 28, 29, 32, 35, 44, 6, 7, 10, 11, 13, 15, 17, 14, 1, 2, 39, 40, 41, 4, 5, 21, 31, 0, 30, 26, 42, 22, 20, 8, 9, 43, 12, 16, 23, 24, 25, 27, 33, 34, 36, 37, 38, 3, 19];2405.0
[10, 0, 25, 26, 18, 16, 14, 19, 20, 7, 21, 1, 44, 39, 38, 35, 27, 28, 36, 3, 4, 6, 8, 9, 12, 13, 15, 17, 31, 32, 33, 34, 37, 40, 41, 5, 2, 30, 29, 24, 42, 23, 22, 43, 11];2388.0
[20, 41, 4, 0, 24, 22, 21, 31, 30, 29, 10, 7, 8, 9, 40, 39, 38, 44, 3, 6, 28, 25, 27, 26, 42, 23, 18, 16, 43, 11, 12, 13, 15, 17, 14, 19, 1, 2, 35, 32, 33, 34, 36, 37, 5];2367.0
[29, 36, 44, 40, 34, 37, 38, 35, 32, 27, 33, 3, 39, 41, 5, 0, 20, 7, 10, 19, 21, 14, 13, 15, 17, 31, 1, 2, 4, 6, 8, 9, 43, 11, 12, 18, 16, 42, 22, 23, 24, 26, 25, 28, 30];2381.0
[34, 36, 37, 44, 3, 30, 24, 23, 22, 43, 12, 13, 14, 1, 2, 4, 5, 20, 11, 10, 7, 8, 9, 6, 41, 39, 40, 38, 35, 32, 33, 31, 0, 21, 19, 15, 16, 17, 18, 42, 26, 25, 27, 28, 29];2198.0
[7, 15, 17, 18, 16, 38, 35, 19, 12, 13, 9, 8, 40, 36, 37, 4, 5, 20, 10, 43, 11, 32, 34, 33, 27, 28, 22, 14, 21, 31, 30, 29, 26, 24, 25, 42, 23, 0, 1, 2, 44, 3, 39, 6, 41];2638.0
[43, 2, 6, 16, 17, 15, 14, 19, 21, 1, 44, 41, 39, 36, 37, 38, 3, 4, 5, 20, 11, 12, 13, 10, 7, 9, 8, 40, 34, 35, 32, 33, 31, 0, 18, 42, 23, 26, 25, 27, 28, 30, 29, 24, 22];2406.0
[8, 9, 10, 11, 1, 2, 35, 36, 37, 38, 39, 40, 41, 19, 21, 0, 31, 30, 29, 24, 22, 20, 43, 12, 13, 14, 15, 17, 16, 18, 42, 23, 25, 26, 27, 28, 32, 33, 34, 44, 5, 3, 4, 6, 7];2180.0
[2, 19, 20, 11, 1, 44, 3, 10, 15, 17, 0, 29, 25, 26, 42, 23, 14, 43, 12, 13, 21, 31, 30, 24, 22, 18, 16, 35, 32, 33, 27, 28, 36, 6, 7, 9, 8, 40, 34, 37, 38, 39, 41, 4, 5];2494.0
[17, 43, 10, 14, 20, 7, 1, 2, 40, 36, 37, 35, 30, 29, 9, 8, 41, 6, 39, 38, 44, 3, 4, 5, 21, 0, 19, 15, 22, 18, 42, 23, 24, 25, 26, 27, 28, 32, 33, 34, 31, 11, 12, 13, 16];2290.0
[13, 36, 35, 31, 30, 24, 23, 22, 15, 17, 14, 21, 19, 20, 8, 40, 39, 44, 0, 1, 4, 5, 2, 3, 41, 6, 9, 7, 10, 11, 12, 16, 18, 42, 26, 25, 27, 33, 34, 37, 38, 32, 28, 29, 43];2277.0
[28, 35, 32, 43, 12, 15, 13, 31, 22, 23, 24, 27, 33, 34, 30, 29, 18, 16, 17, 14, 19, 21, 20, 10, 7, 8, 9, 11, 0, 1, 44, 3, 4, 6, 41, 39, 40, 36, 37, 38, 5, 2, 25, 26, 42];2458.0
[24, 23, 21, 19, 0, 6, 7, 10, 11, 14, 20, 9, 8, 41, 1, 2, 25, 28, 32, 37, 44, 39, 40, 38, 3, 4, 5, 30, 29, 22, 15, 17, 43, 12, 13, 16, 18, 42, 26, 27, 33, 34, 36, 35, 31];2347.0
[18, 16, 17, 27, 28, 32, 6, 41, 4, 5, 44, 3, 39, 36, 37, 38, 40, 9, 8, 7, 12, 13, 21, 0, 31, 1, 2, 35, 33, 34, 30, 29, 25, 26, 42, 23, 24, 22, 19, 20, 43, 11, 10, 14, 15];2251.0
[33, 37, 44, 38, 3, 4, 19, 21, 0, 31, 34, 35, 32, 36, 6, 41, 5, 20, 10, 14, 30, 29, 17, 15, 13, 12, 16, 18, 42, 23, 24, 22, 1, 2, 7, 43, 11, 9, 8, 40, 39, 28, 25, 26, 27];2463.0
[21, 33, 36, 37, 3, 9, 8, 40, 34, 35, 31, 1, 4, 5, 20, 43, 12, 13, 23, 22, 19, 0, 2, 30, 29, 24, 42, 26, 27, 25, 28, 32, 38, 44, 39, 41, 6, 7, 11, 10, 15, 17, 18, 16, 14];2365.0
[18, 42, 22, 19, 21, 20, 9, 8, 40, 39, 41, 15, 17, 14, 43, 11, 13, 23, 24, 25, 26, 28, 27, 33, 34, 36, 37, 38, 44, 5, 0, 31, 30, 29, 32, 35, 1, 2, 3, 4, 6, 7, 10, 12, 16];2084.0
[32, 44, 5, 20, 9, 40, 36, 37, 3, 4, 6, 7, 8, 41, 39, 38, 35, 30, 29, 22, 21, 0, 31, 1, 2, 19, 14, 12, 16, 17, 15, 13, 43, 11, 10, 18, 42, 23, 27, 33, 34, 28, 26, 24, 25];2377.0
[3, 41, 6, 33, 34, 0, 21, 31, 30, 29, 32, 28, 35, 36, 37, 44, 4, 5, 20, 10, 43, 7, 8, 9, 12, 13, 11, 14, 15, 23, 24, 25, 27, 26, 42, 22, 18, 16, 17, 19, 1, 2, 39, 40, 38];2254.0
[12, 13, 19, 21, 20, 10, 15, 16, 17, 7, 9, 8, 40, 34, 35, 0, 31, 30, 32, 1, 2, 5, 3, 4, 6, 41, 33, 36, 37, 44, 39, 38, 28, 25, 27, 29, 24, 22, 18, 42, 26, 23, 14, 43, 11];2335.0
[40, 41, 7, 11, 12, 16, 17, 10, 43, 13, 15, 18, 26, 25, 28, 32, 44, 4, 6, 39, 38, 30, 29, 42, 23, 24, 22, 14, 19, 21, 0, 31, 1, 5, 2, 35, 33, 27, 34, 36, 37, 3, 20, 9, 8];2280.0
[14, 15, 13, 20, 9, 8, 40, 39, 32, 35, 44, 3, 4, 5, 1, 2, 31, 30, 29, 21, 19, 18, 16, 17, 24, 27, 33, 34, 36, 37, 38, 41, 6, 10, 7, 43, 11, 12, 0, 28, 25, 26, 42, 23, 22];2246.0
[1, 21, 14, 10, 43, 11, 12, 30, 29, 25, 28, 24, 23, 22, 18, 16, 17, 15, 13, 42, 26, 27, 33, 37, 38, 3, 0, 19, 20, 7, 9, 8, 6, 41, 4, 5, 2, 44, 40, 39, 35, 32, 36, 34, 31];2218.0
[20, 9, 6, 41, 10, 43, 14, 19, 21, 0, 30, 29, 18, 16, 17, 1, 2, 31, 22, 15, 12, 13, 11, 7, 8, 40, 39, 38, 3, 4, 5, 32, 33, 34, 36, 35, 27, 26, 42, 23, 24, 25, 28, 37, 44];2371.0
[33, 34, 4, 6, 41, 38, 31, 30, 25, 27, 29, 22, 43, 12, 13, 15, 17, 14, 1, 5, 2, 21, 0, 19, 20, 7, 8, 40, 9, 10, 11, 16, 18, 26, 42, 23, 24, 28, 36, 37, 44, 3, 39, 35, 32];2276.0
[37, 22, 14, 1, 39, 38, 44, 3, 41, 4, 6, 10, 7, 9, 8, 40, 5, 20, 43, 11, 12, 13, 15, 17, 19, 21, 0, 32, 28, 23, 24, 42, 18, 16, 30, 29, 25, 26, 27, 33, 34, 35, 2, 31, 36];2374.0
[11, 13, 19, 36, 37, 44, 3, 0, 31, 1, 4, 6, 41, 40, 39, 38, 30, 29, 25, 26, 28, 32, 35, 21, 15, 17, 23, 24, 27, 33, 34, 2, 5, 20, 7, 8, 9, 10, 12, 16, 18, 42, 22, 14, 43];2276.0
[8, 40, 41, 39, 28, 27, 33, 34, 36, 35, 32, 37, 38, 44, 3, 4, 5, 31, 30, 29, 25, 26, 42, 23, 24, 22, 14, 43, 12, 13, 15, 17, 18, 16, 19, 21, 20, 7, 10, 11, 0, 1, 2, 6, 9];1944.0
[21, 31, 0, 36, 37, 44, 41, 39, 40, 34, 33, 26, 27, 29, 24, 14, 19, 20, 9, 8, 38, 32, 35, 1, 3, 4, 5, 2, 6, 7, 10, 11, 43, 12, 13, 15, 17, 16, 18, 42, 23, 25, 28, 30, 22];2422.0
[44, 20, 10, 14, 1, 5, 2, 24, 42, 23, 43, 11, 12, 13, 19, 0, 21, 31, 30, 29, 28, 26, 25, 27, 33, 37, 3, 41, 39, 38, 4, 6, 7, 15, 22, 18, 16, 17, 9, 8, 40, 34, 35, 32, 36];2360.0
[42, 23, 24, 22, 0, 1, 2, 30, 25, 26, 27, 28, 29, 20, 10, 12, 16, 17, 14, 19, 21, 33, 34, 35, 44, 39, 41, 4, 5, 31, 32, 36, 37, 38, 3, 6, 43, 11, 7, 8, 40, 9, 13, 15, 18];2344.0
[13, 15, 26, 42, 24, 22, 23, 20, 10, 11, 21, 39, 41, 5, 1, 2, 31, 32, 38, 40, 34, 36, 37, 35, 28, 25, 27, 33, 44, 3, 6, 7, 9, 8, 4, 0, 30, 29, 18, 16, 17, 19, 14, 43, 12];2527.0
[36, 37, 38, 35, 1, 2, 31, 28, 32, 34, 33, 27, 25, 26, 18, 13, 7, 8, 9, 10, 14, 0, 30, 29, 24, 42, 23, 22, 41, 6, 39, 40, 44, 3, 4, 5, 20, 43, 11, 12, 15, 16, 17, 19, 21];2419.0
[0, 18, 16, 9, 8, 41, 21, 15, 17, 14, 19, 20, 7, 10, 43, 12, 11, 13, 25, 26, 42, 22, 23, 24, 28, 37, 38, 44, 39, 40, 35, 31, 30, 29, 32, 27, 33, 34, 36, 3, 6, 4, 5, 1, 2];2423.0
[26, 15, 19, 21, 1, 2, 3, 6, 10, 14, 43, 11, 16, 17, 0, 31, 30, 29, 28, 32, 36, 34, 24, 42, 23, 22, 18, 12, 13, 20, 7, 9, 8, 40, 37, 38, 44, 39, 41, 4, 5, 35, 33, 27, 25];2307.0
[31, 0, 1, 5, 2, 4, 7, 11, 10, 29, 30, 25, 26, 18, 16, 19, 21, 20, 9, 8, 40, 44, 3, 41, 6, 14, 15, 17, 42, 22, 43, 12, 13, 23, 24, 27, 28, 33, 34, 36, 37, 38, 39, 32, 35];2464.0
[11, 10, 12, 13, 20, 7, 9, 8, 41, 6, 32, 33, 34, 36, 4, 2, 5, 0, 31, 30, 27, 29, 24, 22, 14, 19, 21, 1, 44, 39, 40, 37, 38, 3, 35, 28, 25, 26, 42, 23, 18, 16, 17, 15, 43];2150.0
[19, 14, 4, 6, 7, 9, 41, 39, 24, 42, 25, 32, 44, 3, 0, 21, 1, 5, 2, 31, 22, 18, 16, 17, 15, 23, 43, 10, 11, 12, 13, 20, 8, 40, 38, 35, 30, 29, 26, 27, 28, 33, 34, 36, 37];2606.0
[4, 5, 30, 29, 31, 2, 0, 21, 19, 14, 10, 43, 11, 12, 13, 24, 22, 18, 16, 15, 17, 1, 6, 39, 35, 28, 32, 36, 37, 38, 44, 3, 40, 33, 34, 27, 25, 26, 42, 23, 20, 7, 9, 8, 41];2319.0
[23, 0, 1, 2, 5, 12, 13, 15, 4, 6, 41, 44, 39, 40, 34, 37, 38, 35, 33, 27, 28, 32, 36, 3, 20, 10, 43, 11, 7, 8, 9, 14, 21, 31, 29, 25, 26, 42, 18, 16, 17, 19, 30, 24, 22];2419.0
[25, 28, 35, 31, 1, 0, 21, 19, 20, 9, 8, 41, 5, 2, 38, 44, 39, 40, 37, 3, 4, 6, 7, 10, 15, 17, 23, 22, 13, 14, 11, 43, 12, 16, 18, 42, 24, 30, 29, 32, 36, 34, 33, 27, 26];2206.0
[13, 21, 0, 1, 44, 39, 10, 14, 19, 31, 30, 24, 42, 22, 23, 36, 37, 3, 4, 5, 18, 16, 15, 17, 20, 8, 41, 6, 7, 9, 40, 38, 35, 32, 28, 29, 25, 26, 27, 33, 34, 2, 43, 11, 12];2414.0
[10, 29, 25, 27, 28, 32, 44, 39, 40, 9, 8, 41, 38, 35, 31, 1, 5, 2, 0, 33, 34, 30, 24, 18, 16, 15, 17, 14, 43, 11, 12, 13, 21, 26, 42, 23, 22, 19, 36, 37, 3, 4, 6, 7, 20];2500.0
[35, 31, 0, 21, 19, 33, 27, 25, 26, 42, 23, 22, 24, 28, 32, 4, 5, 20, 9, 7, 8, 40, 34, 36, 37, 3, 6, 41, 43, 11, 12, 13, 15, 18, 16, 17, 30, 29, 14, 10, 1, 2, 44, 39, 38];2352.0
[40, 41, 11, 10, 15, 17, 19, 29, 30, 26, 25, 42, 23, 24, 22, 14, 43, 12, 13, 21, 0, 2, 31, 1, 44, 3, 5, 4, 6, 39, 34, 32, 36, 37, 38, 35, 33, 27, 28, 18, 16, 20, 7, 9, 8];2325.0
[15, 17, 14, 10, 43, 9, 38, 44, 0, 31, 30, 36, 34, 35, 32, 28, 29, 22, 18, 16, 23, 24, 27, 33, 37, 3, 41, 39, 4, 5, 1, 2, 25, 26, 42, 21, 19, 20, 7, 8, 40, 6, 11, 12, 13];2416.0
[26, 25, 27, 32, 28, 29, 30, 24, 42, 23, 22, 21, 1, 2, 5, 0, 31, 35, 39, 40, 41, 6, 7, 12, 16, 17, 15, 13, 14, 19, 33, 34, 36, 37, 38, 44, 3, 4, 20, 43, 11, 10, 8, 9, 18];2345.0
[35, 0, 21, 43, 11, 19, 29, 24, 23, 20, 7, 10, 1, 5, 2, 25, 28, 44, 3, 4, 30, 22, 13, 15, 17, 14, 31, 32, 36, 37, 38, 41, 6, 39, 40, 9, 8, 12, 16, 18, 42, 26, 27, 33, 34];2609.0
[1, 40, 34, 33, 27, 25, 28, 26, 24, 42, 18, 16, 17, 14, 19, 21, 0, 2, 5, 31, 32, 36, 37, 44, 3, 4, 10, 12, 13, 15, 20, 7, 9, 8, 6, 41, 39, 38, 35, 30, 29, 23, 22, 43, 11];2231.0
[15, 19, 21, 1, 2, 0, 30, 25, 28, 26, 42, 23, 24, 27, 33, 34, 31, 29, 22, 18, 16, 17, 39, 41, 40, 37, 38, 35, 32, 36, 44, 3, 6, 7, 11, 10, 20, 9, 8, 4, 5, 14, 43, 12, 13];2270.0
[29, 22, 14, 19, 20, 12, 13, 15, 17, 18, 16, 21, 1, 31, 30, 25, 27, 28, 39, 40, 9, 8, 41, 6, 7, 43, 11, 10, 0, 33, 34, 36, 37, 3, 4, 5, 2, 44, 38, 35, 32, 26, 42, 23, 24];2263.0
[4, 5, 14, 43, 12, 16, 18, 42, 23, 25, 27, 28, 36, 44, 39, 32, 33, 34, 35, 26, 24, 22, 20, 8, 40, 9, 7, 10, 19, 31, 30, 29, 37, 38, 3, 41, 6, 11, 13, 15, 17, 21, 0, 1, 2];2310.0
[34, 35, 0, 31, 30, 22, 15, 17, 23, 28, 32, 36, 37, 44, 3, 4, 5, 29, 24, 25, 33, 27, 26, 42, 18, 16, 14, 21, 1, 2, 6, 41, 19, 20, 10, 43, 11, 12, 13, 7, 8, 9, 40, 38, 39];2341.0
[19, 21, 2, 5, 14, 43, 11, 29, 33, 27, 28, 26, 42, 25, 36, 37, 32, 35, 30, 24, 18, 16, 17, 23, 22, 15, 13, 20, 8, 9, 7, 10, 12, 1, 44, 39, 38, 3, 4, 6, 41, 40, 34, 31, 0];2496.0
[38, 44, 5, 0, 21, 15, 12, 13, 20, 8, 41, 4, 31, 30, 29, 36, 37, 3, 6, 7, 9, 40, 39, 32, 28, 24, 25, 26, 42, 18, 16, 17, 23, 27, 33, 34, 35, 22, 14, 19, 43, 11, 10, 1, 2];2391.0
[2, 31, 30, 29, 24, 22, 19, 0, 21, 35, 32, 28, 25, 26, 42, 18, 16, 17, 23, 27, 33, 34, 44, 39, 38, 40, 36, 37, 3, 20, 9, 7, 43, 14, 15, 12, 13, 11, 10, 8, 6, 41, 4, 5, 1];2281.0
[21, 4, 6, 9, 8, 35, 32, 28, 26, 25, 27, 33, 34, 20, 7, 10, 14, 15, 43, 11, 12, 13, 36, 37, 30, 23, 22, 0, 38, 44, 3, 39, 40, 41, 5, 1, 2, 31, 29, 24, 42, 18, 16, 17, 19];2492.0
[42, 27, 33, 34, 37, 35, 1, 39, 41, 6, 7, 10, 14, 0, 21, 19, 15, 13, 17, 23, 22, 9, 8, 40, 38, 44, 3, 4, 5, 2, 30, 29, 24, 26, 25, 28, 32, 36, 31, 20, 43, 11, 12, 16, 18];2266.0
[30, 29, 32, 27, 28, 33, 34, 35, 31, 21, 0, 2, 5, 20, 10, 14, 43, 11, 12, 13, 1, 4, 6, 9, 8, 40, 36, 37, 38, 44, 3, 41, 39, 7, 15, 17, 23, 24, 25, 26, 42, 22, 18, 16, 19];2133.0
[41, 39, 6, 7, 8, 4, 0, 1, 5, 20, 10, 11, 9, 40, 37, 35, 32, 28, 30, 29, 24, 22, 17, 14, 15, 43, 12, 13, 21, 19, 31, 2, 44, 38, 36, 34, 33, 27, 25, 26, 42, 23, 18, 16, 3];2463.0
[19, 18, 26, 25, 27, 28, 36, 40, 37, 35, 30, 29, 22, 0, 1, 44, 4, 6, 8, 41, 39, 38, 3, 2, 5, 20, 7, 9, 43, 11, 10, 12, 13, 14, 15, 16, 17, 42, 23, 24, 32, 33, 34, 31, 21];2395.0
[10, 44, 38, 3, 4, 5, 0, 33, 34, 35, 21, 20, 14, 19, 30, 29, 36, 37, 39, 40, 41, 6, 7, 8, 9, 11, 12, 13, 15, 1, 2, 31, 28, 32, 27, 26, 25, 24, 42, 23, 22, 18, 16, 17, 43];2346.0
[12, 13, 21, 0, 3, 4, 5, 19, 18, 16, 20, 7, 8, 9, 10, 11, 15, 17, 1, 2, 44, 40, 39, 26, 42, 23, 24, 27, 33, 36, 34, 32, 35, 28, 25, 37, 38, 6, 41, 31, 29, 30, 22, 14, 43];2549.0
[24, 27, 28, 32, 33, 35, 44, 41, 7, 8, 9, 40, 34, 36, 37, 4, 20, 10, 15, 17, 14, 21, 31, 25, 26, 42, 18, 16, 19, 0, 1, 2, 5, 39, 38, 3, 6, 43, 12, 13, 11, 30, 29, 22, 23];2366.0
[34, 35, 18, 16, 25, 28, 36, 37, 41, 6, 7, 10, 0, 44, 39, 38, 3, 4, 31, 30, 29, 22, 15, 17, 19, 1, 2, 5, 21, 14, 43, 12, 13, 11, 20, 9, 8, 40, 33, 27, 26, 42, 23, 24, 32];2466.0
[43, 12, 16, 18, 13, 0, 21, 1, 3, 4, 5, 30, 29, 32, 31, 2, 44, 39, 34, 36, 37, 38, 35, 33, 27, 28, 25, 26, 42, 23, 24, 22, 15, 17, 19, 20, 7, 8, 9, 40, 41, 6, 10, 11, 14];2080.0
[32, 44, 39, 41, 6, 11, 16, 18, 42, 14, 43, 12, 13, 15, 17, 20, 7, 8, 9, 10, 19, 21, 0, 1, 2, 3, 4, 5, 30, 29, 25, 26, 28, 22, 23, 24, 27, 33, 36, 37, 38, 40, 34, 35, 31];2206.0
[43, 11, 19, 18, 42, 27, 28, 24, 14, 21, 0, 31, 32, 33, 34, 35, 36, 37, 44, 39, 6, 41, 7, 9, 8, 40, 38, 3, 4, 5, 1, 2, 30, 29, 25, 26, 23, 22, 20, 10, 12, 13, 15, 16, 17];2177.0
[31, 32, 33, 27, 28, 35, 1, 5, 24, 42, 22, 23, 14, 20, 8, 40, 34, 30, 29, 26, 25, 36, 37, 38, 44, 3, 4, 6, 39, 41, 9, 7, 10, 43, 11, 12, 16, 18, 13, 15, 17, 19, 21, 0, 2];2267.0
[1, 5, 2, 44, 41, 39, 35, 31, 30, 29, 22, 19, 21, 20, 8, 40, 37, 38, 3, 4, 6, 9, 7, 10, 16, 18, 42, 23, 24, 28, 32, 33, 34, 27, 26, 25, 36, 0, 14, 43, 11, 12, 13, 15, 17];2239.0
[20, 7, 10, 43, 14, 19, 21, 31, 30, 29, 33, 34, 38, 6, 41, 39, 35, 27, 28, 32, 36, 37, 40, 9, 8, 11, 12, 13, 0, 1, 2, 5, 44, 3, 4, 15, 16, 17, 18, 42, 25, 26, 24, 23, 22];2267.0
[7, 30, 32, 34, 36, 35, 28, 29, 22, 14, 21, 0, 1, 2, 3, 4, 5, 19, 20, 43, 12, 16, 18, 13, 31, 37, 38, 44, 39, 40, 9, 8, 11, 10, 15, 17, 23, 24, 42, 26, 25, 27, 33, 41, 6];2482.0
[41, 10, 15, 14, 19, 21, 20, 12, 13, 5, 2, 35, 33, 27, 34, 36, 37, 30, 29, 24, 22, 18, 16, 17, 43, 11, 0, 31, 32, 28, 25, 26, 42, 23, 1, 4, 6, 7, 8, 9, 40, 38, 44, 3, 39];2382.0
[41, 24, 23, 28, 32, 36, 34, 35, 31, 30, 29, 43, 13, 0, 26, 25, 27, 33, 37, 38, 3, 21, 20, 7, 9, 10, 11, 12, 16, 17, 15, 18, 42, 22, 14, 19, 1, 44, 39, 40, 8, 5, 2, 4, 6];2531.0
[28, 18, 16, 5, 35, 32, 36, 37, 38, 4, 7, 14, 20, 8, 9, 15, 17, 23, 24, 25, 26, 42, 22, 19, 1, 2, 40, 39, 44, 3, 41, 6, 10, 43, 11, 12, 13, 21, 0, 31, 30, 29, 27, 33, 34];2376.0
[33, 37, 6, 15, 18, 16, 17, 14, 20, 7, 9, 8, 40, 41, 4, 5, 2, 0, 19, 10, 43, 11, 12, 13, 21, 31, 1, 3, 38, 44, 39, 35, 28, 25, 32, 36, 34, 30, 29, 22, 23, 24, 42, 26, 27];2202.0
[11, 29, 36, 37, 38, 6, 41, 39, 31, 30, 24, 25, 26, 42, 23, 22, 17, 15, 1, 2, 44, 3, 4, 5, 21, 0, 19, 20, 7, 9, 8, 40, 34, 33, 27, 28, 32, 35, 14, 43, 12, 16, 18, 13, 10];2278.0
[31, 32, 44, 3, 5, 1, 2, 39, 38, 41, 4, 6, 7, 10, 43, 11, 9, 8, 40, 36, 37, 21, 20, 12, 13, 14, 29, 24, 22, 19, 0, 30, 25, 26, 42, 18, 16, 15, 17, 23, 28, 27, 33, 34, 35];2415.0
[19, 15, 12, 13, 30, 25, 28, 36, 37, 44, 40, 6, 41, 39, 38, 3, 4, 20, 43, 11, 10, 7, 8, 9, 14, 29, 24, 18, 16, 17, 21, 31, 32, 35, 33, 34, 27, 26, 42, 23, 22, 1, 2, 5, 0];2352.0
[7, 11, 13, 15, 17, 23, 18, 42, 24, 25, 27, 26, 28, 32, 4, 20, 10, 19, 0, 31, 30, 29, 22, 43, 12, 16, 14, 21, 5, 1, 2, 39, 40, 35, 33, 34, 36, 37, 38, 44, 3, 41, 6, 8, 9];2259.0
[8, 40, 41, 6, 27, 28, 31, 1, 44, 39, 38, 32, 33, 34, 35, 2, 5, 0, 30, 29, 22, 17, 19, 21, 43, 11, 12, 13, 15, 18, 16, 42, 23, 24, 25, 26, 36, 37, 3, 4, 7, 10, 14, 20, 9];2310.0
[2, 6, 7, 10, 43, 11, 8, 5, 1, 31, 29, 25, 27, 28, 3, 41, 39, 38, 35, 32, 33, 34, 36, 37, 44, 15, 16, 17, 19, 21, 0, 30, 23, 24, 26, 42, 22, 18, 12, 13, 14, 20, 9, 40, 4];2446.0
[0, 1, 5, 2, 41, 6, 10, 15, 18, 42, 23, 14, 20, 9, 7, 8, 40, 27, 33, 34, 35, 32, 36, 37, 30, 29, 25, 28, 26, 24, 22, 43, 11, 12, 16, 17, 13, 19, 31, 44, 39, 38, 3, 4, 21];2335.0
[18, 42, 23, 22, 44, 3, 39, 35, 32, 21, 0, 1, 5, 43, 11, 10, 12, 13, 33, 34, 31, 2, 4, 6, 9, 8, 40, 36, 37, 38, 41, 7, 15, 16, 17, 14, 19, 20, 30, 25, 26, 27, 28, 29, 24];2531.0
[37, 31, 30, 29, 25, 28, 32, 4, 6, 14, 10, 43, 11, 12, 13, 17, 15, 18, 16, 42, 23, 24, 26, 27, 33, 34, 35, 22, 0, 1, 2, 5, 21, 19, 20, 7, 9, 8, 40, 44, 3, 41, 38, 39, 36];2270.0
[43, 21, 6, 41, 44, 3, 4, 5, 1, 2, 31, 30, 29, 28, 32, 35, 0, 19, 14, 15, 13, 11, 12, 16, 18, 17, 24, 25, 27, 26, 42, 23, 22, 20, 9, 8, 40, 39, 38, 33, 34, 36, 37, 7, 10];2308.0
[6, 7, 14, 15, 23, 19, 1, 2, 16, 17, 31, 44, 3, 5, 0, 21, 43, 12, 13, 11, 10, 20, 9, 8, 40, 41, 39, 38, 35, 30, 29, 32, 34, 33, 27, 26, 24, 22, 18, 42, 25, 28, 36, 37, 4];2437.0
[24, 27, 25, 26, 42, 23, 43, 11, 12, 13, 18, 16, 17, 20, 8, 40, 39, 38, 28, 32, 35, 31, 30, 29, 22, 14, 19, 21, 0, 1, 33, 34, 36, 37, 44, 3, 4, 5, 2, 41, 6, 7, 9, 10, 15];2233.0
[22, 23, 36, 37, 38, 3, 5, 30, 29, 15, 13, 0, 1, 2, 39, 40, 9, 8, 41, 6, 44, 4, 21, 19, 10, 14, 20, 7, 43, 11, 12, 16, 17, 18, 42, 25, 26, 27, 28, 32, 33, 34, 35, 31, 24];2276.0
[10, 15, 23, 18, 42, 24, 22, 43, 11, 13, 0, 30, 29, 14, 19, 21, 1, 2, 5, 20, 12, 16, 17, 44, 3, 41, 6, 9, 8, 40, 39, 38, 35, 31, 32, 28, 26, 25, 27, 33, 34, 36, 37, 4, 7];2299.0
[12, 13, 6, 39, 40, 44, 3, 0, 21, 19, 43, 11, 14, 15, 42, 23, 22, 18, 16, 17, 10, 7, 9, 8, 41, 4, 5, 30, 29, 32, 36, 37, 38, 35, 33, 34, 27, 26, 24, 25, 28, 31, 1, 2, 20];2319.0
[13, 11, 10, 14, 19, 21, 3, 4, 5, 0, 31, 1, 2, 44, 40, 39, 38, 32, 35, 30, 25, 26, 27, 33, 34, 36, 37, 20, 8, 41, 6, 9, 7, 43, 12, 16, 17, 18, 42, 23, 28, 29, 24, 22, 15];2143.0
[42, 19, 21, 20, 14, 0, 1, 2, 3, 6, 41, 40, 44, 39, 38, 35, 30, 23, 22, 18, 16, 15, 17, 12, 13, 43, 11, 10, 7, 8, 9, 4, 5, 31, 29, 24, 27, 33, 34, 36, 37, 32, 25, 28, 26];2304.0
[38, 21, 19, 20, 7, 8, 4, 0, 29, 26, 27, 33, 34, 31, 24, 22, 1, 44, 3, 6, 14, 15, 12, 13, 17, 18, 16, 42, 23, 43, 10, 11, 9, 40, 41, 5, 2, 39, 35, 30, 25, 28, 32, 36, 37];2584.0
[41, 4, 5, 0, 31, 32, 33, 34, 27, 22, 15, 13, 12, 11, 10, 7, 9, 39, 35, 28, 30, 29, 25, 26, 24, 42, 23, 18, 16, 17, 14, 43, 1, 2, 21, 19, 20, 8, 40, 36, 37, 38, 44, 3, 6];2212.0
[20, 10, 14, 21, 31, 32, 36, 44, 4, 6, 41, 35, 1, 2, 30, 29, 37, 39, 38, 3, 0, 19, 15, 16, 18, 42, 26, 25, 33, 34, 27, 28, 24, 23, 22, 43, 11, 12, 13, 17, 7, 9, 8, 40, 5];2394.0
[29, 15, 14, 19, 39, 40, 44, 3, 41, 6, 7, 43, 16, 17, 18, 42, 27, 28, 25, 26, 24, 23, 22, 20, 8, 9, 10, 11, 12, 13, 21, 32, 33, 34, 36, 37, 38, 35, 31, 4, 5, 1, 2, 0, 30];2314.0
[3, 20, 14, 0, 5, 44, 39, 35, 27, 33, 26, 42, 22, 23, 24, 25, 28, 32, 36, 34, 31, 11, 12, 13, 21, 1, 2, 6, 41, 4, 19, 18, 16, 43, 10, 7, 9, 8, 40, 30, 29, 15, 17, 37, 38];2671.0
[18, 16, 31, 30, 29, 27, 33, 34, 3, 4, 6, 39, 35, 28, 25, 26, 42, 22, 43, 10, 15, 23, 24, 14, 21, 0, 1, 2, 44, 40, 41, 7, 8, 9, 12, 13, 11, 19, 32, 36, 37, 38, 5, 20, 17];2477.0
[0, 31, 22, 21, 30, 29, 35, 36, 37, 38, 26, 42, 18, 16, 9, 8, 40, 39, 41, 6, 14, 19, 20, 7, 10, 43, 11, 12, 13, 15, 17, 23, 24, 25, 27, 28, 32, 33, 34, 1, 44, 3, 4, 2, 5];2261.0
[42, 23, 28, 25, 4, 5, 20, 10, 19, 21, 1, 2, 31, 18, 16, 17, 15, 14, 0, 30, 29, 24, 22, 43, 11, 12, 13, 9, 39, 32, 35, 36, 37, 38, 44, 3, 41, 6, 7, 8, 40, 34, 33, 27, 26];2426.0
[35, 0, 21, 11, 13, 1, 2, 4, 5, 24, 23, 43, 12, 16, 17, 19, 30, 22, 14, 20, 8, 40, 39, 44, 41, 6, 9, 7, 10, 15, 18, 42, 25, 28, 32, 36, 37, 38, 3, 31, 29, 26, 27, 33, 34];2476.0
[34, 2, 5, 21, 19, 20, 9, 8, 36, 37, 3, 4, 7, 10, 12, 13, 14, 43, 11, 31, 30, 29, 24, 25, 28, 26, 42, 23, 22, 18, 16, 15, 17, 0, 1, 44, 39, 40, 41, 6, 38, 35, 32, 27, 33];2129.0
[4, 1, 2, 5, 15, 18, 16, 21, 30, 29, 22, 14, 20, 8, 41, 6, 39, 34, 35, 31, 43, 11, 12, 13, 17, 23, 24, 42, 26, 25, 28, 32, 27, 33, 36, 37, 38, 44, 40, 9, 7, 10, 19, 0, 3];2338.0
[39, 30, 22, 10, 14, 19, 29, 32, 34, 36, 4, 5, 0, 21, 31, 1, 2, 44, 3, 41, 6, 43, 11, 12, 13, 17, 15, 23, 24, 27, 33, 37, 38, 35, 28, 25, 26, 42, 18, 16, 20, 7, 9, 8, 40];2277.0
[22, 44, 39, 35, 27, 26, 24, 14, 43, 10, 11, 12, 13, 15, 16, 17, 19, 21, 20, 9, 7, 8, 40, 38, 3, 6, 41, 4, 5, 0, 1, 2, 31, 30, 29, 33, 34, 36, 37, 32, 28, 25, 42, 18, 23];2252.0
[21, 32, 33, 40, 41, 5, 2, 31, 0, 1, 35, 28, 25, 26, 42, 22, 43, 10, 20, 8, 9, 7, 19, 30, 29, 27, 34, 36, 37, 44, 39, 38, 3, 4, 6, 11, 12, 13, 15, 23, 24, 18, 16, 17, 14];2357.0
[18, 42, 25, 28, 38, 44, 39, 41, 6, 8, 40, 4, 0, 21, 19, 14, 31, 30, 32, 36, 37, 3, 20, 7, 9, 10, 17, 23, 24, 26, 27, 33, 34, 35, 29, 22, 15, 13, 11, 1, 2, 5, 43, 12, 16];2448.0
[40, 39, 31, 36, 34, 35, 32, 28, 25, 26, 42, 23, 22, 18, 12, 13, 1, 2, 5, 20, 19, 21, 0, 30, 29, 24, 27, 33, 37, 38, 44, 3, 4, 41, 6, 14, 15, 16, 17, 43, 11, 10, 7, 9, 8];2082.0
[44, 3, 39, 40, 41, 4, 5, 30, 24, 18, 16, 17, 14, 20, 43, 11, 12, 13, 15, 32, 28, 29, 25, 27, 33, 34, 36, 37, 38, 35, 26, 42, 23, 22, 19, 21, 0, 31, 1, 6, 8, 9, 7, 10, 2];2176.0
[40, 38, 35, 24, 22, 19, 0, 31, 21, 20, 7, 10, 15, 17, 43, 11, 12, 13, 30, 29, 27, 28, 25, 26, 42, 23, 18, 16, 14, 1, 2, 44, 3, 39, 41, 5, 32, 33, 34, 36, 37, 4, 6, 9, 8];2216.0
[6, 10, 19, 1, 2, 43, 13, 12, 16, 18, 42, 23, 22, 20, 8, 40, 30, 29, 36, 37, 44, 39, 38, 3, 4, 5, 21, 0, 31, 32, 27, 33, 34, 35, 28, 26, 25, 24, 15, 17, 14, 11, 7, 9, 41];2400.0
[41, 35, 1, 2, 5, 20, 10, 19, 21, 31, 29, 24, 23, 22, 15, 12, 13, 14, 39, 40, 34, 37, 38, 33, 27, 28, 32, 36, 44, 3, 6, 4, 0, 30, 25, 26, 42, 18, 16, 17, 43, 11, 7, 8, 9];2300.0
[41, 5, 0, 31, 36, 37, 39, 38, 32, 28, 26, 42, 43, 11, 10, 19, 21, 30, 29, 22, 23, 24, 25, 27, 33, 34, 35, 1, 2, 44, 3, 4, 6, 12, 13, 15, 17, 18, 16, 14, 20, 7, 9, 8, 40];2037.0
[6, 5, 30, 29, 13, 10, 9, 40, 39, 41, 21, 0, 19, 20, 7, 8, 38, 35, 31, 32, 28, 26, 22, 18, 42, 23, 15, 17, 14, 43, 11, 12, 16, 24, 25, 27, 33, 34, 36, 37, 1, 2, 44, 3, 4];2403.0
[13, 27, 33, 34, 36, 37, 6, 41, 39, 38, 3, 4, 5, 31, 29, 22, 15, 17, 0, 1, 2, 30, 25, 26, 28, 32, 35, 12, 16, 18, 42, 24, 23, 14, 43, 11, 20, 10, 19, 21, 44, 40, 8, 9, 7];2550.0
[7, 11, 13, 14, 43, 12, 16, 17, 19, 21, 31, 0, 1, 2, 5, 20, 8, 9, 30, 29, 28, 32, 35, 36, 44, 39, 40, 41, 6, 10, 15, 18, 42, 23, 22, 24, 26, 25, 27, 33, 34, 37, 38, 3, 4];2206.0
[18, 13, 32, 36, 33, 34, 35, 20, 15, 17, 1, 5, 0, 19, 21, 31, 2, 4, 6, 9, 8, 40, 37, 39, 38, 44, 3, 41, 7, 10, 30, 29, 25, 26, 42, 23, 27, 28, 24, 22, 14, 43, 11, 12, 16];2439.0
[28, 43, 11, 12, 13, 21, 44, 4, 0, 30, 24, 22, 15, 14, 10, 20, 7, 9, 8, 40, 6, 41, 39, 35, 27, 26, 42, 23, 18, 16, 17, 19, 1, 2, 32, 33, 34, 36, 37, 38, 3, 5, 31, 29, 25];2295.0
[19, 0, 1, 2, 30, 25, 28, 35, 31, 29, 24, 23, 36, 37, 3, 4, 5, 20, 7, 9, 8, 41, 40, 39, 38, 44, 6, 10, 12, 13, 17, 15, 21, 32, 33, 34, 27, 26, 42, 22, 18, 16, 43, 11, 14];2309.0
[9, 40, 38, 3, 4, 14, 15, 21, 0, 19, 20, 10, 31, 30, 29, 25, 27, 26, 42, 23, 1, 2, 5, 44, 41, 6, 39, 32, 36, 33, 34, 37, 35, 28, 24, 22, 16, 17, 18, 12, 13, 43, 11, 7, 8];2437.0
[0, 21, 12, 13, 43, 11, 19, 24, 28, 35, 32, 36, 34, 37, 7, 10, 15, 17, 14, 1, 2, 31, 30, 29, 33, 27, 25, 26, 42, 22, 23, 18, 16, 20, 9, 8, 40, 41, 4, 6, 38, 44, 39, 3, 5];2384.0
[3, 4, 12, 13, 1, 2, 5, 0, 30, 22, 14, 29, 32, 35, 31, 21, 19, 20, 10, 15, 23, 24, 25, 27, 28, 33, 34, 36, 37, 41, 6, 9, 7, 8, 40, 39, 38, 26, 42, 18, 16, 17, 43, 11, 44];2499.0
[1, 2, 30, 29, 36, 4, 6, 39, 35, 31, 21, 19, 43, 12, 13, 14, 0, 38, 44, 40, 41, 5, 24, 25, 27, 26, 28, 32, 33, 34, 37, 3, 20, 7, 8, 9, 10, 11, 16, 18, 42, 23, 22, 15, 17];2391.0
[29, 32, 35, 31, 21, 0, 19, 22, 23, 24, 26, 42, 18, 16, 14, 1, 39, 41, 4, 2, 5, 20, 9, 7, 8, 40, 27, 33, 34, 36, 37, 38, 44, 3, 6, 10, 43, 12, 11, 13, 15, 17, 25, 28, 30];2311.0
[43, 10, 20, 8, 40, 38, 3, 4, 5, 0, 21, 19, 30, 29, 24, 25, 26, 27, 33, 34, 31, 1, 2, 44, 39, 35, 28, 32, 36, 37, 6, 41, 7, 9, 11, 12, 13, 15, 17, 16, 18, 42, 23, 22, 14];2044.0
[6, 10, 14, 1, 2, 39, 44, 5, 21, 19, 20, 7, 8, 40, 37, 38, 27, 33, 34, 35, 0, 11, 12, 13, 31, 30, 29, 25, 28, 32, 36, 3, 4, 17, 15, 16, 18, 42, 24, 26, 22, 23, 43, 9, 41];2559.0
[6, 39, 38, 3, 20, 8, 9, 7, 10, 11, 32, 28, 35, 1, 21, 19, 14, 15, 17, 16, 18, 42, 26, 25, 27, 44, 4, 5, 2, 31, 30, 29, 24, 23, 22, 43, 12, 13, 0, 33, 34, 36, 37, 40, 41];2424.0
[14, 19, 20, 7, 10, 11, 21, 0, 5, 1, 2, 38, 35, 26, 25, 28, 32, 41, 6, 9, 8, 39, 40, 34, 36, 31, 30, 29, 27, 33, 37, 44, 3, 4, 24, 42, 23, 22, 18, 16, 17, 43, 12, 13, 15];2300.0
[22, 0, 44, 3, 31, 30, 25, 28, 29, 43, 11, 10, 21, 1, 2, 5, 19, 14, 15, 17, 13, 12, 16, 18, 42, 23, 20, 9, 4, 6, 7, 8, 41, 38, 39, 40, 36, 34, 37, 35, 32, 33, 27, 26, 24];2464.0
[42, 19, 43, 11, 0, 31, 30, 24, 23, 22, 18, 16, 14, 15, 17, 27, 33, 34, 1, 21, 20, 10, 12, 13, 7, 8, 9, 40, 39, 38, 35, 32, 36, 37, 3, 6, 41, 4, 5, 2, 44, 28, 29, 25, 26];2363.0
[31, 19, 14, 43, 12, 13, 23, 24, 28, 36, 37, 38, 10, 11, 21, 0, 1, 3, 4, 6, 5, 2, 30, 29, 32, 35, 33, 27, 25, 26, 18, 16, 17, 42, 22, 15, 20, 7, 9, 8, 41, 44, 39, 40, 34];2478.0
[38, 3, 41, 5, 2, 44, 39, 34, 35, 30, 22, 14, 10, 15, 16, 17, 21, 0, 31, 1, 19, 18, 23, 24, 42, 26, 29, 25, 28, 32, 33, 27, 36, 37, 4, 20, 43, 12, 13, 11, 7, 8, 6, 9, 40];2534.0
[10, 19, 31, 33, 34, 1, 2, 5, 0, 30, 25, 27, 26, 23, 20, 7, 8, 9, 43, 13, 15, 21, 44, 40, 11, 12, 16, 17, 18, 42, 32, 36, 37, 3, 4, 6, 41, 39, 38, 35, 28, 29, 24, 22, 14];2541.0
[27, 28, 30, 29, 32, 44, 3, 4, 5, 0, 21, 14, 43, 10, 11, 12, 13, 1, 2, 41, 6, 15, 16, 17, 18, 42, 23, 24, 22, 25, 26, 33, 36, 37, 39, 38, 35, 31, 19, 20, 7, 9, 8, 40, 34];2187.0
[35, 0, 31, 29, 30, 18, 42, 22, 20, 9, 8, 10, 43, 11, 13, 15, 19, 21, 1, 2, 39, 37, 38, 44, 3, 4, 6, 41, 7, 12, 16, 17, 14, 5, 40, 34, 32, 36, 33, 27, 26, 24, 23, 25, 28];2501.0
[1, 2, 30, 26, 42, 22, 10, 43, 11, 12, 13, 14, 21, 19, 23, 24, 25, 27, 33, 34, 37, 38, 44, 3, 0, 15, 18, 16, 17, 20, 7, 8, 9, 40, 41, 6, 39, 35, 28, 29, 32, 36, 4, 5, 31];2169.0
[4, 31, 38, 44, 5, 15, 17, 18, 42, 24, 23, 25, 30, 29, 22, 14, 12, 13, 43, 11, 16, 1, 2, 20, 7, 9, 40, 34, 35, 0, 19, 21, 10, 8, 6, 41, 39, 32, 28, 26, 27, 33, 36, 37, 3];2528.0
[25, 37, 38, 28, 27, 33, 34, 30, 29, 22, 18, 13, 12, 16, 17, 14, 20, 10, 43, 11, 19, 1, 3, 4, 5, 21, 0, 31, 2, 44, 39, 35, 32, 36, 40, 41, 6, 7, 8, 9, 15, 23, 24, 42, 26];2350.0
[35, 32, 28, 22, 18, 42, 15, 19, 21, 1, 2, 3, 6, 41, 4, 5, 0, 43, 12, 13, 16, 17, 11, 10, 14, 20, 9, 7, 8, 40, 34, 31, 30, 29, 23, 24, 26, 25, 27, 33, 36, 37, 38, 44, 39];2144.0
[2, 17, 23, 22, 14, 37, 38, 44, 3, 0, 19, 43, 12, 13, 11, 10, 20, 9, 7, 8, 40, 39, 41, 6, 4, 5, 21, 15, 16, 18, 42, 24, 32, 33, 34, 31, 30, 25, 26, 27, 28, 29, 36, 35, 1];2430.0
[22, 31, 30, 24, 25, 26, 27, 28, 32, 35, 0, 19, 43, 11, 12, 13, 1, 2, 4, 5, 20, 14, 15, 17, 21, 29, 33, 34, 36, 37, 38, 44, 3, 40, 39, 41, 6, 8, 9, 7, 10, 16, 18, 42, 23];2146.0
[34, 32, 36, 37, 38, 20, 7, 12, 13, 43, 11, 10, 19, 21, 0, 4, 5, 1, 2, 31, 30, 24, 42, 23, 25, 26, 27, 33, 44, 3, 41, 6, 39, 35, 28, 29, 22, 18, 16, 17, 15, 14, 9, 8, 40];2191.0
[29, 14, 43, 19, 31, 32, 33, 27, 30, 22, 18, 16, 17, 21, 0, 34, 36, 37, 38, 35, 39, 44, 3, 4, 7, 9, 10, 8, 40, 6, 41, 5, 1, 2, 20, 11, 12, 13, 15, 23, 24, 42, 26, 25, 28];2417.0
[22, 0, 2, 44, 40, 9, 12, 13, 20, 8, 7, 14, 21, 19, 15, 18, 42, 24, 23, 25, 26, 34, 35, 30, 29, 36, 37, 38, 3, 4, 39, 41, 6, 10, 43, 11, 16, 17, 1, 5, 31, 32, 33, 27, 28];2526.0
[22, 20, 7, 8, 41, 5, 0, 31, 30, 15, 13, 14, 43, 12, 19, 21, 1, 2, 29, 24, 25, 27, 33, 34, 4, 6, 39, 36, 37, 44, 3, 38, 32, 28, 18, 16, 17, 11, 10, 9, 40, 35, 26, 42, 23];2494.0
[34, 1, 20, 12, 13, 15, 16, 17, 23, 25, 28, 35, 14, 43, 11, 10, 8, 40, 39, 3, 4, 6, 7, 9, 41, 44, 5, 2, 31, 24, 22, 19, 21, 0, 30, 29, 18, 42, 26, 36, 37, 38, 32, 27, 33];2531.0
[9, 40, 33, 27, 26, 25, 28, 35, 32, 31, 30, 29, 34, 36, 37, 38, 4, 6, 16, 17, 15, 14, 43, 11, 19, 21, 1, 2, 5, 20, 7, 8, 41, 39, 44, 3, 0, 24, 22, 18, 42, 23, 12, 13, 10];2416.0
[0, 31, 1, 44, 3, 4, 2, 5, 30, 29, 32, 35, 21, 19, 43, 12, 13, 15, 24, 42, 18, 16, 17, 23, 22, 14, 20, 8, 40, 39, 28, 25, 26, 27, 33, 34, 36, 37, 38, 41, 6, 9, 7, 11, 10];2178.0
[22, 21, 0, 31, 32, 35, 30, 29, 24, 25, 28, 36, 37, 3, 5, 2, 1, 44, 4, 7, 9, 8, 40, 6, 41, 39, 38, 33, 34, 27, 26, 23, 14, 43, 11, 12, 13, 15, 16, 17, 20, 10, 19, 18, 42];2241.0
[19, 21, 1, 44, 3, 38, 35, 31, 29, 22, 18, 26, 25, 27, 28, 43, 11, 12, 13, 14, 20, 8, 5, 0, 30, 24, 42, 23, 15, 16, 17, 2, 4, 41, 39, 40, 32, 33, 34, 36, 37, 6, 9, 7, 10];2441.0
[39, 25, 27, 33, 31, 7, 8, 9, 40, 41, 5, 15, 16, 17, 19, 1, 2, 3, 4, 6, 34, 36, 37, 38, 35, 28, 26, 24, 23, 22, 18, 42, 20, 10, 43, 12, 13, 11, 14, 21, 0, 30, 29, 32, 44];2538.0
[10, 40, 34, 35, 31, 24, 42, 25, 26, 36, 37, 44, 5, 2, 20, 7, 8, 9, 4, 0, 1, 3, 6, 41, 39, 38, 32, 33, 27, 28, 30, 29, 14, 21, 19, 18, 16, 17, 15, 23, 22, 43, 12, 13, 11];2425.0
[25, 26, 42, 24, 23, 4, 5, 21, 19, 20, 12, 13, 43, 11, 10, 7, 9, 8, 40, 6, 41, 35, 32, 36, 37, 38, 3, 44, 39, 34, 33, 27, 28, 29, 22, 18, 16, 17, 15, 14, 0, 31, 1, 2, 30];2171.0
[13, 7, 9, 8, 40, 41, 6, 39, 22, 23, 20, 10, 42, 24, 25, 28, 35, 32, 1, 2, 44, 19, 14, 15, 17, 18, 16, 21, 31, 30, 29, 26, 27, 33, 34, 36, 37, 38, 3, 4, 5, 0, 43, 11, 12];2391.0
[4, 0, 29, 24, 25, 26, 27, 38, 44, 6, 9, 7, 14, 43, 10, 8, 40, 41, 39, 35, 28, 42, 23, 22, 18, 1, 2, 5, 20, 12, 11, 16, 17, 15, 13, 19, 21, 31, 30, 32, 33, 34, 36, 37, 3];2443.0
[8, 40, 32, 36, 37, 41, 39, 38, 44, 3, 4, 5, 28, 25, 26, 27, 33, 34, 35, 31, 0, 43, 11, 13, 1, 2, 6, 9, 7, 10, 15, 17, 21, 30, 29, 24, 42, 23, 22, 18, 12, 16, 14, 19, 20];2234.0
[19, 4, 6, 41, 39, 35, 31, 20, 12, 13, 10, 21, 1, 2, 44, 38, 3, 5, 0, 14, 15, 17, 23, 24, 25, 27, 28, 26, 42, 18, 16, 43, 11, 7, 9, 8, 40, 32, 33, 34, 36, 37, 30, 29, 22];2314.0
[35, 43, 10, 36, 37, 0, 21, 31, 28, 32, 27, 25, 26, 42, 23, 44, 3, 6, 9, 8, 41, 4, 5, 2, 20, 7, 11, 12, 13, 15, 1, 39, 40, 38, 24, 22, 18, 16, 17, 14, 19, 30, 29, 33, 34];2696.0
[21, 19, 20, 9, 8, 40, 37, 44, 39, 34, 35, 30, 29, 25, 26, 27, 28, 24, 22, 18, 42, 23, 3, 41, 4, 5, 0, 33, 31, 1, 2, 38, 32, 36, 6, 7, 14, 15, 17, 43, 10, 11, 12, 13, 16];2436.0
[38, 44, 3, 0, 31, 30, 29, 28, 26, 24, 15, 17, 14, 43, 10, 21, 32, 36, 37, 40, 9, 8, 7, 12, 16, 18, 42, 22, 23, 25, 27, 33, 34, 35, 1, 4, 6, 41, 5, 20, 11, 13, 19, 2, 39];2331.0
[8, 12, 13, 15, 17, 14, 41, 6, 39, 40, 36, 37, 38, 44, 3, 7, 10, 43, 11, 19, 18, 16, 21, 33, 34, 27, 29, 25, 26, 42, 23, 22, 0, 31, 1, 4, 5, 2, 35, 32, 28, 30, 24, 20, 9];2461.0
[28, 15, 12, 16, 17, 14, 19, 21, 1, 2, 6, 41, 30, 29, 18, 42, 23, 24, 22, 7, 9, 8, 40, 39, 44, 3, 4, 5, 0, 20, 10, 43, 11, 13, 31, 33, 34, 36, 37, 38, 35, 32, 25, 26, 27];2201.0
[22, 18, 42, 25, 44, 3, 39, 32, 28, 29, 24, 20, 7, 10, 21, 1, 4, 5, 2, 19, 14, 43, 9, 8, 40, 41, 6, 11, 12, 13, 0, 30, 26, 27, 33, 34, 36, 37, 38, 35, 31, 16, 17, 15, 23];2507.0
[29, 28, 36, 35, 32, 33, 34, 37, 38, 44, 3, 4, 2, 5, 43, 11, 12, 13, 16, 17, 14, 20, 7, 8, 9, 40, 39, 41, 6, 10, 18, 42, 23, 22, 15, 19, 21, 0, 1, 31, 30, 24, 25, 26, 27];2120.0
[28, 27, 33, 1, 44, 3, 2, 30, 29, 24, 22, 14, 20, 7, 8, 9, 11, 12, 13, 15, 17, 19, 21, 31, 32, 35, 39, 40, 34, 36, 37, 38, 6, 41, 4, 5, 0, 10, 43, 16, 18, 42, 23, 25, 26];2249.0
[16, 14, 4, 5, 21, 19, 0, 31, 30, 29, 26, 24, 43, 13, 20, 10, 15, 17, 18, 42, 22, 23, 1, 2, 39, 38, 44, 35, 32, 28, 25, 27, 33, 34, 36, 37, 3, 41, 40, 6, 8, 9, 7, 11, 12];2331.0
[32, 26, 25, 42, 19, 0, 21, 1, 2, 20, 8, 6, 41, 39, 33, 34, 35, 36, 37, 44, 3, 4, 5, 15, 17, 18, 13, 12, 16, 23, 27, 28, 30, 29, 24, 22, 14, 10, 43, 11, 7, 9, 40, 38, 31];2484.0
[44, 41, 39, 40, 38, 32, 36, 34, 35, 28, 29, 22, 0, 1, 5, 2, 3, 4, 6, 10, 43, 11, 12, 13, 14, 19, 18, 16, 15, 17, 31, 30, 24, 42, 23, 20, 7, 8, 9, 21, 25, 26, 27, 33, 37];2307.0
[11, 10, 14, 20, 19, 21, 31, 24, 42, 23, 43, 12, 13, 30, 22, 18, 16, 17, 15, 0, 32, 34, 36, 37, 38, 35, 28, 29, 25, 26, 27, 33, 1, 2, 44, 3, 4, 5, 39, 40, 41, 6, 8, 9, 7];2283.0
[40, 41, 39, 44, 3, 5, 25, 26, 42, 24, 23, 22, 14, 15, 13, 11, 10, 43, 19, 0, 1, 2, 4, 6, 7, 12, 16, 18, 17, 31, 36, 37, 38, 34, 35, 28, 30, 29, 32, 27, 33, 21, 20, 9, 8];2437.0
[7, 10, 19, 14, 15, 17, 0, 29, 24, 21, 31, 33, 34, 35, 30, 26, 25, 27, 28, 32, 36, 37, 38, 3, 1, 2, 39, 40, 9, 8, 41, 44, 4, 6, 5, 43, 11, 12, 13, 16, 18, 42, 23, 22, 20];2300.0
[5, 21, 15, 12, 13, 24, 25, 32, 34, 33, 27, 28, 22, 43, 11, 10, 14, 19, 0, 1, 2, 30, 29, 26, 42, 23, 18, 16, 17, 20, 7, 9, 8, 44, 3, 4, 41, 6, 40, 36, 37, 39, 38, 35, 31];2319.0
[35, 1, 2, 20, 10, 7, 21, 0, 31, 30, 32, 29, 24, 25, 28, 26, 42, 18, 16, 17, 19, 4, 5, 39, 38, 40, 36, 34, 33, 27, 22, 23, 15, 14, 43, 11, 12, 13, 44, 3, 41, 6, 9, 8, 37];2541.0
[4, 5, 0, 1, 44, 3, 9, 8, 40, 39, 38, 41, 6, 2, 20, 7, 10, 14, 15, 42, 23, 28, 36, 35, 32, 26, 24, 22, 18, 16, 43, 11, 12, 13, 17, 19, 21, 31, 30, 29, 25, 27, 33, 34, 37];2280.0
[37, 38, 36, 35, 11, 12, 13, 1, 2, 31, 44, 3, 5, 0, 32, 28, 25, 27, 33, 34, 22, 14, 19, 43, 21, 30, 29, 26, 24, 42, 23, 18, 16, 15, 17, 20, 8, 41, 39, 4, 6, 10, 7, 9, 40];2581.0
[39, 35, 31, 1, 38, 44, 3, 4, 5, 2, 21, 0, 30, 29, 22, 19, 32, 33, 34, 36, 37, 28, 25, 27, 26, 24, 42, 23, 18, 16, 17, 14, 43, 11, 10, 12, 13, 15, 20, 7, 8, 9, 40, 6, 41];2078.0
[29, 35, 44, 6, 39, 41, 38, 3, 4, 2, 31, 24, 23, 26, 25, 32, 36, 37, 5, 0, 1, 30, 22, 15, 12, 16, 17, 18, 42, 14, 7, 10, 43, 11, 13, 19, 21, 20, 9, 8, 40, 34, 33, 27, 28];2434.0
[22, 43, 11, 30, 28, 29, 24, 32, 35, 31, 5, 0, 21, 1, 2, 44, 36, 37, 38, 3, 4, 39, 41, 6, 10, 12, 13, 15, 19, 14, 20, 7, 9, 8, 40, 34, 33, 27, 25, 26, 42, 18, 16, 17, 23];2326.0
[14, 43, 0, 2, 35, 31, 20, 7, 32, 36, 34, 37, 38, 3, 4, 21, 19, 18, 42, 23, 15, 16, 17, 12, 13, 11, 10, 1, 5, 44, 41, 6, 9, 8, 40, 39, 30, 29, 24, 26, 25, 27, 33, 28, 22];2558.0
[16, 20, 10, 14, 15, 12, 13, 0, 44, 39, 40, 35, 30, 29, 42, 24, 25, 26, 27, 28, 32, 33, 34, 36, 37, 38, 31, 1, 2, 5, 3, 6, 7, 43, 11, 9, 8, 41, 4, 21, 19, 17, 23, 22, 18];2228.0
[31, 33, 34, 36, 35, 32, 37, 38, 44, 3, 4, 24, 42, 23, 22, 1, 2, 5, 21, 20, 10, 43, 11, 7, 8, 9, 40, 6, 41, 39, 30, 29, 26, 25, 27, 28, 14, 19, 18, 16, 15, 17, 12, 13, 0];2333.0
[4, 6, 41, 35, 32, 37, 30, 25, 27, 26, 28, 29, 14, 21, 0, 19, 20, 7, 9, 8, 40, 36, 33, 34, 43, 10, 11, 12, 16, 17, 18, 24, 42, 23, 22, 15, 13, 31, 1, 38, 44, 39, 3, 5, 2];2404.0
[27, 24, 13, 15, 18, 42, 23, 22, 14, 0, 31, 30, 29, 32, 33, 34, 36, 37, 38, 39, 44, 3, 4, 5, 1, 2, 6, 43, 11, 12, 16, 17, 19, 21, 20, 10, 7, 9, 8, 40, 41, 35, 28, 25, 26];2092.0
[1, 5, 2, 25, 27, 26, 24, 18, 42, 23, 20, 10, 7, 43, 12, 13, 11, 36, 37, 38, 44, 3, 19, 15, 16, 17, 8, 9, 40, 39, 32, 28, 29, 22, 14, 21, 6, 41, 4, 0, 31, 30, 33, 34, 35];2652.0
[7, 15, 17, 23, 25, 28, 29, 22, 14, 2, 44, 40, 9, 8, 43, 11, 10, 19, 1, 4, 5, 20, 16, 18, 12, 13, 21, 0, 31, 30, 24, 42, 26, 27, 32, 33, 34, 35, 36, 37, 39, 38, 3, 41, 6];2402.0
[13, 4, 7, 43, 11, 21, 0, 31, 30, 29, 25, 28, 24, 23, 22, 14, 19, 20, 10, 15, 16, 17, 1, 44, 3, 41, 39, 40, 34, 32, 35, 2, 5, 18, 42, 26, 27, 33, 36, 37, 38, 6, 9, 8, 12];2490.0
[44, 39, 10, 43, 12, 11, 13, 21, 30, 29, 31, 1, 0, 19, 20, 14, 34, 36, 35, 32, 28, 25, 26, 42, 23, 22, 15, 17, 18, 16, 24, 27, 33, 37, 3, 6, 7, 9, 8, 40, 41, 4, 5, 2, 38];2417.0
[15, 17, 22, 18, 16, 42, 23, 24, 27, 33, 37, 38, 4, 7, 43, 11, 14, 30, 29, 25, 26, 28, 32, 36, 34, 35, 31, 5, 0, 20, 19, 21, 1, 2, 44, 3, 39, 40, 41, 6, 9, 8, 10, 12, 13];2200.0
[7, 8, 39, 38, 28, 25, 36, 37, 35, 30, 24, 23, 17, 14, 44, 3, 4, 0, 31, 1, 6, 41, 40, 9, 12, 16, 18, 42, 26, 27, 33, 34, 32, 29, 22, 15, 13, 19, 21, 2, 5, 20, 10, 43, 11];2524.0
[11, 29, 22, 15, 13, 20, 9, 8, 40, 38, 44, 39, 3, 41, 6, 10, 14, 21, 0, 1, 5, 2, 24, 23, 18, 42, 28, 36, 37, 4, 7, 12, 16, 17, 19, 31, 30, 26, 25, 27, 33, 34, 35, 32, 43];2558.0
[6, 39, 41, 0, 19, 18, 16, 30, 29, 24, 26, 42, 23, 22, 43, 11, 21, 32, 36, 44, 4, 5, 1, 2, 14, 12, 13, 15, 17, 8, 40, 37, 38, 3, 7, 10, 28, 25, 27, 33, 34, 35, 31, 20, 9];2673.0
[13, 14, 4, 6, 9, 8, 40, 34, 35, 30, 25, 26, 42, 23, 18, 16, 15, 17, 19, 21, 0, 31, 5, 1, 2, 3, 41, 36, 37, 38, 44, 39, 32, 33, 27, 28, 29, 24, 22, 20, 7, 10, 43, 11, 12];2123.0
[35, 30, 24, 23, 20, 8, 9, 7, 15, 17, 14, 12, 13, 43, 11, 10, 19, 0, 21, 1, 39, 40, 41, 4, 6, 38, 36, 37, 44, 3, 5, 2, 31, 29, 22, 18, 16, 42, 26, 25, 28, 32, 27, 33, 34];2270.0
[34, 23, 22, 21, 31, 30, 32, 44, 3, 4, 24, 25, 28, 29, 26, 27, 33, 37, 38, 39, 35, 1, 2, 6, 15, 17, 14, 19, 0, 5, 20, 9, 7, 43, 13, 11, 12, 16, 18, 42, 10, 8, 41, 40, 36];2749.0
[12, 32, 36, 34, 35, 33, 27, 26, 42, 18, 16, 15, 17, 14, 31, 30, 29, 25, 28, 44, 3, 5, 43, 13, 23, 24, 22, 19, 21, 0, 1, 2, 39, 40, 37, 38, 4, 20, 9, 8, 41, 6, 10, 7, 11];2451.0
[44, 41, 0, 1, 4, 5, 2, 39, 38, 35, 32, 29, 25, 26, 27, 28, 36, 33, 34, 37, 3, 18, 16, 17, 19, 21, 31, 30, 24, 42, 23, 22, 20, 7, 9, 8, 40, 6, 14, 10, 43, 11, 12, 13, 15];2354.0
[9, 41, 6, 12, 13, 21, 2, 4, 5, 19, 43, 11, 10, 7, 8, 40, 33, 34, 36, 35, 31, 0, 1, 44, 39, 37, 38, 3, 15, 16, 17, 23, 25, 26, 27, 32, 28, 30, 29, 24, 18, 42, 22, 14, 20];2419.0
[17, 27, 28, 33, 34, 30, 23, 22, 15, 19, 0, 1, 21, 20, 7, 8, 9, 43, 12, 13, 11, 10, 14, 31, 29, 24, 25, 32, 36, 37, 38, 3, 4, 6, 41, 5, 2, 44, 39, 40, 35, 26, 42, 18, 16];2393.0
[2, 40, 9, 8, 39, 38, 35, 32, 28, 3, 4, 0, 31, 30, 29, 24, 22, 1, 5, 19, 20, 10, 43, 11, 12, 13, 14, 21, 25, 26, 42, 23, 27, 33, 34, 36, 37, 44, 41, 6, 7, 15, 18, 16, 17];2334.0
[10, 29, 33, 27, 34, 37, 3, 5, 0, 1, 2, 15, 17, 43, 11, 16, 26, 42, 23, 24, 22, 18, 12, 13, 20, 8, 41, 40, 39, 44, 38, 35, 31, 14, 19, 21, 30, 25, 28, 32, 36, 4, 6, 7, 9];2618.0
[27, 29, 18, 42, 22, 23, 24, 26, 25, 28, 15, 16, 17, 14, 21, 1, 6, 4, 30, 32, 31, 2, 44, 3, 39, 41, 5, 0, 19, 20, 7, 10, 43, 11, 12, 13, 9, 8, 40, 34, 36, 37, 38, 35, 33];2295.0
[3, 4, 0, 21, 1, 44, 39, 7, 8, 40, 6, 10, 43, 11, 19, 36, 35, 32, 28, 42, 23, 22, 18, 16, 12, 13, 15, 17, 14, 20, 9, 41, 5, 2, 31, 30, 29, 24, 25, 26, 27, 33, 34, 37, 38];2235.0
[31, 30, 22, 19, 21, 0, 28, 32, 35, 1, 2, 39, 40, 41, 6, 8, 9, 11, 12, 13, 15, 23, 24, 25, 27, 33, 34, 36, 37, 38, 44, 3, 4, 20, 7, 10, 43, 14, 5, 29, 26, 42, 18, 16, 17];2256.0
[19, 14, 44, 41, 0, 21, 2, 3, 4, 5, 31, 1, 35, 32, 28, 30, 29, 43, 11, 13, 15, 12, 16, 17, 24, 22, 18, 42, 23, 20, 9, 8, 40, 39, 25, 26, 27, 33, 34, 36, 37, 38, 6, 7, 10];2392.0
[43, 11, 10, 0, 30, 22, 19, 21, 27, 28, 29, 25, 26, 42, 23, 24, 37, 38, 44, 39, 35, 32, 33, 34, 36, 3, 7, 9, 8, 40, 41, 6, 4, 5, 2, 31, 1, 20, 12, 13, 15, 17, 18, 16, 14];2239.0
[31, 30, 29, 18, 16, 24, 25, 27, 33, 37, 38, 3, 4, 44, 39, 41, 6, 9, 8, 40, 26, 42, 23, 22, 43, 11, 15, 17, 19, 21, 0, 5, 20, 7, 10, 12, 13, 14, 34, 36, 35, 32, 28, 1, 2];2441.0
[11, 10, 21, 0, 1, 35, 25, 27, 26, 42, 20, 7, 9, 8, 40, 36, 37, 38, 44, 3, 4, 2, 5, 19, 18, 16, 17, 14, 31, 30, 29, 22, 12, 13, 15, 23, 24, 28, 32, 33, 34, 39, 41, 6, 43];2297.0
[38, 43, 11, 12, 16, 17, 15, 13, 14, 20, 7, 8, 9, 10, 19, 21, 30, 29, 22, 0, 44, 3, 4, 5, 31, 1, 2, 35, 32, 36, 39, 40, 41, 6, 18, 42, 23, 24, 28, 25, 26, 27, 33, 34, 37];2259.0
[27, 35, 31, 15, 17, 23, 18, 16, 30, 29, 22, 19, 21, 0, 10, 43, 11, 12, 13, 14, 20, 7, 8, 9, 41, 6, 39, 44, 3, 4, 2, 40, 33, 34, 36, 37, 38, 5, 1, 32, 28, 25, 26, 42, 24];2381.0
[19, 21, 1, 4, 5, 20, 8, 6, 41, 7, 10, 18, 16, 2, 39, 40, 9, 11, 12, 13, 15, 17, 14, 43, 0, 31, 30, 29, 32, 33, 34, 36, 37, 44, 3, 38, 35, 27, 26, 42, 24, 25, 28, 22, 23];2399.0
[38, 6, 16, 18, 42, 24, 23, 22, 8, 41, 4, 5, 28, 25, 26, 27, 33, 40, 9, 7, 14, 15, 43, 12, 13, 17, 31, 30, 29, 32, 35, 1, 2, 20, 10, 11, 19, 21, 0, 34, 36, 37, 44, 3, 39];2605.0
[10, 43, 11, 3, 4, 5, 0, 1, 2, 21, 19, 20, 40, 39, 32, 28, 18, 16, 17, 14, 31, 37, 38, 44, 41, 6, 7, 8, 9, 12, 13, 15, 42, 26, 25, 27, 33, 34, 36, 35, 30, 29, 24, 22, 23];2460.0
[10, 33, 34, 36, 35, 2, 5, 0, 1, 3, 4, 6, 43, 12, 13, 11, 19, 21, 31, 30, 29, 37, 38, 44, 40, 9, 8, 41, 39, 32, 27, 28, 25, 26, 42, 23, 24, 22, 15, 18, 16, 17, 14, 20, 7];2209.0
[12, 13, 2, 38, 44, 0, 19, 18, 16, 14, 15, 17, 24, 26, 42, 23, 22, 20, 7, 10, 43, 11, 1, 4, 5, 31, 30, 29, 36, 37, 3, 6, 41, 9, 8, 40, 39, 35, 32, 28, 25, 27, 33, 34, 21];2403.0
[10, 15, 17, 24, 42, 23, 25, 26, 27, 33, 40, 34, 28, 30, 29, 22, 18, 16, 14, 19, 0, 32, 36, 37, 38, 39, 35, 31, 1, 21, 43, 11, 12, 13, 20, 7, 8, 9, 41, 4, 5, 2, 44, 3, 6];2246.0
[7, 10, 19, 39, 40, 34, 35, 30, 29, 25, 28, 22, 14, 21, 0, 31, 1, 38, 32, 36, 3, 4, 2, 5, 20, 11, 12, 16, 17, 18, 42, 23, 43, 13, 15, 24, 26, 27, 33, 37, 44, 41, 6, 8, 9];2409.0
[25, 18, 16, 17, 14, 31, 38, 35, 33, 34, 21, 20, 43, 12, 2, 44, 3, 4, 5, 30, 29, 24, 42, 22, 23, 15, 13, 19, 0, 1, 6, 9, 8, 40, 27, 28, 32, 36, 37, 39, 41, 7, 11, 10, 26];2691.0
[24, 32, 0, 19, 12, 16, 21, 1, 8, 40, 33, 34, 36, 37, 44, 5, 2, 3, 4, 6, 41, 39, 38, 35, 31, 30, 26, 25, 27, 28, 29, 22, 14, 20, 7, 9, 10, 43, 11, 13, 15, 17, 18, 42, 23];2279.0
[2, 44, 6, 5, 0, 31, 30, 29, 23, 24, 22, 43, 10, 19, 14, 21, 1, 35, 26, 25, 27, 28, 32, 33, 34, 36, 37, 20, 7, 11, 12, 13, 16, 18, 42, 15, 17, 9, 8, 40, 41, 39, 38, 3, 4];2299.0
[13, 15, 16, 17, 14, 1, 4, 6, 41, 38, 44, 39, 32, 36, 37, 3, 40, 9, 8, 35, 31, 2, 5, 21, 0, 19, 20, 7, 10, 11, 12, 18, 42, 23, 22, 24, 25, 28, 29, 26, 33, 34, 27, 30, 43];2394.0
[9, 38, 35, 1, 14, 12, 13, 15, 17, 18, 16, 21, 0, 31, 29, 25, 28, 26, 27, 33, 34, 32, 36, 37, 39, 40, 41, 6, 44, 3, 4, 2, 5, 43, 11, 10, 19, 30, 24, 42, 23, 22, 20, 7, 8];2251.0
[23, 25, 44, 40, 39, 24, 42, 22, 15, 17, 1, 2, 0, 21, 31, 32, 36, 34, 35, 28, 30, 29, 14, 12, 13, 16, 18, 26, 27, 33, 37, 38, 3, 4, 6, 7, 43, 11, 10, 20, 9, 8, 41, 5, 19];2625.0
[43, 10, 14, 19, 21, 30, 29, 26, 24, 25, 28, 35, 0, 31, 1, 5, 2, 38, 32, 27, 33, 37, 44, 39, 34, 36, 3, 4, 11, 12, 13, 20, 9, 8, 40, 41, 6, 7, 15, 16, 17, 18, 42, 23, 22];2302.0
[24, 25, 32, 35, 31, 2, 5, 19, 23, 22, 15, 14, 0, 1, 44, 39, 40, 41, 28, 26, 27, 33, 34, 36, 3, 20, 10, 43, 11, 12, 13, 21, 30, 29, 37, 38, 4, 6, 8, 9, 7, 16, 17, 18, 42];2396.0
[14, 30, 22, 18, 16, 17, 31, 29, 36, 40, 9, 8, 39, 41, 6, 12, 13, 19, 21, 0, 1, 2, 4, 5, 20, 7, 10, 43, 11, 15, 23, 24, 25, 28, 32, 33, 34, 37, 44, 3, 38, 35, 27, 26, 42];2390.0
[23, 21, 31, 36, 37, 3, 4, 6, 7, 11, 13, 15, 12, 16, 14, 43, 10, 0, 30, 32, 33, 34, 1, 2, 5, 19, 20, 9, 8, 40, 41, 38, 44, 39, 35, 25, 27, 28, 29, 24, 26, 22, 17, 18, 42];2378.0
[6, 41, 4, 5, 0, 1, 2, 35, 28, 22, 20, 10, 43, 12, 13, 14, 15, 17, 21, 19, 32, 36, 44, 3, 31, 30, 29, 39, 40, 9, 7, 8, 11, 16, 18, 42, 23, 24, 26, 25, 27, 33, 34, 37, 38];2332.0
[22, 30, 29, 43, 11, 12, 13, 1, 3, 41, 4, 5, 2, 44, 39, 38, 35, 19, 15, 17, 14, 21, 0, 32, 37, 6, 7, 8, 9, 40, 28, 26, 24, 25, 27, 33, 34, 36, 31, 20, 10, 16, 18, 42, 23];2534.0
[44, 35, 31, 1, 39, 34, 36, 3, 4, 2, 5, 0, 19, 14, 21, 30, 29, 25, 27, 28, 32, 33, 37, 41, 6, 10, 43, 11, 12, 13, 15, 24, 26, 42, 23, 22, 18, 16, 17, 20, 7, 9, 8, 40, 38];2124.0
[14, 19, 0, 31, 1, 2, 5, 21, 43, 11, 10, 20, 7, 9, 8, 40, 39, 44, 3, 4, 41, 6, 32, 28, 25, 27, 33, 34, 36, 37, 38, 35, 30, 29, 26, 24, 42, 23, 22, 18, 16, 17, 15, 12, 13];1842.0
[33, 27, 34, 1, 2, 44, 39, 40, 41, 6, 7, 14, 15, 17, 31, 32, 36, 3, 20, 10, 43, 11, 9, 8, 37, 38, 35, 28, 25, 26, 42, 23, 22, 18, 12, 13, 16, 19, 21, 4, 5, 0, 30, 29, 24];2426.0
[35, 31, 21, 0, 30, 23, 22, 20, 41, 39, 38, 28, 32, 36, 6, 7, 10, 14, 19, 43, 11, 12, 13, 9, 8, 40, 37, 44, 3, 4, 5, 1, 2, 29, 24, 18, 16, 15, 17, 42, 26, 25, 27, 33, 34];2395.0
[21, 19, 20, 9, 8, 35, 31, 32, 27, 33, 34, 43, 11, 10, 36, 37, 40, 41, 4, 5, 29, 25, 28, 26, 42, 23, 18, 16, 17, 1, 2, 39, 38, 44, 3, 6, 7, 12, 13, 15, 0, 30, 24, 22, 14];2505.0
[3, 4, 20, 15, 16, 17, 18, 42, 23, 22, 19, 21, 14, 43, 11, 12, 13, 0, 1, 5, 2, 31, 24, 26, 25, 28, 30, 29, 32, 27, 33, 34, 35, 36, 37, 44, 39, 6, 41, 7, 10, 9, 8, 40, 38];2097.0
[33, 34, 31, 1, 39, 38, 3, 4, 2, 5, 19, 23, 24, 15, 14, 21, 0, 30, 29, 25, 28, 26, 42, 22, 10, 43, 11, 12, 13, 17, 18, 16, 36, 37, 44, 6, 41, 20, 9, 7, 8, 40, 35, 32, 27];2404.0
[19, 43, 10, 30, 29, 21, 0, 31, 1, 38, 3, 4, 5, 2, 44, 39, 33, 34, 36, 37, 35, 28, 32, 27, 25, 26, 42, 18, 16, 17, 20, 8, 9, 40, 41, 6, 7, 11, 12, 13, 15, 23, 24, 22, 14];2266.0
[33, 37, 38, 44, 3, 39, 32, 35, 14, 19, 21, 1, 2, 4, 5, 0, 31, 30, 23, 24, 22, 20, 9, 8, 40, 34, 36, 41, 6, 7, 10, 13, 15, 17, 43, 11, 12, 16, 18, 42, 25, 26, 28, 29, 27];2233.0
[16, 25, 33, 34, 27, 28, 26, 42, 21, 19, 15, 17, 23, 24, 22, 11, 10, 7, 14, 20, 8, 9, 5, 1, 2, 30, 29, 32, 36, 37, 44, 3, 4, 6, 41, 40, 39, 38, 35, 31, 0, 43, 12, 13, 18];2433.0
[25, 28, 35, 5, 20, 15, 17, 14, 19, 21, 0, 1, 2, 44, 39, 38, 4, 6, 41, 40, 34, 33, 27, 26, 24, 23, 22, 43, 11, 12, 16, 18, 42, 32, 36, 37, 3, 8, 9, 7, 10, 13, 31, 30, 29];2311.0
[14, 19, 0, 40, 36, 37, 38, 35, 31, 30, 29, 33, 34, 21, 20, 8, 9, 17, 23, 25, 26, 24, 22, 43, 11, 12, 16, 18, 42, 27, 28, 32, 4, 5, 1, 2, 44, 3, 39, 41, 6, 7, 10, 15, 13];2408.0
[29, 15, 0, 32, 33, 34, 36, 1, 2, 4, 6, 5, 31, 30, 22, 14, 21, 19, 43, 12, 13, 11, 10, 20, 7, 8, 9, 40, 41, 39, 44, 3, 37, 38, 35, 27, 26, 42, 23, 18, 16, 17, 24, 25, 28];2377.0
[33, 27, 39, 40, 5, 20, 10, 7, 9, 8, 34, 36, 37, 35, 31, 30, 25, 26, 28, 24, 42, 23, 22, 18, 16, 12, 13, 15, 17, 19, 21, 0, 14, 43, 11, 1, 44, 6, 41, 38, 3, 4, 2, 29, 32];2377.0
[31, 24, 42, 22, 23, 15, 17, 1, 2, 39, 44, 5, 21, 43, 12, 13, 0, 30, 29, 26, 25, 27, 28, 36, 37, 38, 3, 4, 41, 6, 7, 10, 11, 14, 19, 18, 16, 20, 9, 8, 40, 35, 32, 33, 34];2255.0
[33, 34, 0, 21, 19, 20, 43, 11, 32, 36, 37, 38, 35, 28, 29, 25, 26, 42, 23, 24, 22, 2, 44, 39, 41, 7, 10, 31, 30, 18, 16, 17, 15, 13, 12, 14, 1, 5, 3, 4, 6, 9, 8, 40, 27];2428.0
[11, 12, 13, 27, 28, 18, 16, 14, 21, 30, 29, 22, 19, 39, 40, 9, 8, 41, 6, 5, 2, 31, 1, 44, 38, 32, 33, 34, 35, 36, 37, 3, 4, 0, 15, 17, 42, 23, 25, 26, 24, 20, 7, 10, 43];2523.0
[34, 20, 9, 7, 10, 14, 21, 30, 29, 1, 3, 4, 6, 41, 0, 19, 15, 16, 17, 31, 32, 36, 33, 37, 38, 44, 39, 35, 28, 25, 27, 26, 24, 18, 42, 23, 22, 2, 5, 43, 12, 13, 11, 8, 40];2608.0
[14, 21, 0, 19, 20, 10, 11, 31, 1, 44, 3, 5, 18, 42, 23, 28, 25, 26, 27, 33, 34, 35, 32, 36, 37, 6, 7, 43, 12, 16, 17, 9, 8, 40, 39, 41, 4, 2, 38, 30, 29, 24, 22, 15, 13];2310.0
[20, 9, 7, 14, 19, 11, 10, 8, 40, 41, 4, 5, 1, 2, 30, 29, 25, 26, 24, 18, 42, 23, 22, 15, 17, 43, 12, 13, 16, 21, 6, 39, 38, 3, 0, 31, 32, 28, 27, 33, 34, 35, 36, 37, 44];2297.0
[25, 32, 35, 31, 24, 23, 43, 11, 12, 16, 17, 14, 19, 21, 1, 2, 20, 10, 7, 8, 9, 4, 5, 0, 30, 29, 22, 13, 15, 18, 42, 26, 27, 33, 36, 37, 38, 39, 44, 3, 6, 41, 40, 34, 28];2297.0
[17, 32, 36, 31, 21, 0, 1, 5, 2, 20, 7, 9, 8, 40, 27, 33, 34, 35, 19, 18, 16, 44, 39, 41, 4, 6, 10, 43, 11, 12, 13, 30, 29, 25, 26, 42, 23, 22, 24, 28, 37, 38, 3, 14, 15];2529.0
[13, 15, 42, 23, 22, 18, 16, 17, 1, 2, 39, 40, 34, 36, 37, 38, 44, 3, 4, 6, 41, 20, 8, 9, 7, 10, 19, 21, 0, 5, 33, 27, 28, 29, 32, 35, 31, 30, 25, 26, 24, 14, 43, 11, 12];2120.0
[41, 38, 4, 5, 25, 26, 24, 23, 22, 14, 44, 3, 21, 16, 18, 42, 27, 28, 32, 33, 36, 34, 35, 31, 0, 30, 29, 37, 20, 43, 11, 9, 8, 6, 7, 10, 12, 13, 15, 17, 19, 1, 2, 39, 40];2560.0
[25, 44, 4, 0, 31, 1, 39, 35, 15, 17, 14, 43, 11, 16, 18, 42, 24, 22, 23, 21, 2, 5, 19, 20, 9, 8, 40, 36, 37, 38, 3, 41, 6, 7, 10, 12, 13, 30, 29, 28, 32, 34, 33, 27, 26];2448.0
[1, 30, 29, 32, 44, 4, 7, 10, 0, 21, 11, 12, 13, 15, 17, 19, 20, 9, 8, 40, 39, 35, 36, 37, 38, 3, 5, 2, 6, 41, 28, 24, 23, 22, 14, 43, 16, 18, 42, 26, 25, 27, 33, 34, 31];2295.0
[12, 13, 43, 11, 14, 19, 0, 1, 35, 32, 28, 26, 42, 23, 22, 18, 16, 17, 15, 2, 44, 39, 3, 4, 7, 10, 21, 31, 30, 29, 24, 25, 27, 33, 34, 36, 37, 38, 5, 20, 8, 40, 41, 6, 9];2120.0
[22, 18, 16, 14, 38, 39, 28, 32, 25, 27, 15, 12, 13, 20, 7, 8, 6, 9, 40, 33, 34, 36, 37, 35, 31, 1, 2, 44, 3, 4, 41, 5, 19, 21, 0, 30, 29, 26, 24, 42, 43, 11, 10, 17, 23];2565.0
[7, 8, 9, 10, 14, 21, 36, 37, 31, 1, 44, 3, 41, 40, 39, 38, 30, 22, 15, 17, 0, 32, 33, 34, 35, 43, 12, 13, 19, 2, 4, 6, 5, 20, 11, 16, 18, 42, 27, 28, 29, 25, 26, 24, 23];2633.0
[34, 20, 7, 9, 8, 5, 2, 31, 23, 22, 18, 42, 32, 35, 36, 37, 44, 38, 39, 40, 41, 6, 10, 15, 16, 17, 21, 0, 1, 3, 4, 19, 14, 43, 11, 12, 13, 30, 29, 24, 25, 26, 27, 28, 33];2372.0
[6, 34, 37, 38, 35, 19, 43, 11, 8, 40, 41, 39, 32, 33, 44, 9, 7, 17, 15, 13, 12, 16, 18, 42, 24, 23, 22, 14, 1, 2, 5, 0, 21, 20, 10, 31, 30, 29, 26, 25, 27, 28, 36, 3, 4];2535.0
[43, 10, 0, 1, 2, 35, 32, 34, 36, 38, 30, 22, 14, 19, 20, 9, 8, 40, 41, 39, 44, 5, 15, 18, 16, 17, 12, 13, 11, 21, 31, 29, 42, 23, 24, 25, 28, 26, 27, 33, 37, 3, 4, 6, 7];2329.0
[22, 14, 43, 12, 16, 17, 19, 0, 1, 39, 40, 6, 41, 2, 21, 11, 13, 15, 18, 42, 23, 24, 26, 25, 27, 33, 37, 44, 38, 3, 4, 5, 20, 10, 7, 8, 9, 31, 30, 29, 32, 34, 36, 35, 28];2305.0
[40, 9, 15, 23, 20, 7, 8, 5, 44, 3, 4, 6, 41, 36, 34, 0, 31, 30, 29, 32, 37, 38, 35, 28, 25, 33, 27, 26, 42, 24, 22, 18, 16, 17, 14, 43, 10, 11, 12, 13, 19, 21, 1, 2, 39];2336.0
[32, 33, 20, 9, 7, 10, 14, 15, 17, 42, 23, 22, 43, 11, 12, 13, 0, 31, 30, 25, 27, 26, 28, 36, 37, 38, 29, 24, 18, 16, 19, 21, 1, 2, 5, 44, 3, 4, 6, 8, 41, 39, 40, 34, 35];2291.0
[21, 1, 2, 30, 29, 26, 25, 28, 32, 37, 38, 20, 9, 8, 40, 6, 41, 39, 27, 33, 34, 36, 35, 31, 24, 42, 10, 43, 7, 11, 12, 13, 15, 17, 23, 22, 18, 16, 14, 19, 44, 3, 4, 5, 0];2266.0
[13, 15, 18, 42, 22, 23, 24, 25, 26, 27, 33, 34, 39, 38, 21, 0, 31, 30, 28, 29, 14, 20, 8, 40, 41, 6, 7, 9, 12, 16, 17, 19, 1, 2, 4, 5, 35, 32, 36, 37, 44, 3, 10, 43, 11];2298.0
[40, 41, 26, 42, 23, 15, 14, 1, 44, 39, 35, 32, 36, 37, 38, 3, 4, 5, 18, 16, 17, 21, 31, 30, 29, 25, 27, 33, 34, 28, 24, 22, 10, 19, 0, 2, 6, 43, 11, 12, 13, 20, 7, 9, 8];2396.0
[42, 22, 0, 31, 30, 29, 24, 25, 26, 27, 33, 1, 2, 20, 13, 21, 19, 14, 15, 17, 23, 28, 37, 38, 44, 39, 40, 6, 41, 4, 5, 35, 32, 34, 36, 3, 7, 8, 9, 10, 43, 11, 12, 16, 18];2322.0
[19, 21, 44, 3, 4, 6, 9, 8, 40, 39, 41, 5, 29, 24, 27, 33, 34, 37, 38, 36, 35, 31, 1, 2, 0, 43, 12, 13, 15, 17, 18, 16, 30, 32, 28, 25, 26, 42, 22, 23, 20, 10, 7, 11, 14];2310.0
[37, 3, 4, 14, 19, 20, 7, 9, 10, 43, 11, 12, 13, 1, 2, 5, 21, 0, 31, 30, 18, 16, 17, 15, 8, 40, 34, 36, 38, 44, 6, 41, 39, 35, 29, 22, 23, 24, 42, 26, 27, 28, 25, 32, 33];2262.0
[13, 19, 21, 14, 43, 10, 0, 1, 6, 9, 8, 40, 39, 38, 5, 2, 20, 7, 11, 12, 15, 16, 17, 31, 30, 29, 25, 27, 33, 34, 35, 36, 37, 44, 3, 4, 41, 32, 28, 26, 42, 24, 23, 22, 18];2186.0
[0, 1, 2, 3, 4, 6, 41, 5, 20, 43, 11, 12, 13, 15, 17, 18, 16, 42, 23, 24, 27, 33, 37, 44, 38, 35, 32, 34, 31, 36, 39, 40, 9, 7, 8, 10, 19, 21, 30, 26, 25, 28, 29, 22, 14];2273.0
[31, 44, 40, 41, 8, 9, 7, 43, 11, 18, 16, 14, 19, 21, 28, 32, 36, 37, 4, 6, 39, 38, 3, 1, 2, 5, 20, 10, 12, 13, 15, 17, 0, 30, 29, 26, 24, 42, 22, 23, 25, 27, 34, 33, 35];2389.0
[31, 19, 14, 15, 12, 13, 21, 30, 42, 23, 24, 27, 33, 34, 44, 39, 38, 3, 41, 6, 43, 11, 10, 1, 2, 29, 22, 18, 16, 17, 20, 7, 9, 8, 40, 36, 37, 4, 5, 0, 32, 28, 25, 26, 35];2306.0
[9, 34, 35, 24, 22, 13, 31, 30, 29, 32, 28, 17, 14, 19, 21, 0, 1, 2, 39, 38, 44, 3, 40, 41, 5, 15, 12, 16, 18, 42, 23, 25, 26, 27, 33, 36, 37, 4, 6, 10, 43, 11, 20, 7, 8];2472.0
[30, 29, 26, 42, 43, 12, 13, 14, 1, 2, 5, 44, 3, 4, 20, 10, 7, 8, 9, 11, 28, 25, 27, 33, 37, 38, 39, 40, 41, 6, 35, 32, 34, 36, 31, 0, 21, 19, 15, 23, 24, 22, 18, 16, 17];2427.0
[41, 4, 5, 29, 24, 22, 15, 19, 0, 21, 31, 1, 2, 14, 43, 11, 13, 12, 16, 17, 18, 42, 23, 25, 26, 27, 28, 37, 38, 32, 33, 34, 35, 30, 36, 44, 20, 10, 7, 9, 8, 40, 39, 3, 6];2246.0
[20, 7, 8, 9, 10, 43, 11, 15, 23, 28, 29, 25, 26, 42, 18, 16, 17, 3, 41, 6, 12, 13, 19, 31, 30, 24, 22, 14, 21, 5, 0, 1, 2, 44, 40, 39, 35, 32, 33, 27, 34, 36, 37, 38, 4];2373.0
[30, 24, 23, 5, 3, 4, 20, 8, 38, 35, 32, 25, 26, 42, 18, 16, 14, 19, 0, 31, 1, 2, 6, 41, 39, 34, 36, 37, 44, 40, 9, 7, 10, 33, 27, 28, 29, 22, 43, 11, 12, 13, 15, 17, 21];2461.0
[30, 29, 15, 17, 14, 19, 0, 31, 1, 5, 2, 22, 43, 11, 16, 18, 23, 24, 26, 42, 25, 32, 35, 44, 4, 20, 10, 12, 13, 21, 33, 27, 28, 37, 38, 39, 40, 34, 36, 3, 41, 6, 7, 8, 9];2580.0
[41, 4, 0, 31, 30, 29, 1, 5, 25, 26, 24, 14, 21, 2, 44, 6, 9, 7, 8, 10, 15, 17, 20, 43, 11, 12, 16, 18, 42, 23, 22, 13, 19, 32, 36, 37, 38, 39, 40, 34, 33, 27, 28, 35, 3];2545.0
[14, 2, 40, 9, 10, 19, 18, 42, 25, 28, 6, 7, 8, 39, 41, 4, 0, 26, 27, 33, 34, 30, 29, 35, 1, 31, 32, 36, 37, 38, 44, 3, 5, 21, 20, 43, 11, 12, 13, 16, 23, 24, 22, 15, 17];2581.0
[31, 19, 20, 9, 8, 35, 30, 25, 26, 24, 42, 43, 10, 11, 12, 13, 17, 23, 22, 18, 16, 1, 2, 5, 38, 44, 3, 4, 29, 33, 27, 28, 32, 36, 34, 37, 39, 40, 41, 6, 7, 14, 15, 21, 0];2397.0
[36, 35, 2, 5, 0, 31, 1, 44, 4, 6, 41, 39, 32, 33, 27, 28, 29, 25, 26, 24, 15, 43, 11, 10, 30, 37, 38, 3, 21, 19, 12, 13, 16, 17, 18, 42, 23, 22, 14, 20, 7, 9, 8, 40, 34];2244.0
[10, 14, 36, 3, 4, 0, 32, 37, 39, 38, 44, 5, 29, 25, 26, 27, 28, 33, 34, 35, 31, 30, 24, 15, 17, 21, 1, 2, 19, 43, 13, 12, 16, 18, 42, 23, 22, 20, 8, 41, 40, 6, 7, 9, 11];2514.0
[19, 0, 21, 31, 30, 29, 25, 26, 24, 42, 18, 16, 23, 22, 14, 1, 2, 5, 20, 12, 13, 40, 34, 35, 28, 32, 27, 33, 36, 37, 3, 4, 15, 17, 43, 11, 9, 8, 41, 39, 38, 44, 6, 7, 10];2354.0
[16, 17, 0, 3, 4, 6, 25, 26, 24, 22, 43, 11, 10, 14, 19, 21, 1, 2, 5, 31, 29, 30, 32, 36, 35, 27, 28, 20, 12, 13, 23, 18, 42, 33, 34, 9, 8, 40, 37, 38, 44, 39, 41, 7, 15];2863.0
[3, 4, 20, 10, 11, 21, 1, 39, 38, 44, 2, 5, 0, 30, 29, 27, 33, 34, 36, 37, 35, 28, 26, 25, 32, 31, 19, 14, 43, 12, 13, 15, 16, 17, 18, 42, 23, 24, 22, 9, 41, 6, 7, 8, 40];2300.0
[10, 43, 19, 31, 29, 25, 27, 28, 26, 42, 23, 21, 0, 1, 30, 24, 22, 18, 16, 17, 14, 15, 12, 13, 11, 7, 9, 8, 40, 36, 33, 34, 35, 32, 37, 38, 39, 6, 41, 2, 5, 44, 3, 4, 20];2184.0
[19, 21, 44, 3, 4, 6, 15, 17, 22, 14, 10, 30, 29, 35, 32, 36, 37, 38, 39, 7, 8, 9, 40, 41, 5, 20, 43, 11, 12, 13, 16, 18, 25, 26, 42, 23, 24, 28, 27, 33, 34, 31, 0, 1, 2];2426.0
[40, 9, 15, 23, 24, 14, 43, 11, 10, 0, 33, 34, 36, 37, 38, 3, 1, 2, 44, 39, 41, 6, 4, 5, 31, 30, 27, 28, 32, 35, 18, 16, 17, 19, 21, 29, 26, 25, 42, 22, 13, 12, 20, 7, 8];2545.0
[29, 24, 23, 22, 1, 2, 32, 36, 37, 44, 3, 4, 5, 21, 0, 28, 26, 42, 25, 27, 33, 34, 19, 14, 10, 43, 11, 12, 13, 15, 18, 16, 17, 20, 7, 9, 8, 41, 6, 39, 40, 38, 35, 31, 30];2093.0
[41, 30, 29, 32, 44, 38, 3, 39, 40, 34, 28, 25, 26, 42, 18, 16, 14, 0, 31, 36, 37, 35, 33, 27, 24, 23, 22, 19, 21, 1, 2, 5, 4, 6, 7, 10, 43, 11, 12, 13, 15, 17, 20, 9, 8];2287.0
[37, 38, 4, 5, 0, 21, 19, 15, 17, 18, 16, 42, 23, 22, 24, 3, 41, 6, 8, 9, 7, 11, 14, 1, 2, 44, 39, 40, 12, 13, 20, 10, 43, 32, 33, 34, 36, 35, 31, 30, 29, 25, 26, 27, 28];2445.0
[33, 37, 4, 5, 29, 26, 24, 9, 8, 40, 39, 41, 6, 7, 15, 17, 43, 11, 16, 42, 23, 18, 12, 13, 21, 31, 36, 34, 35, 30, 22, 14, 19, 20, 10, 0, 1, 2, 44, 3, 38, 32, 28, 25, 27];2555.0
[14, 43, 11, 12, 16, 18, 17, 23, 24, 28, 25, 26, 42, 22, 20, 8, 9, 7, 15, 13, 21, 0, 1, 2, 5, 31, 32, 35, 38, 44, 40, 41, 39, 30, 29, 27, 33, 34, 36, 37, 3, 4, 6, 10, 19];2222.0
[11, 10, 15, 17, 23, 24, 20, 7, 12, 13, 36, 37, 3, 39, 4, 5, 2, 31, 30, 29, 32, 27, 33, 34, 35, 0, 19, 21, 1, 44, 40, 41, 6, 9, 8, 38, 28, 25, 26, 42, 22, 18, 16, 14, 43];2314.0
[16, 17, 2, 5, 21, 19, 18, 42, 23, 36, 37, 3, 4, 6, 35, 31, 20, 7, 9, 43, 11, 12, 13, 0, 1, 44, 40, 8, 41, 39, 38, 30, 29, 28, 32, 33, 34, 27, 25, 26, 24, 22, 10, 14, 15];2508.0
[22, 14, 31, 29, 32, 28, 36, 37, 7, 15, 13, 1, 2, 5, 0, 19, 21, 20, 8, 40, 41, 39, 44, 3, 4, 6, 9, 10, 43, 11, 12, 16, 17, 18, 42, 26, 25, 27, 33, 34, 35, 38, 30, 23, 24];2327.0
[17, 15, 12, 13, 14, 20, 9, 41, 6, 7, 8, 40, 37, 38, 19, 43, 11, 10, 30, 29, 23, 24, 25, 26, 27, 28, 32, 33, 34, 35, 31, 0, 1, 2, 44, 39, 36, 3, 4, 5, 21, 16, 18, 42, 22];2299.0
[11, 43, 10, 15, 17, 14, 19, 21, 1, 6, 41, 5, 2, 32, 27, 33, 35, 31, 30, 29, 25, 26, 24, 22, 20, 7, 8, 9, 16, 23, 18, 42, 28, 36, 44, 39, 40, 34, 37, 38, 3, 4, 0, 12, 13];2446.0
[5, 20, 8, 40, 37, 4, 0, 31, 25, 28, 24, 22, 18, 16, 17, 15, 14, 21, 38, 44, 3, 6, 9, 7, 10, 43, 12, 13, 11, 30, 29, 32, 35, 36, 34, 33, 27, 26, 42, 23, 19, 1, 2, 39, 41];2401.0
[35, 31, 3, 41, 39, 44, 40, 9, 8, 4, 30, 25, 27, 28, 26, 24, 22, 14, 15, 17, 21, 19, 0, 20, 10, 29, 34, 36, 37, 38, 6, 7, 43, 11, 12, 13, 16, 18, 42, 23, 32, 33, 1, 5, 2];2550.0
[44, 6, 41, 5, 0, 19, 21, 29, 27, 33, 37, 38, 3, 4, 2, 31, 30, 22, 20, 7, 8, 9, 18, 16, 17, 14, 43, 11, 10, 12, 13, 15, 1, 39, 40, 34, 35, 32, 25, 26, 42, 23, 24, 28, 36];2336.0
[26, 25, 35, 31, 1, 2, 44, 39, 40, 38, 3, 4, 5, 0, 33, 34, 27, 28, 32, 36, 37, 6, 11, 10, 15, 17, 19, 20, 7, 8, 9, 41, 24, 42, 23, 22, 18, 16, 14, 43, 12, 13, 21, 30, 29];2295.0
[18, 36, 37, 38, 3, 4, 5, 14, 15, 17, 21, 0, 19, 12, 13, 1, 2, 44, 6, 41, 9, 8, 40, 39, 31, 30, 29, 32, 28, 25, 27, 33, 34, 35, 26, 24, 42, 22, 23, 20, 10, 7, 43, 11, 16];2426.0
[9, 14, 15, 22, 18, 42, 23, 28, 35, 32, 36, 34, 31, 1, 2, 5, 44, 38, 3, 4, 29, 25, 26, 27, 33, 37, 39, 40, 41, 6, 7, 43, 11, 10, 12, 13, 16, 17, 19, 0, 21, 30, 24, 20, 8];2370.0
[37, 3, 10, 7, 9, 39, 44, 38, 35, 32, 28, 25, 29, 15, 17, 24, 27, 33, 34, 26, 42, 23, 12, 13, 14, 43, 11, 19, 21, 0, 20, 8, 40, 41, 6, 4, 5, 31, 30, 22, 18, 16, 1, 2, 36];2603.0
[15, 25, 28, 30, 29, 24, 22, 23, 26, 42, 18, 16, 17, 14, 44, 4, 6, 41, 39, 32, 27, 33, 34, 36, 35, 31, 1, 2, 0, 21, 20, 7, 9, 8, 40, 37, 38, 3, 5, 19, 10, 43, 11, 12, 13];2149.0
[27, 25, 28, 30, 29, 32, 35, 21, 0, 33, 34, 31, 1, 2, 40, 36, 37, 38, 44, 3, 41, 39, 6, 7, 10, 12, 13, 43, 11, 16, 17, 20, 9, 8, 4, 5, 19, 14, 15, 22, 18, 23, 24, 42, 26];2307.0
[41, 4, 44, 3, 31, 30, 22, 15, 17, 19, 14, 21, 2, 5, 0, 20, 9, 8, 40, 39, 38, 35, 32, 28, 29, 24, 25, 26, 27, 33, 34, 36, 37, 7, 10, 43, 13, 11, 12, 16, 18, 42, 23, 1, 6];2219.0
[31, 1, 2, 44, 39, 6, 41, 12, 13, 14, 32, 28, 37, 38, 3, 4, 5, 20, 19, 21, 24, 22, 18, 16, 15, 17, 0, 30, 29, 25, 26, 27, 42, 23, 43, 11, 10, 7, 9, 8, 40, 33, 34, 36, 35];2332.0
[21, 31, 2, 44, 5, 20, 10, 12, 13, 14, 19, 0, 1, 39, 40, 34, 36, 33, 37, 38, 3, 4, 6, 7, 9, 8, 41, 35, 26, 25, 27, 28, 32, 30, 29, 24, 22, 18, 42, 23, 15, 17, 43, 11, 16];2224.0
[24, 12, 13, 44, 39, 34, 1, 2, 5, 21, 43, 11, 19, 0, 29, 32, 28, 25, 26, 42, 23, 14, 20, 7, 9, 10, 31, 30, 22, 18, 16, 15, 17, 3, 4, 41, 6, 8, 40, 36, 37, 38, 35, 33, 27];2617.0
[16, 17, 2, 44, 3, 4, 20, 11, 10, 8, 9, 40, 39, 38, 5, 0, 1, 41, 6, 7, 14, 21, 19, 32, 33, 34, 36, 35, 37, 31, 29, 30, 24, 42, 23, 27, 28, 25, 26, 22, 43, 12, 13, 15, 18];2437.0
[12, 33, 27, 34, 32, 23, 24, 28, 29, 25, 26, 42, 18, 16, 17, 21, 0, 2, 40, 36, 37, 38, 35, 31, 30, 22, 15, 13, 14, 19, 1, 4, 5, 20, 7, 9, 8, 41, 39, 44, 3, 6, 10, 43, 11];2380.0
[14, 2, 40, 34, 35, 31, 1, 36, 37, 38, 3, 4, 5, 44, 39, 41, 6, 10, 43, 12, 13, 15, 18, 16, 17, 20, 7, 8, 9, 11, 19, 21, 0, 30, 29, 32, 33, 27, 28, 25, 26, 42, 24, 23, 22];2126.0
[11, 12, 34, 36, 35, 31, 1, 2, 3, 4, 20, 9, 41, 6, 7, 8, 40, 37, 39, 38, 44, 5, 0, 21, 14, 19, 30, 22, 43, 13, 15, 18, 16, 17, 23, 24, 27, 33, 28, 29, 32, 25, 26, 42, 10];2529.0
[0, 21, 1, 2, 4, 6, 41, 39, 40, 34, 35, 31, 24, 42, 15, 12, 13, 43, 11, 7, 9, 8, 5, 20, 10, 30, 29, 23, 22, 18, 16, 17, 14, 19, 44, 3, 36, 37, 38, 32, 28, 25, 27, 26, 33];2404.0
[39, 34, 35, 31, 2, 44, 7, 10, 29, 22, 13, 15, 16, 17, 19, 14, 43, 11, 12, 21, 1, 5, 0, 30, 24, 23, 18, 42, 27, 33, 36, 37, 3, 4, 6, 41, 38, 32, 28, 25, 26, 20, 9, 8, 40];2506.0
[17, 24, 27, 28, 14, 15, 19, 20, 8, 41, 6, 9, 7, 21, 0, 32, 36, 33, 37, 38, 4, 5, 44, 3, 39, 40, 34, 35, 1, 2, 31, 30, 29, 25, 26, 42, 22, 23, 18, 13, 11, 10, 43, 12, 16];2344.0
[30, 29, 24, 22, 20, 8, 5, 0, 32, 36, 44, 3, 41, 6, 10, 43, 11, 13, 12, 15, 16, 17, 18, 42, 23, 14, 7, 9, 40, 39, 35, 28, 25, 26, 27, 33, 34, 37, 38, 4, 21, 19, 1, 2, 31];2256.0
[41, 10, 43, 11, 30, 24, 22, 17, 42, 23, 18, 16, 20, 7, 9, 8, 40, 39, 3, 5, 29, 25, 28, 32, 36, 35, 31, 1, 2, 44, 4, 15, 12, 13, 14, 21, 19, 0, 26, 27, 33, 34, 37, 38, 6];2433.0
[24, 23, 33, 34, 35, 32, 27, 28, 29, 22, 14, 9, 8, 4, 6, 41, 40, 36, 37, 5, 20, 7, 10, 15, 17, 19, 21, 1, 2, 44, 3, 39, 38, 0, 31, 30, 25, 26, 42, 18, 16, 43, 11, 12, 13];2370.0
[22, 44, 39, 41, 0, 21, 32, 34, 36, 6, 7, 43, 11, 12, 13, 20, 8, 40, 9, 10, 16, 18, 42, 23, 15, 17, 14, 19, 1, 2, 31, 30, 29, 25, 26, 27, 33, 37, 38, 3, 4, 5, 35, 28, 24];2445.0
[10, 0, 40, 39, 31, 30, 27, 33, 34, 1, 3, 4, 5, 2, 44, 38, 35, 28, 29, 24, 23, 25, 26, 42, 22, 20, 8, 9, 43, 11, 12, 13, 18, 16, 17, 15, 14, 19, 21, 32, 36, 37, 41, 6, 7];2381.0
[22, 18, 42, 24, 23, 15, 16, 17, 32, 28, 25, 26, 27, 33, 34, 35, 20, 12, 13, 11, 10, 7, 9, 8, 40, 36, 37, 41, 6, 43, 14, 19, 21, 1, 2, 39, 38, 44, 3, 4, 5, 0, 31, 30, 29];2150.0
[0, 30, 29, 32, 35, 31, 28, 25, 27, 26, 24, 22, 9, 8, 40, 39, 33, 34, 36, 37, 38, 44, 7, 10, 12, 13, 15, 19, 21, 1, 2, 3, 4, 6, 41, 5, 20, 14, 43, 11, 16, 17, 18, 42, 23];2290.0
[8, 41, 0, 21, 14, 43, 30, 25, 28, 26, 27, 33, 34, 19, 20, 9, 40, 44, 39, 38, 3, 6, 4, 5, 1, 2, 31, 32, 35, 36, 37, 29, 24, 42, 23, 22, 18, 16, 17, 15, 13, 11, 12, 10, 7];2357.0
[6, 41, 38, 3, 4, 7, 12, 13, 14, 19, 21, 30, 25, 28, 29, 22, 18, 16, 15, 17, 43, 10, 11, 1, 39, 40, 34, 33, 27, 26, 24, 42, 23, 20, 9, 8, 5, 0, 31, 2, 35, 32, 36, 37, 44];2317.0
[18, 12, 13, 4, 5, 21, 0, 1, 2, 44, 3, 41, 6, 8, 9, 7, 11, 14, 15, 17, 23, 24, 42, 22, 19, 31, 32, 28, 36, 37, 40, 39, 38, 35, 30, 29, 25, 26, 27, 33, 34, 20, 10, 43, 16];2302.0
[11, 19, 21, 3, 41, 6, 9, 8, 0, 31, 1, 5, 2, 44, 38, 32, 25, 26, 27, 28, 36, 4, 20, 7, 10, 12, 13, 33, 34, 29, 18, 16, 17, 39, 40, 37, 35, 30, 24, 42, 22, 23, 14, 15, 43];2714.0
[31, 14, 19, 30, 29, 44, 39, 38, 3, 5, 21, 0, 1, 2, 20, 8, 40, 41, 4, 6, 7, 9, 43, 11, 10, 15, 16, 18, 12, 13, 17, 23, 22, 24, 26, 42, 25, 28, 32, 27, 33, 34, 36, 37, 35];2299.0
[36, 37, 44, 3, 6, 41, 39, 40, 38, 33, 34, 35, 21, 19, 0, 31, 29, 24, 27, 28, 25, 26, 20, 10, 7, 8, 9, 13, 15, 18, 42, 23, 14, 1, 2, 4, 5, 30, 22, 11, 43, 12, 16, 17, 32];2505.0
[4, 5, 1, 2, 21, 19, 0, 31, 30, 35, 32, 33, 44, 7, 43, 11, 10, 12, 13, 14, 15, 17, 22, 23, 24, 27, 28, 25, 29, 26, 42, 18, 16, 20, 9, 8, 40, 41, 6, 39, 34, 36, 37, 38, 3];2238.0
[35, 19, 21, 1, 2, 30, 26, 27, 28, 29, 24, 22, 13, 15, 17, 14, 43, 10, 11, 7, 9, 8, 40, 41, 4, 6, 39, 3, 5, 0, 31, 32, 33, 34, 37, 38, 44, 20, 12, 16, 18, 42, 23, 25, 36];2277.0
[18, 12, 13, 15, 17, 25, 26, 42, 23, 22, 43, 11, 10, 21, 1, 39, 44, 3, 4, 6, 41, 5, 2, 31, 0, 30, 29, 32, 35, 27, 28, 24, 14, 20, 7, 9, 8, 40, 33, 34, 36, 37, 38, 19, 16];2323.0
[34, 35, 43, 11, 13, 44, 3, 4, 31, 30, 24, 42, 14, 20, 9, 7, 10, 15, 23, 22, 18, 12, 16, 17, 19, 21, 1, 2, 5, 0, 32, 28, 29, 25, 26, 27, 33, 36, 37, 38, 6, 8, 40, 41, 39];2434.0
[19, 43, 10, 1, 44, 4, 5, 2, 0, 21, 30, 24, 23, 27, 33, 34, 35, 31, 29, 28, 25, 26, 42, 18, 16, 20, 8, 40, 39, 32, 36, 37, 38, 3, 41, 6, 9, 7, 11, 12, 13, 14, 15, 17, 22];2284.0
[13, 12, 6, 41, 37, 38, 28, 29, 24, 22, 43, 11, 10, 21, 30, 32, 35, 31, 1, 5, 2, 44, 39, 3, 4, 0, 19, 18, 16, 17, 14, 20, 7, 9, 8, 40, 36, 34, 33, 27, 25, 26, 42, 23, 15];2344.0
[18, 42, 27, 33, 34, 3, 4, 30, 25, 26, 24, 23, 22, 31, 35, 28, 29, 32, 36, 37, 38, 44, 6, 9, 8, 40, 39, 41, 43, 11, 12, 13, 15, 17, 1, 2, 5, 20, 7, 10, 19, 21, 0, 14, 16];2340.0
[42, 27, 33, 34, 28, 29, 32, 36, 3, 15, 13, 1, 5, 2, 39, 41, 6, 7, 9, 8, 40, 37, 35, 31, 30, 25, 26, 24, 23, 22, 17, 19, 14, 21, 0, 38, 44, 4, 20, 43, 11, 10, 12, 16, 18];2408.0
[10, 25, 27, 33, 36, 37, 4, 0, 21, 1, 40, 34, 35, 28, 30, 29, 32, 31, 2, 20, 7, 8, 9, 41, 6, 38, 39, 44, 3, 5, 18, 16, 17, 19, 14, 15, 24, 26, 42, 23, 22, 43, 12, 13, 11];2502.0
[1, 32, 36, 3, 6, 7, 12, 13, 17, 14, 19, 0, 31, 29, 22, 20, 9, 8, 40, 41, 4, 2, 5, 21, 43, 11, 10, 15, 16, 18, 26, 27, 33, 34, 37, 38, 44, 39, 35, 30, 25, 28, 24, 42, 23];2399.0
[2, 44, 3, 5, 0, 21, 19, 15, 16, 17, 20, 9, 7, 10, 1, 31, 30, 29, 32, 33, 34, 35, 22, 23, 24, 25, 28, 36, 37, 38, 27, 26, 42, 18, 12, 13, 14, 43, 11, 8, 40, 39, 6, 41, 4];2241.0
[29, 44, 39, 41, 5, 21, 0, 20, 10, 19, 18, 16, 14, 31, 30, 26, 42, 22, 23, 24, 28, 32, 33, 34, 36, 35, 37, 38, 43, 11, 12, 13, 15, 17, 1, 2, 3, 4, 6, 9, 7, 8, 40, 25, 27];2505.0
[35, 26, 24, 15, 43, 10, 14, 36, 37, 5, 0, 19, 21, 31, 32, 28, 25, 27, 33, 34, 3, 6, 39, 40, 9, 8, 41, 4, 30, 29, 22, 18, 42, 23, 20, 7, 11, 12, 13, 16, 17, 1, 2, 44, 38];2506.0
[14, 4, 6, 5, 0, 21, 19, 20, 7, 10, 15, 18, 42, 23, 8, 9, 43, 11, 13, 12, 16, 17, 1, 2, 31, 30, 25, 27, 33, 34, 36, 37, 3, 41, 39, 44, 40, 38, 35, 32, 28, 29, 24, 26, 22];2355.0
[44, 34, 35, 28, 25, 23, 21, 19, 20, 10, 31, 30, 29, 24, 22, 15, 13, 12, 0, 1, 2, 3, 39, 32, 33, 27, 26, 42, 18, 16, 17, 14, 43, 11, 7, 9, 8, 41, 4, 5, 6, 40, 36, 37, 38];2345.0
[28, 29, 18, 16, 44, 41, 6, 38, 3, 4, 1, 2, 5, 21, 19, 0, 32, 35, 33, 34, 36, 37, 42, 23, 24, 22, 43, 11, 10, 12, 13, 15, 17, 14, 20, 7, 8, 9, 40, 39, 31, 30, 25, 26, 27];2305.0
[13, 20, 43, 11, 30, 29, 22, 23, 15, 18, 16, 17, 21, 39, 40, 9, 8, 10, 14, 19, 0, 1, 2, 44, 4, 5, 31, 33, 34, 36, 35, 32, 27, 26, 42, 24, 25, 28, 37, 38, 3, 41, 6, 7, 12];2332.0
[27, 26, 28, 35, 32, 22, 14, 0, 1, 5, 2, 31, 30, 29, 42, 18, 12, 13, 16, 17, 19, 21, 20, 9, 8, 40, 44, 4, 6, 41, 39, 38, 33, 34, 36, 37, 3, 7, 43, 11, 10, 15, 23, 24, 25];2304.0
[16, 18, 22, 19, 36, 37, 40, 38, 44, 3, 41, 39, 31, 30, 29, 25, 26, 42, 23, 24, 27, 28, 32, 33, 34, 35, 2, 5, 21, 15, 17, 0, 1, 4, 6, 43, 11, 12, 13, 14, 20, 7, 8, 9, 10];2299.0
[24, 12, 13, 14, 19, 20, 7, 10, 21, 1, 44, 39, 40, 9, 8, 41, 6, 35, 29, 22, 15, 17, 31, 32, 36, 37, 38, 3, 4, 5, 2, 0, 16, 18, 42, 23, 43, 11, 30, 25, 27, 33, 34, 28, 26];2487.0
[2, 5, 0, 32, 36, 35, 31, 21, 1, 44, 39, 28, 29, 24, 22, 12, 16, 18, 42, 23, 20, 40, 41, 6, 43, 11, 7, 8, 9, 10, 13, 15, 17, 14, 19, 30, 25, 26, 27, 33, 34, 37, 38, 3, 4];2399.0
[44, 3, 4, 6, 41, 39, 40, 34, 35, 32, 33, 36, 37, 20, 10, 7, 8, 9, 19, 31, 30, 29, 24, 15, 17, 16, 18, 42, 25, 27, 28, 26, 23, 22, 43, 12, 13, 11, 14, 21, 0, 1, 2, 38, 5];2273.0
[3, 4, 6, 41, 5, 30, 28, 29, 32, 35, 31, 21, 20, 43, 10, 11, 13, 14, 1, 2, 0, 19, 15, 12, 16, 18, 17, 42, 23, 22, 24, 34, 36, 37, 38, 44, 9, 7, 8, 40, 39, 25, 26, 27, 33];2590.0
[15, 23, 25, 28, 43, 10, 14, 32, 36, 37, 44, 41, 6, 7, 11, 12, 13, 26, 27, 33, 34, 35, 1, 2, 31, 30, 29, 24, 42, 22, 18, 16, 20, 9, 8, 40, 39, 38, 3, 4, 5, 0, 21, 19, 17];2323.0
[5, 20, 11, 12, 13, 15, 17, 22, 14, 43, 10, 19, 21, 0, 31, 30, 29, 24, 42, 23, 1, 39, 35, 32, 33, 27, 28, 25, 26, 18, 16, 2, 4, 7, 9, 8, 6, 41, 40, 34, 36, 37, 38, 44, 3];2205.0
[42, 23, 43, 10, 32, 35, 28, 29, 25, 27, 33, 34, 44, 39, 6, 41, 20, 7, 9, 8, 40, 36, 37, 38, 31, 0, 1, 2, 3, 4, 5, 21, 15, 17, 22, 18, 16, 11, 12, 13, 14, 19, 30, 24, 26];2328.0
[17, 29, 32, 37, 38, 44, 39, 35, 27, 33, 34, 4, 5, 1, 2, 20, 10, 14, 19, 21, 0, 31, 30, 36, 3, 41, 6, 7, 43, 12, 16, 18, 42, 23, 15, 13, 11, 9, 8, 40, 28, 25, 26, 24, 22];2451.0
[32, 0, 31, 24, 18, 16, 19, 30, 29, 39, 41, 5, 25, 26, 42, 22, 14, 21, 1, 2, 20, 10, 43, 11, 7, 9, 8, 40, 38, 35, 27, 33, 34, 36, 37, 44, 3, 4, 6, 13, 12, 17, 15, 23, 28];2633.0
[15, 23, 24, 25, 30, 29, 32, 28, 26, 27, 33, 34, 35, 31, 21, 20, 8, 40, 41, 39, 38, 4, 5, 0, 1, 2, 19, 12, 16, 17, 18, 42, 22, 13, 14, 43, 11, 36, 37, 44, 3, 6, 7, 9, 10];2326.0
[29, 39, 40, 36, 34, 37, 38, 35, 19, 21, 0, 31, 1, 2, 5, 20, 8, 9, 7, 14, 30, 22, 18, 16, 17, 15, 43, 11, 10, 12, 13, 23, 24, 26, 42, 25, 27, 33, 44, 3, 4, 41, 6, 32, 28];2420.0
[10, 12, 16, 17, 20, 40, 34, 35, 3, 4, 1, 2, 21, 19, 14, 43, 11, 13, 0, 29, 28, 32, 36, 44, 39, 41, 6, 9, 7, 8, 5, 31, 30, 25, 26, 24, 23, 22, 15, 18, 42, 27, 33, 37, 38];2579.0
[7, 9, 10, 43, 11, 12, 13, 14, 19, 31, 30, 29, 24, 8, 6, 41, 39, 35, 32, 25, 28, 26, 42, 23, 22, 15, 18, 16, 17, 0, 1, 2, 5, 38, 44, 40, 34, 27, 33, 36, 37, 3, 4, 21, 20];2246.0
[28, 35, 0, 31, 22, 24, 25, 32, 3, 4, 2, 5, 40, 36, 34, 21, 15, 13, 14, 1, 44, 39, 38, 30, 29, 26, 27, 33, 37, 41, 6, 8, 9, 43, 11, 10, 12, 16, 17, 20, 7, 19, 18, 42, 23];2716.0
[0, 19, 21, 11, 10, 14, 20, 9, 7, 8, 30, 29, 22, 18, 26, 42, 23, 25, 37, 44, 3, 4, 6, 40, 41, 39, 38, 35, 32, 36, 34, 33, 27, 28, 24, 43, 12, 13, 16, 17, 15, 31, 1, 2, 5];2388.0
[30, 29, 36, 44, 20, 12, 13, 21, 1, 39, 41, 40, 37, 38, 6, 7, 8, 9, 15, 17, 31, 32, 28, 26, 24, 22, 0, 2, 3, 4, 5, 19, 16, 18, 42, 23, 25, 27, 33, 34, 35, 14, 43, 11, 10];2627.0
[19, 20, 10, 2, 4, 6, 41, 44, 39, 32, 36, 37, 38, 3, 5, 0, 15, 18, 16, 17, 7, 9, 8, 40, 34, 33, 27, 25, 28, 26, 42, 23, 43, 11, 12, 13, 21, 31, 1, 35, 30, 29, 24, 22, 14];2269.0
[4, 5, 0, 31, 30, 29, 24, 42, 25, 26, 27, 28, 20, 10, 7, 19, 18, 16, 21, 36, 32, 33, 34, 37, 35, 23, 22, 43, 11, 12, 13, 15, 17, 14, 1, 2, 6, 9, 8, 40, 41, 44, 39, 38, 3];2423.0
[15, 30, 29, 22, 14, 21, 31, 44, 3, 4, 6, 41, 39, 38, 27, 26, 42, 23, 24, 25, 28, 32, 33, 34, 35, 36, 37, 40, 8, 9, 7, 10, 43, 19, 0, 1, 2, 5, 20, 11, 12, 13, 18, 16, 17];2178.0
[42, 23, 22, 19, 0, 21, 1, 31, 30, 35, 32, 28, 29, 26, 24, 25, 27, 33, 39, 40, 34, 36, 37, 38, 5, 2, 44, 3, 4, 6, 41, 7, 8, 9, 12, 13, 15, 14, 20, 10, 43, 11, 16, 18, 17];2252.0
[1, 6, 41, 21, 0, 32, 33, 34, 2, 5, 44, 3, 4, 20, 9, 40, 36, 37, 35, 27, 28, 24, 22, 15, 17, 14, 43, 11, 12, 13, 19, 30, 29, 25, 26, 42, 23, 18, 16, 10, 7, 8, 39, 38, 31];2356.0
[44, 6, 41, 5, 29, 24, 22, 14, 43, 11, 12, 13, 15, 9, 8, 40, 39, 38, 36, 37, 3, 4, 20, 7, 10, 19, 0, 31, 30, 35, 32, 33, 34, 27, 28, 25, 26, 42, 23, 18, 16, 17, 21, 1, 2];2176.0
[33, 40, 8, 32, 28, 30, 29, 31, 1, 44, 3, 6, 41, 4, 5, 15, 17, 21, 0, 2, 20, 9, 7, 19, 18, 42, 23, 22, 14, 10, 43, 11, 12, 13, 16, 24, 36, 37, 38, 39, 34, 35, 25, 26, 27];2626.0
[11, 12, 13, 19, 0, 21, 31, 28, 36, 37, 5, 20, 7, 30, 29, 24, 22, 18, 16, 15, 17, 1, 2, 4, 9, 8, 40, 6, 41, 38, 44, 3, 39, 34, 35, 32, 33, 27, 25, 26, 42, 23, 14, 43, 10];2234.0
[43, 11, 29, 22, 20, 7, 9, 10, 15, 23, 21, 0, 30, 25, 26, 28, 35, 32, 31, 1, 2, 5, 19, 18, 42, 24, 27, 33, 37, 3, 4, 8, 40, 34, 36, 38, 44, 39, 41, 6, 12, 13, 16, 17, 14];2568.0
[37, 38, 44, 0, 30, 24, 23, 14, 1, 2, 4, 5, 21, 19, 20, 43, 11, 8, 40, 39, 3, 41, 6, 9, 7, 10, 13, 31, 36, 34, 35, 32, 28, 29, 22, 15, 12, 16, 17, 18, 42, 26, 25, 27, 33];2335.0
[20, 42, 23, 22, 14, 35, 32, 28, 29, 36, 3, 4, 6, 15, 18, 16, 17, 19, 21, 0, 31, 30, 24, 25, 26, 27, 33, 34, 37, 38, 8, 9, 7, 43, 11, 12, 13, 10, 1, 2, 44, 39, 40, 41, 5];2434.0
[3, 4, 6, 39, 41, 40, 8, 9, 7, 10, 0, 1, 2, 35, 28, 26, 24, 42, 23, 22, 18, 16, 17, 14, 19, 21, 31, 30, 32, 36, 5, 20, 43, 11, 12, 15, 13, 29, 25, 27, 33, 34, 37, 38, 44];2145.0
[4, 2, 5, 19, 21, 0, 31, 30, 25, 28, 29, 24, 23, 22, 20, 10, 15, 17, 14, 32, 33, 34, 36, 37, 44, 6, 7, 9, 8, 40, 39, 38, 35, 27, 26, 42, 43, 11, 12, 13, 16, 18, 1, 3, 41];2304.0
[32, 38, 44, 39, 41, 6, 7, 10, 15, 42, 23, 25, 26, 27, 33, 34, 1, 2, 0, 31, 30, 29, 28, 36, 37, 3, 43, 11, 12, 13, 14, 4, 5, 24, 22, 18, 16, 17, 19, 21, 20, 9, 8, 40, 35];2354.0
[40, 9, 19, 1, 2, 30, 29, 32, 28, 25, 27, 33, 34, 3, 4, 5, 31, 24, 26, 15, 17, 21, 0, 44, 39, 35, 36, 37, 38, 41, 6, 7, 10, 11, 12, 13, 14, 43, 16, 18, 42, 23, 22, 20, 8];2377.0
[33, 34, 36, 35, 30, 29, 22, 20, 10, 14, 19, 21, 17, 18, 16, 44, 3, 4, 5, 1, 2, 0, 31, 27, 28, 25, 26, 42, 23, 24, 37, 38, 41, 6, 43, 11, 12, 15, 13, 7, 9, 8, 40, 39, 32];2368.0
[19, 20, 8, 40, 38, 39, 41, 43, 12, 16, 18, 42, 23, 15, 13, 17, 26, 25, 27, 33, 34, 35, 28, 30, 29, 24, 22, 21, 1, 2, 6, 9, 7, 11, 10, 14, 31, 32, 36, 37, 44, 3, 4, 5, 0];2304.0
[34, 38, 3, 4, 5, 2, 0, 21, 31, 30, 22, 15, 17, 25, 26, 20, 9, 8, 40, 41, 35, 32, 36, 37, 6, 7, 43, 11, 12, 13, 10, 19, 1, 44, 39, 27, 28, 29, 24, 42, 23, 18, 16, 14, 33];2524.0
[31, 30, 29, 25, 26, 27, 28, 35, 1, 5, 2, 38, 32, 36, 37, 0, 19, 21, 20, 8, 40, 39, 44, 3, 4, 6, 41, 9, 10, 7, 43, 11, 12, 13, 16, 18, 42, 22, 14, 15, 17, 23, 24, 33, 34];2229.0
[2, 3, 6, 9, 8, 40, 24, 18, 16, 17, 19, 21, 0, 31, 30, 29, 27, 28, 25, 26, 42, 23, 22, 14, 20, 7, 10, 43, 12, 11, 13, 15, 32, 35, 33, 34, 36, 37, 38, 44, 39, 41, 4, 5, 1];2150.0
[18, 16, 17, 14, 19, 21, 1, 4, 6, 41, 39, 38, 30, 29, 22, 43, 13, 20, 10, 0, 31, 32, 28, 25, 26, 42, 23, 24, 27, 33, 34, 35, 36, 37, 3, 5, 2, 44, 40, 9, 8, 7, 11, 12, 15];2106.0
[23, 22, 24, 42, 33, 34, 35, 26, 25, 27, 28, 31, 0, 19, 14, 21, 30, 29, 32, 36, 37, 39, 38, 3, 4, 1, 2, 5, 20, 10, 12, 16, 18, 17, 43, 11, 13, 44, 40, 41, 6, 7, 8, 9, 15];2472.0
[39, 10, 14, 26, 42, 20, 9, 8, 40, 41, 5, 0, 21, 19, 15, 17, 18, 16, 31, 36, 35, 32, 28, 29, 30, 22, 23, 24, 25, 27, 33, 34, 37, 38, 3, 4, 6, 7, 43, 12, 11, 13, 1, 2, 44];2442.0
[10, 14, 19, 20, 7, 15, 17, 21, 30, 36, 34, 35, 31, 5, 1, 2, 44, 3, 4, 9, 8, 40, 37, 38, 39, 41, 6, 11, 12, 13, 0, 32, 33, 27, 28, 29, 18, 16, 23, 24, 25, 26, 42, 22, 43];2285.0
[24, 42, 43, 12, 13, 14, 19, 1, 2, 5, 20, 11, 10, 8, 40, 39, 38, 44, 3, 4, 0, 30, 29, 22, 18, 16, 21, 31, 32, 34, 36, 35, 28, 25, 26, 27, 33, 37, 41, 6, 9, 7, 15, 17, 23];2234.0
[12, 13, 14, 19, 2, 44, 3, 30, 29, 24, 25, 27, 33, 34, 31, 0, 1, 4, 6, 41, 5, 21, 20, 7, 11, 10, 15, 16, 17, 9, 8, 40, 39, 38, 32, 36, 37, 35, 28, 26, 42, 18, 23, 22, 43];2265.0
[17, 33, 34, 36, 44, 6, 41, 39, 31, 0, 30, 29, 42, 23, 24, 22, 18, 16, 8, 40, 37, 38, 35, 32, 27, 28, 25, 26, 20, 9, 7, 10, 43, 12, 13, 11, 19, 21, 1, 2, 3, 4, 5, 14, 15];2414.0
[44, 3, 4, 6, 41, 5, 20, 10, 14, 19, 31, 32, 28, 35, 30, 29, 22, 42, 23, 24, 25, 26, 27, 33, 34, 36, 37, 0, 21, 17, 15, 18, 16, 43, 11, 12, 13, 7, 9, 8, 40, 39, 38, 1, 2];2121.0
[4, 43, 11, 12, 13, 10, 20, 7, 8, 9, 40, 41, 6, 39, 38, 35, 32, 28, 29, 14, 19, 21, 0, 1, 2, 5, 44, 3, 31, 30, 26, 42, 22, 18, 16, 17, 15, 23, 24, 25, 27, 33, 34, 36, 37];2083.0
[25, 26, 27, 28, 32, 31, 30, 11, 10, 9, 7, 17, 23, 22, 0, 1, 2, 21, 19, 15, 13, 14, 43, 12, 16, 18, 42, 24, 33, 36, 37, 38, 44, 39, 3, 4, 6, 41, 5, 20, 8, 40, 34, 35, 29];2427.0
