ftv47
[13, 34, 12, 32, 37, 19, 44, 15, 35, 16, 45, 39, 21, 40, 47, 26, 1, 10, 0, 25, 11, 8, 6, 3, 24, 4, 29, 30, 5, 18, 17, 46, 36, 14, 23, 7, 31, 9, 33, 27, 28, 2, 42, 22, 41, 43, 20, 38];2205.0;2601.5812182741115;3586090.050761421;114.0;129591.0;394.0
[28, 24, 4, 25, 1, 17, 13, 34, 46, 36, 44, 15, 16, 45, 38, 37, 11, 8, 7, 35, 14, 23, 32, 6, 10, 0, 47, 26, 22, 40, 20, 18, 12, 31, 30, 5, 9, 33, 27, 3, 29, 2, 41, 43, 42, 19, 39, 21];2649.0
[42, 6, 31, 30, 5, 10, 0, 1, 25, 37, 38, 18, 17, 13, 34, 35, 14, 16, 12, 32, 11, 39, 19, 44, 21, 40, 47, 9, 27, 3, 24, 4, 29, 33, 8, 7, 23, 46, 36, 15, 45, 20, 26, 28, 2, 41, 43, 22];2441.0
[6, 10, 25, 47, 26, 8, 11, 44, 19, 39, 22, 41, 2, 43, 20, 38, 37, 0, 1, 9, 33, 27, 4, 24, 29, 7, 23, 12, 32, 31, 5, 30, 13, 34, 35, 18, 17, 46, 36, 14, 15, 16, 45, 21, 40, 42, 28, 3];2574.0
[38, 33, 3, 0, 47, 41, 43, 22, 42, 2, 28, 10, 18, 17, 45, 39, 21, 40, 26, 1, 25, 20, 34, 13, 46, 36, 14, 12, 32, 6, 24, 29, 30, 5, 4, 31, 7, 23, 35, 15, 16, 44, 19, 9, 27, 8, 11, 37];2673.0
[29, 5, 45, 20, 22, 40, 26, 9, 33, 3, 37, 38, 18, 17, 13, 12, 32, 0, 1, 25, 34, 35, 16, 46, 36, 14, 15, 19, 44, 39, 21, 47, 41, 43, 42, 11, 10, 8, 6, 27, 28, 2, 30, 31, 7, 23, 24, 4];2743.0
[38, 18, 45, 37, 47, 26, 1, 9, 33, 27, 29, 7, 23, 34, 35, 15, 16, 17, 12, 32, 24, 4, 30, 31, 5, 8, 11, 0, 25, 22, 42, 41, 43, 2, 28, 3, 6, 10, 13, 46, 36, 14, 39, 19, 44, 21, 40, 20];2353.0
[8, 13, 46, 41, 42, 28, 2, 43, 22, 16, 45, 20, 38, 0, 10, 11, 18, 17, 32, 6, 9, 33, 27, 3, 4, 24, 29, 30, 37, 39, 21, 40, 47, 26, 1, 25, 19, 44, 15, 36, 35, 14, 34, 23, 12, 7, 31, 5];2647.0
[36, 39, 47, 26, 42, 1, 8, 32, 12, 7, 31, 23, 13, 46, 15, 19, 44, 21, 22, 41, 43, 40, 34, 35, 14, 16, 45, 20, 38, 11, 9, 33, 27, 2, 28, 29, 30, 5, 24, 4, 3, 6, 10, 0, 25, 37, 18, 17];2483.0
[16, 37, 38, 47, 22, 20, 39, 21, 40, 26, 24, 4, 33, 2, 41, 43, 42, 1, 46, 36, 14, 23, 34, 13, 12, 32, 10, 0, 25, 17, 45, 19, 44, 15, 7, 31, 5, 6, 9, 27, 28, 3, 29, 30, 8, 11, 18, 35];2533.0
[13, 14, 16, 32, 31, 5, 6, 8, 11, 10, 37, 38, 24, 4, 30, 29, 34, 35, 15, 44, 19, 39, 21, 40, 47, 41, 43, 22, 20, 0, 25, 26, 42, 1, 18, 17, 46, 36, 45, 9, 33, 2, 28, 3, 27, 7, 23, 12];2677.0
[6, 8, 23, 12, 32, 24, 4, 27, 3, 10, 11, 18, 17, 13, 46, 36, 45, 38, 0, 37, 39, 19, 44, 15, 16, 35, 14, 34, 7, 31, 5, 25, 47, 22, 42, 1, 9, 33, 2, 43, 41, 21, 40, 20, 26, 28, 29, 30];2581.0
[20, 38, 29, 30, 5, 8, 11, 17, 35, 14, 23, 7, 31, 6, 10, 37, 18, 13, 34, 12, 32, 9, 33, 3, 0, 1, 27, 2, 28, 24, 4, 25, 47, 26, 42, 22, 19, 44, 15, 16, 46, 36, 45, 39, 21, 40, 41, 43];2597.0
[19, 20, 11, 10, 22, 40, 47, 41, 39, 21, 38, 37, 18, 13, 9, 33, 27, 28, 24, 4, 29, 3, 2, 43, 1, 0, 25, 26, 42, 44, 15, 16, 17, 12, 32, 6, 30, 31, 5, 8, 7, 23, 34, 46, 36, 14, 35, 45];2522.0
[43, 22, 44, 19, 26, 10, 6, 31, 7, 23, 12, 32, 34, 13, 46, 36, 15, 16, 45, 0, 1, 25, 18, 35, 14, 17, 24, 4, 3, 33, 27, 28, 29, 30, 5, 8, 11, 37, 38, 20, 39, 21, 40, 47, 42, 9, 2, 41];2501.0
[47, 22, 40, 20, 8, 4, 29, 6, 9, 33, 27, 28, 3, 0, 25, 26, 1, 10, 37, 18, 35, 14, 15, 19, 44, 39, 38, 11, 32, 24, 30, 13, 46, 36, 16, 45, 17, 34, 23, 12, 7, 31, 5, 2, 43, 42, 41, 21];2635.0
[47, 40, 20, 15, 45, 16, 13, 34, 23, 12, 32, 6, 9, 2, 43, 42, 22, 41, 26, 1, 18, 46, 36, 35, 14, 17, 7, 31, 5, 33, 27, 28, 24, 29, 30, 4, 3, 10, 8, 11, 0, 25, 37, 38, 39, 19, 44, 21];2378.0
[46, 14, 23, 34, 13, 32, 10, 25, 0, 1, 9, 3, 6, 8, 11, 36, 35, 16, 17, 12, 7, 30, 31, 5, 37, 39, 21, 47, 26, 28, 24, 29, 4, 33, 27, 2, 42, 22, 41, 43, 40, 18, 45, 19, 44, 15, 20, 38];2644.0
[38, 37, 44, 15, 19, 39, 20, 18, 46, 36, 23, 7, 31, 4, 29, 30, 5, 11, 8, 9, 33, 27, 28, 10, 17, 12, 32, 6, 24, 3, 2, 43, 42, 1, 0, 25, 13, 34, 35, 14, 16, 45, 21, 40, 47, 26, 22, 41];2391.0
[33, 27, 2, 20, 38, 26, 1, 8, 11, 37, 39, 21, 40, 28, 24, 3, 0, 25, 17, 36, 35, 14, 34, 23, 32, 47, 41, 43, 42, 22, 19, 44, 12, 7, 31, 5, 4, 29, 30, 6, 10, 18, 13, 46, 15, 45, 16, 9];2816.0
[29, 2, 43, 40, 11, 8, 6, 24, 4, 10, 0, 47, 22, 41, 42, 30, 5, 12, 32, 34, 13, 23, 7, 31, 18, 17, 16, 45, 20, 25, 37, 38, 46, 36, 35, 14, 15, 19, 44, 39, 21, 26, 1, 9, 33, 27, 28, 3];2645.0
[40, 20, 18, 45, 39, 38, 37, 0, 47, 26, 42, 22, 1, 25, 9, 33, 27, 28, 8, 11, 32, 10, 36, 16, 17, 46, 14, 35, 15, 34, 13, 23, 12, 7, 31, 30, 5, 3, 6, 24, 4, 29, 2, 43, 41, 44, 19, 21];2442.0
[14, 21, 1, 10, 0, 25, 9, 33, 41, 43, 22, 39, 19, 44, 15, 16, 45, 20, 38, 11, 8, 6, 3, 27, 28, 2, 42, 29, 30, 5, 31, 37, 47, 40, 26, 13, 46, 36, 18, 17, 12, 24, 4, 32, 7, 23, 34, 35];2670.0
[16, 13, 34, 46, 36, 14, 35, 15, 23, 32, 6, 45, 39, 44, 19, 20, 25, 10, 8, 11, 18, 17, 12, 7, 31, 30, 5, 4, 3, 37, 38, 0, 47, 26, 1, 9, 33, 27, 24, 29, 28, 2, 43, 42, 41, 21, 40, 22];2506.0
[25, 47, 22, 40, 20, 15, 35, 16, 45, 37, 38, 18, 17, 13, 34, 12, 32, 6, 46, 36, 14, 23, 7, 31, 5, 9, 33, 27, 8, 11, 10, 0, 44, 19, 39, 21, 26, 3, 24, 4, 30, 29, 2, 28, 41, 43, 42, 1];2517.0
[13, 46, 14, 39, 20, 18, 17, 36, 34, 12, 32, 7, 23, 35, 15, 16, 45, 0, 25, 40, 47, 26, 9, 30, 31, 5, 8, 11, 37, 38, 10, 6, 3, 24, 4, 29, 33, 27, 28, 2, 43, 41, 19, 44, 21, 22, 42, 1];2504.0
[22, 42, 0, 25, 9, 27, 2, 28, 29, 30, 7, 31, 5, 4, 33, 3, 24, 6, 8, 11, 37, 47, 26, 1, 18, 17, 34, 35, 21, 40, 20, 38, 45, 39, 19, 44, 15, 16, 46, 36, 14, 23, 13, 12, 32, 10, 41, 43];2506.0
[15, 21, 40, 26, 46, 36, 45, 47, 22, 39, 19, 44, 20, 0, 25, 1, 11, 10, 37, 38, 18, 13, 23, 34, 14, 16, 17, 12, 32, 6, 9, 33, 27, 28, 2, 41, 43, 42, 3, 24, 29, 30, 31, 5, 4, 8, 7, 35];2505.0
[16, 39, 21, 38, 20, 18, 12, 32, 31, 7, 23, 35, 45, 0, 25, 1, 26, 9, 33, 27, 3, 8, 11, 37, 42, 28, 4, 29, 30, 5, 6, 10, 24, 2, 43, 40, 47, 22, 41, 19, 44, 14, 15, 17, 34, 13, 46, 36];2574.0
[32, 3, 6, 0, 20, 16, 45, 19, 44, 10, 9, 33, 2, 43, 22, 41, 42, 25, 1, 8, 11, 37, 38, 17, 18, 13, 34, 35, 14, 39, 21, 40, 47, 26, 27, 28, 24, 4, 29, 30, 5, 31, 7, 23, 46, 36, 15, 12];2495.0
[33, 3, 46, 15, 16, 17, 12, 8, 32, 6, 37, 20, 38, 18, 36, 14, 13, 7, 23, 34, 35, 21, 26, 1, 0, 25, 47, 9, 27, 28, 2, 43, 42, 41, 22, 40, 45, 39, 19, 44, 11, 10, 24, 29, 30, 5, 31, 4];2719.0
[30, 31, 5, 34, 35, 15, 16, 17, 14, 45, 19, 44, 20, 37, 38, 46, 36, 39, 21, 40, 47, 26, 41, 2, 43, 22, 42, 7, 23, 12, 8, 11, 18, 13, 32, 9, 33, 27, 28, 0, 25, 1, 10, 6, 3, 24, 29, 4];2648.0
[12, 7, 23, 35, 15, 16, 19, 44, 38, 18, 13, 34, 46, 36, 14, 17, 32, 31, 5, 4, 29, 30, 8, 11, 6, 24, 33, 3, 10, 0, 25, 1, 45, 39, 21, 47, 26, 9, 27, 28, 2, 42, 41, 43, 22, 40, 20, 37];2384.0
[37, 16, 39, 41, 43, 26, 6, 31, 3, 2, 42, 40, 17, 46, 34, 13, 7, 23, 35, 15, 44, 19, 21, 47, 22, 20, 18, 36, 14, 45, 38, 0, 25, 1, 10, 11, 8, 12, 32, 9, 33, 27, 28, 24, 4, 29, 30, 5];2757.0
[47, 42, 28, 5, 31, 10, 34, 15, 16, 13, 46, 36, 20, 0, 11, 8, 9, 33, 27, 2, 43, 22, 40, 26, 1, 25, 41, 39, 44, 19, 38, 37, 18, 17, 12, 32, 6, 24, 4, 3, 29, 30, 7, 23, 35, 14, 45, 21];2567.0
[33, 10, 38, 37, 0, 25, 47, 26, 42, 43, 28, 2, 1, 9, 27, 6, 8, 11, 32, 7, 23, 34, 35, 45, 44, 15, 16, 21, 40, 22, 41, 39, 19, 20, 18, 17, 46, 36, 14, 13, 12, 24, 4, 29, 30, 31, 5, 3];2445.0
[36, 34, 32, 6, 9, 33, 27, 28, 44, 15, 31, 8, 11, 37, 38, 10, 24, 29, 30, 5, 4, 3, 2, 43, 20, 0, 26, 42, 40, 1, 25, 47, 22, 41, 19, 39, 21, 18, 12, 7, 23, 35, 14, 45, 16, 17, 13, 46];2683.0
[2, 40, 26, 1, 9, 33, 27, 0, 25, 10, 37, 13, 46, 36, 15, 44, 19, 20, 38, 18, 17, 45, 16, 39, 21, 47, 22, 41, 43, 42, 28, 30, 5, 31, 6, 24, 4, 29, 8, 11, 7, 35, 14, 34, 23, 12, 32, 3];2495.0
[37, 38, 18, 46, 36, 17, 31, 5, 19, 44, 39, 21, 47, 40, 26, 1, 9, 27, 28, 0, 25, 11, 8, 32, 6, 10, 15, 16, 45, 13, 34, 35, 14, 23, 12, 7, 30, 3, 33, 24, 4, 29, 2, 41, 43, 42, 22, 20];2661.0
[28, 6, 11, 8, 10, 33, 2, 43, 22, 41, 44, 19, 38, 17, 13, 12, 32, 1, 0, 25, 18, 46, 36, 14, 45, 39, 21, 40, 47, 9, 27, 3, 24, 4, 29, 30, 5, 31, 7, 23, 34, 35, 15, 16, 20, 37, 26, 42];2394.0
[42, 40, 20, 38, 37, 0, 25, 1, 24, 29, 30, 18, 17, 46, 23, 12, 32, 10, 44, 15, 16, 45, 19, 39, 21, 22, 41, 43, 47, 26, 33, 27, 28, 3, 4, 36, 14, 35, 13, 34, 7, 31, 5, 6, 11, 8, 9, 2];2636.0
[10, 0, 25, 38, 18, 45, 20, 12, 6, 9, 3, 24, 4, 29, 37, 40, 47, 26, 1, 36, 16, 39, 21, 41, 43, 42, 22, 2, 28, 33, 27, 30, 5, 31, 8, 32, 7, 23, 34, 35, 17, 13, 46, 14, 15, 19, 44, 11];2688.0
[25, 1, 37, 38, 18, 13, 34, 7, 31, 30, 5, 6, 9, 33, 4, 3, 10, 17, 16, 45, 20, 47, 27, 28, 43, 22, 39, 21, 40, 26, 11, 8, 24, 29, 2, 42, 41, 19, 44, 15, 35, 14, 46, 36, 23, 12, 32, 0];2671.0
[2, 43, 16, 45, 20, 41, 42, 1, 0, 25, 24, 4, 3, 29, 6, 10, 37, 39, 21, 22, 40, 47, 26, 28, 33, 27, 30, 5, 31, 8, 11, 32, 7, 23, 13, 46, 15, 19, 44, 38, 18, 17, 36, 35, 14, 34, 12, 9];2680.0
[43, 10, 18, 17, 38, 37, 0, 25, 28, 3, 36, 45, 16, 32, 31, 5, 7, 23, 46, 39, 19, 44, 21, 20, 22, 40, 47, 26, 42, 1, 9, 27, 4, 29, 30, 6, 8, 11, 13, 34, 35, 14, 15, 12, 24, 33, 2, 41];2892.0
[31, 5, 6, 10, 17, 45, 20, 37, 38, 18, 15, 19, 44, 12, 24, 4, 0, 25, 22, 47, 41, 43, 42, 28, 2, 33, 11, 8, 32, 34, 23, 13, 46, 36, 14, 35, 16, 39, 21, 40, 26, 1, 9, 27, 3, 29, 30, 7];2621.0
[3, 10, 45, 39, 20, 38, 8, 11, 22, 42, 33, 27, 28, 2, 43, 41, 19, 44, 21, 40, 47, 26, 1, 31, 5, 6, 0, 25, 37, 18, 46, 16, 17, 36, 13, 12, 32, 24, 4, 29, 30, 7, 23, 34, 35, 14, 15, 9];2736.0
[38, 31, 5, 30, 29, 33, 27, 2, 40, 26, 9, 6, 18, 17, 0, 25, 1, 11, 8, 32, 7, 12, 23, 13, 34, 35, 16, 19, 20, 44, 15, 46, 36, 14, 45, 39, 21, 47, 22, 41, 43, 42, 28, 24, 4, 3, 10, 37];2679.0
[10, 11, 0, 22, 40, 47, 25, 9, 6, 37, 18, 17, 12, 31, 5, 34, 14, 35, 15, 19, 44, 20, 38, 8, 32, 24, 4, 33, 27, 2, 41, 43, 42, 28, 3, 29, 30, 7, 23, 13, 46, 36, 16, 45, 39, 21, 26, 1];2525.0
[0, 26, 42, 41, 22, 20, 37, 38, 46, 36, 14, 31, 3, 6, 10, 8, 11, 18, 17, 13, 12, 32, 9, 33, 24, 4, 29, 30, 5, 7, 23, 34, 35, 39, 21, 40, 47, 19, 44, 15, 16, 45, 27, 28, 2, 43, 1, 25];2581.0
[26, 13, 34, 12, 6, 37, 19, 44, 20, 38, 18, 17, 46, 36, 23, 32, 8, 11, 10, 0, 25, 45, 39, 21, 40, 9, 33, 27, 28, 3, 2, 43, 22, 41, 42, 1, 24, 29, 30, 5, 35, 14, 15, 16, 7, 31, 4, 47];2806.0
[5, 38, 18, 17, 7, 23, 12, 6, 9, 33, 10, 37, 22, 47, 26, 42, 1, 8, 11, 24, 4, 29, 27, 28, 3, 2, 43, 41, 19, 44, 20, 0, 25, 46, 36, 15, 16, 45, 39, 21, 40, 13, 35, 14, 34, 32, 30, 31];2704.0
[45, 20, 38, 37, 21, 47, 26, 1, 0, 25, 10, 11, 8, 9, 27, 28, 3, 6, 31, 7, 5, 18, 17, 39, 19, 44, 15, 35, 34, 13, 23, 12, 32, 24, 29, 30, 4, 33, 2, 42, 22, 41, 43, 40, 46, 36, 14, 16];2367.0
[42, 28, 33, 9, 27, 4, 3, 8, 10, 11, 18, 46, 16, 45, 39, 19, 44, 21, 26, 1, 25, 13, 34, 32, 6, 24, 29, 2, 43, 20, 38, 37, 17, 36, 14, 15, 35, 23, 12, 7, 30, 31, 5, 0, 22, 40, 47, 41];2570.0
[4, 5, 10, 44, 15, 23, 6, 24, 29, 30, 18, 17, 34, 13, 12, 32, 31, 7, 35, 14, 16, 0, 25, 1, 37, 38, 9, 27, 28, 11, 8, 26, 42, 2, 43, 22, 41, 19, 20, 46, 36, 45, 39, 21, 40, 47, 33, 3];2985.0
[17, 7, 31, 5, 29, 30, 35, 14, 23, 34, 15, 16, 45, 0, 25, 37, 39, 21, 40, 22, 43, 28, 24, 4, 33, 2, 41, 19, 44, 12, 32, 6, 10, 47, 26, 42, 1, 9, 27, 3, 8, 13, 46, 36, 20, 38, 11, 18];2817.0
[33, 43, 22, 47, 26, 6, 8, 10, 11, 0, 42, 28, 2, 41, 19, 44, 21, 40, 20, 37, 38, 18, 34, 13, 46, 36, 16, 45, 39, 1, 25, 9, 27, 24, 29, 30, 5, 7, 23, 35, 14, 15, 17, 12, 32, 31, 4, 3];2427.0
[17, 13, 34, 12, 32, 6, 8, 11, 21, 47, 22, 40, 20, 37, 39, 19, 38, 18, 46, 36, 16, 45, 9, 27, 2, 3, 24, 30, 5, 0, 1, 25, 26, 31, 7, 23, 35, 14, 15, 44, 41, 43, 42, 28, 4, 29, 33, 10];2814.0
[14, 45, 0, 25, 18, 17, 33, 2, 41, 39, 21, 40, 47, 26, 44, 15, 19, 20, 1, 9, 27, 43, 22, 42, 28, 3, 4, 5, 6, 10, 11, 8, 32, 31, 7, 23, 34, 35, 12, 24, 29, 30, 38, 37, 16, 13, 46, 36];2799.0
[3, 7, 12, 32, 4, 29, 30, 5, 31, 10, 18, 45, 11, 24, 27, 28, 2, 25, 37, 38, 39, 19, 44, 21, 40, 1, 0, 47, 26, 42, 22, 41, 43, 20, 17, 36, 14, 15, 35, 16, 13, 46, 23, 34, 6, 8, 9, 33];2769.0
[4, 6, 10, 17, 36, 35, 14, 16, 38, 37, 39, 19, 44, 15, 45, 21, 47, 40, 20, 18, 12, 32, 0, 25, 1, 24, 29, 30, 5, 8, 11, 34, 13, 46, 23, 7, 31, 9, 27, 3, 33, 2, 42, 41, 43, 22, 26, 28];2584.0
[8, 7, 23, 33, 2, 41, 43, 22, 47, 9, 27, 44, 19, 15, 17, 12, 32, 31, 5, 10, 11, 0, 25, 1, 37, 38, 26, 42, 28, 3, 24, 29, 30, 4, 18, 46, 36, 45, 39, 21, 40, 20, 16, 35, 14, 34, 13, 6];2789.0
[34, 16, 37, 11, 10, 6, 24, 4, 3, 18, 17, 12, 35, 14, 19, 44, 15, 45, 26, 42, 28, 2, 9, 33, 27, 29, 30, 31, 5, 8, 32, 7, 23, 46, 36, 39, 21, 40, 1, 0, 25, 47, 22, 41, 43, 20, 38, 13];2632.0
[15, 4, 3, 0, 18, 7, 31, 34, 14, 35, 16, 17, 13, 46, 36, 23, 12, 32, 9, 27, 29, 30, 5, 10, 45, 39, 21, 20, 37, 38, 11, 8, 6, 24, 33, 2, 28, 42, 47, 22, 41, 43, 40, 26, 1, 25, 19, 44];2850.0
[42, 9, 33, 27, 24, 4, 3, 29, 1, 25, 37, 38, 40, 47, 20, 16, 45, 21, 28, 2, 41, 43, 22, 36, 14, 35, 34, 13, 8, 11, 18, 46, 23, 12, 32, 6, 10, 39, 19, 44, 15, 17, 7, 31, 30, 5, 0, 26];2814.0
[3, 4, 33, 2, 22, 26, 9, 27, 10, 11, 37, 18, 46, 36, 34, 23, 6, 24, 29, 30, 8, 32, 12, 7, 31, 5, 13, 35, 14, 15, 16, 17, 45, 19, 44, 38, 0, 25, 1, 20, 39, 21, 40, 47, 41, 43, 42, 28];2541.0
[0, 25, 18, 13, 34, 31, 8, 11, 41, 43, 22, 40, 20, 12, 32, 7, 23, 35, 39, 47, 42, 28, 6, 37, 38, 10, 29, 30, 5, 24, 4, 2, 19, 44, 15, 17, 46, 36, 14, 16, 45, 21, 26, 1, 9, 33, 27, 3];2721.0
[27, 3, 29, 2, 20, 16, 45, 39, 26, 1, 18, 12, 7, 31, 8, 11, 10, 0, 25, 22, 41, 43, 42, 28, 30, 5, 32, 6, 24, 4, 37, 38, 47, 40, 17, 13, 34, 35, 14, 23, 46, 36, 15, 44, 19, 21, 9, 33];2670.0
[7, 31, 11, 37, 38, 29, 30, 5, 8, 6, 24, 4, 33, 2, 42, 41, 43, 22, 40, 47, 26, 18, 17, 13, 34, 23, 12, 32, 10, 0, 25, 46, 36, 14, 35, 15, 45, 16, 20, 19, 44, 39, 21, 1, 9, 27, 28, 3];2474.0
[4, 3, 8, 11, 37, 45, 39, 19, 44, 21, 0, 25, 1, 10, 30, 5, 6, 24, 29, 2, 41, 43, 47, 26, 42, 22, 40, 20, 38, 17, 46, 36, 23, 32, 9, 33, 27, 28, 18, 35, 14, 15, 16, 34, 13, 12, 7, 31];2447.0
[8, 11, 10, 0, 25, 1, 37, 47, 43, 42, 22, 40, 20, 19, 38, 18, 17, 12, 13, 46, 36, 14, 16, 9, 27, 2, 41, 44, 15, 45, 39, 21, 26, 28, 33, 24, 29, 32, 34, 35, 23, 7, 31, 30, 5, 4, 3, 6];2598.0
[24, 37, 38, 18, 14, 35, 15, 17, 13, 34, 32, 6, 0, 25, 10, 8, 11, 46, 36, 45, 47, 41, 43, 22, 40, 1, 9, 33, 27, 30, 23, 12, 7, 31, 5, 4, 29, 2, 42, 19, 44, 20, 16, 39, 21, 26, 28, 3];2756.0
[28, 2, 21, 40, 26, 1, 10, 11, 8, 0, 25, 18, 17, 13, 12, 32, 34, 35, 16, 45, 39, 20, 37, 38, 47, 42, 22, 41, 43, 44, 15, 19, 24, 4, 3, 29, 30, 5, 6, 46, 36, 14, 23, 7, 31, 33, 9, 27];2557.0
[18, 13, 32, 2, 1, 10, 24, 3, 4, 29, 30, 37, 39, 21, 40, 38, 0, 25, 17, 12, 9, 33, 27, 28, 41, 43, 42, 22, 20, 46, 36, 14, 35, 23, 34, 7, 31, 5, 6, 8, 11, 19, 44, 15, 16, 45, 47, 26];2739.0
[21, 20, 38, 37, 9, 33, 27, 28, 2, 43, 42, 41, 15, 16, 22, 40, 47, 26, 1, 10, 24, 3, 4, 29, 30, 31, 5, 6, 11, 0, 25, 8, 32, 7, 23, 12, 13, 46, 36, 35, 14, 34, 18, 17, 45, 19, 44, 39];2413.0
[6, 11, 17, 39, 20, 16, 12, 7, 31, 10, 38, 37, 26, 42, 28, 3, 24, 4, 29, 30, 5, 18, 45, 0, 25, 47, 1, 9, 27, 33, 2, 41, 21, 40, 43, 22, 44, 19, 8, 32, 13, 34, 46, 36, 14, 15, 35, 23];2879.0
[14, 35, 15, 16, 17, 7, 23, 34, 46, 45, 39, 44, 19, 38, 37, 0, 25, 1, 18, 13, 12, 32, 6, 31, 30, 5, 4, 29, 33, 27, 28, 24, 3, 10, 8, 11, 9, 2, 41, 43, 21, 47, 22, 40, 26, 42, 20, 36];2377.0
[11, 8, 34, 35, 45, 20, 39, 21, 40, 26, 47, 1, 37, 0, 25, 10, 24, 4, 29, 30, 5, 3, 31, 7, 23, 12, 9, 33, 27, 28, 2, 42, 41, 43, 22, 38, 18, 46, 36, 14, 16, 17, 19, 44, 15, 13, 32, 6];2495.0
[12, 6, 32, 31, 7, 23, 13, 46, 36, 37, 0, 40, 47, 28, 10, 18, 17, 34, 35, 14, 45, 20, 38, 11, 8, 24, 30, 5, 4, 29, 3, 9, 33, 27, 2, 42, 22, 39, 21, 26, 1, 25, 41, 43, 19, 44, 15, 16];2568.0
[7, 23, 33, 27, 28, 3, 24, 30, 5, 31, 4, 29, 10, 18, 34, 13, 46, 36, 14, 35, 16, 45, 20, 11, 32, 6, 8, 9, 2, 43, 42, 22, 41, 44, 19, 15, 39, 21, 40, 47, 26, 1, 0, 25, 37, 38, 17, 12];2342.0
[25, 1, 9, 33, 3, 8, 11, 18, 12, 32, 24, 2, 41, 43, 22, 47, 26, 42, 4, 29, 30, 5, 6, 10, 37, 38, 17, 13, 34, 23, 35, 21, 40, 39, 44, 19, 15, 16, 45, 20, 27, 28, 31, 7, 46, 36, 14, 0];2730.0
[15, 41, 43, 25, 1, 11, 10, 0, 37, 18, 45, 20, 38, 47, 26, 22, 19, 44, 39, 21, 40, 42, 28, 2, 6, 8, 32, 7, 31, 5, 4, 24, 29, 30, 3, 33, 9, 27, 17, 12, 13, 34, 23, 35, 16, 46, 36, 14];2586.0
[45, 37, 11, 9, 33, 3, 31, 5, 4, 29, 30, 0, 25, 47, 22, 26, 1, 8, 32, 6, 10, 24, 27, 28, 2, 41, 43, 42, 17, 13, 46, 36, 15, 19, 44, 20, 38, 18, 12, 7, 23, 34, 35, 14, 39, 21, 40, 16];2451.0
[4, 36, 14, 47, 22, 35, 15, 16, 17, 46, 45, 21, 40, 20, 39, 19, 44, 37, 38, 0, 1, 25, 26, 9, 33, 27, 3, 8, 11, 10, 18, 13, 34, 31, 30, 5, 7, 23, 12, 32, 6, 24, 29, 2, 43, 41, 42, 28];2824.0
[11, 8, 32, 24, 33, 2, 41, 43, 1, 9, 27, 29, 30, 31, 5, 4, 3, 22, 44, 19, 20, 37, 38, 18, 17, 12, 7, 23, 34, 45, 21, 40, 15, 16, 13, 46, 36, 35, 14, 39, 47, 26, 42, 28, 6, 10, 0, 25];2595.0
[21, 47, 22, 26, 42, 45, 39, 19, 44, 0, 25, 1, 9, 6, 13, 34, 35, 23, 12, 10, 11, 8, 32, 7, 31, 5, 24, 29, 30, 4, 3, 33, 27, 28, 2, 43, 41, 40, 20, 38, 37, 18, 36, 14, 15, 16, 17, 46];2508.0
[11, 10, 8, 6, 24, 4, 3, 0, 25, 1, 37, 47, 26, 42, 2, 22, 41, 43, 21, 40, 20, 38, 18, 17, 12, 7, 23, 35, 15, 32, 31, 9, 33, 27, 28, 29, 30, 5, 13, 34, 46, 36, 14, 16, 45, 19, 39, 44];2484.0
[29, 30, 15, 16, 45, 39, 19, 44, 21, 38, 37, 9, 33, 2, 41, 43, 22, 20, 18, 17, 3, 27, 28, 6, 31, 5, 10, 0, 25, 40, 47, 26, 42, 1, 11, 8, 32, 7, 23, 13, 46, 36, 14, 34, 35, 12, 24, 4];2547.0
[29, 30, 34, 13, 31, 5, 7, 23, 46, 36, 15, 12, 32, 24, 3, 6, 10, 37, 45, 39, 47, 26, 1, 11, 8, 9, 33, 27, 28, 2, 43, 42, 22, 41, 44, 19, 20, 18, 17, 35, 14, 16, 21, 40, 38, 0, 25, 4];2563.0
[1, 37, 38, 20, 18, 34, 35, 45, 39, 11, 8, 32, 31, 5, 33, 27, 28, 3, 24, 4, 2, 43, 42, 41, 19, 44, 15, 16, 17, 12, 7, 23, 13, 46, 36, 14, 21, 40, 47, 22, 26, 9, 29, 30, 6, 10, 0, 25];2379.0
[13, 34, 35, 9, 27, 3, 6, 8, 11, 37, 18, 14, 45, 39, 21, 47, 42, 28, 24, 29, 41, 19, 44, 15, 16, 17, 12, 32, 7, 23, 46, 36, 20, 38, 0, 10, 31, 30, 5, 4, 33, 2, 43, 22, 40, 26, 1, 25];2641.0
[6, 10, 25, 14, 45, 39, 20, 16, 12, 7, 31, 2, 43, 40, 47, 32, 24, 4, 29, 18, 17, 13, 46, 36, 34, 23, 35, 15, 19, 44, 21, 26, 1, 9, 27, 3, 33, 8, 11, 37, 38, 0, 22, 41, 42, 28, 30, 5];2800.0
[35, 23, 12, 32, 0, 47, 22, 40, 42, 3, 24, 4, 29, 30, 10, 11, 37, 38, 20, 18, 17, 45, 19, 44, 46, 36, 14, 15, 16, 39, 21, 26, 25, 1, 8, 7, 31, 5, 6, 9, 33, 27, 28, 2, 41, 43, 13, 34];2418.0
[46, 15, 31, 5, 25, 19, 44, 21, 26, 42, 22, 47, 10, 24, 4, 29, 30, 3, 6, 9, 33, 27, 28, 2, 41, 43, 40, 18, 36, 14, 16, 13, 34, 35, 23, 7, 12, 32, 8, 11, 37, 38, 0, 1, 17, 45, 39, 20];2715.0
[3, 11, 37, 13, 35, 34, 14, 16, 19, 44, 15, 45, 20, 38, 0, 31, 5, 10, 18, 17, 12, 32, 7, 23, 24, 29, 30, 46, 36, 39, 21, 47, 26, 28, 2, 42, 41, 43, 22, 40, 25, 1, 8, 6, 4, 33, 9, 27];2760.0
[17, 46, 36, 45, 0, 25, 37, 38, 40, 47, 26, 1, 20, 39, 21, 22, 41, 19, 44, 15, 35, 14, 16, 10, 6, 24, 29, 30, 3, 4, 33, 9, 27, 2, 43, 42, 28, 7, 23, 34, 13, 12, 32, 31, 5, 8, 11, 18];2434.0
[1, 10, 11, 18, 45, 19, 39, 41, 43, 20, 0, 25, 47, 26, 22, 38, 37, 44, 15, 16, 17, 46, 36, 14, 13, 12, 32, 33, 9, 27, 3, 24, 4, 29, 30, 31, 5, 6, 8, 7, 23, 34, 35, 21, 40, 42, 28, 2];2488.0
[32, 24, 30, 5, 33, 2, 43, 42, 9, 27, 18, 17, 14, 35, 23, 34, 13, 12, 7, 31, 37, 19, 44, 15, 16, 20, 38, 0, 25, 26, 1, 8, 10, 11, 46, 36, 45, 39, 21, 40, 47, 41, 22, 28, 3, 4, 29, 6];2632.0
[30, 34, 35, 15, 45, 0, 25, 26, 1, 10, 9, 2, 42, 39, 21, 47, 41, 43, 22, 40, 18, 46, 36, 14, 16, 17, 13, 23, 7, 31, 5, 6, 8, 11, 38, 37, 19, 44, 20, 12, 32, 24, 3, 33, 27, 28, 4, 29];2502.0
[3, 10, 0, 20, 38, 11, 8, 7, 23, 12, 32, 6, 24, 4, 29, 30, 5, 31, 37, 18, 45, 39, 47, 25, 27, 28, 2, 42, 22, 41, 43, 19, 44, 15, 17, 36, 14, 16, 35, 34, 13, 46, 21, 40, 26, 1, 9, 33];2473.0
[40, 30, 5, 4, 29, 43, 22, 1, 10, 11, 8, 9, 33, 27, 2, 41, 19, 44, 15, 16, 20, 37, 38, 18, 12, 7, 23, 32, 31, 0, 25, 47, 26, 42, 28, 3, 24, 6, 17, 13, 34, 35, 14, 46, 36, 45, 39, 21];2553.0
[28, 5, 36, 45, 40, 3, 6, 10, 39, 21, 22, 44, 19, 11, 8, 9, 33, 27, 30, 31, 7, 23, 35, 15, 16, 20, 37, 38, 18, 12, 32, 24, 4, 29, 2, 41, 43, 42, 1, 25, 0, 17, 34, 13, 46, 14, 47, 26];2999.0
[19, 7, 31, 11, 8, 32, 9, 33, 3, 24, 4, 30, 29, 5, 6, 10, 39, 21, 47, 26, 42, 40, 37, 38, 1, 27, 28, 2, 43, 41, 22, 20, 0, 25, 18, 17, 34, 35, 23, 12, 13, 46, 36, 14, 15, 16, 45, 44];2521.0
[10, 15, 16, 17, 2, 42, 44, 19, 38, 26, 0, 1, 25, 11, 8, 6, 24, 29, 30, 5, 7, 23, 35, 45, 20, 37, 39, 21, 40, 47, 41, 43, 22, 18, 46, 36, 14, 34, 13, 12, 32, 31, 4, 33, 9, 27, 28, 3];2708.0
[4, 10, 11, 18, 17, 39, 19, 44, 15, 16, 45, 0, 25, 26, 1, 8, 32, 7, 23, 34, 35, 14, 21, 40, 20, 37, 38, 47, 22, 41, 43, 42, 33, 9, 27, 28, 2, 3, 29, 30, 31, 5, 6, 46, 36, 13, 12, 24];2435.0
[18, 13, 35, 15, 44, 19, 20, 37, 38, 46, 14, 34, 12, 11, 8, 9, 33, 27, 4, 24, 29, 30, 5, 31, 32, 7, 23, 2, 41, 43, 42, 22, 28, 3, 6, 10, 17, 36, 16, 45, 40, 26, 1, 0, 25, 47, 39, 21];2703.0
[41, 44, 15, 16, 36, 35, 14, 45, 19, 20, 24, 3, 6, 8, 11, 10, 37, 38, 18, 46, 39, 21, 40, 26, 17, 34, 13, 12, 7, 23, 32, 9, 33, 27, 2, 43, 42, 28, 4, 29, 30, 5, 31, 0, 25, 1, 47, 22];2484.0
[13, 35, 14, 34, 23, 7, 31, 30, 5, 10, 8, 11, 18, 17, 12, 32, 6, 9, 27, 28, 24, 4, 29, 3, 33, 2, 41, 43, 20, 37, 38, 46, 36, 16, 45, 39, 19, 44, 15, 21, 40, 26, 1, 25, 0, 47, 42, 22];2291.0
[10, 0, 25, 1, 9, 33, 27, 4, 29, 30, 7, 23, 24, 3, 2, 42, 20, 38, 40, 47, 22, 41, 43, 39, 19, 44, 15, 12, 32, 31, 5, 6, 8, 11, 37, 18, 17, 46, 36, 14, 13, 34, 35, 16, 45, 21, 26, 28];2371.0
[38, 33, 27, 28, 8, 11, 0, 25, 26, 9, 3, 29, 30, 10, 34, 35, 14, 12, 32, 6, 37, 47, 22, 41, 44, 19, 15, 16, 13, 46, 36, 23, 7, 31, 5, 24, 4, 2, 43, 42, 1, 18, 17, 45, 39, 21, 40, 20];2621.0
[20, 15, 16, 17, 32, 8, 11, 0, 25, 37, 38, 1, 9, 33, 27, 28, 3, 24, 29, 30, 5, 4, 31, 6, 10, 18, 36, 35, 12, 7, 23, 34, 13, 46, 14, 45, 39, 21, 47, 22, 43, 40, 26, 42, 2, 41, 19, 44];2362.0
[38, 18, 17, 45, 20, 37, 11, 8, 10, 6, 0, 26, 41, 44, 19, 24, 30, 5, 4, 29, 31, 13, 34, 35, 14, 16, 12, 9, 33, 27, 2, 43, 42, 28, 3, 32, 7, 23, 46, 36, 15, 39, 21, 1, 25, 47, 22, 40];2656.0
[3, 6, 47, 22, 41, 21, 40, 26, 24, 4, 8, 10, 11, 39, 19, 44, 0, 25, 1, 37, 38, 18, 13, 23, 12, 32, 34, 35, 15, 45, 20, 17, 46, 36, 14, 16, 7, 5, 31, 30, 29, 2, 43, 42, 28, 33, 9, 27];2665.0
[31, 33, 3, 37, 38, 41, 21, 47, 26, 40, 20, 35, 15, 16, 45, 39, 19, 44, 0, 25, 9, 27, 28, 2, 43, 22, 42, 1, 11, 8, 32, 6, 10, 18, 17, 13, 34, 46, 36, 14, 23, 12, 24, 4, 29, 30, 7, 5];2514.0
[25, 40, 20, 45, 16, 18, 17, 13, 35, 14, 34, 46, 36, 39, 21, 41, 19, 44, 15, 23, 7, 31, 30, 5, 4, 33, 24, 29, 3, 37, 38, 47, 26, 10, 11, 8, 12, 32, 6, 9, 27, 28, 2, 43, 22, 42, 1, 0];2455.0
[7, 31, 8, 32, 9, 33, 37, 18, 35, 16, 45, 17, 12, 27, 28, 4, 3, 24, 6, 10, 11, 0, 47, 26, 1, 25, 30, 5, 29, 2, 43, 42, 41, 39, 21, 20, 38, 40, 22, 19, 44, 15, 34, 13, 46, 36, 14, 23];2703.0
[15, 16, 45, 39, 21, 40, 11, 0, 28, 3, 10, 18, 13, 46, 36, 23, 34, 35, 14, 19, 20, 38, 37, 17, 12, 32, 7, 31, 5, 6, 8, 24, 30, 4, 29, 33, 9, 27, 2, 42, 22, 41, 43, 26, 1, 25, 47, 44];2424.0
[34, 35, 16, 45, 20, 18, 17, 12, 32, 8, 11, 37, 38, 47, 26, 1, 9, 27, 33, 3, 24, 29, 30, 5, 4, 6, 39, 21, 28, 2, 19, 44, 15, 13, 46, 36, 14, 23, 7, 31, 10, 0, 25, 41, 43, 42, 22, 40];2526.0
[26, 22, 0, 25, 1, 10, 11, 37, 15, 16, 21, 40, 47, 20, 38, 9, 33, 3, 18, 13, 34, 24, 4, 27, 28, 2, 41, 43, 42, 8, 7, 23, 12, 32, 31, 29, 30, 5, 6, 17, 45, 19, 44, 46, 36, 14, 35, 39];2803.0
[28, 42, 1, 12, 32, 4, 3, 6, 10, 0, 25, 17, 46, 16, 20, 38, 24, 29, 30, 5, 11, 8, 37, 39, 19, 44, 15, 45, 21, 9, 33, 2, 41, 43, 40, 22, 47, 26, 18, 36, 14, 35, 34, 13, 23, 7, 31, 27];2770.0
[35, 14, 23, 34, 13, 46, 36, 16, 12, 7, 31, 5, 17, 45, 19, 44, 20, 0, 25, 1, 10, 8, 11, 18, 32, 6, 9, 27, 2, 41, 43, 28, 24, 29, 30, 4, 3, 33, 38, 37, 39, 21, 40, 47, 26, 22, 42, 15];2517.0
[4, 29, 30, 6, 24, 8, 10, 47, 26, 22, 40, 37, 11, 7, 23, 35, 16, 19, 39, 21, 41, 43, 44, 15, 34, 13, 46, 36, 14, 45, 20, 38, 0, 25, 1, 9, 27, 28, 3, 33, 2, 42, 18, 17, 12, 32, 31, 5];2467.0
[46, 26, 42, 1, 0, 25, 22, 40, 47, 37, 38, 12, 32, 6, 9, 33, 27, 3, 36, 16, 45, 21, 28, 2, 43, 41, 19, 20, 39, 44, 15, 35, 14, 34, 23, 7, 31, 24, 4, 29, 30, 5, 8, 10, 11, 18, 17, 13];2655.0
[27, 10, 25, 1, 31, 5, 6, 18, 46, 36, 15, 16, 45, 38, 37, 11, 0, 26, 42, 28, 24, 4, 3, 2, 41, 43, 22, 20, 39, 19, 44, 21, 40, 47, 29, 30, 8, 7, 23, 35, 14, 17, 34, 13, 12, 32, 9, 33];2553.0
[9, 2, 22, 20, 11, 7, 23, 12, 32, 31, 5, 29, 30, 37, 38, 18, 36, 14, 15, 35, 16, 17, 13, 34, 46, 45, 39, 40, 47, 41, 43, 42, 28, 33, 27, 0, 25, 10, 8, 24, 4, 3, 6, 19, 44, 21, 26, 1];2648.0
[47, 3, 10, 18, 14, 16, 17, 12, 32, 8, 11, 37, 39, 21, 20, 38, 26, 1, 25, 9, 33, 27, 2, 22, 40, 41, 43, 42, 28, 24, 4, 29, 30, 5, 34, 13, 46, 36, 45, 19, 44, 15, 35, 23, 7, 31, 6, 0];2561.0
[43, 1, 32, 31, 5, 6, 10, 0, 25, 12, 7, 23, 46, 36, 14, 39, 47, 42, 3, 4, 33, 24, 29, 30, 22, 19, 44, 20, 38, 11, 8, 37, 13, 34, 35, 15, 16, 18, 17, 45, 21, 40, 26, 9, 27, 28, 2, 41];2670.0
[14, 34, 13, 24, 29, 30, 5, 31, 7, 23, 35, 1, 9, 33, 27, 3, 4, 8, 11, 37, 0, 25, 47, 26, 22, 41, 19, 20, 38, 17, 12, 32, 6, 10, 46, 36, 45, 44, 15, 16, 39, 21, 42, 28, 2, 43, 40, 18];2665.0
[29, 30, 4, 27, 28, 2, 43, 40, 20, 38, 22, 41, 42, 1, 9, 33, 3, 10, 8, 11, 0, 25, 37, 18, 45, 16, 17, 46, 36, 14, 23, 13, 34, 35, 15, 44, 19, 39, 21, 47, 26, 32, 12, 7, 31, 5, 6, 24];2264.0
[29, 30, 31, 5, 6, 24, 4, 10, 26, 42, 22, 28, 2, 41, 39, 19, 44, 15, 21, 47, 40, 16, 45, 20, 0, 25, 18, 17, 37, 38, 46, 36, 14, 35, 34, 13, 8, 9, 27, 3, 33, 43, 1, 11, 7, 23, 12, 32];2790.0
[46, 36, 12, 9, 2, 41, 43, 8, 11, 37, 38, 20, 16, 18, 45, 39, 21, 40, 26, 42, 28, 3, 6, 10, 0, 25, 1, 47, 22, 19, 44, 15, 17, 35, 14, 34, 13, 24, 29, 30, 5, 31, 4, 33, 27, 32, 7, 23];2565.0
[10, 37, 38, 18, 13, 35, 16, 45, 21, 22, 41, 43, 40, 47, 0, 25, 26, 42, 28, 3, 29, 30, 7, 31, 20, 39, 19, 44, 15, 32, 24, 4, 5, 6, 11, 8, 9, 33, 27, 2, 1, 17, 46, 36, 14, 34, 23, 12];2610.0
[39, 19, 44, 37, 47, 28, 4, 3, 8, 11, 33, 2, 43, 42, 22, 40, 41, 21, 20, 18, 17, 46, 36, 38, 0, 25, 1, 26, 10, 9, 27, 24, 29, 30, 31, 5, 6, 7, 23, 12, 32, 13, 34, 35, 15, 16, 14, 45];2578.0
[24, 4, 0, 25, 11, 8, 32, 18, 17, 47, 40, 26, 1, 31, 5, 33, 27, 28, 2, 22, 41, 43, 42, 3, 6, 10, 37, 38, 9, 29, 30, 46, 36, 14, 45, 19, 44, 39, 21, 20, 12, 7, 35, 15, 16, 34, 13, 23];2984.0
[20, 32, 6, 29, 30, 5, 31, 7, 23, 13, 46, 36, 14, 21, 40, 1, 10, 8, 11, 37, 38, 18, 17, 34, 35, 12, 9, 33, 27, 3, 24, 4, 0, 25, 47, 26, 42, 28, 2, 43, 22, 41, 19, 44, 15, 16, 45, 39];2328.0
[27, 3, 13, 35, 14, 16, 45, 25, 1, 9, 2, 43, 22, 40, 20, 38, 8, 11, 37, 18, 17, 12, 32, 6, 10, 0, 26, 42, 28, 24, 29, 30, 5, 46, 36, 21, 47, 41, 39, 19, 44, 15, 34, 23, 7, 31, 4, 33];2653.0
[21, 26, 9, 27, 28, 17, 13, 32, 31, 6, 24, 33, 2, 19, 44, 15, 36, 35, 14, 16, 39, 47, 41, 43, 42, 22, 40, 20, 18, 12, 29, 30, 5, 4, 3, 10, 0, 25, 37, 38, 1, 11, 8, 7, 23, 34, 46, 45];2707.0
[21, 41, 43, 42, 22, 40, 20, 38, 8, 11, 24, 30, 7, 35, 23, 12, 32, 31, 5, 4, 29, 6, 10, 37, 18, 17, 34, 13, 46, 36, 14, 16, 0, 25, 47, 26, 9, 33, 3, 27, 28, 2, 1, 39, 19, 44, 15, 45];2504.0
[30, 13, 34, 23, 32, 0, 25, 1, 8, 11, 14, 35, 15, 45, 47, 41, 43, 2, 6, 10, 39, 19, 44, 21, 26, 22, 42, 40, 20, 37, 38, 18, 17, 46, 36, 16, 12, 7, 31, 5, 9, 33, 27, 28, 24, 4, 3, 29];2613.0
[12, 24, 4, 33, 18, 17, 16, 45, 39, 21, 22, 41, 43, 40, 20, 0, 25, 1, 9, 27, 3, 6, 32, 7, 23, 34, 46, 36, 14, 35, 15, 44, 19, 47, 26, 42, 28, 2, 29, 30, 5, 31, 8, 11, 10, 38, 37, 13];2470.0
[22, 41, 43, 16, 36, 14, 35, 23, 7, 31, 10, 18, 17, 12, 32, 0, 25, 26, 42, 20, 37, 38, 11, 8, 24, 4, 27, 28, 3, 33, 2, 19, 44, 39, 21, 1, 9, 29, 30, 5, 6, 34, 13, 46, 15, 45, 40, 47];2709.0
[32, 8, 11, 47, 22, 41, 44, 19, 21, 40, 42, 28, 2, 43, 9, 33, 27, 24, 4, 3, 6, 10, 18, 17, 14, 15, 34, 13, 46, 36, 0, 25, 1, 37, 38, 20, 45, 39, 26, 29, 30, 5, 31, 7, 23, 35, 16, 12];2652.0
[20, 18, 46, 36, 15, 45, 16, 17, 13, 34, 35, 14, 24, 4, 29, 30, 10, 11, 37, 38, 23, 12, 9, 33, 3, 6, 0, 25, 47, 26, 1, 8, 32, 7, 31, 5, 27, 28, 2, 43, 42, 22, 41, 19, 44, 39, 21, 40];2368.0
[36, 14, 12, 29, 30, 18, 39, 21, 41, 44, 19, 15, 16, 17, 31, 5, 4, 33, 27, 3, 8, 32, 7, 23, 35, 45, 0, 25, 47, 26, 42, 28, 24, 6, 10, 11, 37, 38, 22, 40, 1, 9, 2, 43, 20, 34, 13, 46];2842.0
[46, 38, 26, 1, 17, 12, 32, 7, 23, 34, 35, 14, 15, 16, 20, 11, 9, 33, 27, 0, 25, 18, 36, 45, 39, 19, 44, 21, 47, 28, 2, 41, 43, 42, 22, 40, 8, 31, 30, 5, 24, 4, 29, 3, 6, 10, 37, 13];2602.0
[44, 28, 2, 20, 38, 17, 32, 6, 10, 11, 8, 9, 24, 4, 33, 27, 29, 30, 31, 5, 3, 0, 25, 35, 14, 16, 45, 39, 21, 40, 47, 26, 42, 22, 41, 43, 1, 37, 18, 7, 23, 34, 12, 13, 46, 36, 15, 19];2597.0
[20, 18, 12, 7, 23, 35, 14, 17, 32, 31, 9, 27, 4, 33, 3, 8, 11, 6, 24, 29, 5, 30, 10, 1, 25, 37, 39, 21, 40, 22, 19, 44, 15, 34, 13, 46, 36, 16, 45, 38, 0, 47, 26, 42, 28, 2, 41, 43];2474.0
[36, 32, 31, 19, 44, 15, 6, 9, 33, 2, 43, 22, 40, 1, 37, 38, 39, 21, 26, 27, 24, 30, 5, 8, 11, 17, 12, 10, 0, 25, 47, 41, 42, 28, 4, 29, 3, 7, 23, 35, 14, 16, 45, 20, 18, 34, 13, 46];2886.0
[32, 10, 36, 23, 7, 5, 31, 6, 11, 8, 37, 38, 0, 25, 9, 24, 29, 30, 4, 39, 44, 19, 20, 18, 46, 14, 15, 45, 21, 47, 22, 40, 26, 28, 3, 33, 27, 2, 43, 41, 42, 1, 17, 13, 34, 35, 16, 12];2711.0
[5, 37, 47, 41, 43, 22, 44, 19, 39, 21, 40, 1, 9, 33, 0, 25, 26, 42, 2, 28, 6, 8, 11, 13, 34, 35, 23, 32, 24, 27, 4, 3, 10, 46, 36, 14, 16, 15, 45, 20, 38, 18, 17, 12, 7, 31, 29, 30];2627.0
[32, 4, 33, 3, 27, 28, 17, 34, 13, 35, 16, 20, 0, 25, 18, 45, 39, 21, 1, 10, 9, 2, 41, 43, 47, 26, 42, 22, 40, 37, 38, 11, 8, 24, 29, 30, 5, 6, 31, 7, 23, 46, 36, 14, 19, 44, 15, 12];2545.0
[2, 42, 41, 43, 22, 20, 37, 38, 18, 17, 13, 46, 36, 14, 9, 27, 28, 3, 10, 0, 25, 1, 8, 7, 23, 34, 35, 45, 21, 40, 47, 26, 31, 30, 5, 6, 11, 39, 19, 44, 15, 16, 12, 32, 24, 4, 29, 33];2412.0
[33, 32, 7, 34, 23, 12, 0, 26, 28, 27, 3, 6, 10, 11, 8, 24, 30, 31, 5, 4, 29, 2, 43, 41, 42, 1, 25, 37, 18, 46, 36, 16, 17, 13, 35, 14, 15, 45, 20, 39, 19, 44, 21, 47, 22, 40, 38, 9];2572.0
[46, 14, 0, 25, 10, 37, 17, 45, 39, 21, 40, 26, 1, 18, 36, 15, 19, 44, 47, 22, 41, 43, 2, 24, 4, 29, 30, 6, 8, 11, 32, 12, 7, 23, 34, 35, 16, 20, 38, 42, 28, 33, 9, 27, 3, 31, 5, 13];2730.0
[34, 21, 40, 47, 42, 28, 41, 2, 43, 22, 20, 37, 45, 39, 19, 44, 38, 18, 13, 35, 15, 16, 17, 46, 36, 14, 12, 32, 31, 6, 8, 11, 0, 25, 26, 1, 10, 9, 3, 33, 27, 24, 29, 4, 30, 5, 7, 23];2535.0
[30, 5, 6, 9, 3, 4, 10, 8, 11, 18, 17, 45, 20, 38, 41, 43, 2, 28, 33, 27, 29, 31, 7, 23, 34, 35, 14, 39, 21, 47, 22, 40, 37, 0, 1, 25, 26, 42, 19, 44, 15, 16, 46, 36, 13, 12, 32, 24];2490.0
[21, 28, 2, 44, 19, 38, 18, 17, 9, 27, 33, 7, 31, 0, 22, 41, 43, 42, 40, 47, 26, 1, 10, 11, 25, 20, 16, 45, 15, 46, 36, 14, 35, 23, 34, 13, 12, 8, 32, 6, 24, 4, 3, 29, 30, 5, 37, 39];2774.0
[0, 47, 42, 40, 22, 41, 21, 45, 20, 38, 37, 18, 17, 12, 32, 9, 33, 27, 28, 2, 43, 44, 19, 39, 26, 25, 1, 11, 10, 8, 6, 3, 24, 4, 29, 30, 34, 35, 15, 16, 13, 46, 36, 14, 23, 7, 31, 5];2464.0
[31, 5, 10, 37, 0, 38, 20, 19, 44, 15, 16, 17, 7, 23, 12, 32, 24, 3, 4, 29, 30, 8, 11, 25, 1, 47, 26, 18, 13, 35, 14, 34, 46, 36, 45, 39, 21, 40, 41, 22, 42, 9, 33, 27, 2, 43, 28, 6];2475.0
[6, 19, 39, 9, 33, 30, 5, 37, 38, 7, 23, 12, 34, 44, 15, 16, 46, 36, 14, 45, 21, 26, 11, 8, 0, 25, 1, 10, 24, 29, 4, 3, 27, 28, 2, 42, 40, 47, 22, 41, 43, 20, 18, 13, 35, 17, 32, 31];2916.0
[19, 20, 38, 37, 18, 17, 21, 10, 9, 27, 28, 2, 41, 44, 15, 34, 35, 12, 32, 31, 6, 24, 4, 8, 11, 33, 43, 40, 26, 1, 0, 25, 47, 22, 42, 3, 29, 30, 5, 7, 23, 13, 46, 36, 14, 16, 45, 39];2536.0
[1, 34, 35, 14, 20, 38, 37, 16, 17, 36, 45, 39, 21, 0, 25, 10, 8, 11, 18, 13, 32, 24, 4, 3, 29, 30, 46, 15, 19, 44, 23, 12, 7, 31, 5, 6, 9, 33, 27, 28, 2, 41, 43, 22, 42, 40, 47, 26];2525.0
[6, 1, 10, 37, 16, 13, 34, 32, 24, 29, 30, 5, 8, 11, 18, 17, 46, 36, 45, 38, 9, 27, 4, 0, 25, 20, 39, 21, 26, 42, 28, 3, 33, 2, 43, 40, 47, 22, 41, 19, 44, 15, 35, 14, 23, 12, 7, 31];2566.0
[21, 45, 16, 32, 26, 1, 10, 37, 47, 41, 19, 44, 20, 38, 18, 12, 24, 30, 5, 4, 29, 3, 6, 46, 36, 35, 14, 15, 17, 13, 34, 23, 7, 31, 8, 11, 0, 25, 9, 33, 27, 28, 2, 43, 42, 22, 40, 39];2605.0
[18, 17, 45, 47, 41, 22, 20, 38, 6, 4, 2, 43, 42, 11, 8, 24, 29, 30, 10, 37, 19, 44, 15, 35, 14, 16, 0, 25, 9, 33, 27, 28, 3, 7, 23, 34, 12, 31, 5, 32, 13, 46, 36, 39, 21, 40, 26, 1];2750.0
[43, 42, 18, 36, 14, 20, 37, 17, 12, 7, 23, 46, 16, 40, 47, 9, 3, 24, 4, 29, 30, 31, 5, 33, 27, 28, 2, 41, 44, 15, 45, 19, 39, 21, 26, 1, 10, 11, 8, 32, 6, 13, 34, 35, 38, 0, 25, 22];2679.0
[1, 17, 13, 24, 29, 30, 5, 4, 3, 10, 19, 44, 15, 35, 16, 12, 32, 6, 9, 27, 28, 8, 11, 18, 36, 45, 39, 21, 40, 0, 25, 37, 46, 14, 34, 23, 7, 31, 33, 2, 41, 43, 42, 22, 20, 38, 47, 26];2639.0
[1, 8, 11, 37, 14, 35, 23, 32, 6, 9, 27, 18, 34, 13, 12, 7, 31, 5, 29, 30, 10, 0, 25, 17, 46, 36, 16, 45, 20, 38, 26, 28, 24, 4, 3, 33, 2, 43, 42, 22, 47, 41, 19, 44, 15, 39, 21, 40];2556.0
[44, 15, 7, 31, 4, 3, 12, 32, 24, 29, 30, 5, 37, 38, 16, 45, 20, 11, 8, 10, 6, 0, 25, 47, 42, 22, 1, 18, 17, 34, 13, 35, 23, 46, 36, 14, 39, 21, 40, 26, 9, 27, 33, 28, 2, 43, 41, 19];2664.0
[15, 19, 26, 42, 28, 30, 5, 10, 0, 25, 1, 39, 21, 40, 47, 22, 20, 18, 17, 12, 32, 3, 6, 8, 11, 37, 38, 45, 16, 35, 34, 13, 46, 36, 14, 23, 7, 31, 9, 33, 27, 24, 4, 29, 2, 43, 41, 44];2524.0
[29, 30, 5, 23, 32, 47, 26, 1, 18, 12, 3, 6, 0, 25, 11, 8, 9, 33, 41, 19, 44, 15, 46, 36, 14, 16, 17, 13, 35, 34, 7, 31, 4, 2, 43, 22, 42, 39, 21, 40, 20, 45, 37, 38, 10, 27, 28, 24];2894.0
[35, 14, 0, 25, 1, 9, 3, 8, 11, 37, 47, 22, 19, 44, 15, 16, 12, 32, 7, 5, 31, 30, 4, 29, 24, 33, 27, 28, 6, 10, 45, 39, 21, 40, 26, 42, 2, 41, 43, 20, 38, 18, 17, 13, 46, 36, 23, 34];2386.0
[27, 12, 32, 0, 17, 35, 14, 16, 20, 37, 38, 13, 34, 23, 7, 31, 8, 6, 9, 28, 2, 22, 41, 43, 42, 1, 10, 11, 18, 46, 36, 15, 45, 19, 44, 39, 21, 40, 47, 25, 26, 3, 24, 29, 30, 5, 4, 33];2624.0
[14, 33, 2, 43, 42, 39, 21, 26, 1, 25, 22, 40, 47, 41, 19, 44, 15, 17, 46, 36, 16, 45, 20, 37, 38, 0, 11, 18, 13, 34, 23, 12, 32, 7, 31, 5, 4, 3, 24, 29, 30, 6, 8, 9, 27, 28, 10, 35];2510.0
[40, 20, 19, 44, 15, 39, 42, 2, 28, 10, 11, 8, 32, 7, 23, 35, 16, 17, 12, 31, 6, 37, 38, 0, 25, 41, 43, 22, 47, 26, 1, 9, 33, 27, 3, 24, 4, 29, 30, 5, 18, 34, 13, 46, 36, 14, 45, 21];2346.0
[18, 13, 46, 36, 14, 20, 22, 42, 19, 44, 15, 17, 45, 21, 40, 47, 26, 1, 9, 33, 27, 7, 23, 12, 32, 31, 5, 6, 10, 0, 25, 37, 38, 34, 35, 16, 39, 41, 43, 2, 28, 3, 24, 4, 29, 30, 11, 8];2495.0
[12, 37, 45, 21, 40, 26, 1, 0, 25, 47, 3, 24, 4, 29, 30, 5, 31, 10, 8, 11, 32, 7, 23, 46, 36, 35, 14, 15, 16, 17, 6, 9, 33, 27, 28, 2, 41, 43, 42, 22, 39, 44, 19, 20, 38, 18, 34, 13];2289.0
[20, 18, 8, 11, 37, 38, 0, 1, 10, 25, 22, 41, 43, 19, 44, 15, 12, 32, 24, 3, 6, 9, 33, 27, 28, 2, 4, 29, 30, 5, 31, 7, 23, 34, 35, 13, 46, 36, 14, 17, 45, 16, 39, 21, 40, 47, 26, 42];2330.0
[25, 42, 28, 2, 22, 20, 38, 13, 35, 16, 17, 46, 15, 44, 39, 19, 0, 37, 10, 11, 8, 24, 3, 9, 33, 27, 6, 32, 34, 23, 12, 7, 31, 4, 29, 30, 5, 18, 36, 14, 45, 21, 40, 47, 26, 41, 43, 1];2643.0
[15, 6, 4, 3, 33, 11, 8, 9, 27, 28, 18, 13, 35, 14, 45, 38, 40, 20, 39, 21, 47, 26, 42, 22, 16, 34, 23, 12, 7, 31, 2, 41, 43, 44, 19, 17, 32, 24, 29, 30, 5, 10, 37, 0, 25, 1, 46, 36];2855.0
[19, 20, 35, 16, 17, 8, 11, 37, 38, 40, 47, 26, 42, 22, 28, 24, 29, 2, 41, 44, 15, 12, 7, 23, 32, 31, 30, 5, 6, 0, 25, 9, 33, 27, 3, 4, 43, 39, 21, 1, 10, 18, 13, 34, 46, 36, 14, 45];2732.0
[6, 47, 26, 1, 36, 35, 39, 21, 40, 22, 41, 43, 42, 19, 44, 15, 16, 7, 31, 30, 5, 4, 29, 24, 3, 33, 8, 11, 10, 0, 25, 9, 27, 28, 2, 37, 18, 17, 34, 23, 13, 46, 14, 45, 20, 38, 12, 32];2554.0
[6, 17, 45, 42, 28, 9, 33, 27, 37, 39, 20, 38, 0, 25, 24, 4, 3, 2, 43, 22, 41, 44, 19, 21, 47, 40, 26, 1, 11, 8, 32, 7, 31, 5, 29, 30, 10, 18, 46, 36, 14, 34, 35, 15, 16, 13, 23, 12];2683.0
[0, 22, 44, 19, 21, 40, 20, 17, 12, 34, 13, 46, 14, 23, 35, 15, 16, 6, 24, 3, 33, 27, 28, 2, 41, 43, 42, 1, 10, 32, 7, 31, 5, 8, 11, 18, 36, 45, 39, 47, 26, 9, 4, 29, 30, 37, 38, 25];2561.0
[25, 18, 32, 24, 29, 30, 5, 31, 0, 47, 22, 28, 4, 3, 33, 9, 27, 2, 41, 43, 42, 1, 10, 6, 8, 11, 37, 38, 12, 7, 23, 13, 34, 35, 15, 19, 44, 21, 40, 20, 16, 17, 46, 36, 14, 45, 39, 26];2384.0
[47, 42, 28, 32, 24, 3, 2, 41, 43, 4, 29, 30, 10, 17, 15, 16, 19, 44, 20, 38, 13, 34, 35, 23, 12, 7, 5, 31, 6, 8, 11, 37, 18, 46, 36, 14, 45, 39, 21, 22, 40, 26, 1, 25, 9, 33, 27, 0];2670.0
[17, 4, 27, 2, 1, 25, 38, 11, 8, 7, 23, 12, 32, 24, 29, 30, 31, 5, 13, 46, 36, 15, 19, 44, 0, 9, 33, 43, 22, 20, 16, 45, 39, 21, 40, 47, 26, 41, 42, 28, 3, 6, 10, 37, 18, 34, 35, 14];2703.0
[1, 24, 3, 6, 13, 34, 8, 11, 32, 7, 23, 35, 15, 16, 44, 19, 20, 38, 18, 46, 36, 14, 45, 39, 21, 26, 4, 29, 30, 5, 10, 0, 25, 37, 17, 12, 31, 9, 33, 27, 28, 2, 42, 22, 47, 41, 43, 40];2589.0
[10, 6, 24, 2, 42, 11, 8, 29, 30, 5, 31, 37, 38, 17, 46, 36, 14, 15, 16, 45, 39, 21, 40, 26, 1, 9, 33, 27, 28, 4, 3, 18, 7, 23, 34, 35, 13, 12, 32, 0, 25, 41, 43, 47, 22, 44, 19, 20];2525.0
[17, 38, 11, 32, 34, 35, 14, 47, 22, 42, 4, 29, 5, 6, 8, 10, 0, 25, 1, 37, 39, 21, 40, 26, 2, 41, 43, 20, 18, 12, 9, 33, 27, 28, 3, 24, 30, 31, 7, 23, 13, 46, 36, 16, 45, 19, 44, 15];2576.0
[45, 20, 46, 36, 23, 7, 31, 4, 2, 28, 3, 10, 14, 34, 13, 12, 32, 8, 11, 37, 38, 0, 25, 44, 19, 39, 21, 47, 41, 43, 22, 40, 26, 42, 1, 18, 17, 6, 9, 33, 27, 24, 29, 30, 5, 35, 15, 16];2624.0
[26, 28, 4, 3, 33, 8, 11, 37, 18, 17, 45, 19, 44, 38, 40, 42, 2, 41, 43, 22, 39, 21, 20, 0, 1, 9, 27, 6, 32, 7, 23, 34, 15, 16, 13, 46, 36, 35, 14, 12, 24, 29, 30, 31, 5, 10, 25, 47];2565.0
[34, 35, 45, 20, 13, 23, 32, 8, 11, 37, 38, 17, 12, 7, 31, 5, 4, 33, 2, 42, 41, 43, 40, 47, 26, 22, 44, 19, 39, 21, 9, 27, 28, 3, 24, 29, 30, 6, 0, 25, 1, 10, 18, 36, 15, 16, 46, 14];2441.0
[20, 0, 47, 42, 22, 40, 26, 1, 25, 46, 36, 14, 35, 15, 17, 13, 34, 16, 18, 45, 19, 44, 39, 21, 28, 3, 33, 9, 27, 6, 8, 11, 37, 38, 41, 43, 2, 24, 4, 29, 30, 5, 31, 7, 23, 12, 32, 10];2536.0
[43, 20, 13, 35, 45, 19, 44, 39, 21, 47, 22, 40, 26, 32, 6, 3, 24, 4, 29, 27, 28, 30, 10, 0, 25, 8, 11, 18, 46, 36, 14, 15, 16, 17, 34, 23, 12, 7, 31, 5, 9, 33, 2, 42, 1, 37, 38, 41];2498.0
[19, 44, 25, 9, 27, 28, 2, 16, 17, 36, 23, 32, 24, 29, 30, 5, 34, 13, 46, 14, 35, 15, 45, 20, 38, 37, 43, 42, 39, 21, 40, 26, 1, 18, 12, 7, 31, 6, 4, 33, 3, 10, 8, 11, 0, 47, 22, 41];2728.0
[44, 35, 15, 16, 7, 31, 30, 5, 6, 9, 28, 2, 43, 39, 19, 38, 10, 11, 0, 25, 1, 18, 17, 12, 24, 4, 33, 27, 3, 29, 8, 32, 34, 23, 13, 46, 36, 14, 45, 21, 40, 26, 42, 20, 37, 47, 22, 41];2590.0
[12, 7, 31, 5, 2, 19, 44, 15, 16, 45, 0, 25, 41, 43, 42, 47, 22, 20, 38, 8, 11, 37, 39, 21, 40, 26, 1, 17, 13, 32, 6, 9, 33, 27, 28, 24, 4, 3, 29, 30, 10, 18, 46, 36, 14, 35, 34, 23];2428.0
[2, 20, 15, 35, 34, 24, 4, 8, 11, 17, 13, 12, 32, 29, 30, 31, 5, 22, 41, 43, 42, 3, 33, 6, 7, 23, 46, 14, 45, 39, 19, 44, 21, 40, 37, 38, 0, 25, 47, 26, 1, 18, 36, 16, 10, 9, 27, 28];2880.0
[42, 0, 25, 20, 38, 24, 3, 4, 29, 30, 31, 5, 8, 11, 18, 13, 35, 14, 23, 7, 6, 10, 9, 33, 19, 44, 15, 16, 45, 39, 21, 22, 41, 43, 40, 47, 26, 1, 37, 17, 46, 36, 34, 12, 32, 27, 28, 2];2547.0
[21, 40, 47, 26, 24, 29, 4, 30, 9, 33, 27, 10, 46, 36, 35, 14, 45, 39, 20, 19, 44, 15, 16, 13, 12, 32, 34, 23, 7, 31, 5, 2, 41, 43, 22, 42, 28, 3, 6, 8, 11, 37, 38, 0, 25, 1, 18, 17];2478.0
[0, 1, 11, 25, 20, 37, 38, 47, 22, 44, 19, 31, 5, 12, 32, 10, 17, 45, 39, 42, 28, 2, 41, 43, 33, 27, 3, 6, 8, 18, 13, 34, 35, 16, 21, 40, 26, 9, 24, 4, 29, 30, 7, 23, 46, 36, 14, 15];2925.0
[24, 4, 2, 42, 28, 3, 31, 5, 9, 33, 27, 29, 30, 8, 11, 19, 44, 15, 16, 46, 36, 34, 35, 14, 45, 20, 38, 37, 0, 25, 1, 18, 17, 32, 7, 23, 12, 13, 39, 21, 40, 47, 26, 22, 41, 43, 10, 6];2457.0
[24, 4, 29, 30, 10, 18, 17, 37, 38, 0, 9, 2, 28, 42, 1, 25, 13, 34, 35, 14, 16, 45, 44, 19, 15, 46, 36, 39, 21, 47, 41, 43, 22, 40, 20, 26, 11, 8, 7, 23, 12, 32, 31, 5, 6, 3, 33, 27];2596.0
[10, 9, 2, 28, 43, 42, 39, 21, 26, 1, 11, 8, 32, 12, 7, 31, 5, 4, 33, 27, 3, 0, 25, 38, 18, 17, 13, 34, 35, 14, 46, 36, 16, 45, 44, 15, 23, 24, 29, 30, 6, 37, 40, 47, 22, 41, 19, 20];2627.0
[25, 8, 10, 11, 18, 17, 34, 35, 12, 32, 6, 9, 27, 3, 31, 7, 23, 13, 46, 36, 16, 45, 39, 21, 28, 24, 29, 30, 5, 4, 33, 2, 43, 40, 47, 22, 26, 41, 42, 1, 37, 14, 15, 19, 44, 20, 38, 0];2501.0
[27, 10, 37, 15, 16, 12, 7, 31, 6, 24, 33, 2, 28, 3, 17, 36, 35, 39, 47, 22, 41, 43, 42, 4, 29, 30, 5, 23, 34, 13, 46, 14, 21, 26, 1, 11, 8, 32, 0, 25, 40, 20, 18, 45, 19, 44, 38, 9];2884.0
[21, 47, 22, 40, 20, 18, 46, 17, 36, 14, 23, 32, 24, 29, 30, 5, 6, 4, 37, 38, 43, 42, 1, 10, 8, 11, 0, 25, 26, 9, 27, 28, 3, 33, 2, 41, 19, 44, 15, 16, 12, 7, 31, 13, 34, 35, 45, 39];2519.0
[13, 34, 12, 32, 37, 19, 44, 15, 35, 16, 45, 39, 21, 40, 47, 26, 1, 10, 0, 25, 11, 8, 6, 3, 24, 4, 29, 30, 5, 18, 17, 46, 36, 14, 23, 7, 31, 9, 33, 27, 28, 2, 42, 22, 41, 43, 20, 38];2205.0
[42, 1, 9, 3, 6, 10, 11, 0, 25, 18, 12, 33, 27, 28, 2, 43, 22, 40, 20, 37, 38, 26, 24, 4, 29, 30, 5, 31, 8, 32, 7, 23, 35, 14, 17, 34, 13, 46, 36, 15, 16, 45, 39, 19, 44, 21, 47, 41];2254.0
[38, 37, 19, 44, 47, 26, 18, 46, 14, 42, 28, 30, 5, 4, 3, 33, 36, 16, 17, 12, 7, 31, 6, 10, 0, 25, 41, 22, 20, 13, 34, 23, 35, 15, 45, 39, 21, 40, 1, 11, 8, 32, 9, 27, 24, 29, 2, 43];2974.0
[42, 40, 28, 30, 5, 35, 15, 12, 7, 31, 4, 24, 29, 2, 43, 20, 37, 38, 18, 13, 34, 23, 9, 33, 27, 3, 46, 36, 14, 16, 45, 17, 32, 6, 10, 0, 22, 41, 19, 44, 39, 21, 26, 1, 8, 11, 25, 47];2824.0
[38, 34, 13, 46, 16, 45, 9, 33, 27, 28, 3, 10, 0, 25, 8, 31, 5, 32, 7, 23, 12, 11, 37, 39, 21, 40, 47, 41, 43, 22, 26, 1, 6, 24, 4, 29, 30, 2, 42, 19, 44, 15, 35, 14, 18, 17, 36, 20];2616.0
[37, 38, 11, 10, 8, 34, 35, 17, 21, 40, 47, 1, 27, 24, 3, 0, 25, 6, 31, 5, 7, 23, 12, 32, 22, 19, 44, 20, 18, 13, 46, 36, 14, 15, 16, 45, 39, 26, 28, 2, 41, 43, 42, 9, 33, 4, 29, 30];2780.0
[39, 21, 31, 5, 0, 25, 1, 24, 4, 3, 29, 30, 9, 33, 27, 28, 2, 41, 43, 40, 47, 22, 26, 42, 37, 18, 13, 34, 35, 16, 45, 44, 19, 20, 38, 11, 8, 7, 23, 12, 32, 6, 10, 17, 46, 36, 14, 15];2408.0
[19, 44, 15, 45, 47, 26, 28, 2, 42, 1, 33, 3, 31, 7, 23, 12, 13, 34, 35, 16, 0, 25, 8, 32, 6, 4, 24, 29, 30, 5, 11, 18, 17, 46, 36, 14, 39, 21, 41, 43, 22, 40, 20, 37, 38, 10, 9, 27];2660.0
[37, 39, 44, 21, 41, 42, 28, 6, 8, 11, 10, 9, 27, 3, 24, 29, 30, 4, 33, 2, 43, 20, 38, 18, 45, 17, 46, 16, 36, 14, 35, 15, 19, 25, 47, 22, 40, 26, 1, 32, 7, 23, 13, 34, 12, 5, 31, 0];2708.0
[20, 45, 39, 19, 44, 15, 12, 7, 31, 9, 33, 27, 3, 10, 37, 38, 8, 11, 46, 36, 35, 14, 16, 18, 17, 13, 34, 23, 32, 6, 0, 47, 26, 42, 28, 24, 29, 30, 5, 4, 2, 43, 22, 41, 21, 40, 1, 25];2410.0
[24, 4, 2, 43, 18, 17, 33, 27, 28, 3, 6, 10, 11, 0, 47, 22, 41, 19, 44, 20, 16, 45, 39, 21, 40, 26, 42, 25, 1, 9, 29, 30, 37, 38, 8, 32, 7, 23, 34, 13, 46, 36, 14, 35, 15, 12, 31, 5];2529.0
[6, 47, 22, 20, 18, 17, 33, 27, 28, 24, 30, 31, 0, 1, 25, 10, 37, 15, 35, 14, 16, 45, 38, 11, 8, 32, 7, 23, 34, 13, 46, 36, 12, 2, 43, 42, 41, 44, 19, 39, 21, 40, 26, 9, 3, 4, 29, 5];2724.0
[47, 8, 11, 9, 3, 33, 29, 30, 0, 25, 18, 17, 46, 36, 14, 13, 34, 23, 7, 31, 5, 37, 38, 35, 16, 12, 32, 6, 24, 4, 10, 20, 39, 19, 44, 15, 45, 21, 26, 42, 1, 27, 28, 2, 41, 43, 22, 40];2564.0
[10, 17, 34, 13, 46, 36, 14, 15, 16, 23, 35, 45, 39, 19, 44, 21, 40, 26, 1, 0, 25, 11, 8, 2, 41, 43, 20, 38, 18, 12, 32, 37, 47, 22, 42, 28, 29, 30, 5, 7, 31, 9, 33, 27, 24, 4, 3, 6];2449.0
[45, 19, 44, 39, 21, 13, 35, 15, 14, 16, 18, 17, 32, 3, 2, 43, 40, 47, 41, 22, 20, 12, 7, 31, 0, 25, 1, 26, 42, 28, 24, 4, 6, 11, 10, 8, 9, 33, 27, 29, 30, 5, 37, 38, 34, 23, 46, 36];2706.0
[5, 10, 6, 24, 4, 3, 8, 32, 29, 2, 41, 39, 19, 44, 0, 25, 1, 9, 33, 27, 11, 38, 37, 21, 40, 47, 26, 22, 42, 28, 43, 20, 18, 17, 13, 46, 36, 35, 15, 45, 16, 14, 34, 23, 12, 7, 31, 30];2461.0
[42, 1, 8, 10, 11, 38, 37, 18, 45, 39, 21, 40, 22, 41, 43, 24, 29, 30, 5, 4, 33, 9, 27, 28, 0, 47, 26, 25, 17, 13, 46, 36, 15, 19, 44, 20, 16, 14, 35, 23, 34, 32, 12, 7, 31, 6, 3, 2];2575.0
[38, 37, 0, 41, 42, 43, 20, 18, 13, 34, 19, 44, 15, 23, 46, 36, 35, 14, 16, 45, 17, 12, 32, 7, 31, 30, 5, 6, 25, 1, 10, 9, 2, 28, 24, 4, 29, 33, 27, 3, 8, 11, 39, 21, 47, 26, 22, 40];2520.0
[3, 6, 8, 10, 9, 27, 29, 30, 31, 5, 40, 47, 22, 43, 42, 1, 11, 18, 36, 15, 17, 34, 35, 14, 20, 0, 25, 12, 32, 7, 23, 13, 46, 16, 45, 37, 38, 24, 33, 2, 41, 19, 44, 39, 21, 26, 28, 4];2674.0
[42, 25, 35, 14, 15, 16, 46, 36, 23, 24, 4, 29, 30, 6, 0, 47, 26, 1, 9, 33, 3, 37, 39, 44, 19, 20, 38, 11, 8, 27, 28, 2, 41, 43, 22, 13, 34, 12, 32, 7, 31, 5, 10, 18, 17, 45, 21, 40];2598.0
[24, 11, 8, 32, 6, 10, 0, 25, 18, 12, 7, 23, 35, 16, 45, 20, 38, 47, 26, 37, 17, 46, 36, 14, 13, 34, 15, 19, 44, 39, 21, 40, 22, 41, 43, 1, 9, 27, 2, 42, 28, 30, 31, 5, 4, 29, 3, 33];2417.0
[15, 16, 24, 4, 3, 6, 8, 11, 46, 36, 47, 22, 40, 37, 38, 17, 13, 12, 32, 10, 0, 25, 1, 9, 2, 43, 42, 41, 44, 19, 20, 18, 45, 39, 21, 26, 33, 27, 28, 29, 30, 5, 31, 7, 23, 34, 14, 35];2598.0
[32, 10, 37, 21, 40, 13, 46, 39, 19, 44, 15, 45, 16, 12, 7, 23, 35, 20, 38, 0, 25, 1, 47, 26, 2, 41, 43, 22, 42, 28, 3, 24, 6, 8, 11, 18, 17, 36, 14, 34, 9, 33, 27, 4, 29, 30, 5, 31];2612.0
[42, 14, 16, 17, 13, 34, 7, 23, 35, 15, 19, 44, 0, 1, 25, 18, 46, 36, 45, 39, 21, 20, 38, 22, 40, 47, 26, 9, 33, 27, 28, 30, 31, 5, 10, 6, 8, 11, 37, 12, 32, 3, 24, 4, 29, 2, 41, 43];2496.0
[28, 18, 17, 12, 24, 4, 7, 23, 34, 21, 40, 20, 38, 37, 16, 36, 14, 35, 45, 39, 26, 25, 9, 27, 29, 30, 5, 31, 10, 0, 13, 46, 15, 19, 44, 47, 22, 41, 43, 42, 1, 8, 11, 32, 6, 3, 33, 2];2836.0
[12, 18, 17, 35, 14, 16, 45, 39, 19, 44, 15, 46, 36, 2, 41, 43, 22, 20, 21, 40, 47, 26, 42, 9, 33, 27, 28, 32, 7, 31, 5, 8, 11, 0, 25, 1, 38, 10, 6, 3, 24, 4, 29, 30, 37, 13, 34, 23];2619.0
[34, 10, 18, 32, 6, 24, 4, 0, 25, 1, 26, 28, 2, 43, 42, 3, 29, 30, 37, 47, 22, 40, 20, 38, 17, 46, 36, 14, 16, 45, 19, 39, 44, 15, 35, 23, 12, 7, 31, 5, 11, 8, 33, 9, 27, 41, 21, 13];2841.0
[12, 32, 7, 31, 5, 8, 11, 24, 4, 3, 33, 27, 28, 29, 30, 10, 37, 18, 36, 16, 45, 0, 25, 47, 26, 1, 22, 40, 34, 23, 6, 9, 2, 41, 43, 42, 20, 39, 21, 38, 46, 14, 35, 15, 19, 44, 17, 13];2623.0
[28, 4, 3, 24, 29, 30, 13, 34, 23, 12, 7, 31, 5, 6, 10, 37, 38, 22, 16, 17, 36, 45, 26, 1, 25, 18, 46, 15, 44, 19, 20, 0, 9, 33, 27, 11, 8, 32, 35, 14, 39, 21, 40, 47, 41, 43, 2, 42];2719.0
[20, 18, 17, 47, 22, 42, 3, 24, 4, 6, 0, 1, 25, 36, 23, 7, 31, 33, 27, 28, 41, 43, 38, 37, 19, 44, 15, 45, 39, 21, 26, 10, 29, 30, 5, 34, 13, 46, 14, 35, 16, 12, 32, 8, 11, 9, 2, 40];2863.0
[6, 0, 1, 10, 46, 36, 32, 31, 5, 4, 29, 3, 33, 2, 44, 15, 35, 16, 45, 21, 40, 20, 38, 37, 39, 26, 28, 24, 30, 8, 11, 25, 47, 41, 43, 22, 42, 19, 18, 17, 14, 34, 13, 7, 23, 12, 9, 27];2824.0
[23, 10, 37, 38, 26, 1, 11, 8, 9, 3, 4, 33, 27, 28, 2, 41, 43, 42, 44, 15, 45, 39, 19, 21, 47, 22, 40, 20, 0, 25, 18, 17, 12, 32, 7, 31, 6, 24, 29, 30, 5, 34, 13, 46, 36, 35, 14, 16];2339.0
[6, 10, 8, 11, 17, 34, 23, 12, 13, 35, 45, 38, 37, 0, 47, 41, 44, 19, 39, 21, 28, 30, 32, 7, 31, 5, 18, 46, 36, 14, 15, 16, 20, 24, 4, 29, 2, 43, 22, 40, 26, 42, 1, 25, 9, 33, 27, 3];2595.0
[19, 47, 9, 2, 26, 1, 3, 24, 18, 36, 15, 45, 20, 33, 27, 4, 30, 5, 10, 11, 8, 32, 6, 37, 38, 0, 25, 17, 12, 34, 13, 46, 14, 16, 39, 21, 40, 22, 41, 43, 42, 28, 29, 31, 7, 23, 35, 44];2908.0
[6, 18, 36, 15, 12, 31, 8, 11, 10, 38, 20, 37, 39, 19, 44, 21, 47, 26, 28, 2, 43, 22, 40, 41, 42, 0, 25, 1, 7, 23, 35, 45, 16, 17, 34, 13, 46, 14, 32, 24, 30, 5, 4, 29, 9, 33, 27, 3];2674.0
[1, 31, 5, 25, 20, 45, 39, 21, 27, 28, 37, 38, 10, 8, 11, 18, 17, 34, 13, 46, 36, 32, 24, 30, 4, 29, 3, 2, 41, 43, 22, 42, 40, 47, 19, 44, 15, 35, 14, 16, 12, 7, 23, 6, 9, 33, 0, 26];2826.0
[33, 3, 8, 32, 6, 0, 40, 47, 26, 1, 25, 17, 39, 21, 18, 34, 35, 14, 23, 12, 13, 46, 36, 15, 16, 45, 44, 19, 20, 37, 38, 11, 7, 31, 30, 5, 22, 41, 28, 2, 43, 42, 10, 9, 27, 24, 4, 29];2616.0
[0, 47, 26, 27, 24, 4, 6, 10, 46, 14, 15, 16, 17, 36, 35, 7, 5, 9, 33, 18, 13, 34, 23, 12, 32, 31, 30, 29, 2, 41, 43, 22, 40, 20, 39, 21, 42, 28, 3, 8, 25, 1, 37, 38, 45, 44, 19, 11];2852.0
[15, 35, 16, 17, 7, 31, 4, 29, 30, 5, 6, 18, 34, 23, 12, 32, 13, 46, 36, 14, 45, 20, 38, 37, 39, 21, 40, 47, 26, 11, 8, 24, 3, 0, 25, 1, 10, 9, 33, 27, 28, 2, 42, 22, 41, 43, 44, 19];2302.0
[11, 18, 17, 46, 36, 20, 0, 25, 47, 24, 29, 30, 5, 19, 44, 15, 14, 16, 45, 31, 4, 2, 41, 43, 22, 40, 38, 37, 34, 13, 12, 32, 6, 10, 8, 9, 33, 27, 28, 3, 7, 23, 35, 39, 21, 26, 42, 1];2759.0
[30, 5, 37, 38, 17, 34, 13, 6, 10, 18, 12, 8, 32, 35, 45, 39, 21, 22, 40, 20, 0, 25, 47, 26, 1, 9, 27, 28, 3, 11, 46, 36, 14, 23, 7, 31, 24, 4, 33, 2, 42, 41, 43, 19, 44, 15, 16, 29];2729.0
[8, 11, 0, 28, 4, 10, 37, 39, 19, 26, 42, 43, 22, 18, 13, 34, 7, 23, 35, 45, 20, 38, 24, 29, 30, 31, 5, 9, 27, 3, 33, 2, 25, 1, 17, 46, 36, 14, 21, 40, 47, 41, 44, 15, 16, 12, 32, 6];2806.0
[32, 8, 11, 0, 25, 46, 14, 15, 16, 19, 44, 38, 37, 47, 41, 42, 24, 4, 3, 6, 7, 5, 31, 30, 29, 2, 43, 22, 20, 18, 36, 35, 45, 39, 21, 40, 26, 1, 9, 33, 27, 28, 10, 17, 13, 34, 23, 12];2532.0
[28, 8, 11, 0, 25, 46, 36, 35, 14, 16, 13, 34, 32, 24, 3, 10, 37, 47, 26, 1, 9, 33, 27, 7, 23, 12, 31, 5, 30, 6, 19, 44, 15, 39, 21, 20, 38, 18, 17, 45, 40, 22, 41, 43, 42, 4, 29, 2];2684.0
[42, 28, 2, 21, 40, 35, 14, 20, 38, 0, 18, 45, 39, 26, 1, 9, 27, 33, 24, 30, 12, 32, 31, 6, 8, 11, 37, 19, 44, 15, 16, 17, 46, 36, 34, 13, 23, 7, 5, 4, 29, 3, 10, 25, 47, 22, 41, 43];2692.0
[28, 6, 31, 5, 29, 30, 7, 23, 12, 32, 24, 4, 3, 10, 8, 11, 18, 34, 35, 14, 15, 45, 20, 38, 1, 37, 0, 25, 47, 2, 41, 43, 22, 44, 19, 39, 21, 40, 26, 42, 46, 36, 16, 17, 13, 9, 33, 27];2481.0
[12, 32, 6, 10, 37, 0, 18, 17, 34, 13, 31, 29, 30, 5, 7, 23, 46, 36, 20, 38, 35, 14, 41, 43, 42, 40, 47, 22, 44, 15, 16, 45, 39, 19, 21, 9, 24, 4, 3, 33, 27, 28, 2, 8, 11, 25, 26, 1];2830.0
[1, 12, 32, 11, 8, 33, 27, 28, 3, 24, 4, 29, 30, 5, 6, 10, 37, 19, 44, 15, 16, 45, 38, 0, 25, 18, 13, 34, 23, 7, 31, 47, 22, 41, 21, 40, 20, 17, 46, 36, 14, 35, 39, 26, 9, 2, 43, 42];2527.0
[36, 16, 11, 0, 25, 9, 27, 28, 2, 42, 24, 4, 29, 30, 8, 32, 3, 33, 41, 43, 22, 40, 47, 26, 1, 10, 13, 34, 35, 14, 23, 12, 7, 31, 5, 6, 19, 44, 15, 45, 39, 21, 20, 37, 38, 18, 17, 46];2449.0
[38, 0, 25, 1, 9, 33, 3, 6, 8, 11, 46, 36, 15, 45, 37, 18, 17, 13, 23, 12, 24, 4, 29, 27, 28, 2, 22, 40, 20, 16, 14, 34, 35, 39, 21, 26, 42, 10, 32, 7, 31, 5, 30, 47, 41, 43, 44, 19];2611.0
[6, 22, 42, 1, 10, 18, 12, 24, 3, 2, 43, 40, 20, 39, 21, 41, 19, 44, 15, 16, 45, 14, 35, 23, 7, 31, 8, 11, 37, 38, 0, 25, 47, 26, 28, 33, 9, 27, 4, 29, 30, 5, 13, 34, 46, 36, 17, 32];2655.0
[20, 16, 45, 39, 19, 44, 15, 17, 12, 32, 27, 28, 24, 4, 6, 8, 11, 0, 18, 34, 35, 47, 22, 41, 43, 42, 2, 1, 10, 9, 33, 3, 29, 30, 5, 31, 7, 23, 13, 46, 36, 14, 21, 40, 26, 25, 37, 38];2449.0
[33, 7, 23, 32, 37, 47, 26, 3, 6, 24, 4, 29, 30, 10, 17, 12, 31, 5, 8, 11, 46, 36, 16, 0, 25, 1, 27, 28, 2, 44, 19, 39, 21, 40, 22, 41, 42, 43, 38, 18, 13, 34, 35, 14, 15, 45, 20, 9];2827.0
[0, 25, 47, 3, 24, 27, 28, 2, 42, 19, 44, 15, 45, 39, 21, 20, 35, 16, 37, 38, 11, 8, 6, 10, 9, 33, 41, 43, 22, 40, 26, 1, 18, 17, 13, 46, 36, 14, 23, 34, 32, 12, 7, 31, 4, 29, 30, 5];2548.0
[41, 39, 21, 40, 47, 26, 42, 28, 2, 43, 17, 46, 36, 45, 20, 38, 37, 19, 44, 24, 4, 33, 6, 8, 7, 23, 13, 12, 32, 9, 27, 3, 29, 30, 5, 31, 10, 11, 0, 1, 18, 34, 35, 14, 15, 16, 25, 22];2617.0
[19, 11, 8, 37, 39, 21, 47, 22, 26, 1, 10, 29, 30, 7, 23, 45, 20, 38, 17, 13, 34, 46, 36, 12, 32, 31, 5, 6, 0, 25, 28, 24, 4, 3, 33, 9, 27, 2, 41, 43, 42, 40, 18, 35, 14, 15, 16, 44];2637.0
[6, 10, 18, 17, 13, 34, 35, 15, 16, 24, 2, 42, 47, 41, 19, 44, 45, 39, 21, 20, 9, 33, 3, 37, 38, 46, 36, 14, 23, 12, 11, 8, 32, 7, 31, 4, 27, 28, 43, 22, 40, 26, 1, 0, 25, 29, 30, 5];2744.0
[16, 12, 6, 18, 13, 35, 14, 34, 7, 23, 32, 8, 11, 39, 21, 40, 26, 25, 1, 10, 3, 24, 4, 29, 30, 5, 31, 37, 38, 17, 46, 36, 19, 20, 0, 9, 33, 27, 28, 2, 41, 43, 42, 47, 22, 44, 15, 45];2563.0
[6, 47, 22, 16, 45, 39, 21, 42, 28, 33, 27, 10, 0, 26, 40, 20, 37, 19, 44, 15, 46, 36, 14, 23, 34, 13, 35, 17, 4, 3, 8, 11, 25, 1, 9, 2, 41, 43, 38, 18, 12, 32, 24, 29, 30, 7, 31, 5];2737.0
[32, 30, 5, 8, 11, 36, 16, 17, 46, 14, 35, 13, 34, 7, 31, 10, 37, 20, 38, 28, 24, 4, 29, 3, 6, 18, 45, 39, 21, 26, 1, 0, 25, 47, 41, 43, 22, 40, 9, 33, 27, 2, 42, 19, 44, 15, 23, 12];2609.0
[27, 33, 24, 3, 6, 8, 11, 18, 17, 34, 35, 14, 16, 45, 21, 40, 47, 26, 28, 2, 43, 42, 41, 19, 39, 44, 15, 46, 36, 23, 12, 13, 32, 7, 31, 4, 29, 30, 5, 10, 37, 38, 0, 1, 25, 22, 20, 9];2388.0
[16, 17, 24, 30, 37, 20, 38, 10, 6, 4, 29, 45, 39, 21, 28, 33, 3, 8, 11, 18, 13, 34, 46, 36, 35, 14, 23, 12, 7, 32, 31, 5, 9, 27, 2, 42, 40, 26, 1, 0, 25, 47, 22, 41, 43, 19, 44, 15];2696.0
[44, 20, 6, 24, 3, 18, 17, 46, 36, 15, 32, 31, 10, 38, 37, 16, 13, 34, 12, 30, 5, 33, 27, 28, 2, 43, 22, 42, 0, 25, 11, 8, 7, 23, 35, 14, 45, 21, 40, 47, 26, 1, 9, 4, 29, 41, 39, 19];2804.0
[12, 0, 1, 9, 27, 28, 2, 42, 47, 26, 40, 15, 16, 17, 13, 35, 19, 44, 20, 38, 37, 25, 24, 4, 29, 30, 5, 31, 6, 10, 11, 33, 3, 8, 32, 7, 34, 23, 46, 36, 14, 45, 39, 21, 41, 43, 22, 18];2627.0
[29, 30, 31, 5, 8, 6, 10, 35, 14, 15, 16, 17, 42, 2, 41, 43, 47, 26, 22, 38, 11, 32, 7, 23, 12, 9, 33, 27, 28, 4, 3, 37, 18, 34, 13, 46, 36, 45, 39, 19, 44, 21, 40, 20, 0, 1, 25, 24];2600.0
[24, 3, 0, 40, 20, 21, 26, 25, 1, 9, 27, 29, 30, 5, 7, 23, 35, 16, 45, 39, 44, 15, 19, 37, 38, 8, 11, 6, 10, 18, 17, 13, 46, 36, 14, 34, 12, 32, 31, 4, 33, 2, 41, 43, 22, 47, 42, 28];2547.0
[29, 6, 10, 11, 18, 45, 19, 44, 0, 25, 37, 38, 47, 26, 1, 9, 27, 2, 28, 24, 4, 3, 33, 8, 23, 34, 13, 46, 36, 14, 35, 15, 16, 39, 21, 40, 22, 41, 43, 42, 20, 17, 12, 32, 7, 31, 30, 5];2313.0
[9, 28, 32, 10, 37, 38, 18, 17, 7, 31, 5, 4, 3, 33, 27, 24, 29, 30, 6, 8, 11, 0, 26, 1, 25, 34, 35, 16, 45, 41, 43, 42, 2, 44, 15, 19, 39, 21, 47, 22, 40, 20, 46, 36, 14, 23, 12, 13];2726.0
[37, 17, 12, 6, 32, 7, 23, 35, 21, 40, 1, 8, 11, 18, 34, 13, 46, 36, 14, 15, 16, 45, 39, 42, 28, 2, 43, 38, 0, 47, 26, 9, 33, 27, 24, 4, 29, 30, 5, 31, 3, 10, 25, 22, 41, 19, 44, 20];2512.0
[11, 18, 14, 35, 45, 20, 38, 37, 0, 10, 7, 23, 46, 36, 15, 16, 17, 13, 34, 12, 32, 31, 30, 5, 6, 24, 29, 4, 3, 33, 9, 27, 2, 41, 43, 42, 22, 40, 26, 1, 25, 47, 44, 19, 39, 21, 28, 8];2348.0
[15, 32, 10, 11, 14, 16, 45, 18, 17, 34, 35, 13, 46, 36, 23, 12, 6, 8, 7, 31, 30, 5, 3, 0, 25, 26, 42, 22, 40, 20, 37, 38, 39, 21, 47, 41, 43, 1, 9, 24, 4, 29, 33, 27, 28, 2, 19, 44];2579.0
[5, 33, 2, 42, 1, 0, 25, 8, 11, 9, 27, 4, 29, 3, 24, 30, 6, 10, 37, 47, 26, 28, 43, 22, 41, 19, 44, 15, 35, 16, 39, 21, 40, 18, 36, 14, 23, 34, 46, 45, 20, 38, 17, 13, 12, 32, 7, 31];2515.0
[35, 45, 47, 42, 28, 24, 3, 10, 44, 19, 20, 38, 11, 0, 25, 37, 18, 12, 7, 31, 4, 29, 30, 5, 6, 8, 32, 34, 23, 13, 46, 36, 14, 15, 39, 21, 26, 1, 9, 33, 27, 2, 41, 43, 22, 40, 16, 17];2474.0
[44, 19, 22, 41, 43, 20, 37, 38, 46, 14, 16, 9, 33, 27, 3, 6, 11, 8, 32, 24, 4, 30, 29, 31, 5, 0, 47, 42, 2, 28, 10, 18, 17, 36, 45, 39, 21, 40, 26, 1, 25, 12, 7, 23, 34, 13, 35, 15];2625.0
[44, 38, 0, 47, 26, 22, 42, 10, 8, 11, 37, 45, 39, 21, 40, 20, 15, 16, 12, 7, 31, 30, 5, 24, 4, 29, 3, 27, 28, 2, 43, 1, 25, 18, 17, 13, 35, 34, 46, 36, 14, 23, 32, 6, 9, 33, 41, 19];2410.0
[16, 46, 36, 14, 20, 38, 11, 8, 33, 2, 42, 1, 0, 25, 22, 40, 26, 28, 3, 29, 30, 5, 31, 24, 4, 6, 18, 17, 13, 32, 12, 7, 23, 34, 35, 45, 21, 41, 43, 47, 10, 9, 27, 37, 39, 19, 44, 15];2600.0
[34, 35, 9, 33, 27, 36, 14, 45, 39, 26, 2, 42, 1, 10, 11, 8, 24, 3, 0, 25, 18, 17, 12, 32, 31, 5, 6, 7, 23, 13, 46, 21, 22, 41, 43, 40, 47, 28, 4, 29, 30, 37, 38, 20, 19, 44, 15, 16];2883.0
[44, 15, 16, 6, 8, 11, 37, 0, 25, 18, 17, 20, 38, 10, 9, 33, 27, 2, 43, 22, 41, 42, 28, 24, 4, 29, 30, 3, 46, 36, 45, 21, 40, 47, 26, 1, 32, 7, 23, 34, 35, 14, 13, 12, 31, 5, 39, 19];2560.0
[18, 45, 20, 19, 44, 39, 21, 40, 25, 47, 26, 10, 7, 31, 5, 8, 11, 37, 38, 17, 12, 32, 6, 24, 30, 46, 36, 14, 23, 13, 34, 35, 15, 16, 0, 9, 4, 29, 3, 33, 27, 28, 2, 41, 43, 22, 42, 1];2505.0
[31, 5, 18, 45, 38, 34, 13, 46, 36, 44, 15, 17, 12, 32, 6, 11, 8, 9, 2, 43, 28, 3, 4, 33, 27, 29, 7, 23, 35, 14, 16, 39, 21, 40, 26, 22, 42, 1, 0, 25, 37, 47, 41, 19, 20, 10, 24, 30];2700.0
[31, 45, 19, 44, 39, 21, 26, 1, 47, 42, 28, 2, 4, 24, 29, 30, 5, 10, 8, 11, 0, 25, 41, 43, 22, 40, 20, 38, 37, 18, 13, 34, 23, 46, 36, 35, 14, 15, 16, 17, 12, 32, 9, 33, 27, 3, 6, 7];2336.0
[19, 44, 0, 26, 1, 25, 37, 38, 24, 30, 5, 7, 23, 35, 16, 13, 34, 12, 32, 31, 6, 10, 8, 11, 18, 17, 46, 36, 14, 15, 45, 20, 39, 21, 40, 47, 22, 43, 42, 28, 4, 29, 3, 9, 33, 27, 2, 41];2342.0
[8, 11, 0, 25, 1, 24, 4, 29, 30, 12, 13, 34, 23, 14, 35, 15, 16, 18, 17, 46, 36, 45, 20, 38, 37, 39, 19, 44, 21, 40, 47, 26, 41, 43, 22, 42, 2, 28, 32, 7, 31, 5, 6, 9, 33, 27, 3, 10];2270.0
[10, 8, 11, 0, 1, 25, 46, 14, 34, 6, 37, 39, 19, 44, 20, 38, 18, 36, 15, 16, 17, 13, 35, 45, 21, 40, 47, 26, 42, 22, 24, 4, 29, 30, 5, 7, 23, 12, 32, 31, 9, 33, 27, 28, 3, 2, 41, 43];2508.0
[46, 19, 44, 11, 8, 7, 34, 23, 45, 47, 22, 42, 6, 10, 0, 1, 25, 18, 39, 21, 40, 26, 9, 33, 27, 37, 20, 38, 36, 35, 14, 15, 16, 17, 12, 32, 3, 2, 41, 43, 28, 24, 4, 29, 30, 31, 5, 13];2937.0
[23, 13, 34, 35, 45, 38, 37, 0, 25, 1, 26, 40, 20, 11, 8, 32, 27, 28, 3, 4, 24, 29, 30, 9, 33, 2, 43, 42, 41, 39, 21, 47, 22, 19, 44, 15, 16, 12, 7, 5, 31, 6, 10, 18, 17, 46, 36, 14];2365.0
[42, 28, 4, 3, 33, 6, 10, 37, 38, 20, 11, 8, 7, 23, 12, 32, 0, 25, 24, 29, 30, 31, 5, 18, 36, 14, 35, 15, 45, 16, 17, 34, 13, 46, 39, 19, 44, 21, 22, 40, 47, 26, 1, 9, 27, 2, 43, 41];2492.0
[29, 30, 8, 11, 0, 28, 3, 6, 10, 37, 18, 45, 19, 44, 21, 40, 13, 34, 23, 12, 32, 7, 31, 5, 9, 33, 27, 2, 41, 43, 20, 38, 46, 14, 16, 17, 36, 35, 15, 39, 47, 26, 42, 22, 25, 1, 24, 4];2507.0
[22, 42, 47, 26, 39, 21, 40, 20, 38, 11, 8, 10, 24, 29, 30, 31, 5, 0, 1, 25, 37, 18, 17, 12, 7, 23, 46, 36, 13, 34, 35, 14, 45, 16, 19, 44, 15, 32, 6, 9, 33, 27, 28, 3, 4, 2, 41, 43];2287.0
[30, 34, 35, 16, 20, 0, 47, 26, 28, 33, 2, 44, 15, 17, 45, 19, 39, 21, 40, 22, 41, 43, 42, 37, 38, 13, 46, 36, 14, 23, 7, 31, 5, 9, 27, 10, 25, 1, 18, 12, 32, 8, 11, 6, 24, 4, 3, 29];2660.0
[32, 11, 8, 30, 5, 29, 24, 4, 37, 38, 0, 20, 17, 12, 7, 31, 2, 44, 15, 16, 45, 39, 26, 1, 25, 47, 22, 41, 43, 19, 21, 40, 42, 28, 9, 33, 27, 3, 6, 10, 18, 13, 34, 46, 36, 14, 35, 23];2679.0
[38, 26, 28, 29, 30, 0, 47, 1, 25, 37, 18, 17, 34, 13, 32, 31, 5, 24, 4, 3, 43, 42, 10, 11, 8, 7, 23, 12, 6, 9, 33, 27, 2, 41, 19, 44, 39, 21, 22, 40, 16, 46, 36, 14, 15, 35, 45, 20];2596.0
[46, 38, 0, 25, 36, 14, 20, 37, 19, 44, 15, 16, 17, 32, 24, 30, 31, 5, 4, 29, 3, 33, 6, 34, 35, 45, 39, 21, 26, 10, 11, 8, 9, 27, 28, 2, 41, 43, 22, 40, 47, 42, 1, 18, 13, 12, 7, 23];2580.0
[46, 36, 14, 23, 7, 31, 2, 42, 28, 4, 33, 8, 11, 37, 38, 26, 1, 25, 18, 12, 10, 0, 47, 19, 44, 15, 32, 6, 9, 27, 3, 24, 29, 30, 5, 35, 45, 39, 21, 40, 22, 41, 43, 20, 16, 17, 34, 13];2673.0
[20, 29, 30, 10, 37, 26, 42, 22, 13, 34, 23, 35, 45, 38, 0, 1, 25, 18, 46, 36, 14, 15, 16, 17, 9, 33, 27, 28, 6, 11, 8, 32, 12, 7, 31, 5, 24, 4, 3, 2, 43, 41, 19, 39, 44, 21, 47, 40];2674.0
[9, 27, 33, 3, 6, 8, 11, 37, 19, 44, 41, 43, 46, 36, 14, 35, 15, 20, 25, 26, 28, 2, 24, 4, 29, 30, 5, 31, 7, 23, 0, 1, 10, 17, 13, 34, 16, 45, 39, 21, 47, 22, 42, 40, 38, 18, 12, 32];2735.0
[18, 46, 36, 14, 34, 23, 13, 39, 21, 37, 38, 11, 8, 10, 0, 1, 27, 2, 42, 41, 43, 40, 22, 47, 26, 28, 24, 29, 30, 5, 6, 25, 19, 44, 15, 17, 12, 32, 9, 33, 3, 4, 31, 7, 35, 16, 45, 20];2680.0
[30, 29, 5, 6, 17, 12, 32, 31, 7, 23, 13, 46, 36, 14, 15, 16, 45, 0, 25, 1, 10, 8, 11, 37, 39, 20, 38, 18, 34, 35, 19, 44, 21, 26, 9, 3, 24, 4, 33, 27, 28, 2, 40, 47, 41, 43, 42, 22];2519.0
[22, 21, 40, 47, 34, 23, 13, 46, 35, 36, 14, 15, 16, 12, 32, 6, 7, 31, 24, 4, 27, 28, 2, 41, 39, 44, 19, 10, 11, 8, 37, 38, 18, 17, 45, 20, 25, 1, 9, 33, 3, 29, 30, 5, 0, 26, 42, 43];2631.0
[29, 43, 42, 11, 10, 0, 25, 37, 15, 35, 16, 45, 47, 22, 44, 19, 20, 38, 18, 46, 36, 14, 17, 33, 27, 28, 6, 8, 32, 13, 34, 23, 12, 2, 41, 39, 21, 40, 26, 1, 9, 3, 24, 30, 5, 7, 31, 4];2801.0
[25, 1, 8, 11, 37, 38, 10, 9, 27, 28, 2, 20, 16, 17, 39, 21, 41, 43, 42, 22, 47, 26, 40, 18, 46, 36, 15, 45, 19, 44, 12, 7, 23, 35, 14, 13, 34, 32, 24, 29, 30, 5, 31, 4, 33, 3, 6, 0];2521.0
[43, 22, 42, 0, 25, 1, 10, 6, 8, 11, 17, 46, 36, 45, 39, 21, 47, 26, 40, 20, 37, 38, 18, 34, 35, 19, 44, 15, 14, 16, 24, 4, 29, 30, 5, 31, 7, 23, 13, 12, 32, 3, 9, 33, 27, 28, 2, 41];2306.0
[26, 1, 9, 33, 8, 32, 6, 4, 24, 29, 3, 27, 2, 44, 19, 20, 16, 12, 7, 31, 30, 5, 11, 37, 38, 0, 47, 41, 43, 22, 42, 28, 10, 25, 18, 17, 13, 34, 35, 23, 46, 36, 14, 15, 45, 39, 21, 40];2399.0
[4, 37, 18, 34, 13, 23, 24, 29, 30, 6, 8, 11, 17, 45, 0, 25, 1, 10, 9, 33, 27, 2, 22, 41, 43, 40, 20, 38, 46, 36, 14, 16, 12, 32, 31, 5, 7, 35, 15, 44, 19, 39, 21, 47, 26, 42, 28, 3];2508.0
[42, 47, 22, 40, 20, 16, 13, 46, 36, 14, 35, 45, 0, 25, 1, 18, 17, 12, 9, 27, 30, 31, 5, 4, 6, 8, 11, 10, 37, 38, 28, 3, 33, 32, 34, 7, 23, 24, 29, 2, 43, 41, 19, 44, 15, 39, 21, 26];2756.0
[38, 8, 11, 10, 37, 15, 16, 17, 12, 7, 23, 35, 14, 34, 13, 46, 36, 32, 9, 2, 44, 19, 39, 21, 26, 42, 1, 0, 25, 40, 47, 22, 41, 43, 28, 24, 29, 30, 5, 31, 4, 33, 27, 3, 6, 18, 45, 20];2498.0
[28, 3, 33, 2, 43, 22, 47, 41, 42, 1, 8, 32, 6, 10, 11, 38, 37, 39, 19, 44, 21, 40, 20, 18, 46, 36, 17, 12, 9, 27, 24, 4, 29, 30, 31, 5, 7, 23, 13, 34, 35, 14, 15, 16, 45, 0, 25, 26];2350.0
[22, 41, 43, 42, 28, 8, 11, 0, 25, 18, 17, 33, 27, 3, 24, 29, 4, 30, 5, 31, 10, 37, 20, 38, 12, 7, 23, 34, 46, 36, 35, 14, 19, 44, 15, 16, 13, 32, 6, 45, 39, 21, 47, 26, 40, 1, 9, 2];2586.0
[8, 37, 20, 38, 11, 24, 29, 3, 36, 14, 16, 39, 21, 40, 22, 47, 26, 28, 30, 5, 6, 10, 0, 25, 17, 18, 13, 34, 46, 45, 19, 44, 15, 35, 23, 12, 32, 7, 31, 4, 33, 2, 41, 43, 42, 1, 9, 27];2608.0
[35, 20, 37, 16, 45, 38, 4, 6, 24, 5, 31, 18, 17, 36, 14, 21, 40, 26, 1, 10, 0, 25, 9, 33, 27, 29, 30, 7, 23, 13, 46, 34, 12, 32, 8, 11, 47, 41, 43, 42, 22, 28, 3, 2, 39, 19, 44, 15];2817.0
[22, 43, 16, 45, 20, 11, 8, 7, 31, 33, 9, 27, 3, 6, 10, 0, 25, 1, 37, 38, 40, 47, 26, 42, 28, 2, 41, 19, 44, 15, 35, 34, 46, 36, 14, 23, 13, 12, 32, 24, 4, 29, 30, 5, 18, 17, 39, 21];2440.0
[15, 16, 47, 28, 10, 6, 8, 11, 34, 23, 39, 21, 40, 26, 0, 1, 25, 17, 46, 36, 45, 44, 19, 20, 38, 37, 18, 12, 32, 7, 31, 24, 29, 30, 5, 4, 3, 33, 9, 27, 2, 41, 43, 42, 22, 13, 35, 14];2635.0
[10, 0, 25, 9, 33, 3, 27, 28, 2, 43, 22, 42, 41, 29, 30, 5, 31, 6, 8, 11, 47, 40, 20, 37, 38, 35, 15, 16, 45, 19, 44, 39, 21, 26, 1, 18, 17, 12, 32, 7, 23, 46, 36, 14, 34, 13, 24, 4];2464.0
[3, 7, 35, 45, 39, 21, 40, 47, 22, 41, 43, 44, 19, 30, 5, 31, 8, 11, 37, 38, 10, 6, 24, 4, 29, 27, 28, 2, 42, 26, 1, 25, 18, 17, 34, 23, 12, 32, 13, 46, 36, 14, 15, 16, 20, 0, 9, 33];2540.0
[29, 30, 31, 5, 40, 20, 37, 38, 17, 12, 32, 6, 24, 4, 11, 8, 0, 25, 45, 39, 21, 47, 26, 1, 13, 34, 23, 7, 9, 27, 33, 2, 41, 43, 22, 42, 28, 3, 10, 18, 46, 36, 14, 35, 16, 19, 44, 15];2736.0
[2, 40, 26, 1, 11, 37, 38, 9, 27, 33, 3, 10, 18, 45, 39, 20, 0, 25, 47, 19, 44, 15, 12, 24, 4, 29, 30, 7, 23, 34, 35, 14, 17, 31, 5, 6, 8, 32, 13, 46, 36, 16, 21, 22, 41, 43, 42, 28];2622.0
[4, 37, 39, 1, 8, 7, 23, 13, 34, 35, 45, 20, 38, 10, 11, 18, 46, 36, 14, 19, 44, 15, 16, 17, 12, 32, 31, 5, 29, 30, 6, 0, 25, 22, 21, 40, 47, 26, 42, 28, 3, 33, 2, 41, 43, 9, 27, 24];2540.0
[17, 7, 31, 24, 4, 3, 45, 20, 11, 25, 37, 38, 0, 1, 10, 8, 9, 33, 27, 29, 30, 5, 23, 34, 35, 12, 32, 6, 18, 13, 46, 36, 14, 16, 39, 21, 42, 28, 2, 41, 43, 22, 40, 47, 26, 19, 44, 15];2538.0
[9, 33, 27, 2, 28, 3, 34, 13, 35, 45, 38, 0, 25, 26, 42, 22, 47, 1, 8, 24, 29, 30, 31, 5, 4, 6, 10, 37, 18, 17, 12, 32, 7, 23, 46, 36, 14, 15, 16, 21, 40, 41, 43, 39, 19, 44, 20, 11];2438.0
[37, 11, 8, 32, 12, 6, 24, 4, 3, 34, 13, 35, 14, 21, 1, 9, 33, 27, 28, 29, 30, 5, 10, 18, 17, 46, 36, 23, 7, 31, 0, 25, 47, 22, 40, 20, 39, 26, 42, 2, 41, 43, 19, 44, 15, 16, 45, 38];2558.0
[6, 37, 38, 11, 8, 9, 3, 33, 27, 28, 24, 4, 29, 2, 41, 43, 47, 42, 22, 20, 12, 7, 23, 30, 31, 5, 0, 25, 18, 13, 35, 15, 17, 36, 16, 45, 39, 19, 44, 21, 40, 26, 1, 10, 46, 14, 34, 32];2610.0
[15, 41, 43, 20, 38, 32, 31, 5, 17, 34, 35, 14, 45, 39, 21, 40, 47, 22, 26, 1, 6, 3, 24, 4, 8, 11, 10, 37, 18, 36, 16, 9, 33, 27, 28, 29, 30, 0, 25, 2, 42, 44, 19, 12, 7, 23, 13, 46];2933.0
[3, 4, 10, 25, 47, 22, 46, 36, 16, 45, 39, 44, 15, 19, 20, 18, 17, 6, 24, 29, 30, 5, 8, 11, 0, 41, 43, 40, 26, 1, 9, 33, 27, 31, 7, 23, 35, 14, 13, 34, 12, 32, 38, 37, 21, 42, 2, 28];2709.0
[31, 5, 6, 24, 4, 10, 0, 25, 47, 26, 1, 46, 14, 19, 44, 15, 32, 3, 27, 28, 2, 42, 22, 41, 43, 40, 18, 36, 16, 45, 39, 21, 20, 38, 13, 35, 34, 23, 9, 33, 29, 30, 8, 11, 37, 17, 12, 7];2625.0
[41, 47, 26, 9, 2, 42, 1, 25, 18, 17, 7, 31, 5, 6, 19, 44, 15, 45, 39, 21, 40, 20, 0, 11, 8, 32, 24, 4, 29, 30, 10, 37, 38, 46, 36, 35, 14, 16, 13, 34, 23, 12, 3, 33, 27, 28, 43, 22];2513.0
[21, 22, 40, 39, 19, 44, 15, 12, 32, 11, 18, 17, 13, 7, 31, 5, 6, 9, 33, 27, 28, 41, 2, 43, 20, 37, 38, 10, 3, 24, 4, 29, 30, 8, 0, 1, 25, 47, 26, 42, 46, 36, 14, 23, 34, 35, 16, 45];2544.0
[26, 1, 24, 29, 30, 35, 14, 15, 10, 11, 8, 9, 27, 28, 3, 18, 17, 7, 23, 12, 32, 6, 31, 5, 4, 33, 2, 43, 42, 41, 47, 22, 34, 13, 46, 36, 16, 45, 19, 44, 20, 38, 0, 25, 37, 39, 21, 40];2624.0
[21, 20, 0, 25, 1, 8, 7, 23, 14, 16, 12, 32, 6, 31, 30, 5, 11, 37, 38, 47, 22, 40, 26, 9, 33, 27, 3, 4, 24, 29, 2, 43, 41, 42, 28, 10, 18, 17, 46, 36, 45, 19, 44, 15, 34, 13, 35, 39];2502.0
[36, 16, 18, 45, 20, 38, 11, 8, 10, 6, 24, 4, 29, 30, 37, 39, 21, 3, 33, 27, 41, 43, 42, 32, 7, 5, 31, 0, 25, 1, 9, 28, 2, 22, 40, 47, 26, 19, 44, 15, 35, 14, 17, 13, 34, 23, 12, 46];2618.0
[16, 29, 30, 38, 37, 47, 22, 20, 31, 5, 6, 18, 13, 46, 36, 32, 9, 33, 7, 23, 12, 34, 39, 21, 40, 1, 10, 8, 11, 0, 25, 26, 41, 43, 42, 28, 2, 24, 4, 3, 27, 17, 45, 19, 44, 15, 14, 35];3076.0
[46, 36, 40, 47, 41, 43, 1, 25, 18, 17, 23, 13, 34, 35, 45, 39, 21, 12, 32, 7, 31, 5, 0, 26, 42, 28, 2, 22, 38, 37, 16, 14, 15, 19, 44, 20, 11, 8, 9, 3, 24, 29, 30, 4, 33, 27, 6, 10];2717.0
[37, 13, 46, 38, 25, 0, 47, 40, 26, 1, 9, 28, 2, 43, 22, 42, 3, 33, 27, 10, 11, 18, 12, 6, 24, 4, 29, 30, 5, 31, 8, 32, 34, 7, 23, 35, 14, 45, 41, 19, 44, 15, 16, 17, 36, 39, 21, 20];2750.0
[41, 43, 1, 0, 25, 22, 39, 21, 40, 47, 26, 42, 19, 44, 15, 35, 23, 13, 34, 46, 16, 45, 20, 38, 9, 2, 28, 6, 24, 3, 33, 27, 4, 29, 30, 5, 32, 12, 7, 31, 10, 8, 11, 37, 18, 17, 36, 14];2529.0
[14, 23, 29, 30, 0, 1, 25, 18, 17, 12, 32, 10, 26, 11, 8, 7, 31, 9, 3, 33, 27, 2, 44, 15, 13, 34, 35, 16, 45, 47, 22, 19, 39, 21, 40, 41, 43, 42, 28, 24, 4, 5, 6, 37, 20, 38, 46, 36];2801.0
[42, 2, 22, 18, 17, 35, 34, 13, 46, 36, 14, 15, 23, 12, 27, 28, 37, 38, 0, 1, 9, 33, 24, 29, 30, 6, 32, 7, 31, 5, 4, 3, 19, 44, 20, 16, 45, 39, 21, 40, 10, 8, 11, 25, 47, 26, 41, 43];2669.0
[16, 17, 24, 30, 35, 45, 47, 42, 44, 19, 21, 26, 1, 33, 27, 23, 12, 32, 7, 31, 5, 4, 29, 0, 25, 22, 41, 43, 40, 20, 37, 39, 38, 10, 9, 2, 28, 3, 6, 8, 11, 18, 34, 13, 46, 36, 14, 15];2851.0
[6, 44, 15, 19, 20, 37, 38, 18, 17, 45, 39, 21, 26, 9, 33, 41, 43, 22, 40, 47, 10, 24, 29, 3, 27, 28, 2, 42, 1, 0, 25, 13, 34, 35, 16, 12, 7, 31, 30, 5, 4, 8, 11, 46, 36, 14, 23, 32];2574.0
[33, 10, 0, 22, 40, 20, 37, 38, 11, 8, 9, 27, 30, 5, 6, 24, 4, 29, 18, 45, 39, 26, 1, 25, 47, 19, 44, 15, 17, 13, 34, 23, 12, 46, 36, 14, 35, 16, 21, 41, 43, 42, 2, 28, 32, 7, 31, 3];2589.0
[18, 13, 34, 35, 23, 32, 12, 7, 31, 24, 4, 29, 30, 5, 37, 19, 39, 44, 15, 16, 20, 33, 2, 42, 28, 3, 6, 8, 11, 25, 47, 26, 41, 43, 22, 21, 40, 38, 17, 46, 36, 14, 45, 0, 1, 9, 27, 10];2638.0
[16, 3, 2, 43, 42, 10, 8, 11, 0, 25, 1, 37, 38, 22, 39, 21, 40, 47, 26, 18, 17, 34, 13, 46, 36, 14, 35, 45, 20, 6, 24, 4, 29, 30, 7, 23, 12, 32, 31, 5, 9, 33, 27, 28, 41, 19, 44, 15];2439.0
[32, 6, 8, 11, 10, 24, 3, 0, 46, 36, 35, 14, 15, 19, 44, 37, 38, 47, 26, 1, 25, 18, 17, 45, 16, 20, 22, 40, 41, 39, 21, 9, 33, 27, 2, 43, 42, 28, 4, 29, 30, 5, 31, 7, 23, 34, 13, 12];2465.0
[7, 23, 13, 34, 35, 15, 44, 19, 38, 26, 42, 22, 47, 1, 10, 6, 8, 11, 39, 21, 40, 20, 24, 4, 3, 0, 25, 37, 18, 45, 17, 46, 36, 14, 16, 32, 12, 31, 5, 9, 33, 27, 2, 41, 43, 28, 29, 30];2606.0
[32, 13, 34, 35, 15, 20, 37, 18, 17, 21, 40, 26, 1, 11, 0, 25, 43, 42, 2, 28, 33, 9, 27, 4, 29, 30, 5, 6, 24, 3, 10, 8, 31, 7, 23, 46, 36, 14, 16, 45, 38, 47, 22, 41, 39, 19, 44, 12];2561.0
[14, 6, 10, 37, 0, 1, 25, 38, 18, 36, 15, 44, 19, 20, 47, 41, 43, 42, 11, 8, 24, 4, 30, 29, 5, 31, 34, 35, 45, 39, 21, 40, 26, 9, 33, 3, 27, 28, 2, 22, 16, 17, 13, 12, 32, 7, 23, 46];2688.0
[5, 6, 10, 47, 26, 46, 36, 20, 38, 37, 0, 25, 18, 17, 19, 44, 15, 16, 45, 39, 21, 40, 22, 41, 43, 42, 1, 8, 11, 24, 4, 3, 32, 7, 23, 34, 35, 14, 13, 12, 9, 33, 27, 28, 2, 29, 30, 31];2394.0
[15, 39, 24, 4, 3, 6, 37, 16, 45, 20, 38, 8, 7, 23, 12, 29, 30, 5, 31, 18, 17, 46, 36, 14, 35, 34, 13, 32, 9, 33, 27, 28, 2, 43, 42, 26, 1, 0, 25, 10, 11, 47, 22, 21, 40, 41, 19, 44];2659.0
[29, 30, 35, 15, 16, 27, 28, 41, 40, 47, 26, 25, 1, 11, 10, 0, 17, 14, 23, 12, 32, 6, 8, 9, 33, 2, 43, 22, 37, 38, 18, 13, 34, 7, 31, 5, 46, 36, 45, 19, 44, 20, 39, 21, 42, 3, 24, 4];2873.0
[6, 17, 45, 39, 22, 47, 26, 10, 37, 38, 20, 16, 12, 7, 31, 32, 8, 11, 18, 13, 46, 36, 14, 23, 34, 35, 15, 19, 44, 21, 40, 0, 25, 1, 9, 27, 33, 2, 41, 43, 42, 28, 24, 29, 30, 5, 4, 3];2467.0
[44, 19, 0, 22, 42, 1, 25, 8, 32, 7, 31, 3, 2, 43, 20, 38, 10, 11, 37, 18, 17, 12, 9, 33, 27, 28, 41, 39, 21, 40, 47, 26, 6, 24, 4, 29, 30, 5, 23, 34, 13, 46, 36, 14, 15, 35, 16, 45];2498.0
[22, 16, 17, 21, 40, 47, 1, 18, 46, 36, 15, 19, 44, 20, 37, 38, 0, 25, 9, 33, 27, 7, 31, 5, 6, 10, 11, 8, 32, 12, 13, 34, 23, 14, 35, 45, 39, 26, 42, 28, 24, 4, 29, 30, 3, 2, 43, 41];2564.0
[42, 28, 24, 4, 2, 43, 22, 40, 13, 34, 35, 14, 15, 19, 44, 26, 1, 9, 29, 30, 6, 10, 0, 25, 11, 18, 46, 36, 16, 45, 20, 37, 38, 17, 12, 32, 31, 5, 3, 33, 27, 8, 7, 23, 39, 21, 47, 41];2657.0
[8, 27, 28, 43, 42, 1, 10, 9, 33, 24, 4, 3, 32, 7, 23, 12, 29, 2, 41, 44, 19, 38, 17, 45, 40, 47, 22, 20, 18, 34, 13, 46, 36, 35, 14, 15, 16, 39, 21, 26, 6, 31, 30, 5, 0, 25, 37, 11];2637.0
[39, 19, 21, 26, 28, 2, 41, 43, 7, 31, 29, 30, 5, 10, 8, 11, 37, 44, 17, 12, 32, 6, 9, 33, 27, 46, 36, 14, 35, 15, 16, 45, 20, 38, 0, 25, 40, 47, 22, 42, 1, 24, 4, 3, 18, 13, 23, 34];2783.0
[34, 6, 8, 11, 46, 23, 12, 32, 7, 31, 30, 5, 10, 37, 38, 20, 16, 35, 14, 45, 41, 43, 22, 47, 26, 42, 1, 9, 33, 27, 2, 28, 24, 4, 29, 3, 0, 25, 36, 15, 44, 19, 39, 21, 40, 18, 17, 13];2532.0
[31, 30, 5, 24, 4, 10, 46, 16, 17, 33, 2, 28, 42, 40, 18, 36, 21, 26, 1, 9, 27, 29, 3, 7, 23, 12, 32, 6, 8, 11, 37, 38, 47, 41, 43, 22, 39, 19, 44, 15, 13, 34, 35, 14, 45, 20, 0, 25];2862.0
[47, 2, 43, 42, 40, 16, 46, 36, 35, 14, 34, 13, 23, 7, 31, 3, 27, 28, 10, 0, 22, 41, 19, 44, 15, 45, 39, 21, 26, 25, 1, 9, 33, 30, 5, 8, 11, 37, 18, 17, 12, 32, 6, 24, 4, 29, 20, 38];2590.0
[28, 2, 30, 5, 37, 20, 38, 24, 4, 33, 3, 10, 0, 25, 18, 46, 36, 12, 32, 47, 42, 22, 41, 43, 11, 8, 6, 29, 31, 7, 13, 23, 34, 35, 14, 17, 45, 19, 44, 15, 16, 39, 21, 40, 26, 1, 9, 27];2717.0
[17, 27, 28, 3, 37, 38, 10, 11, 8, 31, 9, 33, 4, 29, 30, 5, 18, 36, 14, 35, 16, 45, 39, 40, 20, 6, 24, 2, 41, 43, 42, 0, 25, 47, 22, 19, 44, 21, 26, 1, 32, 7, 23, 34, 12, 13, 46, 15];2749.0
[8, 32, 7, 35, 14, 23, 12, 9, 27, 24, 29, 30, 10, 37, 38, 0, 25, 6, 31, 5, 4, 33, 2, 41, 43, 22, 42, 40, 20, 17, 13, 34, 16, 45, 39, 21, 47, 28, 3, 11, 18, 46, 36, 15, 19, 44, 26, 1];2621.0
[8, 11, 10, 37, 18, 35, 15, 16, 13, 34, 23, 12, 32, 7, 31, 0, 25, 19, 44, 39, 21, 41, 43, 22, 40, 20, 38, 17, 46, 36, 14, 45, 28, 2, 42, 47, 26, 1, 24, 29, 30, 5, 4, 3, 33, 9, 27, 6];2457.0
[15, 21, 9, 27, 28, 4, 3, 6, 11, 25, 37, 18, 45, 39, 44, 19, 38, 0, 47, 26, 42, 1, 10, 24, 29, 30, 5, 8, 32, 7, 31, 33, 2, 43, 41, 22, 40, 20, 17, 13, 23, 12, 34, 35, 16, 46, 36, 14];2536.0
[40, 26, 1, 37, 38, 11, 8, 7, 23, 12, 32, 6, 24, 29, 30, 5, 31, 10, 18, 17, 45, 0, 25, 47, 3, 4, 33, 9, 27, 28, 2, 41, 43, 42, 20, 16, 13, 34, 35, 14, 46, 36, 15, 19, 44, 39, 21, 22];2332.0
[16, 12, 6, 0, 25, 27, 28, 2, 1, 10, 18, 17, 32, 8, 11, 36, 15, 45, 19, 44, 39, 21, 40, 20, 37, 38, 47, 26, 22, 41, 43, 42, 9, 33, 3, 24, 4, 29, 30, 46, 14, 23, 7, 31, 5, 13, 34, 35];2646.0
[5, 32, 46, 36, 21, 40, 20, 17, 12, 24, 29, 2, 43, 22, 15, 16, 45, 44, 19, 39, 47, 26, 42, 41, 28, 6, 8, 11, 0, 25, 1, 9, 33, 27, 4, 3, 10, 37, 38, 18, 13, 34, 35, 14, 23, 7, 31, 30];2575.0
[41, 43, 20, 45, 19, 44, 38, 0, 37, 39, 21, 47, 10, 24, 3, 4, 29, 30, 6, 18, 17, 12, 7, 23, 34, 35, 14, 15, 16, 46, 36, 13, 32, 31, 5, 8, 11, 25, 42, 22, 40, 26, 1, 9, 33, 27, 28, 2];2391.0
[11, 17, 32, 6, 10, 0, 1, 25, 37, 38, 26, 42, 20, 18, 13, 46, 36, 9, 33, 27, 28, 2, 43, 39, 21, 40, 47, 22, 41, 19, 44, 45, 15, 16, 34, 35, 14, 23, 12, 7, 31, 3, 24, 29, 4, 30, 5, 8];2509.0
[4, 18, 46, 36, 47, 42, 17, 12, 7, 31, 5, 8, 10, 37, 0, 26, 1, 25, 13, 23, 34, 35, 16, 14, 45, 39, 21, 40, 22, 44, 15, 19, 20, 38, 11, 32, 6, 24, 29, 30, 9, 33, 27, 2, 41, 43, 28, 3];2696.0
[24, 6, 0, 1, 25, 47, 22, 20, 16, 17, 7, 23, 32, 10, 37, 38, 31, 5, 4, 3, 2, 44, 19, 26, 9, 33, 27, 29, 30, 8, 11, 13, 34, 35, 15, 45, 39, 21, 40, 41, 43, 42, 28, 18, 46, 36, 14, 12];2848.0
[25, 24, 30, 35, 15, 19, 44, 21, 40, 20, 12, 32, 8, 10, 11, 9, 33, 3, 27, 2, 28, 0, 26, 22, 38, 13, 34, 23, 7, 31, 5, 6, 4, 29, 37, 46, 36, 14, 16, 18, 17, 45, 39, 47, 41, 43, 42, 1];2776.0
[11, 8, 6, 10, 9, 43, 26, 42, 22, 38, 37, 16, 45, 39, 20, 33, 27, 28, 41, 19, 44, 15, 35, 14, 17, 12, 7, 23, 34, 13, 32, 31, 0, 25, 18, 46, 36, 24, 30, 5, 4, 29, 3, 2, 21, 40, 47, 1];2857.0
[4, 29, 0, 1, 8, 6, 24, 30, 10, 25, 20, 39, 19, 44, 21, 40, 47, 26, 42, 9, 33, 2, 43, 22, 41, 28, 27, 3, 18, 45, 16, 46, 36, 14, 35, 15, 23, 7, 31, 5, 11, 37, 38, 17, 34, 13, 12, 32];2650.0
[14, 35, 16, 45, 6, 24, 4, 29, 30, 31, 5, 8, 11, 34, 13, 46, 36, 12, 32, 3, 33, 10, 37, 39, 21, 20, 38, 0, 25, 40, 47, 26, 1, 9, 27, 28, 2, 42, 41, 43, 22, 44, 19, 15, 18, 17, 7, 23];2528.0
[46, 14, 34, 23, 6, 10, 11, 47, 26, 1, 37, 38, 36, 35, 15, 45, 0, 25, 18, 17, 12, 29, 30, 8, 32, 7, 31, 5, 24, 4, 3, 33, 44, 19, 39, 21, 40, 42, 9, 27, 28, 2, 41, 43, 22, 20, 16, 13];2654.0
[27, 41, 21, 47, 22, 40, 18, 17, 46, 36, 23, 12, 7, 31, 10, 11, 8, 32, 24, 4, 2, 43, 42, 44, 19, 39, 28, 29, 30, 5, 6, 0, 25, 37, 20, 38, 13, 34, 35, 14, 15, 16, 45, 26, 1, 9, 33, 3];2594.0
[0, 25, 47, 26, 42, 40, 20, 38, 17, 36, 14, 35, 23, 7, 30, 29, 3, 24, 4, 8, 11, 37, 18, 45, 39, 21, 22, 41, 43, 19, 44, 15, 13, 34, 31, 5, 10, 46, 16, 12, 32, 6, 9, 33, 27, 28, 2, 1];2499.0
[29, 30, 6, 9, 2, 43, 22, 17, 46, 36, 14, 16, 0, 25, 1, 37, 38, 11, 32, 8, 10, 18, 12, 31, 5, 7, 23, 13, 34, 35, 15, 45, 20, 40, 47, 41, 19, 39, 44, 21, 26, 42, 33, 27, 28, 4, 3, 24];2583.0
[30, 24, 4, 8, 7, 23, 34, 35, 21, 26, 1, 10, 9, 33, 37, 17, 12, 32, 6, 27, 28, 3, 2, 42, 41, 43, 47, 22, 40, 18, 13, 46, 36, 14, 15, 16, 45, 20, 39, 19, 44, 38, 0, 25, 11, 31, 5, 29];2584.0
[22, 17, 13, 12, 7, 23, 32, 24, 4, 6, 8, 11, 37, 16, 45, 47, 26, 42, 39, 21, 20, 38, 46, 15, 19, 44, 0, 25, 1, 10, 31, 30, 5, 29, 3, 2, 41, 43, 9, 33, 27, 28, 18, 36, 14, 34, 35, 40];2838.0
[28, 18, 46, 36, 32, 6, 24, 29, 4, 27, 3, 0, 25, 40, 47, 22, 39, 21, 26, 1, 10, 11, 34, 35, 14, 15, 16, 45, 19, 44, 37, 20, 38, 17, 13, 23, 12, 7, 31, 5, 30, 8, 9, 33, 2, 41, 43, 42];2581.0
[6, 34, 35, 16, 19, 44, 15, 32, 9, 2, 40, 47, 26, 42, 22, 41, 43, 20, 13, 23, 12, 7, 31, 5, 37, 38, 0, 25, 1, 11, 8, 18, 17, 46, 36, 14, 45, 39, 21, 10, 24, 4, 29, 30, 3, 33, 27, 28];2575.0
[1, 7, 31, 5, 29, 30, 6, 10, 46, 36, 44, 15, 17, 14, 35, 16, 45, 21, 40, 20, 39, 19, 47, 26, 22, 42, 24, 4, 3, 9, 33, 27, 28, 2, 41, 43, 18, 13, 34, 23, 12, 32, 8, 11, 37, 38, 0, 25];2493.0
[10, 6, 11, 8, 32, 7, 23, 0, 25, 24, 29, 30, 5, 31, 18, 13, 34, 35, 12, 27, 28, 43, 42, 3, 4, 37, 17, 46, 36, 14, 15, 16, 45, 9, 33, 2, 41, 19, 44, 39, 21, 40, 47, 26, 22, 20, 38, 1];2795.0
[38, 20, 34, 35, 15, 16, 47, 28, 6, 8, 11, 10, 24, 4, 7, 23, 12, 32, 31, 18, 17, 13, 46, 36, 14, 45, 39, 0, 25, 22, 42, 33, 27, 2, 43, 41, 19, 44, 21, 40, 26, 1, 9, 3, 29, 30, 5, 37];2710.0
[3, 10, 34, 35, 39, 28, 2, 1, 25, 37, 38, 0, 41, 43, 20, 18, 46, 36, 14, 23, 13, 12, 32, 7, 31, 5, 30, 6, 8, 11, 17, 45, 19, 44, 15, 16, 21, 40, 47, 26, 22, 42, 9, 33, 27, 24, 4, 29];2541.0
[31, 5, 24, 4, 3, 41, 44, 19, 21, 1, 11, 8, 7, 23, 35, 45, 39, 20, 37, 38, 18, 17, 12, 9, 33, 27, 2, 43, 28, 29, 30, 6, 10, 0, 25, 47, 26, 42, 22, 40, 15, 16, 46, 36, 14, 34, 13, 32];2543.0
[40, 1, 9, 33, 36, 14, 15, 16, 12, 31, 5, 30, 7, 23, 13, 34, 35, 20, 0, 25, 47, 26, 11, 8, 32, 6, 24, 4, 37, 38, 41, 43, 22, 42, 2, 28, 3, 27, 29, 10, 18, 17, 46, 45, 39, 19, 44, 21];2718.0
[42, 1, 9, 27, 2, 40, 47, 19, 44, 45, 39, 21, 41, 43, 22, 28, 33, 3, 6, 37, 38, 46, 36, 14, 15, 16, 32, 24, 4, 10, 0, 20, 18, 17, 13, 34, 35, 23, 12, 7, 31, 5, 29, 30, 8, 11, 25, 26];2589.0
