p43
[35, 36, 2, 27, 1, 7, 14, 33, 12, 34, 13, 31, 10, 30, 6, 8, 32, 9, 5, 3, 28, 11, 29, 17, 18, 15, 20, 16, 19, 42, 38, 41, 39, 40, 26, 24, 23, 21, 22, 25, 37, 4, 0];5763.0;8007.594533029613;3218223.7608200456;109.0;99569.0;439.0
[32, 9, 30, 5, 33, 12, 37, 22, 24, 27, 3, 4, 0, 1, 28, 29, 15, 18, 16, 20, 17, 19, 8, 7, 13, 34, 14, 2, 36, 35, 23, 21, 25, 26, 41, 39, 42, 38, 40, 6, 11, 31, 10];5823.0
[9, 7, 29, 5, 30, 27, 1, 35, 23, 2, 0, 4, 37, 36, 3, 14, 8, 31, 11, 32, 10, 6, 12, 41, 39, 40, 38, 42, 34, 26, 25, 21, 24, 22, 28, 13, 33, 20, 17, 19, 15, 18, 16];5846.0
[6, 4, 0, 36, 24, 26, 9, 31, 11, 1, 28, 29, 12, 33, 16, 20, 15, 18, 17, 19, 10, 32, 8, 5, 13, 34, 14, 40, 38, 42, 39, 41, 25, 22, 21, 23, 35, 3, 27, 2, 37, 7, 30];5830.0
[37, 36, 2, 11, 5, 29, 6, 39, 41, 13, 34, 31, 8, 32, 10, 4, 0, 35, 24, 23, 21, 22, 25, 26, 16, 20, 17, 18, 15, 19, 40, 38, 42, 14, 33, 12, 7, 9, 30, 27, 3, 28, 1];11131.0
[14, 30, 7, 29, 3, 28, 2, 36, 37, 1, 27, 23, 35, 0, 4, 5, 10, 31, 11, 42, 39, 40, 38, 41, 24, 22, 21, 25, 26, 18, 16, 19, 17, 20, 15, 12, 8, 32, 9, 6, 34, 13, 33];5818.0
[12, 7, 2, 35, 36, 22, 3, 28, 8, 32, 11, 31, 10, 6, 4, 0, 1, 27, 15, 18, 30, 9, 19, 17, 20, 16, 29, 5, 37, 21, 23, 24, 25, 26, 40, 39, 41, 38, 42, 14, 34, 13, 33];5842.0
[37, 38, 40, 7, 9, 31, 8, 30, 6, 29, 28, 3, 23, 21, 22, 24, 42, 39, 41, 13, 10, 5, 20, 17, 4, 0, 35, 2, 36, 1, 27, 34, 12, 33, 14, 11, 32, 19, 15, 18, 16, 26, 25];11176.0
[12, 20, 17, 3, 28, 1, 36, 37, 39, 40, 6, 29, 5, 8, 31, 9, 42, 38, 41, 26, 25, 23, 21, 24, 22, 27, 30, 10, 32, 11, 7, 18, 16, 19, 15, 4, 0, 35, 2, 14, 33, 13, 34];11150.0
[38, 42, 26, 24, 27, 29, 1, 28, 3, 6, 9, 30, 7, 8, 31, 10, 32, 11, 5, 19, 17, 36, 35, 0, 4, 37, 13, 34, 12, 33, 14, 20, 16, 18, 15, 2, 23, 21, 22, 25, 41, 39, 40];5827.0
[5, 36, 3, 27, 2, 39, 42, 14, 10, 37, 25, 21, 23, 24, 22, 28, 29, 7, 8, 31, 11, 32, 9, 13, 33, 12, 34, 18, 16, 19, 15, 41, 38, 40, 26, 17, 20, 6, 4, 0, 35, 1, 30];11156.0
[19, 41, 39, 42, 28, 29, 5, 27, 3, 30, 10, 31, 9, 32, 11, 6, 37, 38, 40, 13, 33, 14, 34, 12, 7, 8, 16, 20, 26, 25, 22, 21, 23, 24, 1, 36, 2, 35, 0, 4, 17, 18, 15];11152.0
[19, 16, 18, 14, 34, 13, 3, 36, 1, 27, 29, 6, 11, 20, 15, 12, 33, 40, 39, 42, 38, 41, 26, 24, 23, 25, 21, 37, 8, 32, 9, 31, 10, 5, 2, 28, 22, 35, 0, 4, 7, 30, 17];5828.0
[39, 40, 25, 21, 23, 24, 26, 10, 31, 8, 19, 17, 20, 12, 16, 18, 15, 2, 28, 1, 30, 27, 3, 7, 29, 6, 37, 35, 36, 22, 0, 4, 5, 11, 32, 9, 13, 34, 14, 33, 42, 38, 41];5856.0
[16, 34, 13, 5, 11, 31, 8, 17, 19, 42, 38, 41, 25, 23, 0, 4, 39, 40, 30, 7, 29, 12, 33, 14, 6, 2, 28, 1, 27, 3, 10, 32, 9, 37, 36, 35, 21, 22, 24, 26, 18, 15, 20];11184.0
[3, 28, 30, 5, 36, 1, 27, 29, 6, 9, 32, 8, 2, 24, 23, 21, 0, 4, 41, 39, 42, 38, 40, 26, 25, 10, 7, 13, 33, 14, 34, 12, 31, 11, 18, 17, 20, 15, 19, 16, 37, 22, 35];5850.0
[25, 26, 24, 23, 35, 3, 30, 27, 1, 28, 2, 4, 0, 39, 42, 33, 14, 6, 8, 32, 11, 7, 29, 13, 34, 12, 19, 16, 20, 15, 41, 38, 40, 18, 17, 5, 10, 31, 9, 37, 36, 21, 22];11167.0
[19, 16, 18, 14, 34, 32, 10, 29, 6, 8, 31, 11, 5, 41, 38, 40, 39, 42, 26, 13, 33, 12, 7, 9, 30, 27, 3, 28, 1, 4, 0, 35, 2, 36, 24, 23, 25, 21, 22, 37, 15, 20, 17];5804.0
[33, 13, 7, 15, 19, 16, 10, 31, 29, 5, 41, 39, 40, 14, 34, 12, 11, 30, 26, 25, 28, 3, 27, 2, 36, 1, 6, 9, 32, 8, 37, 4, 0, 35, 21, 22, 24, 23, 38, 42, 18, 17, 20];11181.0
[27, 24, 21, 22, 37, 8, 31, 11, 6, 12, 41, 38, 4, 0, 3, 36, 35, 23, 25, 26, 40, 39, 42, 7, 30, 5, 9, 20, 15, 19, 17, 18, 16, 34, 14, 33, 13, 32, 10, 29, 1, 28, 2];11147.0
[4, 0, 37, 41, 38, 42, 39, 40, 25, 21, 23, 24, 26, 33, 13, 34, 8, 32, 11, 31, 10, 5, 1, 36, 3, 27, 2, 35, 22, 28, 29, 6, 30, 7, 14, 9, 19, 15, 18, 17, 20, 16, 12];5830.0
[30, 17, 19, 16, 3, 36, 2, 27, 1, 28, 29, 5, 33, 12, 34, 13, 10, 6, 14, 26, 40, 39, 41, 38, 42, 18, 15, 20, 11, 31, 9, 32, 8, 4, 0, 35, 22, 21, 23, 24, 25, 37, 7];5800.0
[5, 11, 31, 29, 7, 30, 10, 6, 2, 28, 3, 36, 1, 42, 39, 41, 38, 40, 26, 25, 22, 21, 27, 32, 8, 17, 20, 16, 18, 15, 19, 14, 33, 12, 34, 13, 9, 37, 4, 0, 35, 23, 24];5814.0
[40, 3, 28, 38, 41, 14, 34, 12, 19, 15, 20, 11, 5, 36, 1, 16, 18, 17, 26, 25, 21, 24, 23, 0, 4, 37, 13, 33, 10, 31, 9, 32, 8, 30, 6, 2, 35, 22, 27, 29, 7, 42, 39];11199.0
[6, 30, 5, 36, 37, 2, 28, 3, 24, 21, 23, 25, 10, 31, 11, 7, 14, 33, 12, 8, 32, 9, 20, 16, 18, 15, 19, 17, 13, 34, 29, 4, 0, 35, 22, 1, 27, 26, 41, 38, 42, 39, 40];5834.0
[4, 5, 32, 10, 29, 6, 11, 2, 28, 3, 27, 1, 37, 7, 30, 13, 26, 41, 38, 42, 39, 40, 17, 19, 16, 20, 15, 18, 33, 14, 34, 12, 9, 31, 8, 25, 24, 21, 23, 35, 36, 22, 0];5822.0
[39, 40, 33, 14, 34, 19, 17, 4, 0, 1, 28, 3, 6, 29, 20, 16, 13, 18, 15, 41, 38, 42, 30, 8, 32, 9, 7, 2, 27, 24, 26, 12, 10, 31, 11, 5, 37, 36, 35, 22, 21, 23, 25];11196.0
[35, 36, 3, 40, 38, 4, 0, 28, 2, 27, 1, 29, 5, 13, 42, 39, 41, 33, 14, 34, 12, 9, 32, 8, 31, 18, 16, 20, 17, 6, 10, 30, 25, 23, 21, 22, 24, 26, 15, 19, 11, 7, 37];11160.0
[41, 9, 32, 10, 30, 6, 36, 35, 2, 7, 8, 31, 11, 12, 42, 38, 40, 34, 14, 28, 1, 0, 4, 37, 15, 18, 17, 20, 13, 33, 26, 24, 21, 22, 27, 29, 5, 19, 16, 3, 23, 25, 39];11215.0
[10, 5, 2, 30, 6, 42, 39, 21, 23, 35, 36, 17, 19, 26, 24, 22, 25, 7, 9, 32, 8, 29, 28, 1, 27, 3, 41, 38, 40, 34, 12, 33, 14, 31, 11, 37, 0, 4, 15, 20, 16, 18, 13];11210.0
[19, 16, 28, 21, 23, 38, 42, 13, 8, 31, 10, 1, 27, 3, 5, 12, 34, 29, 6, 17, 20, 15, 18, 41, 39, 40, 26, 33, 14, 11, 32, 9, 2, 36, 22, 24, 25, 37, 35, 0, 4, 7, 30];11202.0
[6, 30, 34, 13, 11, 32, 9, 5, 4, 0, 3, 36, 12, 33, 14, 10, 7, 2, 28, 1, 27, 29, 31, 8, 18, 17, 19, 40, 39, 41, 38, 42, 16, 20, 15, 37, 35, 22, 25, 21, 23, 24, 26];5817.0
[0, 28, 11, 31, 8, 32, 9, 37, 35, 36, 1, 14, 33, 26, 25, 23, 21, 22, 24, 2, 27, 3, 29, 6, 30, 40, 39, 41, 38, 42, 17, 18, 15, 19, 16, 20, 10, 5, 13, 34, 12, 7, 4];5806.0
[34, 20, 17, 7, 30, 26, 40, 39, 5, 10, 32, 8, 28, 1, 37, 35, 3, 15, 19, 16, 18, 9, 31, 11, 29, 27, 2, 36, 24, 22, 21, 23, 25, 0, 4, 6, 14, 33, 13, 42, 38, 41, 12];11186.0
[0, 27, 1, 39, 41, 14, 11, 29, 31, 10, 3, 36, 2, 28, 30, 5, 12, 34, 9, 32, 8, 6, 33, 13, 7, 37, 35, 22, 24, 21, 23, 25, 40, 38, 42, 26, 18, 16, 20, 15, 19, 17, 4];11161.0
[19, 34, 12, 8, 6, 37, 5, 14, 26, 42, 39, 41, 38, 40, 4, 0, 1, 28, 30, 7, 29, 27, 2, 35, 23, 21, 22, 25, 24, 3, 36, 9, 32, 11, 31, 10, 20, 16, 18, 15, 13, 33, 17];5831.0
[27, 3, 28, 42, 39, 40, 38, 41, 34, 13, 11, 7, 2, 37, 35, 36, 1, 5, 30, 18, 16, 19, 17, 20, 15, 14, 33, 12, 25, 26, 24, 23, 21, 22, 0, 4, 8, 32, 10, 31, 9, 6, 29];5812.0
[17, 19, 42, 38, 6, 30, 5, 29, 9, 31, 8, 27, 2, 13, 33, 12, 34, 26, 25, 21, 22, 24, 23, 35, 1, 37, 7, 14, 10, 32, 11, 28, 3, 36, 0, 4, 40, 39, 41, 15, 20, 16, 18];11142.0
[15, 18, 26, 25, 42, 38, 40, 7, 29, 6, 12, 33, 14, 34, 11, 31, 8, 3, 24, 23, 21, 22, 2, 28, 30, 9, 32, 10, 41, 39, 27, 1, 36, 35, 0, 4, 37, 5, 13, 17, 20, 16, 19];11163.0
[7, 40, 39, 41, 37, 6, 4, 0, 3, 12, 33, 26, 25, 21, 23, 36, 1, 27, 2, 35, 22, 24, 28, 38, 42, 14, 34, 8, 29, 17, 18, 16, 19, 15, 20, 13, 9, 32, 11, 31, 10, 5, 30];11178.0
[36, 9, 7, 28, 2, 16, 18, 17, 19, 15, 13, 20, 11, 32, 8, 31, 10, 5, 1, 0, 4, 37, 12, 34, 14, 33, 29, 6, 30, 3, 35, 23, 24, 21, 25, 26, 40, 38, 42, 39, 41, 27, 22];5852.0
[33, 5, 30, 26, 25, 21, 22, 24, 23, 37, 7, 13, 34, 12, 10, 3, 28, 2, 42, 39, 41, 38, 40, 19, 17, 29, 6, 8, 32, 11, 31, 9, 4, 0, 35, 36, 1, 27, 15, 20, 16, 18, 14];5826.0
[27, 3, 24, 25, 26, 42, 38, 41, 30, 7, 14, 33, 13, 34, 12, 11, 6, 29, 1, 28, 32, 9, 31, 8, 5, 36, 2, 4, 0, 23, 21, 22, 35, 37, 39, 40, 16, 19, 15, 20, 17, 18, 10];11133.0
[22, 27, 30, 6, 29, 5, 4, 0, 1, 11, 31, 8, 37, 21, 23, 24, 26, 19, 17, 34, 13, 33, 14, 15, 20, 16, 18, 10, 32, 9, 28, 3, 35, 36, 2, 7, 12, 41, 38, 42, 39, 40, 25];5860.0
[40, 36, 35, 37, 11, 31, 5, 12, 10, 32, 8, 30, 6, 9, 7, 29, 28, 21, 22, 0, 4, 33, 14, 34, 13, 3, 27, 1, 26, 25, 23, 24, 2, 15, 18, 16, 19, 17, 20, 42, 39, 41, 38];5858.0
[25, 21, 23, 28, 29, 5, 12, 33, 13, 34, 14, 30, 7, 9, 31, 10, 32, 11, 37, 4, 0, 35, 2, 36, 3, 27, 6, 8, 18, 16, 20, 15, 1, 22, 24, 26, 17, 19, 41, 39, 40, 38, 42];5825.0
[42, 6, 10, 7, 30, 5, 28, 3, 16, 18, 9, 32, 11, 31, 19, 17, 20, 15, 14, 33, 12, 41, 39, 40, 26, 13, 34, 8, 29, 27, 2, 36, 35, 23, 25, 21, 22, 24, 1, 0, 4, 37, 38];11154.0
[41, 26, 17, 19, 10, 31, 18, 15, 20, 16, 33, 13, 1, 27, 21, 23, 36, 35, 3, 6, 14, 34, 12, 8, 32, 11, 29, 7, 9, 37, 2, 5, 30, 28, 0, 4, 25, 22, 24, 40, 38, 42, 39];5868.0
[22, 37, 5, 24, 23, 36, 2, 28, 3, 6, 13, 34, 12, 19, 15, 18, 29, 27, 1, 35, 0, 4, 8, 31, 9, 32, 11, 40, 39, 41, 38, 42, 26, 16, 20, 17, 14, 33, 10, 7, 30, 25, 21];5855.0
[24, 22, 0, 4, 37, 36, 1, 6, 29, 13, 33, 14, 34, 10, 31, 9, 32, 8, 26, 25, 21, 23, 35, 3, 28, 30, 7, 11, 5, 17, 19, 42, 38, 40, 39, 41, 20, 16, 18, 15, 12, 2, 27];5828.0
[11, 37, 7, 30, 5, 18, 17, 19, 16, 20, 15, 6, 29, 33, 14, 2, 36, 1, 27, 40, 38, 41, 39, 42, 13, 34, 8, 31, 10, 32, 9, 3, 28, 4, 0, 35, 22, 21, 23, 24, 25, 26, 12];5802.0
[1, 5, 11, 31, 10, 36, 35, 0, 4, 2, 37, 39, 42, 13, 34, 12, 33, 26, 40, 38, 41, 15, 20, 9, 32, 8, 6, 19, 17, 18, 16, 14, 29, 28, 24, 22, 21, 23, 25, 7, 30, 3, 27];11157.0
[4, 37, 5, 29, 10, 31, 11, 28, 1, 36, 2, 24, 27, 3, 30, 6, 12, 33, 14, 34, 13, 9, 32, 8, 7, 41, 39, 40, 38, 42, 18, 17, 20, 16, 19, 15, 26, 25, 23, 21, 22, 35, 0];5794.0
[28, 36, 1, 7, 14, 34, 12, 33, 13, 18, 15, 37, 5, 9, 30, 6, 4, 0, 3, 27, 29, 40, 39, 41, 38, 42, 26, 17, 19, 16, 20, 8, 31, 10, 32, 11, 24, 25, 22, 21, 23, 35, 2];5822.0
[5, 8, 6, 30, 7, 2, 28, 29, 13, 33, 12, 34, 14, 9, 32, 10, 31, 11, 37, 4, 0, 22, 21, 23, 25, 24, 36, 35, 3, 27, 1, 26, 40, 38, 41, 39, 42, 15, 18, 16, 20, 17, 19];5785.0
[39, 41, 17, 19, 16, 8, 32, 10, 20, 40, 38, 42, 24, 26, 25, 37, 5, 29, 7, 13, 33, 12, 34, 14, 11, 18, 15, 1, 28, 2, 27, 3, 31, 9, 30, 6, 4, 0, 23, 21, 22, 36, 35];11195.0
[8, 28, 3, 27, 1, 36, 2, 30, 7, 37, 4, 0, 35, 22, 25, 21, 23, 24, 40, 39, 41, 38, 42, 26, 34, 14, 33, 13, 6, 29, 5, 10, 31, 9, 32, 11, 20, 15, 19, 17, 18, 16, 12];5778.0
[21, 23, 24, 27, 30, 10, 32, 11, 31, 9, 20, 17, 7, 37, 35, 36, 1, 42, 39, 41, 38, 40, 14, 8, 6, 13, 34, 12, 33, 29, 5, 3, 28, 2, 0, 4, 15, 19, 16, 18, 26, 25, 22];5825.0
[1, 28, 2, 27, 3, 9, 29, 6, 30, 5, 25, 26, 41, 39, 42, 38, 40, 7, 10, 31, 11, 32, 8, 36, 35, 21, 22, 24, 23, 0, 4, 37, 12, 33, 14, 34, 13, 19, 16, 18, 15, 20, 17];5801.0
[29, 2, 27, 3, 16, 19, 9, 31, 11, 30, 5, 33, 13, 7, 28, 1, 36, 35, 22, 21, 23, 4, 0, 39, 40, 26, 24, 25, 37, 8, 32, 10, 18, 17, 20, 15, 42, 38, 41, 14, 34, 12, 6];11170.0
[23, 1, 12, 34, 13, 10, 29, 42, 39, 3, 27, 2, 36, 11, 32, 16, 18, 15, 19, 17, 20, 8, 31, 9, 5, 4, 0, 35, 37, 6, 30, 7, 14, 33, 28, 21, 22, 24, 26, 41, 38, 40, 25];11180.0
[14, 34, 7, 29, 10, 5, 13, 33, 42, 38, 37, 6, 11, 32, 9, 1, 28, 30, 8, 31, 3, 36, 2, 27, 25, 4, 0, 35, 23, 21, 22, 24, 26, 41, 39, 40, 20, 16, 18, 17, 12, 19, 15];11160.0
[27, 3, 37, 8, 5, 29, 33, 40, 38, 41, 39, 42, 11, 31, 9, 6, 13, 34, 12, 4, 0, 2, 7, 10, 32, 19, 16, 18, 15, 20, 17, 28, 1, 36, 35, 23, 21, 22, 25, 24, 26, 14, 30];5826.0
[3, 28, 39, 40, 26, 6, 30, 5, 29, 27, 23, 21, 22, 24, 25, 37, 4, 0, 1, 7, 33, 14, 41, 38, 42, 16, 20, 8, 31, 11, 2, 35, 36, 13, 34, 12, 17, 18, 15, 19, 9, 32, 10];11169.0
[40, 13, 8, 29, 7, 30, 10, 31, 11, 6, 1, 0, 4, 5, 17, 20, 14, 34, 12, 33, 26, 24, 23, 28, 3, 9, 32, 18, 15, 19, 16, 25, 21, 22, 35, 36, 2, 27, 42, 39, 37, 41, 38];11198.0
[13, 6, 41, 38, 42, 39, 40, 1, 36, 2, 28, 5, 29, 9, 31, 8, 4, 0, 35, 22, 3, 27, 30, 10, 32, 11, 18, 15, 19, 17, 20, 16, 25, 21, 23, 24, 26, 37, 7, 14, 33, 12, 34];5832.0
[27, 15, 18, 29, 9, 31, 11, 5, 3, 36, 22, 24, 21, 23, 35, 37, 41, 39, 40, 38, 42, 26, 25, 8, 32, 10, 6, 30, 1, 28, 0, 4, 7, 20, 16, 19, 17, 12, 33, 14, 34, 13, 2];5843.0
[35, 36, 0, 4, 37, 25, 23, 24, 26, 41, 38, 40, 39, 42, 34, 13, 10, 31, 19, 16, 20, 9, 32, 8, 30, 5, 3, 28, 1, 27, 6, 11, 7, 29, 12, 33, 15, 18, 17, 14, 2, 22, 21];5835.0
[7, 28, 1, 21, 22, 27, 6, 8, 32, 9, 29, 5, 30, 10, 31, 11, 37, 35, 0, 4, 13, 33, 14, 34, 12, 26, 25, 23, 24, 42, 38, 41, 39, 40, 3, 36, 2, 16, 20, 15, 18, 17, 19];5841.0
[24, 28, 6, 29, 5, 13, 34, 14, 33, 26, 25, 37, 7, 10, 31, 8, 2, 36, 1, 12, 42, 39, 40, 38, 41, 15, 18, 16, 19, 17, 20, 9, 32, 11, 30, 27, 3, 4, 0, 35, 22, 21, 23];5804.0
[2, 9, 31, 11, 6, 30, 33, 14, 34, 13, 29, 7, 36, 24, 21, 22, 35, 1, 28, 3, 37, 4, 0, 23, 25, 26, 17, 20, 12, 16, 18, 15, 42, 38, 41, 39, 40, 19, 8, 32, 10, 5, 27];5836.0
[17, 41, 38, 40, 39, 42, 26, 11, 32, 9, 29, 7, 30, 6, 36, 3, 0, 4, 35, 22, 21, 23, 24, 25, 37, 5, 16, 18, 8, 31, 10, 1, 28, 2, 27, 14, 34, 13, 33, 12, 19, 15, 20];5814.0
[29, 7, 30, 27, 1, 36, 3, 11, 31, 9, 37, 2, 28, 32, 10, 16, 18, 12, 33, 26, 25, 24, 22, 21, 23, 35, 0, 4, 15, 20, 17, 19, 41, 38, 40, 39, 42, 5, 14, 34, 13, 8, 6];5816.0
[18, 9, 32, 11, 30, 5, 27, 2, 35, 38, 42, 4, 0, 3, 28, 29, 13, 33, 12, 34, 14, 19, 17, 20, 15, 37, 36, 1, 23, 25, 21, 22, 24, 26, 40, 39, 41, 6, 8, 31, 10, 7, 16];11157.0
[18, 15, 19, 17, 20, 16, 36, 35, 2, 30, 10, 5, 1, 37, 39, 41, 25, 22, 24, 23, 21, 0, 4, 6, 29, 7, 13, 33, 14, 8, 42, 38, 40, 26, 34, 12, 31, 11, 27, 3, 28, 9, 32];11180.0
[29, 1, 7, 18, 15, 13, 8, 31, 11, 6, 4, 37, 5, 9, 32, 10, 30, 34, 14, 33, 2, 28, 3, 22, 25, 21, 23, 0, 35, 36, 16, 20, 17, 19, 26, 24, 27, 42, 39, 41, 38, 40, 12];5906.0
[19, 26, 12, 33, 14, 15, 18, 17, 20, 10, 2, 28, 24, 22, 27, 42, 39, 40, 38, 41, 13, 34, 30, 5, 29, 8, 32, 9, 7, 31, 11, 6, 1, 37, 25, 23, 21, 35, 0, 4, 3, 36, 16];5875.0
[18, 16, 37, 35, 0, 4, 5, 30, 9, 31, 8, 32, 10, 6, 12, 34, 13, 33, 14, 11, 29, 27, 2, 28, 3, 36, 1, 40, 39, 41, 38, 42, 15, 20, 17, 19, 26, 24, 22, 21, 23, 25, 7];5802.0
[37, 38, 41, 27, 1, 35, 0, 4, 29, 34, 12, 2, 28, 30, 14, 33, 13, 20, 16, 7, 11, 31, 10, 32, 9, 6, 8, 18, 17, 36, 3, 24, 22, 21, 23, 25, 26, 42, 39, 40, 19, 15, 5];11166.0
[29, 38, 40, 2, 27, 1, 28, 24, 23, 21, 22, 25, 26, 42, 39, 41, 34, 12, 8, 37, 4, 0, 3, 35, 36, 5, 9, 31, 10, 7, 17, 18, 15, 14, 33, 19, 16, 20, 13, 30, 6, 11, 32];11153.0
[35, 36, 2, 27, 1, 7, 14, 33, 12, 34, 13, 31, 10, 30, 6, 8, 32, 9, 5, 3, 28, 11, 29, 17, 18, 15, 20, 16, 19, 42, 38, 41, 39, 40, 26, 24, 23, 21, 22, 25, 37, 4, 0];5763.0
[39, 41, 2, 27, 3, 28, 29, 14, 33, 26, 25, 40, 38, 42, 4, 0, 1, 36, 12, 34, 13, 7, 30, 5, 10, 31, 9, 32, 8, 18, 16, 24, 22, 21, 23, 35, 37, 15, 19, 17, 20, 11, 6];11204.0
[19, 7, 29, 9, 31, 11, 28, 2, 36, 1, 27, 3, 23, 21, 22, 35, 0, 4, 6, 8, 32, 10, 37, 25, 24, 26, 13, 42, 38, 41, 39, 40, 18, 16, 14, 33, 12, 34, 30, 5, 17, 20, 15];5822.0
[12, 5, 29, 32, 9, 30, 34, 14, 8, 31, 11, 20, 17, 6, 19, 16, 18, 15, 36, 35, 0, 4, 37, 10, 7, 1, 28, 2, 27, 3, 24, 22, 21, 23, 25, 26, 40, 38, 42, 39, 41, 13, 33];5792.0
[7, 2, 0, 4, 37, 10, 5, 30, 13, 33, 14, 8, 3, 27, 22, 21, 23, 35, 36, 1, 6, 9, 32, 11, 31, 18, 15, 20, 17, 19, 16, 41, 38, 42, 39, 40, 12, 34, 26, 25, 24, 28, 29];5824.0
[36, 1, 27, 40, 38, 2, 28, 3, 6, 8, 32, 10, 7, 29, 5, 30, 13, 33, 12, 34, 14, 20, 16, 19, 17, 18, 15, 11, 31, 9, 37, 4, 0, 35, 22, 21, 23, 24, 25, 26, 42, 39, 41];11107.0
[39, 25, 22, 27, 40, 38, 42, 16, 19, 7, 2, 28, 3, 5, 30, 1, 36, 37, 4, 0, 35, 21, 23, 24, 26, 15, 18, 17, 20, 11, 6, 12, 34, 13, 33, 14, 8, 32, 10, 31, 9, 29, 41];11158.0
[7, 3, 24, 26, 42, 38, 41, 39, 40, 27, 1, 28, 2, 5, 9, 31, 10, 29, 33, 14, 25, 21, 22, 0, 4, 30, 8, 32, 11, 6, 18, 17, 20, 15, 19, 16, 37, 35, 23, 36, 13, 34, 12];5855.0
[8, 1, 36, 2, 37, 6, 4, 0, 35, 3, 27, 29, 15, 20, 16, 19, 17, 18, 14, 34, 12, 33, 13, 26, 42, 38, 40, 39, 41, 25, 23, 21, 22, 24, 28, 30, 5, 9, 7, 11, 31, 10, 32];5795.0
[36, 35, 2, 29, 14, 7, 1, 27, 30, 8, 5, 3, 24, 21, 23, 25, 26, 19, 16, 6, 10, 32, 9, 31, 11, 37, 4, 0, 22, 28, 12, 33, 13, 34, 42, 38, 40, 39, 41, 18, 15, 20, 17];5862.0
[8, 7, 4, 0, 2, 32, 11, 29, 6, 30, 13, 34, 14, 33, 10, 31, 9, 28, 1, 27, 3, 35, 23, 21, 22, 24, 25, 36, 26, 41, 38, 37, 5, 19, 16, 20, 15, 18, 17, 40, 39, 42, 12];11154.0
[40, 39, 41, 14, 33, 42, 38, 37, 3, 27, 2, 36, 1, 28, 15, 18, 13, 9, 31, 8, 29, 7, 12, 34, 26, 24, 25, 22, 21, 23, 35, 0, 4, 5, 16, 19, 17, 20, 6, 11, 32, 10, 30];11147.0
[4, 0, 35, 22, 37, 36, 1, 28, 3, 27, 2, 5, 29, 7, 14, 34, 12, 33, 13, 11, 32, 8, 30, 25, 21, 23, 24, 26, 15, 20, 16, 18, 17, 40, 38, 42, 39, 41, 19, 6, 10, 31, 9];5811.0
[7, 29, 27, 3, 36, 1, 34, 14, 33, 12, 8, 31, 10, 6, 30, 5, 4, 0, 22, 35, 37, 41, 38, 42, 39, 40, 2, 28, 17, 19, 16, 20, 13, 9, 32, 11, 15, 18, 26, 24, 23, 21, 25];5856.0
[15, 2, 36, 35, 22, 3, 28, 1, 6, 29, 27, 0, 4, 37, 7, 11, 5, 17, 20, 14, 9, 31, 30, 8, 32, 10, 26, 25, 21, 23, 24, 40, 39, 42, 38, 41, 12, 33, 13, 34, 18, 16, 19];5847.0
[33, 42, 38, 40, 39, 41, 17, 18, 16, 20, 11, 31, 8, 19, 15, 12, 9, 32, 10, 5, 30, 7, 3, 28, 2, 6, 26, 25, 23, 21, 22, 24, 27, 1, 36, 35, 0, 4, 37, 14, 34, 13, 29];5800.0
[10, 6, 37, 7, 30, 27, 1, 28, 34, 12, 20, 17, 19, 16, 3, 24, 22, 25, 26, 42, 38, 40, 39, 41, 4, 0, 23, 21, 35, 36, 2, 15, 18, 14, 33, 13, 11, 31, 8, 32, 9, 29, 5];5835.0
[29, 13, 33, 14, 6, 30, 7, 9, 31, 11, 32, 10, 36, 2, 27, 1, 41, 38, 40, 39, 42, 12, 34, 28, 3, 4, 0, 22, 25, 26, 16, 18, 17, 20, 15, 19, 8, 5, 37, 35, 21, 23, 24];5830.0
[34, 10, 5, 29, 11, 31, 9, 32, 8, 19, 17, 20, 16, 4, 0, 36, 1, 21, 22, 24, 26, 25, 23, 35, 2, 27, 3, 28, 30, 6, 15, 18, 33, 12, 40, 39, 42, 38, 41, 13, 37, 7, 14];5829.0
[6, 17, 18, 7, 29, 5, 30, 28, 1, 36, 9, 31, 10, 19, 16, 2, 27, 3, 41, 38, 42, 39, 40, 8, 32, 11, 20, 15, 14, 33, 12, 34, 13, 4, 0, 35, 23, 21, 22, 24, 26, 25, 37];5832.0
[28, 4, 0, 39, 42, 29, 6, 19, 15, 36, 2, 12, 34, 8, 7, 30, 5, 14, 33, 13, 37, 35, 22, 21, 23, 24, 25, 41, 38, 40, 26, 16, 18, 17, 20, 11, 32, 10, 31, 9, 3, 27, 1];11170.0
[18, 10, 7, 30, 39, 41, 19, 17, 13, 33, 9, 31, 8, 5, 26, 25, 21, 24, 23, 36, 1, 14, 34, 12, 40, 38, 42, 37, 4, 0, 22, 35, 3, 27, 2, 28, 29, 32, 11, 6, 15, 20, 16];11188.0
[22, 25, 15, 20, 17, 2, 37, 36, 1, 0, 4, 7, 30, 5, 29, 40, 39, 41, 13, 34, 14, 33, 12, 26, 24, 28, 11, 31, 9, 32, 8, 18, 16, 19, 10, 6, 3, 27, 42, 38, 35, 23, 21];11199.0
[10, 2, 35, 36, 37, 25, 26, 14, 34, 13, 29, 28, 1, 0, 4, 6, 11, 31, 8, 7, 27, 24, 22, 21, 23, 3, 12, 33, 19, 15, 20, 16, 41, 38, 40, 39, 42, 17, 18, 5, 30, 9, 32];5846.0
[17, 37, 5, 29, 8, 31, 10, 41, 39, 42, 38, 40, 19, 15, 20, 14, 33, 13, 1, 36, 35, 0, 4, 9, 32, 11, 30, 7, 12, 34, 26, 24, 25, 22, 21, 23, 28, 2, 27, 3, 6, 16, 18];5824.0
[40, 33, 12, 30, 7, 36, 2, 28, 3, 27, 29, 5, 14, 34, 13, 9, 1, 24, 25, 22, 21, 23, 35, 0, 4, 37, 11, 32, 8, 31, 10, 6, 19, 17, 18, 15, 20, 16, 26, 42, 39, 41, 38];5786.0
[30, 5, 36, 35, 37, 8, 18, 16, 20, 14, 33, 12, 34, 17, 19, 15, 3, 28, 2, 7, 9, 31, 10, 32, 11, 29, 6, 40, 39, 41, 38, 42, 13, 26, 24, 23, 21, 22, 25, 4, 0, 1, 27];5824.0
[37, 16, 20, 15, 12, 9, 29, 7, 27, 3, 28, 2, 4, 0, 35, 22, 36, 5, 1, 11, 32, 10, 31, 19, 17, 18, 26, 25, 21, 23, 24, 42, 39, 40, 38, 41, 34, 14, 33, 13, 8, 30, 6];5845.0
[37, 13, 41, 38, 14, 33, 12, 34, 16, 19, 26, 24, 25, 21, 22, 28, 1, 7, 30, 8, 31, 9, 6, 29, 11, 32, 10, 4, 0, 35, 23, 27, 3, 36, 2, 42, 39, 40, 15, 20, 17, 18, 5];11183.0
[15, 19, 16, 4, 0, 35, 2, 29, 5, 14, 33, 12, 34, 13, 37, 21, 23, 28, 8, 32, 11, 31, 9, 7, 30, 6, 26, 25, 22, 24, 27, 3, 36, 1, 10, 18, 41, 39, 40, 38, 42, 17, 20];5839.0
[18, 34, 12, 16, 20, 9, 32, 8, 37, 3, 27, 1, 28, 7, 19, 17, 14, 33, 13, 10, 31, 11, 29, 5, 30, 6, 41, 38, 42, 39, 40, 2, 36, 35, 0, 4, 25, 22, 21, 23, 24, 26, 15];5820.0
[10, 7, 29, 6, 26, 24, 3, 27, 2, 12, 33, 13, 42, 38, 37, 36, 35, 0, 4, 5, 9, 31, 8, 32, 11, 30, 40, 39, 41, 14, 34, 28, 1, 22, 21, 23, 25, 15, 20, 16, 18, 17, 19];11172.0
[8, 28, 30, 6, 10, 29, 7, 13, 34, 42, 39, 41, 38, 40, 14, 33, 12, 31, 9, 32, 11, 5, 19, 17, 18, 16, 3, 27, 2, 36, 35, 1, 24, 26, 25, 22, 21, 23, 0, 4, 37, 15, 20];5821.0
[36, 3, 9, 16, 18, 31, 8, 32, 10, 29, 5, 11, 30, 6, 1, 28, 24, 21, 22, 25, 37, 7, 14, 34, 26, 41, 39, 42, 38, 40, 15, 20, 13, 33, 12, 19, 17, 4, 0, 35, 23, 27, 2];5853.0
[6, 37, 4, 0, 2, 5, 10, 3, 27, 1, 35, 36, 38, 42, 20, 16, 18, 7, 11, 32, 8, 31, 9, 30, 12, 33, 14, 34, 13, 41, 39, 40, 15, 19, 17, 28, 23, 21, 22, 24, 25, 26, 29];11155.0
[34, 14, 1, 27, 26, 25, 37, 36, 2, 5, 30, 12, 33, 10, 29, 7, 11, 32, 8, 31, 9, 6, 4, 0, 35, 23, 24, 21, 22, 28, 3, 16, 20, 15, 19, 17, 18, 13, 42, 38, 40, 39, 41];5827.0
[14, 29, 34, 13, 30, 7, 10, 32, 11, 31, 8, 6, 12, 33, 26, 25, 3, 28, 40, 38, 42, 39, 41, 1, 27, 2, 5, 20, 15, 18, 17, 4, 0, 23, 21, 22, 24, 35, 36, 37, 9, 19, 16];5867.0
[20, 10, 2, 36, 3, 35, 0, 4, 7, 30, 6, 41, 38, 42, 39, 40, 28, 1, 27, 14, 33, 12, 34, 13, 31, 9, 32, 8, 29, 5, 11, 19, 15, 18, 16, 26, 25, 21, 23, 24, 22, 37, 17];5822.0
[8, 31, 11, 6, 12, 34, 14, 33, 13, 5, 37, 4, 0, 36, 3, 35, 23, 24, 21, 22, 25, 26, 16, 20, 17, 18, 15, 19, 7, 10, 32, 9, 30, 41, 38, 40, 39, 42, 2, 27, 1, 28, 29];5784.0
[23, 2, 27, 5, 30, 6, 1, 24, 22, 25, 26, 10, 31, 11, 29, 40, 38, 41, 39, 42, 28, 3, 16, 18, 17, 20, 8, 32, 9, 14, 33, 13, 34, 12, 36, 35, 0, 4, 15, 19, 7, 37, 21];5873.0
[23, 36, 1, 28, 2, 5, 9, 30, 7, 8, 6, 29, 40, 39, 42, 38, 41, 26, 25, 24, 3, 27, 15, 20, 34, 13, 33, 14, 31, 10, 32, 11, 18, 16, 19, 17, 12, 37, 4, 0, 35, 22, 21];5813.0
[5, 29, 1, 28, 2, 35, 36, 3, 27, 30, 32, 11, 7, 17, 19, 14, 33, 12, 34, 16, 20, 15, 18, 8, 31, 10, 6, 42, 39, 41, 38, 40, 26, 13, 9, 37, 25, 22, 21, 24, 23, 0, 4];5827.0
[20, 32, 10, 37, 39, 40, 13, 33, 12, 5, 9, 29, 4, 0, 22, 35, 36, 6, 30, 8, 31, 11, 1, 28, 2, 7, 14, 34, 41, 38, 42, 19, 17, 26, 25, 21, 24, 23, 27, 3, 16, 18, 15];11194.0
[31, 9, 32, 11, 5, 29, 7, 2, 27, 36, 1, 35, 0, 4, 28, 3, 37, 25, 23, 21, 22, 24, 26, 17, 19, 15, 12, 34, 8, 18, 16, 20, 13, 33, 14, 42, 38, 40, 39, 41, 30, 6, 10];5796.0
[12, 36, 1, 28, 2, 27, 3, 5, 8, 32, 29, 34, 13, 16, 19, 11, 7, 30, 6, 10, 31, 9, 37, 22, 35, 0, 4, 25, 21, 23, 24, 26, 17, 18, 15, 20, 14, 33, 41, 38, 42, 39, 40];5827.0
[40, 14, 11, 7, 1, 28, 30, 19, 15, 18, 41, 38, 25, 22, 27, 32, 10, 6, 36, 3, 16, 20, 17, 2, 35, 0, 4, 5, 29, 12, 34, 13, 37, 21, 23, 24, 26, 33, 8, 31, 9, 42, 39];11217.0
[16, 19, 32, 9, 29, 7, 30, 6, 10, 31, 8, 37, 5, 11, 20, 17, 28, 2, 27, 1, 4, 0, 35, 36, 3, 24, 23, 21, 22, 25, 26, 42, 39, 41, 38, 40, 13, 34, 14, 33, 12, 15, 18];5784.0
[30, 5, 17, 20, 16, 19, 29, 28, 1, 21, 23, 35, 2, 36, 27, 3, 11, 31, 10, 13, 40, 39, 42, 38, 41, 34, 14, 33, 12, 9, 32, 8, 7, 4, 0, 22, 24, 26, 25, 37, 15, 18, 6];5849.0
[1, 29, 41, 39, 4, 0, 2, 6, 9, 37, 22, 24, 21, 25, 40, 38, 42, 26, 3, 27, 23, 35, 36, 7, 13, 34, 12, 33, 5, 30, 8, 32, 11, 31, 10, 20, 17, 19, 14, 16, 18, 15, 28];11220.0
[5, 1, 28, 2, 37, 38, 41, 20, 17, 29, 3, 27, 22, 35, 36, 9, 6, 30, 12, 34, 14, 33, 13, 40, 39, 42, 16, 19, 15, 18, 26, 25, 24, 21, 23, 0, 4, 7, 11, 32, 8, 31, 10];11161.0
[11, 37, 4, 0, 3, 36, 6, 9, 31, 8, 5, 1, 27, 29, 10, 7, 30, 28, 2, 35, 22, 21, 23, 25, 24, 26, 12, 33, 40, 38, 41, 39, 42, 16, 18, 15, 13, 19, 17, 20, 34, 14, 32];5814.0
[33, 11, 4, 0, 1, 42, 38, 16, 18, 13, 34, 14, 40, 39, 41, 5, 29, 6, 37, 35, 21, 22, 24, 23, 25, 26, 15, 19, 10, 31, 8, 32, 9, 36, 3, 27, 2, 28, 30, 7, 20, 17, 12];11187.0
[28, 14, 33, 9, 31, 11, 3, 0, 4, 12, 34, 13, 29, 6, 36, 1, 23, 35, 37, 7, 30, 27, 24, 22, 21, 25, 26, 10, 32, 8, 5, 18, 17, 20, 15, 19, 16, 40, 38, 41, 39, 42, 2];5858.0
[37, 12, 11, 7, 30, 5, 1, 28, 3, 36, 2, 27, 41, 38, 42, 39, 40, 26, 25, 6, 10, 32, 8, 31, 9, 29, 34, 13, 33, 14, 18, 15, 20, 17, 19, 16, 4, 0, 23, 21, 22, 24, 35];5808.0
[19, 29, 28, 3, 27, 1, 37, 17, 20, 8, 7, 30, 6, 14, 33, 13, 34, 12, 32, 10, 5, 36, 2, 9, 31, 11, 40, 38, 41, 39, 42, 26, 25, 24, 21, 23, 35, 22, 0, 4, 15, 18, 16];5822.0
[31, 11, 6, 38, 42, 26, 25, 29, 13, 33, 12, 3, 36, 40, 39, 41, 5, 37, 4, 0, 35, 1, 16, 19, 15, 18, 17, 20, 10, 28, 23, 24, 21, 22, 2, 27, 30, 7, 14, 34, 8, 32, 9];11177.0
[18, 16, 36, 2, 30, 7, 11, 32, 9, 5, 1, 24, 23, 28, 3, 27, 29, 13, 34, 12, 33, 41, 39, 40, 38, 42, 14, 6, 8, 31, 10, 37, 4, 0, 35, 21, 22, 25, 26, 20, 15, 19, 17];5823.0
[29, 6, 15, 18, 26, 24, 23, 0, 4, 38, 40, 13, 33, 9, 31, 8, 27, 1, 28, 2, 36, 35, 37, 5, 12, 34, 14, 42, 39, 41, 19, 17, 20, 16, 25, 21, 22, 3, 30, 10, 32, 11, 7];11180.0
[41, 25, 26, 8, 32, 11, 31, 9, 5, 29, 1, 35, 0, 4, 37, 14, 34, 13, 10, 7, 33, 12, 18, 17, 3, 27, 21, 23, 24, 16, 19, 15, 20, 30, 6, 36, 22, 28, 2, 40, 38, 42, 39];5897.0
[3, 25, 26, 41, 39, 37, 4, 0, 35, 36, 2, 27, 29, 42, 38, 40, 7, 30, 6, 9, 31, 11, 32, 8, 5, 14, 33, 12, 34, 13, 18, 16, 19, 15, 20, 17, 10, 1, 22, 21, 23, 24, 28];11133.0
[35, 2, 29, 9, 5, 20, 16, 18, 17, 19, 15, 14, 34, 40, 39, 37, 7, 1, 28, 41, 38, 42, 6, 30, 4, 0, 22, 24, 21, 25, 26, 12, 33, 13, 10, 31, 8, 32, 11, 27, 3, 36, 23];11177.0
[38, 42, 1, 36, 35, 0, 4, 37, 2, 7, 10, 19, 14, 33, 32, 11, 6, 29, 28, 24, 23, 3, 5, 8, 31, 9, 30, 27, 22, 21, 25, 26, 16, 20, 17, 18, 15, 13, 34, 12, 40, 39, 41];5846.0
[31, 8, 25, 26, 16, 20, 17, 1, 27, 14, 34, 12, 33, 13, 7, 29, 6, 9, 19, 15, 18, 30, 5, 37, 21, 23, 4, 0, 22, 24, 42, 38, 41, 39, 40, 28, 2, 35, 36, 3, 11, 32, 10];5880.0
[37, 35, 3, 15, 19, 17, 18, 6, 10, 5, 30, 42, 39, 40, 38, 41, 33, 12, 36, 1, 28, 24, 27, 2, 16, 20, 8, 31, 9, 32, 11, 29, 7, 4, 0, 23, 21, 22, 25, 26, 13, 34, 14];5854.0
[0, 4, 29, 12, 33, 19, 15, 20, 7, 17, 18, 16, 27, 1, 28, 3, 35, 23, 24, 26, 25, 21, 22, 36, 2, 8, 32, 11, 31, 10, 6, 30, 5, 41, 38, 40, 39, 42, 14, 34, 13, 9, 37];5830.0
[33, 13, 34, 9, 2, 24, 22, 35, 36, 3, 28, 1, 27, 30, 7, 29, 5, 11, 32, 8, 31, 10, 6, 40, 39, 37, 4, 0, 21, 23, 25, 26, 20, 16, 19, 17, 18, 15, 12, 41, 38, 42, 14];11142.0
[12, 18, 16, 2, 27, 36, 1, 39, 41, 30, 5, 29, 6, 8, 20, 17, 19, 15, 26, 42, 38, 40, 33, 14, 34, 13, 7, 11, 32, 9, 31, 10, 28, 3, 35, 22, 24, 23, 25, 21, 0, 4, 37];11167.0
[15, 5, 3, 28, 30, 6, 8, 29, 20, 14, 34, 12, 33, 13, 9, 32, 11, 31, 10, 7, 37, 4, 0, 35, 22, 24, 40, 38, 41, 39, 42, 27, 2, 36, 16, 18, 17, 1, 23, 21, 25, 26, 19];5860.0
[37, 38, 42, 13, 34, 12, 33, 14, 7, 18, 15, 19, 16, 6, 11, 4, 0, 2, 27, 30, 9, 31, 8, 32, 20, 17, 41, 39, 40, 26, 24, 23, 25, 10, 5, 29, 28, 3, 21, 22, 35, 1, 36];11170.0
[29, 7, 13, 33, 14, 26, 24, 2, 36, 3, 30, 6, 34, 12, 10, 32, 9, 15, 19, 16, 27, 22, 21, 23, 25, 11, 31, 8, 5, 18, 17, 20, 41, 39, 42, 38, 40, 37, 4, 0, 35, 1, 28];5850.0
[26, 5, 3, 27, 1, 37, 4, 0, 2, 8, 7, 14, 34, 13, 20, 15, 18, 16, 9, 32, 19, 17, 36, 35, 22, 28, 29, 6, 11, 31, 10, 30, 41, 39, 42, 38, 40, 33, 12, 24, 23, 21, 25];5874.0
[9, 37, 35, 0, 4, 38, 40, 7, 11, 31, 29, 27, 1, 24, 23, 3, 16, 20, 5, 30, 6, 42, 39, 41, 13, 34, 12, 33, 14, 10, 18, 17, 19, 15, 26, 25, 21, 22, 28, 2, 36, 8, 32];11187.0
[40, 26, 34, 13, 10, 5, 30, 1, 27, 3, 29, 28, 2, 4, 0, 35, 36, 6, 9, 32, 8, 31, 11, 7, 17, 19, 15, 18, 41, 38, 42, 16, 20, 12, 33, 14, 37, 25, 24, 23, 21, 22, 39];11148.0
[21, 28, 29, 9, 5, 12, 10, 32, 11, 7, 1, 37, 39, 40, 26, 25, 23, 24, 2, 4, 0, 35, 36, 3, 6, 8, 31, 30, 13, 33, 19, 17, 20, 16, 41, 38, 42, 15, 18, 14, 34, 27, 22];11183.0
[42, 29, 38, 41, 6, 10, 18, 15, 20, 26, 24, 28, 1, 14, 34, 13, 33, 12, 8, 32, 11, 31, 27, 2, 0, 4, 37, 36, 5, 30, 25, 22, 21, 23, 35, 3, 7, 9, 16, 19, 17, 40, 39];11197.0
[32, 8, 5, 36, 22, 24, 27, 1, 7, 29, 10, 6, 30, 33, 14, 37, 35, 23, 21, 25, 26, 3, 28, 2, 0, 4, 12, 34, 13, 41, 39, 40, 38, 42, 16, 20, 15, 18, 17, 19, 9, 31, 11];5831.0
[5, 27, 30, 7, 29, 10, 19, 15, 1, 24, 26, 16, 18, 17, 13, 33, 14, 11, 31, 9, 32, 8, 6, 37, 4, 0, 3, 28, 2, 23, 35, 36, 22, 21, 25, 41, 39, 40, 38, 42, 20, 12, 34];5880.0
[40, 5, 30, 10, 7, 2, 36, 37, 4, 0, 35, 27, 3, 14, 33, 8, 31, 20, 16, 18, 15, 19, 9, 32, 11, 6, 29, 28, 1, 24, 23, 21, 22, 25, 26, 17, 12, 34, 13, 41, 38, 42, 39];5810.0
[17, 2, 28, 1, 35, 36, 24, 27, 29, 11, 31, 8, 32, 10, 7, 14, 33, 12, 20, 15, 5, 9, 30, 6, 41, 38, 42, 39, 40, 34, 13, 3, 37, 4, 0, 23, 21, 22, 25, 26, 19, 16, 18];5841.0
[39, 30, 5, 29, 9, 7, 36, 37, 4, 0, 1, 42, 38, 41, 19, 17, 18, 15, 12, 33, 14, 34, 13, 10, 31, 8, 32, 11, 6, 2, 28, 3, 35, 22, 21, 23, 25, 24, 27, 16, 20, 26, 40];11155.0
[4, 15, 20, 7, 29, 5, 9, 18, 12, 26, 25, 21, 23, 24, 27, 17, 19, 16, 13, 34, 40, 38, 42, 39, 41, 36, 3, 28, 1, 6, 30, 14, 33, 10, 31, 11, 32, 8, 37, 2, 22, 35, 0];5866.0
[40, 8, 32, 9, 5, 26, 25, 41, 39, 37, 3, 27, 1, 36, 7, 11, 31, 10, 30, 34, 13, 33, 14, 28, 2, 35, 23, 21, 24, 22, 0, 4, 6, 29, 12, 15, 18, 16, 19, 17, 20, 42, 38];11168.0
[17, 3, 28, 2, 27, 29, 12, 34, 13, 33, 14, 9, 5, 30, 7, 42, 38, 40, 39, 41, 18, 16, 19, 26, 25, 21, 23, 36, 35, 22, 24, 1, 6, 11, 32, 10, 31, 8, 37, 0, 4, 15, 20];5840.0
[5, 37, 4, 0, 2, 28, 29, 6, 30, 9, 32, 19, 26, 41, 38, 42, 39, 40, 16, 18, 15, 20, 17, 3, 27, 1, 7, 14, 34, 10, 31, 11, 12, 33, 13, 36, 35, 22, 21, 23, 25, 24, 8];5829.0
[18, 17, 20, 15, 19, 10, 7, 3, 36, 2, 28, 0, 4, 5, 9, 31, 8, 32, 11, 29, 27, 1, 6, 12, 33, 13, 34, 14, 30, 40, 38, 42, 39, 41, 26, 25, 22, 24, 23, 21, 35, 37, 16];5788.0
[9, 14, 33, 12, 34, 13, 28, 0, 4, 7, 1, 36, 5, 2, 27, 3, 29, 11, 31, 8, 41, 39, 30, 6, 37, 35, 22, 21, 23, 24, 25, 42, 38, 40, 26, 15, 18, 16, 20, 17, 19, 10, 32];11156.0
[36, 6, 29, 41, 39, 42, 38, 40, 33, 14, 3, 0, 4, 30, 5, 9, 7, 13, 34, 10, 32, 8, 27, 1, 28, 11, 31, 20, 16, 19, 17, 18, 15, 37, 35, 23, 21, 22, 24, 25, 26, 12, 2];5831.0
[38, 25, 24, 30, 5, 11, 18, 15, 8, 31, 10, 32, 9, 6, 40, 39, 42, 34, 14, 37, 4, 0, 1, 12, 33, 13, 7, 29, 28, 22, 21, 23, 35, 36, 2, 27, 3, 16, 19, 17, 20, 26, 41];11188.0
[2, 27, 30, 20, 17, 18, 15, 1, 28, 29, 33, 12, 34, 13, 3, 36, 0, 4, 37, 7, 10, 31, 9, 6, 40, 39, 42, 38, 41, 26, 16, 19, 14, 8, 32, 11, 5, 25, 24, 22, 21, 23, 35];5821.0
[28, 1, 36, 6, 29, 5, 13, 34, 12, 33, 14, 8, 30, 7, 2, 37, 4, 0, 22, 24, 21, 25, 9, 31, 11, 32, 10, 18, 17, 19, 16, 20, 15, 27, 23, 35, 3, 26, 42, 39, 41, 38, 40];5841.0
[20, 41, 39, 42, 26, 25, 21, 22, 24, 3, 5, 29, 1, 28, 2, 36, 0, 4, 30, 6, 9, 32, 8, 31, 11, 7, 34, 14, 40, 38, 13, 33, 12, 17, 19, 15, 18, 10, 37, 35, 23, 27, 16];11176.0
[32, 8, 29, 33, 13, 6, 28, 2, 16, 20, 15, 19, 7, 30, 27, 1, 35, 36, 3, 11, 31, 10, 5, 37, 4, 0, 22, 21, 23, 25, 24, 26, 12, 42, 38, 41, 39, 40, 18, 17, 14, 34, 9];5822.0
[35, 39, 40, 28, 1, 27, 29, 6, 36, 2, 9, 30, 7, 11, 31, 10, 32, 8, 5, 14, 34, 13, 41, 38, 42, 33, 12, 37, 4, 0, 22, 21, 23, 25, 24, 26, 20, 16, 18, 17, 19, 15, 3];11151.0
[2, 7, 29, 8, 32, 9, 14, 33, 12, 34, 28, 23, 1, 13, 26, 25, 21, 24, 22, 35, 36, 6, 17, 20, 16, 19, 15, 18, 42, 38, 41, 39, 40, 10, 31, 11, 30, 5, 27, 3, 0, 4, 37];5854.0
[1, 29, 12, 34, 8, 37, 4, 0, 35, 36, 3, 28, 2, 6, 10, 31, 9, 7, 14, 33, 13, 42, 38, 40, 39, 41, 5, 30, 32, 11, 15, 18, 17, 20, 16, 19, 26, 24, 25, 23, 21, 22, 27];5799.0
[19, 16, 14, 33, 26, 25, 37, 6, 29, 7, 30, 42, 39, 41, 38, 40, 15, 18, 17, 2, 28, 3, 36, 35, 0, 4, 5, 8, 32, 11, 31, 27, 24, 22, 21, 23, 1, 9, 20, 12, 34, 13, 10];5850.0
[36, 13, 34, 27, 24, 22, 25, 26, 39, 42, 14, 8, 6, 16, 18, 41, 38, 40, 33, 12, 29, 7, 30, 2, 28, 1, 21, 23, 0, 4, 37, 11, 31, 10, 32, 9, 19, 17, 20, 15, 5, 3, 35];11200.0
[0, 1, 40, 39, 37, 36, 2, 27, 14, 33, 13, 34, 11, 6, 29, 7, 10, 32, 30, 8, 31, 9, 20, 16, 19, 15, 18, 17, 12, 41, 38, 42, 26, 24, 22, 21, 25, 23, 35, 3, 28, 5, 4];11132.0
[36, 10, 6, 26, 24, 23, 25, 5, 29, 7, 14, 33, 11, 32, 9, 31, 8, 30, 42, 38, 40, 39, 41, 12, 34, 13, 18, 15, 19, 17, 20, 16, 4, 0, 21, 22, 35, 2, 27, 3, 28, 1, 37];5832.0
[1, 6, 29, 10, 37, 25, 26, 17, 20, 13, 34, 14, 8, 31, 40, 38, 42, 12, 33, 30, 27, 22, 35, 36, 7, 9, 32, 11, 19, 15, 18, 16, 2, 24, 23, 21, 4, 0, 39, 41, 5, 3, 28];11234.0
[10, 37, 6, 30, 7, 12, 34, 13, 33, 14, 9, 3, 35, 36, 0, 4, 23, 21, 22, 1, 5, 29, 28, 2, 27, 16, 20, 17, 18, 15, 19, 42, 38, 40, 39, 41, 26, 25, 24, 8, 31, 11, 32];5826.0
[37, 36, 3, 0, 4, 15, 18, 31, 10, 14, 33, 17, 20, 16, 19, 41, 39, 42, 38, 40, 2, 27, 29, 11, 6, 30, 28, 1, 7, 12, 34, 13, 5, 9, 32, 8, 26, 24, 25, 23, 21, 22, 35];5841.0
[12, 33, 20, 17, 42, 38, 41, 14, 34, 13, 11, 4, 0, 28, 36, 3, 5, 30, 7, 40, 39, 37, 1, 27, 2, 15, 18, 16, 19, 9, 32, 8, 31, 10, 24, 22, 35, 23, 21, 25, 26, 6, 29];11191.0
[39, 25, 26, 37, 6, 29, 10, 20, 15, 18, 17, 3, 27, 1, 42, 38, 40, 14, 34, 9, 32, 11, 31, 8, 7, 30, 5, 36, 2, 28, 24, 22, 21, 23, 35, 0, 4, 16, 19, 13, 33, 12, 41];11167.0
[12, 33, 14, 8, 5, 30, 6, 9, 31, 11, 7, 41, 38, 40, 39, 42, 2, 28, 3, 27, 21, 23, 24, 1, 36, 37, 16, 19, 15, 4, 0, 35, 22, 25, 26, 18, 17, 20, 10, 32, 29, 13, 34];5834.0
[24, 26, 18, 17, 20, 16, 5, 3, 28, 2, 27, 1, 36, 41, 38, 42, 39, 40, 37, 0, 4, 7, 15, 19, 11, 32, 30, 10, 31, 9, 29, 6, 14, 33, 13, 34, 12, 8, 25, 21, 22, 35, 23];5842.0
[1, 37, 4, 0, 35, 36, 24, 23, 21, 22, 25, 7, 26, 42, 39, 41, 38, 40, 14, 33, 13, 32, 9, 30, 34, 12, 10, 31, 8, 5, 29, 11, 19, 15, 20, 17, 18, 16, 6, 2, 27, 3, 28];5795.0
[7, 3, 28, 2, 8, 32, 10, 18, 17, 19, 16, 20, 15, 12, 34, 29, 1, 27, 36, 35, 37, 4, 0, 22, 25, 21, 23, 24, 26, 30, 5, 14, 33, 13, 41, 39, 42, 38, 40, 6, 9, 31, 11];5803.0
[26, 24, 27, 1, 15, 18, 30, 5, 37, 40, 38, 42, 39, 41, 3, 36, 35, 0, 4, 6, 13, 34, 14, 33, 12, 7, 10, 32, 11, 29, 9, 31, 8, 19, 17, 20, 16, 28, 2, 23, 21, 22, 25];5830.0
[16, 20, 10, 31, 11, 30, 27, 3, 36, 22, 24, 21, 25, 26, 14, 34, 12, 5, 1, 37, 4, 0, 35, 23, 28, 2, 7, 29, 8, 32, 9, 6, 13, 33, 41, 38, 40, 39, 42, 17, 18, 15, 19];5810.0
[4, 29, 5, 36, 3, 28, 30, 6, 11, 7, 37, 35, 1, 27, 24, 22, 21, 23, 25, 26, 19, 17, 18, 15, 13, 9, 32, 8, 31, 10, 40, 38, 42, 39, 41, 34, 12, 20, 16, 14, 33, 2, 0];5830.0
[42, 1, 37, 5, 29, 27, 2, 28, 30, 7, 12, 33, 13, 34, 14, 3, 36, 35, 0, 4, 10, 31, 9, 32, 11, 20, 16, 19, 17, 18, 15, 8, 6, 26, 25, 22, 21, 23, 24, 41, 39, 40, 38];5808.0
[33, 19, 13, 34, 14, 40, 39, 41, 6, 30, 8, 7, 9, 31, 10, 32, 11, 37, 38, 42, 17, 18, 5, 29, 28, 1, 4, 0, 35, 36, 2, 27, 3, 24, 22, 21, 23, 25, 26, 16, 20, 15, 12];11143.0
[23, 24, 25, 26, 15, 20, 30, 5, 8, 32, 9, 31, 10, 29, 42, 38, 41, 39, 40, 4, 0, 35, 37, 6, 14, 33, 12, 34, 13, 7, 1, 28, 16, 19, 17, 18, 11, 2, 36, 3, 27, 22, 21];5814.0
[18, 34, 13, 37, 7, 30, 10, 19, 15, 2, 27, 0, 4, 6, 12, 33, 14, 9, 31, 11, 3, 36, 1, 35, 22, 24, 21, 23, 28, 29, 32, 8, 5, 42, 38, 40, 39, 41, 25, 26, 17, 20, 16];5854.0
[29, 6, 37, 35, 2, 30, 7, 27, 0, 4, 16, 19, 11, 31, 8, 34, 12, 33, 14, 40, 38, 41, 39, 42, 13, 9, 32, 10, 3, 28, 1, 36, 17, 20, 15, 18, 26, 25, 22, 21, 23, 24, 5];5838.0
[23, 24, 1, 5, 11, 29, 7, 30, 28, 2, 27, 3, 0, 4, 13, 34, 14, 15, 19, 8, 31, 9, 32, 10, 6, 25, 26, 42, 38, 40, 39, 41, 18, 17, 20, 16, 33, 12, 37, 35, 36, 22, 21];5831.0
[41, 15, 18, 5, 9, 36, 35, 37, 42, 38, 40, 2, 28, 3, 6, 30, 10, 32, 11, 31, 8, 7, 29, 13, 33, 14, 34, 12, 16, 19, 17, 20, 26, 25, 23, 21, 22, 24, 27, 1, 0, 4, 39];11150.0
[25, 26, 6, 29, 5, 30, 13, 34, 12, 42, 39, 41, 38, 40, 14, 33, 9, 32, 10, 31, 11, 18, 16, 19, 8, 7, 37, 4, 0, 35, 2, 28, 17, 20, 15, 27, 3, 23, 21, 22, 24, 36, 1];5837.0
[7, 29, 28, 23, 24, 3, 27, 30, 13, 34, 12, 33, 14, 18, 17, 19, 41, 38, 37, 36, 2, 6, 9, 32, 8, 31, 11, 5, 10, 42, 39, 40, 16, 20, 15, 26, 25, 21, 22, 35, 1, 0, 4];11165.0
[8, 6, 24, 22, 21, 23, 28, 2, 27, 29, 9, 30, 7, 10, 5, 14, 41, 38, 42, 39, 40, 25, 26, 34, 12, 33, 13, 32, 11, 20, 15, 19, 17, 3, 36, 1, 35, 0, 4, 37, 16, 18, 31];5846.0
[1, 4, 0, 35, 36, 2, 39, 40, 29, 7, 37, 3, 28, 11, 32, 10, 31, 9, 30, 33, 14, 20, 17, 41, 38, 42, 16, 19, 15, 18, 34, 13, 5, 27, 24, 23, 21, 22, 25, 26, 12, 8, 6];11162.0
[33, 14, 34, 12, 19, 15, 38, 41, 26, 16, 18, 17, 40, 39, 42, 28, 1, 0, 4, 37, 3, 5, 9, 32, 10, 25, 22, 24, 21, 23, 35, 36, 2, 27, 30, 7, 29, 8, 31, 11, 6, 20, 13];11170.0
[15, 41, 38, 40, 14, 33, 13, 39, 42, 26, 34, 12, 3, 36, 37, 21, 25, 23, 35, 0, 4, 7, 11, 31, 9, 32, 8, 29, 5, 10, 18, 30, 6, 1, 24, 22, 27, 2, 28, 16, 20, 17, 19];11200.0
[20, 16, 19, 6, 10, 31, 8, 7, 2, 28, 1, 36, 35, 37, 38, 41, 11, 32, 9, 12, 34, 13, 33, 14, 17, 18, 15, 30, 4, 0, 3, 5, 29, 27, 23, 24, 21, 22, 25, 42, 39, 40, 26];11172.0
[7, 37, 13, 34, 29, 5, 30, 28, 1, 23, 21, 25, 22, 35, 36, 8, 31, 10, 32, 11, 6, 9, 19, 17, 14, 33, 12, 18, 16, 20, 15, 3, 0, 4, 40, 38, 42, 39, 41, 26, 24, 27, 2];5848.0
[34, 1, 36, 3, 28, 30, 6, 29, 11, 32, 9, 31, 8, 7, 13, 41, 39, 42, 38, 40, 26, 25, 37, 10, 18, 16, 20, 17, 19, 15, 4, 0, 35, 23, 21, 22, 24, 27, 2, 5, 14, 33, 12];5793.0
[14, 3, 28, 2, 27, 1, 15, 19, 13, 33, 4, 0, 37, 38, 42, 30, 5, 29, 11, 31, 10, 26, 41, 39, 40, 17, 20, 16, 18, 7, 36, 35, 22, 25, 21, 23, 24, 8, 32, 9, 6, 12, 34];11175.0
[24, 7, 10, 32, 29, 42, 39, 2, 28, 36, 1, 5, 8, 31, 9, 4, 0, 3, 40, 38, 41, 15, 20, 11, 30, 6, 37, 35, 23, 27, 12, 34, 13, 33, 14, 17, 18, 16, 19, 26, 25, 21, 22];11201.0
[19, 16, 20, 17, 18, 42, 39, 1, 36, 37, 25, 22, 21, 23, 24, 26, 13, 34, 7, 14, 33, 12, 8, 4, 0, 35, 2, 5, 10, 32, 9, 31, 11, 41, 38, 40, 29, 27, 3, 28, 30, 6, 15];11146.0
[32, 10, 14, 34, 12, 33, 30, 13, 16, 18, 7, 27, 3, 8, 31, 9, 5, 37, 4, 0, 35, 36, 1, 28, 2, 6, 29, 11, 20, 17, 19, 15, 26, 41, 39, 40, 38, 42, 24, 23, 21, 22, 25];5829.0
[18, 15, 13, 9, 31, 8, 6, 30, 28, 2, 24, 23, 0, 4, 37, 5, 29, 7, 14, 34, 12, 33, 42, 38, 41, 36, 1, 27, 3, 35, 22, 21, 25, 26, 40, 39, 10, 32, 11, 19, 16, 20, 17];11135.0
[7, 30, 3, 36, 1, 35, 37, 39, 42, 26, 24, 25, 22, 21, 23, 2, 27, 8, 31, 9, 32, 11, 5, 41, 38, 40, 14, 34, 12, 33, 13, 4, 0, 28, 17, 20, 16, 19, 15, 18, 10, 6, 29];11129.0
[7, 27, 30, 11, 31, 9, 6, 39, 40, 24, 23, 21, 0, 4, 5, 37, 35, 3, 36, 2, 28, 8, 32, 10, 13, 33, 12, 34, 14, 1, 22, 25, 26, 18, 16, 20, 15, 19, 41, 38, 42, 17, 29];11200.0
[5, 9, 7, 24, 25, 26, 15, 19, 16, 20, 12, 33, 13, 37, 35, 0, 4, 29, 6, 30, 28, 3, 36, 2, 17, 18, 10, 32, 11, 31, 8, 1, 23, 21, 22, 27, 34, 14, 40, 39, 41, 38, 42];5855.0
[10, 3, 27, 36, 1, 9, 31, 8, 32, 11, 5, 14, 33, 12, 34, 29, 28, 0, 4, 42, 38, 40, 39, 41, 37, 7, 30, 6, 2, 35, 22, 24, 21, 23, 25, 26, 16, 19, 15, 18, 17, 20, 13];5812.0
[18, 16, 2, 27, 30, 7, 29, 33, 13, 34, 12, 10, 5, 8, 31, 11, 32, 9, 6, 36, 3, 28, 1, 37, 4, 0, 35, 22, 21, 23, 24, 25, 40, 39, 42, 38, 41, 14, 26, 19, 15, 20, 17];5795.0
[35, 3, 27, 0, 4, 29, 6, 40, 39, 42, 28, 2, 25, 26, 15, 18, 13, 17, 20, 16, 19, 14, 33, 9, 5, 30, 34, 12, 41, 38, 37, 7, 8, 32, 11, 31, 10, 36, 1, 24, 22, 21, 23];11181.0
[2, 28, 30, 34, 14, 33, 12, 11, 32, 9, 31, 8, 6, 29, 16, 20, 17, 19, 15, 18, 10, 5, 1, 27, 7, 40, 38, 41, 39, 42, 13, 26, 25, 21, 23, 24, 22, 35, 36, 3, 0, 4, 37];5789.0
[18, 15, 25, 22, 36, 8, 29, 7, 9, 31, 30, 41, 39, 42, 38, 40, 5, 14, 33, 12, 34, 13, 27, 2, 35, 3, 28, 1, 6, 11, 32, 10, 37, 4, 0, 21, 23, 24, 26, 20, 17, 19, 16];5848.0
[22, 25, 7, 11, 6, 41, 38, 42, 39, 40, 34, 14, 5, 30, 27, 2, 37, 4, 0, 3, 35, 36, 1, 28, 29, 10, 32, 8, 16, 19, 17, 20, 15, 18, 13, 33, 12, 31, 9, 26, 24, 23, 21];5813.0
[24, 25, 26, 7, 37, 36, 1, 10, 6, 30, 9, 32, 11, 31, 8, 14, 34, 13, 33, 12, 5, 29, 41, 39, 42, 38, 40, 20, 17, 18, 15, 19, 16, 3, 28, 2, 27, 4, 0, 23, 35, 21, 22];5819.0
[40, 9, 30, 27, 2, 41, 38, 42, 6, 11, 19, 15, 29, 5, 12, 34, 14, 25, 21, 22, 24, 26, 13, 33, 8, 31, 10, 32, 20, 16, 18, 17, 7, 37, 4, 0, 35, 23, 1, 28, 3, 36, 39];11198.0
[31, 8, 39, 42, 13, 10, 29, 5, 3, 0, 4, 7, 30, 6, 37, 22, 24, 27, 2, 28, 1, 9, 15, 18, 17, 19, 33, 12, 34, 14, 41, 38, 40, 26, 25, 21, 23, 35, 36, 16, 20, 32, 11];11181.0
[42, 39, 37, 41, 38, 40, 27, 24, 22, 36, 2, 15, 19, 9, 31, 30, 10, 32, 8, 5, 3, 28, 1, 12, 34, 13, 7, 33, 14, 11, 29, 6, 17, 18, 16, 20, 26, 25, 21, 23, 35, 0, 4];11196.0
[34, 13, 9, 31, 11, 29, 5, 42, 38, 40, 18, 17, 19, 30, 6, 4, 0, 3, 27, 10, 32, 8, 28, 1, 36, 7, 12, 33, 26, 41, 39, 37, 25, 24, 22, 21, 23, 35, 2, 15, 20, 16, 14];11162.0
[27, 36, 35, 2, 30, 11, 31, 8, 5, 1, 29, 6, 10, 32, 9, 7, 13, 33, 14, 19, 15, 20, 12, 34, 40, 38, 42, 39, 41, 26, 25, 37, 16, 18, 17, 4, 0, 23, 21, 22, 24, 28, 3];5825.0
[40, 39, 6, 41, 26, 25, 35, 0, 4, 13, 34, 15, 18, 17, 1, 36, 37, 7, 30, 5, 29, 14, 33, 12, 10, 31, 11, 32, 8, 20, 16, 19, 9, 2, 28, 3, 27, 22, 21, 23, 24, 42, 38];11176.0
[1, 36, 13, 34, 9, 32, 10, 28, 22, 21, 11, 31, 8, 37, 4, 0, 27, 6, 29, 5, 2, 35, 3, 12, 33, 14, 18, 16, 20, 15, 19, 17, 26, 24, 23, 25, 42, 38, 41, 39, 40, 7, 30];5873.0
[19, 5, 28, 3, 4, 0, 36, 1, 9, 31, 10, 29, 6, 30, 7, 13, 33, 42, 38, 40, 39, 41, 26, 34, 14, 8, 32, 11, 20, 17, 27, 2, 24, 23, 25, 21, 22, 35, 37, 12, 15, 18, 16];5833.0
[41, 39, 42, 1, 28, 3, 27, 2, 0, 4, 37, 38, 40, 33, 14, 34, 12, 10, 31, 8, 6, 13, 30, 7, 29, 9, 32, 11, 19, 16, 20, 17, 18, 15, 5, 36, 35, 23, 21, 22, 24, 25, 26];11103.0
[12, 34, 14, 33, 13, 10, 32, 8, 5, 29, 11, 31, 9, 6, 30, 40, 39, 42, 38, 41, 4, 0, 27, 1, 36, 3, 7, 37, 16, 19, 15, 20, 17, 18, 26, 25, 21, 24, 22, 35, 23, 2, 28];5825.0
[24, 21, 25, 26, 12, 33, 8, 32, 11, 7, 29, 2, 36, 1, 27, 3, 14, 34, 13, 6, 30, 5, 42, 38, 40, 39, 41, 28, 22, 35, 37, 10, 31, 9, 20, 16, 18, 17, 19, 15, 4, 0, 23];5837.0
[38, 17, 20, 11, 7, 42, 39, 40, 28, 2, 27, 1, 29, 5, 30, 8, 6, 26, 25, 21, 23, 3, 14, 34, 12, 33, 13, 9, 31, 10, 32, 19, 15, 18, 16, 37, 4, 0, 35, 36, 22, 24, 41];11198.0
[25, 24, 3, 27, 1, 7, 30, 9, 32, 8, 5, 14, 33, 12, 34, 13, 6, 10, 31, 11, 37, 41, 39, 42, 38, 40, 2, 28, 36, 35, 23, 21, 22, 0, 4, 29, 20, 16, 18, 15, 19, 17, 26];5822.0
[35, 0, 4, 12, 34, 30, 13, 33, 25, 23, 21, 22, 24, 26, 42, 38, 3, 28, 29, 10, 32, 9, 31, 11, 7, 8, 6, 41, 39, 40, 15, 19, 17, 18, 5, 2, 36, 27, 1, 14, 20, 16, 37];11169.0
[27, 3, 23, 0, 4, 1, 28, 29, 13, 33, 40, 38, 17, 20, 26, 25, 37, 8, 32, 11, 7, 42, 39, 41, 12, 9, 31, 10, 5, 2, 24, 21, 22, 35, 36, 6, 15, 19, 16, 18, 34, 14, 30];11225.0
[41, 30, 6, 20, 17, 19, 15, 37, 1, 8, 31, 9, 32, 10, 7, 3, 28, 24, 22, 21, 25, 4, 0, 35, 36, 23, 27, 29, 18, 16, 14, 33, 12, 34, 13, 11, 5, 2, 26, 40, 39, 42, 38];5866.0
[30, 27, 1, 39, 40, 19, 15, 8, 5, 14, 33, 11, 29, 6, 12, 34, 13, 10, 32, 9, 31, 16, 18, 17, 20, 41, 38, 42, 26, 24, 22, 21, 25, 23, 35, 4, 0, 2, 28, 3, 37, 36, 7];11157.0
[18, 6, 36, 1, 28, 24, 26, 33, 13, 9, 29, 7, 30, 11, 5, 4, 0, 3, 27, 2, 12, 17, 19, 14, 34, 10, 31, 8, 32, 25, 23, 21, 22, 35, 37, 40, 39, 41, 38, 42, 15, 20, 16];5851.0
[38, 42, 16, 19, 34, 12, 5, 27, 1, 28, 17, 18, 11, 29, 31, 8, 30, 7, 3, 36, 2, 37, 9, 32, 10, 13, 33, 14, 15, 20, 6, 4, 0, 22, 25, 21, 23, 35, 24, 26, 40, 39, 41];5848.0
[41, 30, 7, 3, 36, 35, 0, 4, 27, 1, 13, 34, 42, 39, 10, 32, 9, 31, 11, 6, 18, 15, 19, 16, 20, 17, 8, 29, 28, 2, 37, 25, 23, 21, 22, 24, 26, 5, 12, 33, 14, 40, 38];11153.0
[12, 3, 24, 26, 13, 34, 28, 0, 4, 37, 15, 19, 16, 18, 17, 20, 14, 8, 5, 30, 6, 42, 38, 41, 39, 40, 27, 2, 36, 1, 35, 23, 21, 22, 25, 10, 32, 9, 31, 11, 7, 29, 33];5840.0
[2, 27, 4, 0, 35, 22, 21, 23, 24, 26, 25, 37, 36, 1, 28, 3, 16, 18, 15, 19, 17, 20, 29, 8, 32, 11, 7, 14, 33, 12, 34, 13, 10, 31, 9, 5, 30, 6, 41, 39, 42, 38, 40];5782.0
[36, 1, 7, 15, 19, 17, 20, 11, 30, 6, 29, 8, 31, 10, 32, 9, 27, 22, 35, 37, 5, 12, 34, 13, 33, 14, 18, 16, 4, 0, 3, 42, 39, 41, 38, 40, 26, 24, 25, 21, 23, 28, 2];5833.0
[17, 20, 13, 15, 19, 6, 10, 18, 16, 3, 36, 2, 28, 23, 35, 37, 40, 38, 41, 39, 42, 26, 29, 5, 30, 33, 12, 34, 14, 9, 31, 8, 32, 11, 7, 1, 27, 24, 25, 21, 22, 0, 4];5863.0
[4, 26, 25, 22, 38, 42, 12, 11, 31, 30, 8, 32, 9, 6, 41, 39, 40, 1, 28, 7, 29, 2, 27, 3, 5, 14, 33, 13, 34, 18, 15, 20, 17, 19, 16, 10, 37, 36, 24, 23, 21, 35, 0];11190.0
[1, 22, 35, 37, 38, 41, 14, 34, 40, 39, 42, 5, 12, 33, 13, 10, 32, 9, 16, 19, 17, 20, 15, 18, 29, 6, 30, 4, 0, 2, 7, 8, 31, 11, 28, 23, 24, 21, 25, 26, 36, 3, 27];11185.0
[19, 15, 40, 39, 35, 36, 5, 29, 14, 34, 12, 33, 13, 1, 27, 3, 28, 2, 7, 30, 6, 9, 31, 11, 32, 10, 41, 38, 42, 18, 8, 37, 25, 26, 24, 22, 21, 23, 0, 4, 16, 20, 17];11156.0
[13, 8, 31, 10, 32, 20, 17, 29, 7, 30, 11, 6, 33, 14, 34, 41, 39, 42, 12, 9, 4, 0, 28, 2, 27, 3, 23, 21, 35, 36, 37, 38, 40, 26, 25, 22, 24, 1, 5, 15, 18, 16, 19];11177.0
[16, 5, 29, 11, 6, 20, 40, 39, 41, 12, 34, 13, 42, 38, 37, 2, 7, 14, 33, 9, 4, 0, 35, 3, 36, 1, 28, 30, 8, 32, 10, 31, 18, 15, 19, 17, 27, 24, 23, 21, 22, 25, 26];11170.0
[27, 36, 1, 28, 41, 38, 0, 4, 7, 30, 6, 8, 32, 9, 31, 11, 2, 37, 25, 26, 14, 34, 13, 5, 10, 29, 12, 33, 17, 20, 16, 18, 15, 19, 40, 39, 42, 24, 22, 21, 23, 35, 3];11169.0
[3, 29, 28, 21, 23, 2, 27, 10, 20, 17, 36, 35, 1, 0, 4, 22, 24, 25, 26, 42, 39, 40, 15, 18, 16, 19, 13, 5, 30, 6, 37, 38, 41, 33, 14, 34, 12, 8, 32, 9, 31, 11, 7];11181.0
[18, 16, 20, 6, 29, 13, 34, 12, 33, 14, 2, 37, 15, 19, 10, 32, 8, 31, 9, 41, 38, 42, 39, 40, 17, 7, 11, 5, 30, 28, 36, 1, 27, 3, 4, 0, 35, 22, 21, 23, 24, 25, 26];5821.0
[29, 7, 8, 18, 15, 1, 27, 3, 28, 4, 0, 35, 36, 6, 33, 13, 42, 39, 41, 19, 16, 20, 17, 12, 34, 14, 9, 32, 10, 31, 11, 37, 38, 40, 30, 5, 2, 23, 21, 22, 24, 26, 25];11161.0
[6, 29, 1, 28, 7, 2, 36, 24, 22, 25, 23, 21, 0, 4, 37, 16, 18, 14, 34, 12, 20, 15, 19, 17, 13, 33, 8, 31, 11, 5, 41, 38, 40, 39, 42, 26, 9, 32, 10, 30, 27, 35, 3];5849.0
[31, 7, 14, 8, 6, 19, 17, 18, 15, 20, 16, 30, 28, 1, 27, 29, 11, 32, 9, 40, 39, 42, 38, 41, 26, 25, 23, 21, 24, 22, 2, 36, 3, 35, 0, 4, 37, 5, 34, 13, 33, 12, 10];5792.0
[31, 8, 32, 30, 9, 7, 2, 27, 5, 20, 14, 34, 10, 24, 25, 23, 21, 22, 0, 4, 37, 6, 29, 28, 1, 35, 3, 36, 42, 39, 40, 38, 41, 26, 15, 18, 17, 19, 16, 13, 33, 12, 11];5825.0
[3, 30, 8, 5, 36, 35, 0, 4, 37, 2, 28, 24, 23, 21, 22, 25, 26, 40, 38, 41, 39, 42, 12, 9, 31, 11, 32, 10, 6, 13, 33, 14, 34, 19, 17, 18, 15, 20, 16, 29, 7, 1, 27];5769.0
[37, 6, 8, 32, 29, 10, 30, 40, 38, 42, 39, 41, 17, 19, 13, 33, 12, 34, 14, 4, 0, 28, 2, 5, 9, 31, 11, 7, 15, 20, 16, 18, 26, 25, 24, 27, 22, 21, 23, 35, 3, 36, 1];5834.0
[6, 27, 3, 36, 2, 28, 1, 17, 19, 8, 7, 37, 35, 0, 4, 29, 5, 9, 31, 11, 32, 10, 18, 12, 33, 13, 34, 14, 41, 39, 42, 38, 40, 16, 20, 15, 26, 24, 22, 21, 23, 25, 30];5811.0
[28, 29, 42, 39, 37, 2, 6, 13, 33, 14, 34, 12, 32, 9, 7, 30, 11, 19, 17, 18, 10, 31, 8, 5, 41, 38, 40, 15, 20, 16, 26, 25, 21, 24, 23, 0, 4, 1, 36, 35, 22, 27, 3];11172.0
[23, 24, 41, 38, 42, 39, 40, 27, 22, 35, 37, 5, 30, 16, 19, 14, 33, 13, 34, 12, 3, 36, 2, 29, 7, 10, 32, 9, 6, 20, 17, 18, 15, 4, 0, 28, 1, 11, 31, 8, 26, 25, 21];5861.0
[2, 28, 1, 4, 0, 35, 36, 3, 27, 5, 14, 34, 13, 8, 29, 33, 12, 20, 17, 18, 15, 19, 16, 10, 31, 9, 32, 11, 24, 22, 21, 23, 25, 26, 37, 7, 30, 6, 42, 39, 41, 38, 40];5811.0
[41, 7, 1, 36, 2, 35, 0, 4, 28, 3, 27, 5, 30, 6, 29, 15, 19, 16, 40, 39, 42, 14, 34, 13, 33, 25, 23, 21, 22, 24, 26, 12, 8, 31, 10, 20, 17, 18, 9, 32, 11, 37, 38];11154.0
[1, 28, 42, 38, 30, 7, 10, 18, 17, 36, 3, 37, 4, 0, 27, 2, 5, 29, 13, 34, 12, 33, 19, 16, 20, 15, 41, 39, 40, 14, 6, 11, 32, 9, 31, 8, 26, 24, 25, 23, 21, 22, 35];11165.0
[24, 2, 6, 12, 11, 5, 36, 35, 37, 7, 29, 28, 1, 27, 9, 32, 8, 31, 10, 30, 4, 0, 3, 41, 38, 40, 39, 42, 13, 34, 14, 33, 15, 20, 17, 18, 16, 19, 26, 25, 23, 21, 22];5816.0
[14, 8, 5, 29, 6, 36, 2, 42, 39, 40, 38, 41, 34, 12, 33, 13, 28, 1, 27, 30, 7, 9, 32, 10, 17, 18, 16, 20, 31, 11, 19, 15, 3, 35, 0, 4, 37, 25, 22, 21, 23, 24, 26];5820.0
[13, 6, 29, 33, 14, 7, 30, 3, 27, 2, 28, 9, 32, 10, 37, 4, 0, 1, 36, 35, 22, 21, 23, 24, 26, 25, 41, 38, 42, 39, 40, 19, 17, 18, 16, 5, 11, 31, 8, 15, 20, 12, 34];5811.0
[39, 42, 17, 20, 15, 37, 3, 5, 11, 32, 10, 6, 30, 12, 34, 13, 33, 14, 29, 26, 25, 21, 23, 35, 36, 22, 24, 27, 1, 28, 2, 0, 4, 7, 18, 16, 19, 9, 31, 8, 40, 38, 41];5836.0
[42, 38, 41, 39, 40, 12, 34, 13, 33, 18, 15, 20, 7, 29, 27, 3, 28, 1, 17, 19, 16, 5, 14, 11, 31, 9, 36, 37, 4, 0, 35, 22, 2, 10, 32, 8, 6, 30, 25, 21, 23, 24, 26];5822.0
[10, 2, 27, 12, 34, 14, 33, 13, 9, 20, 16, 26, 25, 21, 22, 36, 3, 15, 19, 5, 28, 1, 24, 23, 35, 0, 4, 37, 17, 18, 32, 11, 30, 7, 29, 41, 38, 40, 39, 42, 6, 8, 31];5861.0
[2, 12, 10, 3, 36, 1, 27, 0, 4, 38, 40, 34, 26, 42, 39, 41, 20, 16, 18, 17, 19, 15, 13, 33, 14, 6, 37, 35, 23, 21, 22, 25, 24, 8, 32, 9, 31, 11, 30, 5, 29, 7, 28];11151.0
[40, 39, 41, 14, 1, 22, 24, 3, 7, 29, 4, 0, 27, 30, 19, 16, 13, 33, 12, 34, 26, 25, 21, 23, 28, 5, 11, 32, 10, 31, 8, 17, 20, 15, 18, 9, 6, 37, 35, 36, 2, 42, 38];5874.0
[38, 41, 3, 7, 13, 33, 12, 34, 30, 6, 8, 32, 10, 2, 36, 35, 37, 25, 21, 22, 28, 1, 27, 16, 19, 14, 17, 20, 15, 18, 29, 5, 11, 31, 9, 4, 0, 23, 24, 26, 40, 39, 42];5834.0
[30, 6, 11, 29, 34, 12, 33, 13, 26, 40, 38, 37, 25, 24, 22, 21, 23, 35, 0, 4, 1, 36, 16, 20, 17, 19, 14, 8, 31, 10, 32, 9, 42, 39, 41, 15, 18, 7, 28, 2, 27, 3, 5];11137.0
[17, 28, 1, 36, 10, 31, 9, 32, 11, 6, 41, 39, 42, 19, 15, 18, 30, 5, 29, 27, 3, 35, 21, 22, 24, 23, 25, 26, 14, 33, 13, 38, 40, 34, 12, 8, 7, 2, 0, 4, 37, 16, 20];11174.0
[27, 3, 36, 6, 2, 28, 5, 30, 7, 29, 33, 13, 34, 12, 9, 24, 22, 0, 4, 11, 32, 10, 31, 16, 19, 15, 18, 17, 20, 26, 25, 21, 23, 35, 37, 40, 38, 42, 39, 41, 14, 8, 1];5836.0
[5, 33, 14, 34, 12, 11, 29, 28, 1, 27, 2, 37, 4, 0, 35, 36, 10, 31, 8, 32, 9, 41, 38, 42, 39, 40, 7, 26, 25, 24, 22, 21, 23, 3, 15, 20, 17, 18, 16, 19, 13, 6, 30];5804.0
[39, 1, 28, 30, 5, 10, 4, 0, 36, 3, 27, 2, 24, 42, 38, 40, 19, 17, 6, 11, 32, 9, 31, 8, 7, 29, 34, 12, 33, 14, 37, 35, 23, 21, 22, 25, 26, 20, 15, 18, 16, 13, 41];11179.0
[1, 36, 10, 32, 8, 30, 6, 11, 7, 29, 9, 31, 19, 17, 3, 27, 2, 28, 41, 39, 42, 38, 40, 13, 33, 12, 34, 14, 4, 0, 22, 21, 25, 26, 24, 23, 35, 37, 5, 20, 16, 18, 15];5832.0
[8, 12, 34, 14, 33, 13, 3, 27, 23, 21, 22, 1, 15, 18, 9, 6, 30, 7, 29, 19, 16, 26, 24, 25, 4, 0, 35, 37, 17, 20, 32, 11, 5, 28, 2, 36, 41, 38, 40, 39, 42, 10, 31];5880.0
[41, 7, 37, 4, 0, 3, 6, 29, 11, 5, 30, 26, 24, 28, 1, 27, 16, 18, 33, 13, 34, 14, 15, 19, 17, 20, 12, 8, 32, 10, 31, 9, 2, 36, 35, 22, 21, 23, 25, 42, 39, 40, 38];5841.0
[13, 33, 10, 6, 3, 27, 30, 7, 14, 34, 12, 9, 31, 8, 32, 11, 29, 5, 18, 15, 19, 16, 37, 4, 0, 35, 36, 1, 28, 2, 24, 23, 21, 22, 25, 26, 17, 20, 42, 39, 41, 38, 40];5788.0
[11, 5, 13, 33, 14, 8, 31, 9, 32, 10, 12, 34, 3, 28, 2, 36, 40, 39, 42, 38, 41, 29, 7, 37, 4, 0, 35, 22, 27, 1, 30, 6, 26, 25, 21, 23, 24, 17, 18, 16, 19, 15, 20];5832.0
[7, 30, 1, 36, 2, 28, 29, 9, 32, 10, 6, 14, 34, 40, 38, 42, 39, 41, 3, 37, 4, 0, 35, 22, 27, 24, 23, 21, 25, 26, 19, 15, 20, 17, 18, 16, 12, 33, 13, 5, 8, 31, 11];5814.0
[39, 42, 19, 17, 7, 30, 5, 8, 6, 27, 3, 36, 2, 38, 40, 26, 12, 34, 13, 33, 14, 20, 16, 18, 15, 29, 28, 1, 35, 22, 0, 4, 37, 10, 32, 11, 31, 9, 24, 23, 21, 25, 41];11179.0
[36, 35, 1, 29, 5, 8, 31, 9, 32, 10, 7, 3, 27, 42, 39, 41, 38, 40, 26, 25, 21, 23, 24, 28, 30, 6, 11, 18, 15, 20, 17, 19, 16, 12, 33, 13, 34, 14, 37, 4, 0, 22, 2];5800.0
[18, 16, 2, 27, 30, 7, 29, 5, 11, 20, 17, 36, 37, 9, 6, 13, 34, 14, 8, 31, 10, 32, 19, 15, 1, 28, 24, 40, 39, 41, 38, 42, 33, 12, 4, 0, 3, 35, 22, 21, 23, 25, 26];5877.0
[3, 28, 2, 14, 34, 12, 32, 10, 37, 4, 0, 35, 22, 36, 15, 20, 33, 13, 6, 30, 7, 11, 31, 8, 1, 24, 23, 21, 25, 26, 42, 39, 40, 38, 41, 16, 18, 17, 19, 9, 5, 29, 27];5820.0
[17, 18, 12, 34, 10, 5, 16, 20, 15, 3, 36, 2, 28, 1, 35, 0, 4, 37, 14, 33, 13, 7, 30, 27, 24, 23, 21, 22, 25, 11, 31, 9, 32, 8, 29, 6, 41, 39, 42, 38, 40, 26, 19];5817.0
[5, 30, 9, 7, 31, 10, 3, 28, 2, 27, 41, 39, 4, 0, 21, 22, 25, 40, 38, 42, 14, 33, 12, 34, 13, 6, 29, 26, 24, 23, 35, 36, 1, 11, 32, 8, 18, 15, 19, 17, 20, 16, 37];11173.0
[4, 27, 1, 7, 37, 6, 30, 28, 3, 5, 29, 13, 10, 31, 8, 32, 9, 20, 41, 39, 42, 38, 40, 33, 14, 34, 12, 11, 18, 15, 2, 24, 22, 21, 23, 25, 26, 17, 19, 16, 36, 35, 0];5831.0
[10, 30, 5, 26, 24, 3, 28, 2, 6, 29, 34, 14, 33, 13, 42, 39, 40, 8, 32, 11, 31, 9, 37, 23, 21, 22, 25, 41, 38, 4, 0, 35, 36, 1, 27, 7, 17, 18, 16, 20, 12, 15, 19];11185.0
[8, 32, 9, 39, 41, 34, 13, 3, 27, 30, 10, 31, 11, 37, 4, 0, 1, 36, 5, 29, 6, 26, 40, 38, 42, 33, 12, 15, 18, 16, 20, 17, 19, 14, 7, 2, 35, 22, 25, 21, 23, 24, 28];11166.0
[16, 19, 5, 10, 18, 40, 38, 37, 41, 39, 42, 12, 33, 13, 34, 14, 4, 0, 2, 28, 7, 29, 8, 31, 9, 32, 11, 30, 6, 27, 3, 35, 1, 36, 15, 20, 17, 24, 23, 21, 22, 25, 26];11178.0
[40, 10, 31, 11, 28, 1, 13, 34, 12, 7, 2, 0, 4, 5, 29, 9, 32, 8, 30, 3, 27, 24, 26, 25, 23, 21, 22, 35, 36, 37, 6, 15, 19, 14, 33, 18, 17, 20, 16, 41, 39, 42, 38];5836.0
[13, 26, 25, 24, 27, 30, 32, 9, 5, 12, 11, 29, 38, 42, 36, 2, 0, 4, 37, 10, 31, 8, 6, 14, 33, 40, 39, 41, 28, 1, 23, 21, 22, 35, 3, 7, 18, 17, 19, 15, 20, 16, 34];11190.0
[40, 37, 39, 42, 3, 28, 30, 6, 29, 14, 34, 12, 33, 10, 32, 18, 15, 19, 16, 7, 8, 25, 22, 21, 23, 24, 26, 13, 5, 11, 31, 9, 1, 27, 2, 35, 36, 0, 4, 17, 20, 41, 38];11182.0
[19, 31, 11, 7, 29, 6, 30, 1, 24, 26, 42, 38, 41, 39, 40, 17, 18, 10, 32, 8, 4, 0, 35, 36, 3, 27, 5, 9, 37, 25, 23, 21, 22, 28, 2, 13, 34, 14, 33, 12, 16, 20, 15];5814.0
[17, 11, 6, 10, 32, 7, 37, 4, 0, 3, 36, 35, 2, 28, 30, 9, 31, 8, 29, 5, 13, 33, 12, 34, 14, 19, 15, 18, 40, 39, 41, 38, 42, 26, 25, 22, 21, 23, 24, 27, 1, 16, 20];5793.0
[9, 30, 6, 29, 7, 17, 20, 15, 33, 13, 11, 5, 36, 3, 24, 21, 22, 28, 2, 10, 32, 8, 42, 39, 40, 38, 41, 27, 1, 37, 4, 0, 35, 23, 25, 26, 19, 16, 18, 14, 34, 12, 31];5841.0
[37, 0, 4, 29, 7, 30, 6, 10, 1, 28, 3, 27, 2, 5, 42, 39, 40, 38, 41, 12, 8, 31, 9, 32, 11, 33, 13, 34, 14, 19, 16, 20, 17, 18, 15, 36, 35, 22, 21, 23, 24, 26, 25];5800.0
[37, 15, 19, 26, 25, 24, 27, 3, 28, 0, 4, 10, 32, 11, 31, 18, 17, 20, 16, 5, 29, 7, 30, 40, 38, 41, 39, 42, 13, 9, 6, 12, 33, 14, 34, 8, 2, 36, 1, 22, 21, 23, 35];5845.0
[4, 30, 7, 13, 16, 20, 15, 19, 17, 18, 6, 2, 27, 3, 36, 10, 31, 9, 37, 35, 1, 28, 8, 32, 11, 29, 5, 12, 40, 38, 42, 39, 41, 34, 14, 33, 26, 25, 24, 23, 21, 22, 0];5808.0
[42, 33, 13, 1, 22, 2, 36, 11, 6, 28, 3, 27, 30, 5, 29, 7, 10, 32, 8, 31, 9, 37, 38, 41, 15, 18, 16, 19, 14, 34, 12, 4, 0, 35, 23, 24, 21, 25, 26, 20, 17, 40, 39];11179.0
[18, 5, 11, 6, 20, 15, 29, 7, 32, 8, 30, 27, 2, 35, 23, 21, 22, 24, 25, 26, 33, 13, 34, 12, 16, 19, 40, 38, 41, 39, 42, 14, 9, 31, 10, 1, 28, 3, 36, 0, 4, 37, 17];5828.0
[26, 25, 37, 6, 17, 20, 29, 5, 1, 28, 2, 35, 23, 21, 22, 24, 11, 32, 9, 3, 27, 4, 0, 36, 41, 38, 40, 39, 42, 30, 7, 13, 34, 12, 33, 14, 16, 19, 15, 18, 10, 31, 8];5854.0
[28, 24, 23, 35, 36, 8, 6, 13, 26, 25, 21, 39, 41, 33, 31, 11, 30, 5, 9, 32, 10, 7, 1, 27, 22, 2, 29, 18, 17, 20, 40, 38, 42, 14, 34, 12, 16, 19, 15, 37, 4, 0, 3];11224.0
[39, 4, 0, 22, 24, 26, 15, 18, 6, 10, 31, 8, 42, 38, 41, 12, 33, 32, 11, 5, 29, 9, 7, 30, 28, 2, 27, 1, 36, 3, 35, 23, 21, 25, 37, 16, 19, 17, 20, 13, 34, 14, 40];11162.0
[39, 40, 1, 28, 3, 27, 29, 7, 10, 5, 30, 14, 34, 12, 33, 13, 9, 31, 11, 32, 18, 26, 25, 4, 0, 23, 21, 22, 24, 16, 19, 15, 36, 2, 35, 37, 6, 8, 38, 42, 17, 20, 41];11198.0
[30, 6, 37, 38, 40, 12, 8, 7, 36, 22, 24, 29, 5, 11, 32, 10, 31, 9, 4, 0, 1, 28, 2, 27, 13, 34, 14, 33, 42, 39, 41, 15, 20, 17, 19, 16, 18, 26, 25, 21, 35, 23, 3];11190.0
[38, 40, 16, 18, 6, 30, 7, 13, 34, 14, 33, 12, 9, 5, 3, 27, 1, 8, 32, 10, 31, 11, 29, 28, 2, 0, 4, 37, 17, 20, 15, 19, 26, 25, 24, 22, 21, 23, 35, 36, 42, 39, 41];5798.0
[36, 28, 2, 30, 7, 40, 39, 22, 24, 25, 26, 16, 19, 12, 33, 13, 34, 14, 5, 1, 0, 4, 37, 10, 32, 8, 18, 17, 41, 38, 42, 15, 20, 6, 9, 31, 11, 29, 27, 21, 23, 35, 3];11186.0
[38, 25, 23, 28, 2, 36, 3, 13, 33, 14, 31, 11, 5, 30, 9, 32, 8, 7, 29, 15, 20, 16, 19, 17, 18, 10, 6, 1, 35, 22, 21, 24, 26, 40, 39, 41, 37, 4, 0, 27, 12, 34, 42];11158.0
[6, 37, 8, 31, 9, 7, 2, 36, 27, 3, 28, 29, 14, 34, 12, 33, 13, 26, 24, 23, 21, 22, 25, 16, 19, 32, 10, 30, 5, 4, 0, 35, 1, 11, 20, 15, 18, 17, 42, 39, 41, 38, 40];5832.0
[3, 30, 9, 7, 13, 16, 18, 17, 20, 15, 19, 8, 31, 11, 32, 10, 29, 6, 33, 14, 34, 12, 5, 37, 25, 24, 26, 41, 38, 42, 39, 40, 28, 2, 36, 22, 21, 23, 35, 0, 4, 1, 27];5796.0
[26, 24, 27, 6, 30, 1, 28, 2, 0, 4, 37, 36, 7, 14, 34, 12, 11, 18, 16, 20, 17, 42, 38, 40, 39, 41, 19, 15, 33, 13, 8, 32, 10, 31, 9, 5, 29, 3, 35, 23, 21, 22, 25];5810.0
[38, 42, 29, 6, 13, 33, 14, 8, 36, 2, 5, 30, 12, 34, 40, 39, 7, 11, 31, 10, 32, 9, 18, 16, 20, 15, 37, 25, 26, 24, 27, 3, 28, 22, 21, 23, 35, 0, 4, 1, 17, 19, 41];11184.0
[23, 3, 7, 29, 10, 31, 9, 5, 24, 25, 26, 42, 39, 40, 38, 41, 15, 19, 14, 34, 11, 32, 8, 6, 12, 33, 18, 16, 20, 17, 13, 37, 4, 0, 35, 2, 36, 1, 27, 30, 28, 22, 21];5823.0
[31, 28, 23, 35, 0, 4, 37, 36, 3, 27, 1, 9, 5, 29, 34, 41, 38, 40, 39, 42, 13, 26, 25, 21, 22, 24, 2, 6, 30, 33, 14, 10, 32, 8, 7, 15, 19, 16, 18, 17, 20, 12, 11];5823.0
[0, 3, 7, 29, 17, 20, 16, 28, 23, 24, 2, 27, 1, 34, 13, 33, 12, 31, 8, 5, 26, 25, 21, 22, 35, 36, 42, 38, 40, 39, 41, 14, 9, 32, 19, 15, 18, 10, 30, 6, 11, 37, 4];5865.0
[21, 23, 25, 29, 17, 19, 14, 9, 7, 2, 30, 34, 12, 33, 13, 6, 37, 36, 3, 27, 16, 20, 15, 18, 8, 32, 10, 31, 11, 5, 4, 0, 35, 1, 28, 41, 38, 42, 39, 40, 26, 24, 22];5814.0
[33, 11, 32, 9, 2, 36, 35, 0, 4, 8, 31, 10, 14, 34, 42, 39, 41, 38, 40, 19, 16, 27, 22, 24, 26, 12, 6, 29, 28, 3, 23, 21, 25, 37, 1, 5, 30, 7, 18, 17, 20, 15, 13];5863.0
[24, 15, 20, 8, 5, 29, 9, 32, 10, 31, 11, 6, 1, 28, 2, 12, 33, 13, 34, 14, 7, 37, 25, 21, 22, 35, 36, 3, 0, 4, 41, 38, 42, 39, 40, 26, 16, 19, 17, 18, 30, 27, 23];5845.0
[5, 8, 31, 9, 6, 24, 25, 26, 18, 15, 19, 12, 34, 14, 1, 27, 22, 21, 23, 3, 16, 20, 17, 36, 2, 28, 30, 7, 13, 33, 42, 38, 40, 39, 41, 29, 4, 0, 35, 37, 11, 32, 10];5863.0
[25, 26, 19, 16, 2, 28, 38, 40, 12, 31, 10, 29, 5, 8, 32, 11, 41, 39, 42, 3, 27, 0, 4, 37, 6, 30, 13, 34, 14, 33, 15, 18, 17, 20, 9, 7, 1, 36, 35, 21, 23, 24, 22];11174.0
[35, 36, 3, 24, 23, 2, 12, 33, 13, 9, 31, 11, 30, 7, 27, 1, 0, 4, 8, 32, 10, 5, 40, 38, 41, 39, 42, 26, 25, 21, 22, 28, 29, 20, 17, 19, 15, 18, 16, 34, 14, 6, 37];5829.0
[3, 27, 36, 1, 29, 7, 20, 16, 4, 0, 35, 2, 5, 42, 38, 41, 12, 34, 14, 8, 30, 6, 13, 33, 11, 32, 10, 31, 9, 18, 15, 19, 17, 37, 21, 25, 22, 39, 40, 26, 24, 23, 28];11186.0
[7, 11, 13, 34, 42, 39, 37, 2, 27, 6, 9, 29, 32, 8, 14, 33, 12, 31, 10, 30, 5, 4, 0, 28, 3, 36, 1, 35, 23, 21, 22, 24, 26, 25, 40, 38, 41, 19, 16, 18, 15, 20, 17];11147.0
[30, 6, 29, 2, 36, 37, 13, 33, 14, 34, 28, 3, 27, 1, 9, 32, 11, 7, 12, 41, 39, 40, 38, 42, 26, 25, 21, 22, 35, 24, 23, 0, 4, 10, 31, 8, 18, 16, 20, 15, 19, 17, 5];5806.0
[14, 33, 13, 34, 12, 40, 39, 37, 6, 30, 16, 19, 17, 18, 10, 31, 8, 36, 1, 35, 0, 4, 5, 9, 32, 11, 27, 2, 23, 21, 22, 25, 26, 24, 3, 28, 41, 38, 42, 29, 7, 20, 15];11163.0
[6, 30, 10, 36, 0, 4, 37, 5, 14, 34, 13, 33, 40, 39, 42, 15, 12, 8, 32, 29, 11, 31, 9, 7, 1, 27, 3, 35, 22, 25, 26, 18, 17, 19, 16, 20, 41, 38, 21, 24, 23, 28, 2];11179.0
[23, 37, 39, 42, 25, 26, 12, 10, 32, 8, 1, 27, 7, 29, 6, 36, 3, 33, 13, 9, 31, 11, 5, 30, 28, 2, 0, 4, 14, 34, 15, 19, 16, 18, 17, 20, 41, 38, 40, 24, 21, 22, 35];11200.0
[4, 37, 39, 41, 36, 3, 7, 29, 1, 28, 24, 23, 27, 2, 5, 30, 14, 17, 19, 8, 32, 11, 6, 13, 34, 12, 33, 10, 31, 9, 20, 15, 18, 16, 42, 38, 40, 26, 25, 21, 22, 35, 0];11147.0
[7, 9, 30, 1, 27, 2, 28, 26, 25, 39, 42, 13, 34, 14, 33, 12, 29, 6, 8, 31, 10, 32, 11, 40, 38, 41, 15, 19, 17, 3, 37, 36, 35, 21, 23, 24, 22, 4, 0, 5, 18, 16, 20];11218.0
[7, 11, 32, 8, 30, 5, 29, 6, 28, 2, 36, 3, 27, 1, 12, 34, 14, 10, 31, 9, 20, 16, 19, 15, 18, 17, 24, 23, 35, 37, 26, 25, 21, 22, 0, 4, 42, 39, 40, 38, 41, 33, 13];5823.0
[37, 9, 5, 12, 40, 39, 21, 23, 24, 22, 35, 36, 2, 27, 1, 16, 19, 17, 18, 15, 20, 8, 32, 10, 31, 29, 7, 41, 38, 42, 26, 25, 4, 0, 3, 28, 33, 14, 34, 13, 11, 30, 6];11145.0
[11, 36, 35, 37, 25, 7, 30, 13, 34, 14, 5, 8, 3, 28, 1, 27, 2, 29, 6, 12, 33, 20, 40, 39, 41, 38, 42, 16, 19, 17, 4, 0, 23, 21, 22, 24, 26, 15, 18, 9, 31, 10, 32];5845.0
[34, 28, 23, 1, 15, 19, 13, 33, 9, 31, 11, 7, 2, 27, 29, 6, 12, 10, 32, 8, 30, 5, 3, 0, 4, 42, 39, 41, 38, 40, 18, 16, 20, 17, 37, 35, 36, 22, 24, 21, 25, 26, 14];5886.0
[8, 5, 37, 36, 2, 28, 3, 27, 29, 4, 0, 35, 1, 22, 21, 23, 24, 41, 38, 40, 39, 42, 14, 33, 11, 32, 10, 31, 9, 7, 20, 16, 19, 17, 18, 15, 26, 25, 6, 30, 13, 34, 12];5818.0
[10, 5, 36, 2, 7, 12, 26, 24, 25, 21, 23, 3, 27, 1, 22, 28, 6, 29, 41, 38, 42, 39, 40, 17, 20, 16, 34, 14, 33, 13, 32, 9, 31, 30, 8, 4, 0, 35, 37, 11, 19, 15, 18];5860.0
[7, 30, 1, 27, 2, 29, 6, 37, 0, 4, 5, 10, 32, 9, 31, 8, 28, 3, 42, 39, 40, 38, 41, 15, 18, 16, 19, 17, 20, 11, 13, 33, 14, 34, 12, 26, 24, 25, 23, 21, 22, 35, 36];5803.0
[29, 40, 38, 37, 2, 28, 17, 18, 6, 11, 5, 31, 10, 32, 9, 3, 36, 35, 0, 4, 7, 30, 14, 34, 12, 42, 39, 41, 33, 13, 8, 20, 15, 19, 16, 26, 25, 21, 22, 24, 23, 1, 27];11161.0
[1, 27, 7, 30, 2, 28, 29, 33, 13, 34, 14, 40, 38, 37, 4, 0, 35, 3, 11, 6, 9, 31, 8, 32, 10, 5, 24, 23, 21, 22, 25, 26, 12, 15, 18, 16, 19, 17, 20, 42, 39, 41, 36];11136.0
[30, 11, 5, 29, 27, 2, 36, 7, 34, 12, 20, 10, 31, 9, 32, 8, 37, 21, 23, 24, 22, 25, 26, 14, 33, 13, 6, 3, 35, 0, 4, 16, 18, 41, 39, 40, 38, 42, 15, 19, 17, 1, 28];5837.0
[2, 17, 19, 11, 29, 28, 23, 21, 22, 0, 4, 1, 27, 30, 7, 37, 35, 36, 3, 6, 13, 33, 14, 34, 12, 5, 8, 32, 10, 31, 9, 41, 38, 40, 39, 42, 16, 18, 15, 20, 26, 25, 24];5839.0
[7, 2, 27, 1, 21, 23, 35, 0, 4, 6, 30, 9, 32, 11, 31, 10, 37, 36, 28, 3, 5, 29, 8, 20, 15, 19, 16, 40, 38, 42, 39, 41, 25, 22, 24, 26, 18, 17, 14, 33, 13, 34, 12];5831.0
[28, 26, 42, 39, 41, 38, 40, 5, 10, 29, 7, 11, 31, 9, 32, 8, 6, 30, 12, 34, 13, 33, 14, 19, 17, 20, 16, 18, 15, 2, 36, 3, 37, 4, 0, 35, 23, 21, 22, 25, 24, 27, 1];5781.0
[2, 7, 30, 6, 15, 20, 13, 34, 12, 33, 14, 11, 31, 10, 5, 37, 4, 0, 27, 3, 8, 32, 9, 29, 1, 36, 35, 22, 21, 23, 24, 25, 26, 41, 38, 40, 19, 16, 18, 17, 42, 39, 28];11122.0
[6, 29, 5, 9, 31, 8, 17, 19, 15, 18, 16, 20, 42, 38, 40, 14, 34, 13, 33, 12, 26, 41, 39, 37, 1, 36, 24, 23, 25, 21, 22, 3, 27, 30, 7, 4, 0, 35, 2, 28, 11, 32, 10];11128.0
[28, 1, 37, 38, 41, 30, 6, 29, 5, 11, 7, 15, 18, 8, 32, 9, 31, 10, 3, 21, 23, 25, 26, 19, 17, 20, 16, 12, 33, 14, 40, 39, 42, 34, 13, 27, 2, 36, 4, 0, 35, 22, 24];11173.0
[27, 3, 5, 10, 30, 28, 1, 36, 37, 7, 9, 32, 29, 6, 13, 34, 14, 33, 12, 8, 31, 11, 19, 16, 20, 17, 4, 0, 35, 24, 23, 21, 22, 25, 26, 40, 39, 41, 38, 42, 18, 15, 2];5793.0
[16, 12, 2, 27, 1, 36, 6, 10, 37, 39, 42, 13, 9, 32, 29, 28, 3, 5, 30, 7, 11, 19, 17, 20, 15, 4, 0, 35, 23, 21, 22, 24, 26, 25, 33, 14, 34, 40, 38, 41, 8, 31, 18];11178.0
[1, 28, 3, 36, 2, 10, 31, 11, 6, 32, 29, 8, 5, 12, 34, 14, 33, 19, 17, 18, 13, 9, 37, 23, 21, 22, 35, 4, 0, 27, 24, 25, 26, 40, 38, 41, 39, 42, 15, 20, 16, 30, 7];5829.0
[37, 4, 0, 2, 16, 19, 9, 5, 12, 15, 18, 10, 31, 29, 28, 1, 35, 22, 21, 24, 26, 33, 40, 39, 25, 23, 27, 11, 32, 8, 30, 7, 14, 34, 13, 42, 38, 41, 17, 20, 6, 3, 36];11208.0
[12, 33, 8, 27, 1, 39, 41, 13, 17, 20, 16, 18, 15, 28, 3, 36, 6, 29, 11, 5, 30, 7, 37, 14, 34, 32, 10, 31, 9, 4, 0, 2, 35, 22, 25, 21, 23, 24, 26, 40, 38, 42, 19];11161.0
[36, 37, 3, 4, 0, 23, 35, 22, 24, 21, 25, 26, 41, 38, 42, 39, 40, 12, 11, 32, 8, 17, 20, 15, 19, 16, 18, 34, 13, 33, 14, 6, 9, 31, 10, 5, 30, 7, 27, 29, 2, 28, 1];5800.0
[39, 30, 6, 10, 31, 9, 32, 11, 1, 27, 3, 28, 5, 29, 8, 18, 17, 19, 16, 41, 38, 42, 33, 12, 34, 14, 37, 25, 22, 21, 23, 24, 26, 15, 20, 13, 7, 2, 36, 35, 0, 4, 40];11149.0
[24, 38, 40, 7, 9, 31, 8, 3, 27, 1, 0, 4, 29, 6, 30, 28, 2, 37, 25, 26, 13, 16, 19, 15, 20, 17, 18, 12, 33, 11, 32, 10, 5, 14, 34, 42, 39, 41, 36, 35, 23, 21, 22];11166.0
[9, 5, 40, 38, 42, 39, 41, 3, 28, 1, 37, 16, 20, 32, 8, 31, 10, 7, 13, 33, 14, 34, 12, 15, 18, 17, 19, 11, 4, 0, 35, 36, 22, 21, 23, 25, 24, 26, 29, 2, 27, 30, 6];5832.0
[6, 12, 33, 11, 19, 14, 34, 13, 40, 38, 41, 3, 0, 4, 37, 2, 27, 24, 23, 35, 1, 36, 17, 18, 16, 20, 15, 39, 42, 26, 25, 21, 22, 28, 9, 32, 10, 31, 8, 5, 29, 7, 30];11169.0
[19, 7, 17, 20, 5, 9, 37, 4, 0, 1, 41, 38, 40, 39, 42, 13, 34, 12, 33, 14, 10, 31, 8, 32, 11, 6, 29, 27, 2, 24, 25, 26, 30, 3, 28, 23, 21, 22, 35, 36, 15, 18, 16];5847.0
[2, 7, 10, 30, 39, 42, 33, 12, 34, 13, 40, 38, 41, 37, 4, 0, 35, 36, 3, 6, 11, 31, 29, 5, 14, 9, 32, 8, 20, 15, 18, 16, 19, 17, 26, 25, 24, 22, 21, 23, 27, 1, 28];11130.0
[39, 7, 30, 11, 31, 29, 40, 38, 41, 13, 34, 12, 33, 14, 8, 36, 2, 28, 3, 27, 1, 4, 0, 35, 22, 21, 23, 24, 26, 25, 37, 5, 9, 32, 10, 6, 16, 18, 17, 19, 15, 20, 42];11121.0
[41, 38, 42, 14, 33, 12, 5, 3, 36, 35, 23, 24, 21, 25, 26, 34, 13, 30, 8, 31, 10, 32, 11, 7, 29, 40, 39, 37, 1, 27, 2, 6, 9, 4, 0, 22, 28, 16, 20, 17, 18, 15, 19];11169.0
[38, 41, 37, 4, 0, 35, 3, 36, 7, 29, 12, 34, 13, 26, 24, 22, 21, 23, 25, 5, 11, 32, 10, 31, 9, 30, 33, 14, 19, 17, 20, 16, 18, 15, 8, 6, 28, 2, 27, 1, 40, 39, 42];5803.0
[24, 26, 27, 1, 6, 20, 15, 19, 16, 18, 17, 2, 36, 37, 4, 0, 23, 35, 3, 28, 29, 11, 32, 9, 7, 30, 12, 33, 14, 34, 41, 38, 40, 39, 42, 13, 5, 10, 31, 8, 25, 21, 22];5825.0
[7, 8, 30, 6, 1, 28, 0, 4, 37, 36, 5, 32, 10, 18, 17, 20, 15, 3, 27, 2, 35, 22, 21, 23, 24, 25, 40, 38, 41, 39, 42, 26, 19, 16, 9, 31, 11, 29, 13, 34, 14, 33, 12];5817.0
[7, 30, 5, 29, 6, 2, 27, 17, 20, 15, 19, 42, 38, 40, 39, 41, 3, 28, 1, 0, 4, 8, 31, 10, 32, 9, 14, 34, 13, 33, 12, 11, 37, 36, 35, 22, 21, 23, 25, 24, 26, 16, 18];5811.0
[13, 33, 11, 32, 10, 37, 38, 42, 26, 25, 22, 21, 35, 23, 24, 12, 34, 14, 30, 28, 2, 36, 3, 0, 4, 1, 27, 29, 5, 9, 31, 8, 6, 15, 18, 7, 17, 20, 16, 19, 40, 39, 41];11169.0
[5, 36, 24, 26, 6, 30, 8, 29, 7, 3, 27, 1, 28, 33, 13, 15, 19, 16, 18, 17, 20, 34, 14, 2, 23, 35, 0, 4, 37, 12, 40, 39, 42, 38, 41, 25, 22, 21, 11, 32, 10, 31, 9];5878.0
[19, 5, 29, 10, 7, 30, 33, 14, 11, 31, 9, 6, 37, 3, 28, 1, 27, 8, 32, 20, 16, 4, 0, 22, 21, 23, 35, 36, 2, 12, 34, 13, 42, 39, 41, 38, 40, 26, 25, 24, 15, 18, 17];5831.0
[28, 23, 35, 37, 38, 40, 5, 30, 8, 29, 32, 11, 31, 9, 7, 4, 0, 36, 1, 27, 3, 6, 42, 39, 41, 26, 25, 24, 21, 22, 2, 10, 20, 17, 19, 15, 18, 16, 13, 33, 14, 34, 12];11159.0
[6, 29, 27, 1, 28, 24, 26, 25, 30, 11, 32, 8, 37, 39, 40, 18, 17, 20, 16, 19, 15, 41, 38, 42, 13, 33, 12, 34, 14, 31, 10, 3, 36, 7, 9, 5, 4, 0, 35, 23, 21, 22, 2];11160.0
[40, 38, 42, 5, 29, 27, 1, 6, 30, 12, 33, 13, 34, 14, 7, 9, 4, 0, 35, 3, 28, 2, 36, 11, 32, 10, 31, 8, 37, 41, 39, 22, 25, 21, 23, 24, 26, 17, 18, 16, 19, 15, 20];11135.0
[4, 0, 2, 23, 24, 26, 5, 30, 6, 29, 14, 33, 13, 34, 12, 8, 37, 35, 1, 36, 3, 28, 16, 20, 17, 19, 11, 32, 9, 7, 40, 39, 41, 38, 42, 25, 21, 22, 27, 31, 10, 18, 15];5863.0
[24, 36, 2, 7, 28, 3, 17, 20, 16, 18, 14, 33, 41, 39, 0, 4, 1, 27, 29, 13, 34, 12, 42, 38, 40, 26, 19, 15, 5, 10, 32, 9, 6, 30, 8, 31, 11, 37, 35, 22, 21, 23, 25];11173.0
[28, 15, 18, 41, 39, 37, 1, 35, 0, 4, 16, 20, 11, 30, 25, 22, 21, 23, 24, 26, 19, 17, 33, 14, 29, 5, 9, 31, 8, 6, 40, 38, 42, 13, 34, 12, 32, 10, 7, 3, 27, 36, 2];11184.0
[27, 29, 10, 31, 9, 32, 11, 6, 36, 35, 37, 5, 33, 12, 8, 1, 24, 23, 21, 25, 26, 13, 34, 14, 2, 22, 0, 4, 7, 30, 16, 18, 17, 19, 42, 39, 40, 38, 41, 20, 15, 28, 3];5864.0
[36, 37, 3, 35, 23, 39, 40, 27, 29, 14, 33, 10, 6, 9, 32, 11, 31, 8, 7, 28, 2, 42, 38, 41, 25, 21, 24, 26, 13, 34, 12, 19, 15, 20, 17, 18, 16, 5, 30, 4, 0, 22, 1];11212.0
[37, 36, 35, 2, 40, 38, 1, 27, 10, 29, 7, 28, 3, 9, 6, 14, 34, 13, 16, 20, 32, 8, 5, 15, 19, 17, 18, 31, 11, 30, 41, 39, 42, 33, 12, 26, 24, 25, 22, 21, 23, 0, 4];11184.0
[19, 29, 6, 30, 9, 5, 1, 26, 42, 39, 37, 4, 0, 35, 36, 16, 20, 15, 18, 13, 33, 14, 34, 11, 31, 10, 32, 8, 7, 12, 40, 38, 41, 25, 21, 23, 24, 22, 28, 2, 27, 3, 17];11158.0
[2, 35, 1, 36, 3, 29, 34, 12, 9, 5, 14, 33, 13, 26, 40, 38, 41, 39, 42, 28, 0, 4, 37, 6, 8, 31, 11, 32, 10, 19, 17, 20, 16, 18, 15, 7, 30, 25, 23, 21, 22, 24, 27];5807.0
[32, 9, 36, 2, 27, 1, 26, 25, 22, 21, 23, 24, 30, 6, 29, 5, 13, 34, 12, 33, 28, 3, 0, 4, 35, 37, 7, 8, 31, 10, 14, 41, 39, 42, 38, 40, 17, 20, 16, 18, 15, 19, 11];5811.0
[16, 34, 14, 10, 37, 25, 21, 22, 0, 4, 40, 39, 6, 30, 5, 11, 31, 28, 2, 36, 1, 35, 3, 13, 33, 12, 32, 9, 29, 27, 23, 24, 26, 7, 8, 19, 17, 20, 15, 18, 42, 38, 41];11198.0
[14, 30, 33, 12, 8, 37, 6, 10, 31, 11, 5, 3, 36, 1, 27, 2, 4, 0, 35, 22, 21, 23, 24, 26, 25, 41, 38, 40, 39, 42, 19, 15, 20, 17, 18, 16, 7, 28, 9, 32, 29, 13, 34];5803.0
[1, 32, 11, 38, 41, 12, 33, 14, 9, 6, 37, 25, 26, 40, 39, 42, 30, 7, 2, 28, 0, 4, 17, 18, 15, 20, 8, 31, 10, 5, 16, 19, 13, 34, 29, 27, 3, 36, 35, 23, 24, 21, 22];11181.0
[4, 9, 31, 8, 42, 39, 41, 38, 40, 34, 13, 5, 2, 36, 24, 23, 21, 22, 25, 26, 30, 7, 11, 32, 10, 27, 1, 28, 3, 29, 6, 16, 18, 17, 20, 15, 19, 12, 33, 14, 37, 35, 0];5809.0
[21, 23, 35, 37, 12, 34, 13, 26, 25, 30, 9, 6, 29, 5, 11, 36, 22, 3, 7, 8, 31, 10, 32, 27, 2, 4, 0, 1, 28, 14, 33, 15, 18, 17, 19, 16, 20, 42, 39, 40, 38, 41, 24];5879.0
[40, 28, 1, 35, 36, 39, 42, 33, 14, 8, 29, 27, 3, 0, 4, 37, 5, 13, 34, 12, 15, 19, 16, 18, 11, 32, 9, 31, 10, 7, 26, 25, 23, 21, 22, 24, 2, 6, 30, 17, 20, 41, 38];11165.0
[19, 13, 33, 26, 25, 9, 31, 30, 11, 7, 2, 28, 29, 32, 8, 6, 37, 4, 0, 27, 1, 12, 10, 5, 36, 23, 24, 21, 22, 35, 3, 34, 14, 16, 20, 15, 18, 17, 41, 38, 40, 39, 42];5869.0
[31, 11, 1, 22, 24, 36, 3, 6, 14, 33, 13, 10, 32, 29, 27, 2, 12, 34, 42, 38, 21, 23, 28, 30, 9, 5, 40, 39, 41, 15, 20, 17, 7, 37, 35, 0, 4, 25, 26, 19, 16, 18, 8];11217.0
[38, 36, 3, 37, 4, 0, 35, 22, 1, 12, 7, 30, 5, 8, 31, 9, 29, 27, 2, 28, 6, 16, 19, 15, 20, 17, 40, 39, 42, 25, 21, 23, 24, 26, 33, 14, 34, 13, 11, 32, 10, 18, 41];11171.0
[18, 9, 27, 2, 7, 8, 29, 40, 39, 37, 0, 4, 32, 10, 30, 6, 13, 33, 42, 38, 41, 14, 34, 12, 5, 3, 23, 21, 25, 26, 24, 28, 31, 11, 36, 35, 22, 1, 15, 20, 17, 19, 16];11215.0
[34, 13, 4, 0, 39, 40, 26, 20, 17, 19, 16, 7, 11, 5, 29, 6, 27, 3, 35, 37, 1, 36, 2, 9, 31, 8, 32, 10, 18, 15, 30, 28, 24, 23, 21, 22, 25, 42, 38, 41, 12, 33, 14];11171.0
[40, 39, 42, 38, 41, 3, 28, 15, 19, 13, 33, 14, 34, 12, 30, 27, 2, 36, 1, 16, 20, 17, 18, 11, 29, 6, 37, 4, 0, 35, 22, 21, 23, 24, 25, 26, 5, 9, 32, 10, 31, 8, 7];5807.0
[1, 28, 3, 27, 30, 7, 11, 32, 8, 6, 19, 16, 18, 13, 34, 14, 33, 41, 39, 40, 12, 9, 31, 10, 29, 26, 25, 21, 22, 24, 23, 35, 36, 2, 5, 17, 20, 15, 42, 38, 37, 4, 0];11134.0
[0, 37, 25, 8, 31, 9, 3, 28, 30, 5, 16, 20, 11, 6, 1, 27, 2, 7, 10, 32, 42, 38, 40, 39, 41, 12, 34, 13, 33, 14, 36, 35, 22, 21, 23, 24, 26, 18, 17, 19, 15, 29, 4];5859.0
[10, 32, 18, 16, 13, 33, 14, 34, 9, 4, 0, 35, 36, 3, 27, 1, 28, 11, 31, 8, 5, 30, 12, 41, 38, 42, 39, 40, 25, 22, 21, 23, 24, 26, 37, 2, 15, 19, 17, 20, 6, 29, 7];5823.0
[41, 17, 6, 29, 13, 34, 12, 30, 5, 8, 32, 11, 7, 3, 27, 2, 28, 1, 22, 24, 36, 9, 31, 10, 18, 16, 19, 15, 20, 26, 25, 21, 23, 35, 0, 37, 4, 14, 33, 42, 38, 40, 39];5867.0
[5, 18, 15, 7, 30, 28, 24, 25, 41, 38, 37, 1, 6, 13, 34, 14, 29, 27, 2, 8, 32, 11, 19, 17, 20, 16, 26, 40, 39, 42, 12, 33, 9, 31, 10, 3, 36, 23, 21, 22, 35, 0, 4];11190.0
[22, 25, 15, 20, 12, 5, 29, 27, 23, 21, 35, 36, 2, 28, 3, 6, 10, 37, 4, 0, 1, 7, 9, 31, 11, 30, 32, 8, 40, 39, 41, 38, 42, 16, 18, 17, 19, 33, 14, 34, 13, 26, 24];5854.0
[5, 29, 3, 27, 2, 36, 35, 23, 25, 21, 22, 24, 28, 30, 7, 10, 31, 11, 32, 8, 6, 12, 34, 14, 16, 20, 15, 18, 17, 19, 9, 37, 4, 0, 1, 13, 33, 26, 40, 39, 41, 38, 42];5799.0
[3, 35, 36, 11, 7, 39, 42, 13, 31, 10, 6, 29, 26, 25, 40, 38, 41, 33, 12, 34, 14, 30, 28, 1, 24, 23, 21, 22, 0, 4, 37, 5, 8, 32, 9, 18, 16, 20, 17, 19, 15, 2, 27];11170.0
[4, 7, 29, 41, 38, 40, 28, 3, 6, 10, 19, 12, 34, 13, 15, 18, 17, 20, 16, 37, 35, 22, 21, 23, 24, 26, 25, 30, 11, 31, 8, 32, 9, 5, 39, 42, 33, 14, 27, 1, 36, 2, 0];11175.0
[16, 37, 7, 30, 10, 31, 11, 1, 28, 2, 15, 20, 8, 29, 32, 9, 5, 13, 33, 14, 34, 12, 6, 27, 3, 24, 22, 21, 23, 25, 4, 0, 35, 36, 26, 42, 38, 40, 39, 41, 18, 17, 19];5825.0
[35, 27, 1, 13, 33, 14, 9, 32, 11, 31, 8, 2, 28, 3, 6, 12, 34, 26, 24, 23, 0, 4, 22, 21, 25, 30, 7, 10, 17, 20, 15, 19, 16, 18, 41, 39, 40, 38, 42, 29, 5, 36, 37];5855.0
[33, 14, 7, 36, 37, 6, 29, 5, 30, 8, 32, 10, 13, 34, 12, 2, 28, 3, 27, 1, 24, 25, 22, 21, 23, 35, 0, 4, 26, 42, 39, 40, 38, 41, 15, 20, 16, 18, 9, 31, 11, 17, 19];5813.0
[19, 11, 31, 8, 5, 41, 39, 35, 3, 7, 30, 27, 2, 28, 6, 29, 1, 36, 37, 4, 0, 23, 21, 22, 24, 26, 25, 33, 14, 9, 32, 10, 12, 42, 38, 40, 13, 34, 17, 20, 16, 18, 15];11158.0
[24, 21, 22, 4, 0, 23, 35, 37, 7, 10, 19, 33, 12, 34, 14, 5, 36, 3, 6, 29, 8, 32, 30, 9, 31, 11, 42, 39, 41, 38, 40, 25, 26, 16, 20, 17, 27, 1, 28, 15, 18, 13, 2];5903.0
[29, 6, 17, 18, 16, 19, 15, 20, 13, 10, 1, 27, 24, 23, 35, 2, 28, 14, 33, 12, 34, 9, 31, 11, 32, 8, 30, 7, 26, 25, 21, 22, 0, 4, 37, 36, 3, 41, 39, 42, 38, 40, 5];5820.0
[27, 23, 0, 4, 37, 36, 3, 28, 1, 7, 30, 12, 34, 14, 33, 13, 8, 6, 29, 9, 31, 11, 26, 25, 24, 21, 22, 35, 2, 10, 32, 19, 16, 20, 41, 38, 42, 39, 40, 15, 18, 17, 5];5828.0
[6, 29, 7, 30, 33, 9, 31, 11, 32, 10, 27, 2, 28, 3, 36, 1, 35, 37, 12, 34, 13, 26, 42, 39, 40, 38, 41, 20, 17, 18, 15, 19, 16, 14, 8, 5, 4, 0, 23, 21, 22, 24, 25];5800.0
[14, 42, 38, 30, 5, 1, 35, 0, 4, 37, 36, 2, 27, 3, 7, 8, 6, 33, 12, 34, 13, 10, 32, 11, 31, 9, 29, 28, 24, 22, 21, 23, 25, 26, 17, 19, 16, 41, 39, 40, 18, 15, 20];11134.0
[0, 4, 30, 27, 2, 28, 29, 7, 13, 33, 12, 34, 14, 3, 36, 24, 22, 21, 23, 25, 26, 41, 38, 40, 39, 42, 11, 31, 8, 6, 20, 15, 18, 16, 19, 17, 10, 32, 9, 5, 37, 35, 1];5793.0
[8, 20, 16, 27, 3, 28, 6, 30, 5, 29, 7, 11, 32, 9, 31, 10, 12, 34, 41, 39, 42, 38, 40, 14, 26, 25, 24, 22, 21, 23, 36, 2, 35, 0, 4, 1, 37, 15, 19, 17, 18, 33, 13];5820.0
[1, 37, 25, 26, 34, 12, 2, 35, 36, 8, 32, 11, 5, 20, 17, 3, 0, 4, 10, 31, 9, 15, 19, 16, 18, 29, 28, 24, 22, 21, 23, 27, 40, 39, 41, 38, 42, 7, 13, 33, 14, 6, 30];5885.0
[3, 28, 15, 18, 31, 8, 7, 30, 13, 34, 14, 33, 12, 40, 38, 41, 39, 42, 27, 2, 36, 1, 10, 32, 9, 5, 29, 26, 25, 24, 23, 21, 22, 35, 0, 4, 37, 6, 11, 20, 17, 19, 16];5809.0
[29, 6, 34, 14, 40, 39, 41, 37, 4, 0, 2, 28, 36, 1, 5, 30, 9, 31, 10, 7, 38, 42, 18, 17, 12, 33, 13, 11, 32, 27, 3, 35, 22, 21, 23, 24, 26, 25, 16, 20, 15, 19, 8];11168.0
[12, 40, 38, 25, 37, 13, 16, 20, 10, 32, 8, 19, 17, 18, 15, 30, 6, 29, 27, 1, 36, 3, 7, 9, 31, 11, 5, 41, 39, 42, 26, 24, 23, 0, 4, 21, 22, 35, 2, 28, 33, 14, 34];11178.0
[17, 10, 1, 6, 29, 12, 34, 3, 28, 2, 35, 36, 24, 21, 22, 27, 5, 30, 7, 9, 32, 8, 31, 11, 20, 40, 38, 42, 39, 41, 26, 13, 33, 14, 37, 25, 23, 0, 4, 15, 19, 16, 18];5863.0
[38, 42, 12, 8, 32, 9, 27, 3, 28, 1, 36, 10, 29, 7, 30, 6, 4, 0, 35, 22, 24, 26, 37, 5, 17, 20, 16, 19, 15, 18, 14, 34, 13, 33, 31, 11, 2, 23, 21, 25, 40, 39, 41];5834.0
[18, 6, 10, 30, 5, 3, 24, 25, 26, 15, 19, 11, 31, 9, 32, 8, 37, 35, 36, 1, 29, 34, 12, 42, 38, 40, 39, 41, 14, 33, 13, 7, 28, 22, 21, 23, 0, 4, 27, 2, 17, 20, 16];5847.0
[36, 3, 28, 1, 8, 32, 11, 7, 29, 5, 27, 2, 35, 22, 21, 23, 24, 25, 26, 18, 15, 13, 33, 12, 41, 38, 40, 39, 42, 17, 20, 16, 19, 14, 34, 30, 9, 31, 10, 6, 4, 0, 37];5797.0
[34, 29, 25, 26, 37, 4, 0, 36, 7, 10, 31, 11, 32, 8, 1, 28, 3, 27, 2, 5, 14, 33, 12, 30, 6, 42, 39, 40, 38, 41, 24, 22, 35, 23, 21, 9, 19, 16, 18, 17, 20, 15, 13];5868.0
[20, 26, 24, 27, 2, 6, 30, 5, 9, 31, 10, 32, 11, 29, 28, 3, 40, 39, 42, 13, 34, 12, 33, 14, 8, 36, 1, 0, 4, 16, 18, 41, 38, 25, 22, 21, 23, 35, 37, 7, 17, 19, 15];11174.0
[18, 16, 7, 13, 34, 12, 33, 14, 8, 15, 20, 26, 24, 28, 3, 27, 0, 4, 37, 2, 30, 5, 11, 32, 10, 31, 9, 6, 29, 1, 36, 35, 22, 21, 23, 25, 42, 38, 41, 39, 40, 19, 17];5824.0
[7, 11, 30, 6, 20, 17, 41, 39, 40, 15, 19, 13, 5, 29, 10, 32, 8, 31, 9, 1, 27, 26, 24, 23, 21, 22, 25, 37, 38, 42, 16, 18, 33, 12, 34, 14, 4, 0, 35, 36, 2, 28, 3];11151.0
[1, 24, 28, 3, 27, 2, 36, 6, 30, 5, 29, 34, 14, 33, 13, 11, 7, 40, 39, 42, 38, 41, 18, 16, 19, 17, 12, 9, 32, 8, 31, 10, 37, 4, 0, 35, 22, 21, 23, 25, 26, 20, 15];5816.0
[42, 38, 25, 21, 9, 32, 8, 30, 3, 36, 41, 39, 40, 16, 20, 15, 19, 17, 26, 24, 23, 4, 0, 22, 35, 37, 11, 31, 10, 7, 14, 33, 13, 34, 12, 6, 1, 28, 2, 27, 29, 5, 18];11210.0
[29, 10, 31, 11, 7, 14, 26, 41, 39, 42, 38, 40, 3, 28, 1, 37, 4, 0, 35, 22, 36, 17, 19, 13, 33, 12, 34, 9, 32, 8, 6, 30, 5, 18, 16, 20, 15, 2, 24, 25, 21, 23, 27];5847.0
[28, 2, 30, 7, 36, 1, 16, 18, 15, 19, 32, 9, 6, 41, 38, 42, 37, 39, 40, 17, 20, 13, 33, 12, 34, 14, 8, 27, 24, 22, 21, 23, 25, 26, 29, 5, 11, 31, 10, 4, 0, 35, 3];11158.0
[18, 30, 28, 2, 39, 41, 14, 8, 31, 9, 32, 10, 7, 34, 42, 38, 40, 6, 29, 5, 11, 20, 17, 37, 4, 0, 35, 36, 3, 12, 33, 13, 1, 27, 24, 22, 21, 23, 25, 26, 16, 19, 15];11158.0
[7, 29, 6, 30, 33, 14, 34, 12, 20, 15, 2, 36, 35, 1, 0, 4, 37, 5, 9, 31, 8, 32, 10, 41, 39, 42, 38, 40, 13, 11, 28, 3, 27, 24, 23, 21, 22, 25, 26, 19, 17, 18, 16];5813.0
[25, 37, 3, 36, 27, 2, 8, 19, 16, 18, 31, 10, 30, 6, 29, 7, 11, 32, 9, 5, 14, 34, 13, 33, 12, 17, 20, 15, 1, 4, 0, 35, 23, 21, 22, 28, 42, 39, 40, 38, 41, 26, 24];5822.0
[4, 25, 26, 14, 34, 11, 30, 5, 17, 19, 41, 38, 37, 1, 28, 6, 12, 33, 9, 32, 10, 18, 16, 20, 15, 8, 31, 27, 24, 22, 21, 23, 35, 36, 3, 42, 39, 40, 13, 7, 29, 2, 0];11195.0
[29, 13, 19, 17, 18, 11, 7, 30, 6, 3, 27, 1, 28, 2, 36, 9, 32, 8, 31, 10, 5, 25, 21, 22, 24, 23, 35, 0, 4, 37, 40, 38, 41, 39, 42, 26, 16, 20, 15, 14, 33, 12, 34];5794.0
[0, 35, 37, 7, 30, 5, 36, 2, 28, 1, 15, 18, 14, 34, 12, 33, 13, 11, 6, 17, 19, 16, 20, 26, 42, 38, 41, 39, 40, 29, 10, 32, 9, 31, 8, 3, 27, 24, 22, 21, 23, 25, 4];5808.0
[9, 6, 36, 35, 0, 4, 37, 7, 10, 32, 30, 8, 31, 11, 29, 13, 34, 12, 2, 24, 22, 21, 23, 25, 26, 20, 15, 41, 39, 42, 38, 40, 19, 17, 18, 16, 14, 33, 28, 3, 27, 1, 5];5814.0
