ft53
[51, 45, 23, 22, 19, 3, 14, 24, 39, 40, 21, 20, 10, 12, 11, 13, 17, 16, 15, 37, 18, 8, 7, 6, 5, 9, 33, 30, 0, 36, 35, 38, 4, 2, 1, 41, 42, 47, 46, 44, 43, 34, 32, 31, 26, 25, 27, 29, 28, 50, 48, 49, 52];8712.0;10167.931707317073;6888675.395121952;158.0;219626.0;205.0
[20, 11, 10, 12, 38, 18, 6, 9, 8, 13, 45, 42, 7, 5, 3, 14, 39, 4, 2, 32, 31, 21, 24, 19, 16, 15, 17, 23, 22, 0, 1, 41, 47, 46, 43, 44, 34, 52, 50, 51, 48, 49, 33, 30, 36, 37, 35, 40, 26, 25, 27, 29, 28];10142.0
[13, 14, 24, 23, 3, 0, 4, 33, 26, 25, 27, 28, 20, 11, 10, 12, 41, 47, 44, 34, 32, 31, 30, 21, 22, 19, 15, 52, 50, 51, 48, 49, 29, 39, 18, 1, 2, 17, 16, 37, 36, 35, 40, 38, 45, 42, 46, 43, 7, 5, 8, 6, 9];9830.0
[23, 20, 39, 40, 38, 45, 3, 13, 12, 35, 37, 18, 19, 6, 9, 33, 30, 4, 25, 26, 7, 5, 8, 2, 17, 16, 15, 52, 50, 51, 48, 49, 1, 0, 36, 24, 22, 46, 43, 41, 47, 42, 44, 34, 32, 31, 27, 29, 28, 21, 11, 10, 14];10152.0
[32, 31, 21, 20, 24, 22, 28, 27, 47, 44, 23, 39, 40, 37, 19, 18, 17, 16, 15, 38, 45, 7, 6, 9, 13, 12, 11, 10, 14, 33, 30, 0, 36, 35, 4, 1, 43, 3, 2, 8, 5, 51, 49, 52, 50, 48, 29, 25, 26, 41, 42, 46, 34];9908.0
[33, 30, 36, 40, 38, 22, 19, 18, 11, 3, 13, 12, 10, 14, 20, 39, 4, 2, 17, 16, 15, 37, 1, 41, 47, 46, 44, 43, 42, 45, 0, 35, 21, 24, 23, 32, 31, 25, 27, 26, 7, 5, 51, 52, 50, 49, 48, 29, 28, 6, 9, 8, 34];9477.0
[3, 35, 21, 20, 7, 5, 6, 8, 9, 23, 22, 24, 19, 18, 15, 45, 44, 39, 38, 4, 2, 1, 0, 36, 40, 37, 17, 16, 10, 11, 13, 12, 14, 41, 47, 43, 42, 46, 34, 32, 33, 31, 30, 49, 50, 52, 51, 48, 28, 25, 27, 26, 29];9725.0
[52, 30, 35, 49, 29, 7, 6, 9, 36, 40, 18, 17, 15, 37, 39, 4, 2, 16, 11, 10, 14, 24, 22, 19, 1, 41, 43, 45, 44, 34, 32, 33, 31, 26, 27, 28, 25, 47, 42, 46, 0, 3, 13, 12, 38, 23, 21, 20, 8, 5, 51, 48, 50];10798.0
[2, 23, 19, 28, 25, 27, 26, 29, 3, 13, 14, 10, 12, 38, 18, 17, 11, 1, 35, 21, 20, 39, 36, 32, 31, 30, 34, 52, 51, 48, 49, 50, 33, 7, 6, 5, 8, 9, 16, 15, 37, 40, 24, 22, 47, 44, 41, 43, 42, 46, 45, 0, 4];9756.0
[12, 38, 18, 19, 17, 16, 15, 37, 4, 34, 33, 30, 0, 35, 40, 39, 45, 41, 47, 42, 46, 43, 44, 23, 11, 2, 1, 3, 14, 13, 10, 36, 32, 31, 26, 27, 25, 29, 28, 21, 20, 24, 22, 8, 9, 7, 6, 5, 51, 48, 49, 52, 50];9081.0
[51, 50, 11, 10, 36, 29, 28, 31, 43, 42, 46, 45, 41, 2, 17, 24, 18, 19, 16, 15, 37, 40, 21, 27, 26, 25, 7, 6, 5, 8, 9, 1, 13, 34, 32, 33, 30, 0, 3, 14, 12, 38, 4, 22, 47, 44, 23, 20, 39, 35, 48, 49, 52];10802.0
[23, 20, 10, 12, 14, 9, 8, 6, 1, 41, 43, 47, 46, 45, 42, 7, 5, 0, 4, 2, 16, 11, 13, 17, 15, 40, 39, 21, 24, 22, 28, 25, 29, 51, 49, 52, 50, 48, 18, 19, 36, 35, 38, 37, 33, 31, 26, 27, 44, 34, 32, 30, 3];10360.0
[44, 21, 20, 39, 27, 25, 29, 28, 26, 5, 51, 49, 9, 8, 3, 1, 0, 4, 7, 6, 13, 14, 24, 23, 22, 19, 47, 34, 32, 33, 31, 30, 2, 16, 15, 52, 50, 48, 18, 37, 36, 35, 40, 17, 11, 10, 12, 38, 41, 43, 42, 46, 45];11036.0
[43, 49, 48, 20, 24, 23, 22, 0, 13, 11, 3, 1, 41, 42, 46, 18, 9, 7, 8, 6, 5, 51, 52, 50, 4, 2, 17, 19, 16, 15, 40, 37, 39, 10, 12, 14, 21, 27, 29, 28, 26, 25, 47, 44, 34, 33, 32, 31, 30, 36, 35, 38, 45];11216.0
[0, 36, 35, 40, 37, 16, 23, 20, 21, 24, 34, 32, 31, 43, 41, 47, 44, 11, 10, 14, 13, 17, 22, 19, 18, 6, 8, 9, 7, 5, 51, 50, 52, 48, 49, 27, 29, 28, 26, 25, 3, 12, 38, 4, 1, 33, 30, 2, 15, 39, 45, 42, 46];9950.0
[39, 40, 38, 4, 2, 1, 41, 47, 46, 43, 45, 42, 3, 13, 17, 23, 22, 25, 27, 28, 20, 24, 44, 34, 32, 30, 0, 16, 15, 37, 36, 35, 18, 19, 10, 12, 14, 11, 5, 51, 49, 52, 50, 48, 29, 26, 7, 6, 8, 9, 33, 31, 21];9657.0
[4, 1, 0, 35, 40, 38, 36, 45, 44, 34, 32, 30, 13, 11, 10, 14, 12, 21, 20, 8, 3, 2, 17, 16, 23, 22, 46, 43, 42, 41, 47, 7, 6, 5, 9, 33, 31, 26, 27, 52, 50, 48, 49, 51, 28, 25, 29, 24, 19, 18, 15, 37, 39];9132.0
[19, 18, 11, 3, 13, 38, 37, 36, 32, 30, 0, 2, 17, 16, 15, 10, 12, 14, 4, 1, 8, 5, 51, 48, 49, 52, 50, 29, 27, 47, 46, 45, 44, 43, 42, 41, 28, 25, 26, 7, 6, 9, 34, 33, 31, 20, 39, 35, 40, 21, 23, 24, 22];9634.0
[11, 2, 33, 26, 12, 14, 9, 8, 3, 1, 41, 43, 42, 7, 6, 5, 51, 48, 18, 17, 16, 23, 32, 30, 0, 36, 37, 15, 19, 25, 27, 29, 28, 35, 38, 4, 22, 20, 10, 13, 34, 49, 52, 50, 31, 39, 40, 21, 24, 47, 46, 45, 44];11627.0
[1, 8, 9, 33, 31, 30, 22, 19, 18, 41, 47, 42, 17, 15, 39, 37, 36, 35, 40, 38, 4, 2, 0, 13, 12, 24, 23, 11, 10, 14, 34, 32, 26, 27, 29, 28, 25, 16, 20, 21, 5, 51, 48, 49, 50, 52, 45, 44, 46, 43, 7, 6, 3];9892.0
[3, 2, 0, 36, 35, 40, 39, 37, 7, 5, 51, 48, 18, 9, 8, 6, 41, 43, 45, 42, 47, 46, 44, 34, 32, 31, 30, 14, 11, 13, 17, 23, 22, 19, 16, 15, 49, 52, 50, 33, 26, 27, 25, 29, 28, 24, 21, 20, 10, 12, 38, 4, 1];10126.0
[37, 0, 13, 11, 10, 12, 14, 16, 15, 35, 4, 3, 2, 17, 23, 21, 20, 39, 38, 41, 47, 46, 45, 34, 52, 50, 48, 49, 51, 24, 22, 19, 18, 8, 6, 9, 7, 5, 33, 29, 28, 25, 26, 27, 1, 43, 42, 44, 32, 31, 30, 36, 40];9627.0
[19, 36, 40, 44, 34, 32, 31, 33, 30, 0, 12, 11, 10, 14, 13, 17, 15, 50, 52, 49, 24, 22, 21, 38, 45, 41, 7, 6, 9, 5, 51, 48, 29, 28, 25, 26, 27, 47, 43, 42, 46, 35, 4, 1, 8, 3, 2, 16, 23, 20, 39, 37, 18];9979.0
[42, 45, 14, 12, 27, 29, 28, 25, 26, 7, 5, 17, 39, 36, 37, 35, 40, 38, 4, 41, 47, 46, 44, 23, 24, 22, 21, 20, 11, 10, 3, 2, 16, 15, 19, 18, 32, 31, 30, 0, 1, 6, 9, 8, 13, 34, 51, 49, 48, 52, 50, 33, 43];10175.0
[37, 18, 17, 24, 23, 20, 39, 35, 40, 4, 22, 19, 33, 30, 0, 16, 15, 45, 41, 47, 44, 32, 31, 26, 27, 28, 25, 10, 12, 14, 13, 34, 52, 50, 48, 49, 51, 29, 21, 11, 3, 2, 1, 46, 43, 42, 7, 5, 6, 9, 8, 38, 36];9894.0
[40, 18, 33, 30, 17, 16, 15, 23, 39, 38, 36, 35, 4, 6, 5, 51, 50, 52, 48, 49, 29, 25, 27, 28, 21, 20, 24, 22, 19, 1, 13, 12, 10, 14, 11, 3, 0, 32, 31, 26, 7, 9, 8, 2, 43, 45, 41, 47, 42, 46, 44, 34, 37];9739.0
[7, 6, 23, 21, 39, 37, 33, 31, 26, 36, 35, 27, 29, 28, 20, 24, 22, 19, 40, 38, 44, 34, 32, 30, 0, 13, 11, 10, 12, 14, 4, 1, 8, 9, 3, 2, 17, 16, 15, 5, 49, 52, 51, 50, 48, 25, 47, 46, 45, 41, 43, 42, 18];10610.0
[20, 11, 3, 13, 12, 10, 14, 34, 30, 2, 17, 16, 15, 32, 27, 29, 28, 25, 26, 0, 36, 35, 37, 18, 23, 24, 22, 19, 1, 4, 39, 40, 38, 45, 44, 52, 50, 48, 49, 46, 43, 41, 47, 42, 7, 9, 8, 6, 5, 51, 33, 31, 21];10546.0
[16, 15, 24, 22, 11, 10, 12, 14, 41, 47, 46, 37, 39, 38, 4, 3, 13, 17, 23, 20, 21, 8, 6, 9, 7, 5, 28, 25, 27, 29, 52, 50, 51, 48, 49, 26, 36, 19, 18, 1, 35, 40, 45, 43, 42, 44, 34, 32, 33, 31, 30, 0, 2];9686.0
[4, 25, 27, 47, 42, 46, 45, 7, 5, 51, 50, 52, 48, 49, 13, 12, 38, 36, 21, 24, 23, 22, 19, 31, 33, 30, 0, 2, 15, 37, 18, 17, 16, 11, 10, 14, 41, 43, 6, 8, 9, 3, 1, 44, 34, 32, 26, 29, 28, 20, 39, 35, 40];10077.0
[43, 3, 38, 36, 32, 33, 24, 21, 11, 13, 34, 25, 27, 26, 15, 39, 37, 35, 40, 45, 44, 23, 22, 47, 42, 46, 19, 18, 17, 16, 20, 6, 9, 8, 7, 5, 51, 49, 52, 50, 48, 29, 28, 31, 30, 0, 4, 2, 1, 10, 12, 14, 41];10046.0
[18, 0, 4, 34, 30, 1, 43, 42, 46, 45, 41, 47, 44, 22, 19, 33, 32, 21, 6, 8, 9, 7, 5, 51, 52, 50, 49, 48, 28, 31, 25, 27, 29, 26, 2, 23, 24, 20, 39, 10, 12, 14, 13, 11, 3, 17, 16, 15, 38, 36, 35, 40, 37];9830.0
[14, 38, 36, 27, 29, 28, 25, 26, 47, 44, 34, 32, 30, 19, 18, 15, 35, 40, 37, 6, 8, 9, 13, 4, 1, 41, 43, 45, 42, 7, 5, 51, 48, 49, 52, 50, 33, 31, 21, 39, 10, 20, 24, 22, 46, 23, 3, 0, 2, 17, 16, 11, 12];9919.0
[6, 9, 47, 46, 43, 45, 1, 3, 13, 11, 10, 14, 12, 38, 2, 23, 20, 39, 4, 34, 32, 31, 30, 0, 36, 35, 40, 27, 28, 25, 26, 29, 48, 49, 51, 50, 52, 33, 21, 24, 22, 19, 16, 15, 37, 18, 17, 44, 41, 42, 7, 5, 8];9591.0
[0, 36, 38, 45, 44, 23, 21, 11, 10, 12, 4, 3, 2, 17, 16, 15, 40, 43, 46, 41, 47, 42, 7, 5, 6, 9, 8, 14, 20, 24, 22, 39, 32, 31, 33, 30, 35, 37, 18, 19, 1, 13, 34, 52, 50, 48, 49, 51, 29, 28, 25, 26, 27];9163.0
[9, 33, 26, 25, 23, 19, 18, 16, 11, 13, 17, 15, 37, 40, 27, 29, 28, 10, 12, 14, 51, 48, 49, 52, 50, 30, 36, 35, 34, 32, 31, 21, 24, 22, 42, 46, 43, 41, 47, 45, 44, 20, 39, 38, 4, 2, 3, 0, 1, 8, 7, 5, 6];10237.0
[28, 20, 27, 47, 42, 46, 44, 23, 22, 18, 19, 11, 10, 12, 14, 24, 21, 39, 37, 35, 40, 38, 4, 2, 17, 16, 15, 1, 8, 7, 5, 6, 9, 33, 32, 31, 30, 0, 3, 36, 45, 41, 43, 13, 34, 50, 52, 51, 49, 48, 26, 25, 29];9530.0
[43, 49, 48, 17, 15, 37, 39, 38, 36, 40, 27, 28, 24, 23, 22, 19, 16, 21, 20, 8, 9, 3, 0, 32, 33, 31, 26, 25, 29, 50, 52, 51, 45, 46, 44, 34, 30, 4, 2, 1, 35, 18, 42, 7, 6, 5, 13, 12, 11, 10, 14, 41, 47];11229.0
[41, 47, 42, 46, 43, 18, 15, 40, 21, 20, 24, 23, 11, 10, 12, 14, 13, 17, 22, 44, 34, 48, 49, 19, 9, 33, 31, 26, 7, 6, 5, 8, 0, 36, 37, 35, 4, 1, 32, 25, 27, 29, 28, 51, 50, 52, 30, 3, 2, 16, 39, 38, 45];10906.0
[16, 15, 40, 4, 1, 41, 43, 42, 7, 13, 34, 49, 52, 50, 32, 31, 33, 25, 27, 29, 28, 24, 23, 22, 19, 18, 20, 39, 38, 36, 10, 12, 11, 14, 21, 8, 9, 6, 5, 51, 48, 26, 3, 2, 47, 46, 45, 44, 30, 0, 35, 37, 17];10687.0
[33, 26, 25, 27, 44, 34, 32, 30, 17, 15, 18, 23, 22, 19, 16, 10, 48, 49, 29, 28, 47, 42, 46, 45, 2, 0, 36, 35, 21, 39, 37, 40, 41, 43, 20, 24, 11, 3, 1, 7, 6, 8, 13, 38, 4, 12, 14, 9, 5, 52, 51, 50, 31];11572.0
[31, 33, 26, 25, 10, 12, 14, 38, 44, 39, 4, 15, 37, 18, 11, 13, 9, 7, 5, 6, 8, 0, 36, 35, 40, 21, 27, 29, 28, 20, 24, 22, 19, 3, 2, 17, 16, 23, 32, 30, 1, 41, 47, 42, 46, 43, 45, 34, 48, 49, 52, 51, 50];9916.0
[49, 29, 2, 4, 25, 28, 20, 21, 23, 47, 7, 51, 50, 33, 30, 0, 36, 10, 12, 13, 17, 15, 35, 40, 37, 39, 6, 5, 9, 8, 38, 45, 3, 14, 24, 22, 18, 19, 16, 11, 1, 41, 43, 42, 46, 44, 34, 32, 31, 26, 27, 52, 48];10893.0
[3, 13, 14, 11, 1, 0, 35, 36, 10, 12, 38, 4, 15, 37, 40, 45, 42, 44, 20, 24, 22, 19, 18, 23, 39, 21, 7, 6, 9, 8, 17, 16, 41, 47, 46, 43, 5, 51, 52, 50, 49, 48, 29, 28, 25, 27, 33, 31, 30, 34, 32, 26, 2];9905.0
[6, 9, 8, 35, 38, 36, 10, 12, 14, 11, 13, 33, 32, 31, 30, 0, 4, 2, 23, 22, 21, 24, 19, 15, 40, 37, 18, 17, 16, 20, 39, 44, 34, 50, 52, 45, 46, 43, 41, 47, 42, 7, 5, 51, 48, 49, 29, 28, 27, 25, 26, 3, 1];9904.0
[10, 35, 21, 39, 45, 49, 52, 42, 46, 43, 41, 28, 25, 27, 26, 7, 6, 9, 16, 15, 37, 17, 33, 31, 47, 44, 34, 32, 30, 2, 1, 0, 36, 40, 38, 4, 12, 14, 20, 24, 22, 19, 18, 23, 8, 5, 51, 50, 48, 29, 3, 13, 11];11261.0
[38, 45, 42, 44, 32, 31, 30, 17, 15, 33, 26, 16, 24, 23, 20, 21, 39, 36, 35, 37, 18, 7, 5, 3, 2, 22, 19, 0, 4, 1, 8, 6, 9, 29, 28, 25, 27, 11, 10, 14, 13, 12, 34, 50, 48, 52, 51, 49, 41, 47, 46, 43, 40];11011.0
[18, 17, 23, 20, 24, 22, 47, 44, 21, 39, 38, 42, 46, 45, 3, 13, 12, 36, 35, 40, 37, 4, 2, 0, 14, 11, 10, 48, 49, 52, 50, 33, 31, 7, 9, 8, 6, 5, 51, 29, 28, 25, 26, 27, 16, 15, 1, 41, 43, 34, 32, 30, 19];10201.0
[41, 44, 34, 32, 7, 5, 48, 49, 52, 51, 50, 31, 21, 4, 1, 35, 37, 18, 17, 23, 19, 16, 15, 40, 38, 36, 39, 6, 8, 9, 3, 14, 27, 29, 28, 25, 26, 2, 33, 30, 0, 13, 11, 10, 12, 20, 24, 22, 42, 47, 46, 43, 45];9917.0
[11, 3, 2, 33, 30, 10, 48, 49, 52, 50, 51, 41, 47, 20, 24, 18, 17, 16, 23, 22, 19, 1, 0, 35, 36, 40, 39, 4, 46, 43, 42, 15, 37, 21, 6, 9, 7, 5, 8, 13, 38, 45, 44, 34, 32, 31, 26, 27, 29, 28, 25, 12, 14];10185.0
[3, 12, 35, 37, 36, 10, 14, 21, 11, 13, 15, 52, 50, 29, 28, 39, 40, 38, 4, 2, 17, 16, 22, 47, 42, 46, 44, 34, 30, 19, 18, 1, 41, 43, 45, 51, 49, 48, 24, 23, 20, 7, 6, 5, 8, 9, 0, 32, 33, 31, 26, 25, 27];10873.0
[51, 45, 23, 22, 19, 3, 14, 24, 39, 40, 21, 20, 10, 12, 11, 13, 17, 16, 15, 37, 18, 8, 7, 6, 5, 9, 33, 30, 0, 36, 35, 38, 4, 2, 1, 41, 42, 47, 46, 44, 43, 34, 32, 31, 26, 25, 27, 29, 28, 50, 48, 49, 52];8712.0
[43, 17, 16, 11, 10, 18, 19, 28, 25, 7, 6, 5, 51, 48, 49, 52, 50, 29, 27, 14, 12, 21, 9, 33, 26, 3, 36, 35, 40, 39, 38, 45, 34, 32, 31, 30, 0, 4, 2, 1, 8, 13, 15, 37, 41, 47, 42, 44, 23, 20, 24, 22, 46];10205.0
[0, 4, 33, 31, 20, 21, 23, 29, 28, 25, 27, 26, 2, 11, 3, 13, 10, 12, 14, 15, 37, 17, 16, 41, 47, 42, 46, 43, 45, 44, 22, 19, 18, 9, 7, 6, 5, 51, 52, 50, 48, 49, 24, 39, 38, 36, 35, 40, 1, 8, 34, 32, 30];9506.0
[33, 31, 30, 0, 10, 11, 2, 23, 22, 47, 42, 46, 17, 16, 19, 8, 6, 5, 51, 49, 50, 38, 45, 41, 43, 7, 3, 13, 12, 14, 20, 21, 24, 44, 34, 32, 27, 28, 52, 48, 29, 26, 25, 36, 35, 40, 18, 15, 37, 39, 4, 1, 9];10997.0
[22, 18, 1, 36, 10, 11, 16, 23, 32, 30, 13, 14, 12, 38, 44, 34, 33, 31, 29, 51, 49, 52, 50, 48, 26, 0, 4, 17, 15, 19, 28, 25, 27, 46, 43, 42, 7, 6, 5, 9, 8, 3, 2, 37, 35, 39, 40, 45, 41, 47, 20, 21, 24];10407.0
[51, 43, 42, 7, 8, 17, 16, 15, 40, 38, 4, 34, 32, 24, 22, 21, 11, 13, 12, 45, 41, 47, 46, 44, 33, 31, 30, 1, 0, 35, 37, 18, 19, 27, 29, 28, 25, 26, 3, 2, 23, 20, 39, 36, 10, 14, 9, 6, 5, 50, 48, 49, 52];9974.0
[45, 39, 40, 36, 32, 33, 31, 26, 29, 51, 49, 24, 23, 11, 13, 15, 37, 35, 10, 12, 9, 7, 6, 5, 8, 3, 38, 4, 2, 17, 30, 0, 14, 20, 21, 22, 47, 44, 34, 52, 50, 48, 18, 19, 16, 27, 28, 25, 1, 41, 43, 42, 46];11285.0
[11, 10, 14, 20, 24, 23, 22, 19, 3, 13, 12, 38, 4, 2, 15, 18, 17, 16, 50, 48, 49, 52, 51, 25, 47, 42, 46, 44, 43, 45, 34, 32, 31, 30, 0, 1, 41, 7, 5, 8, 6, 9, 33, 26, 27, 29, 28, 39, 36, 35, 40, 37, 21];9329.0
[2, 4, 1, 6, 9, 8, 3, 13, 11, 10, 14, 12, 32, 31, 43, 7, 5, 17, 23, 20, 24, 19, 16, 15, 37, 35, 40, 45, 34, 52, 51, 48, 49, 50, 30, 0, 36, 21, 22, 46, 41, 47, 44, 42, 18, 33, 25, 26, 27, 29, 28, 39, 38];10288.0
[22, 49, 50, 33, 32, 31, 30, 0, 15, 19, 23, 39, 36, 35, 18, 41, 43, 47, 42, 46, 37, 40, 38, 4, 1, 13, 12, 45, 44, 34, 52, 51, 48, 26, 7, 6, 9, 5, 8, 3, 2, 17, 16, 11, 10, 14, 20, 21, 25, 27, 29, 28, 24];10488.0
[40, 36, 10, 11, 38, 41, 43, 45, 21, 20, 24, 22, 19, 18, 3, 2, 1, 47, 42, 46, 44, 23, 32, 30, 0, 4, 34, 52, 50, 33, 31, 7, 6, 9, 8, 5, 51, 49, 48, 29, 28, 25, 27, 26, 13, 12, 14, 17, 16, 15, 39, 37, 35];9482.0
[9, 8, 26, 25, 27, 29, 28, 49, 48, 18, 15, 52, 51, 50, 1, 3, 2, 17, 16, 41, 43, 45, 42, 46, 44, 23, 20, 24, 22, 39, 40, 37, 21, 19, 11, 10, 12, 36, 35, 38, 4, 34, 32, 33, 31, 30, 0, 13, 14, 47, 7, 6, 5];10424.0
[14, 13, 24, 22, 11, 3, 1, 2, 17, 16, 23, 20, 39, 37, 35, 21, 8, 9, 7, 6, 5, 51, 50, 48, 49, 52, 19, 18, 15, 45, 42, 41, 47, 46, 43, 44, 34, 32, 33, 30, 0, 4, 27, 29, 28, 31, 25, 26, 36, 40, 38, 10, 12];9337.0
[20, 21, 8, 3, 13, 14, 12, 29, 28, 39, 38, 10, 11, 34, 32, 31, 33, 30, 0, 36, 35, 4, 2, 17, 16, 23, 24, 22, 19, 18, 15, 37, 40, 1, 41, 42, 7, 6, 9, 5, 51, 48, 49, 52, 50, 26, 25, 27, 47, 46, 45, 44, 43];9354.0
[50, 33, 21, 22, 19, 18, 17, 16, 37, 15, 39, 40, 29, 28, 24, 23, 20, 11, 10, 12, 14, 4, 2, 3, 1, 41, 43, 45, 34, 32, 26, 25, 27, 7, 5, 6, 9, 8, 13, 38, 36, 31, 30, 0, 35, 42, 47, 46, 44, 49, 52, 51, 48];10131.0
[37, 39, 32, 30, 14, 41, 43, 18, 19, 11, 10, 48, 49, 24, 22, 20, 21, 8, 6, 9, 3, 13, 12, 38, 4, 2, 15, 44, 34, 31, 7, 5, 17, 16, 23, 29, 28, 50, 52, 51, 33, 26, 25, 27, 47, 42, 46, 45, 1, 0, 36, 35, 40];11650.0
[47, 31, 33, 26, 16, 23, 9, 7, 5, 13, 12, 14, 38, 36, 10, 3, 2, 0, 4, 1, 8, 6, 44, 34, 32, 25, 27, 28, 29, 52, 51, 48, 49, 50, 30, 22, 21, 20, 24, 19, 18, 15, 37, 35, 40, 39, 17, 11, 45, 42, 46, 43, 41];10445.0
[12, 36, 21, 24, 18, 17, 11, 14, 13, 9, 6, 8, 38, 4, 22, 19, 3, 2, 16, 23, 25, 27, 29, 28, 20, 39, 45, 34, 32, 31, 30, 0, 1, 41, 47, 46, 44, 43, 42, 7, 5, 51, 48, 49, 50, 52, 33, 26, 15, 37, 35, 40, 10];9727.0
[47, 43, 49, 52, 50, 24, 19, 15, 35, 40, 4, 22, 17, 16, 11, 10, 18, 8, 9, 2, 3, 13, 38, 37, 39, 36, 32, 30, 0, 1, 7, 6, 5, 33, 31, 21, 23, 20, 45, 44, 34, 51, 48, 29, 27, 28, 25, 26, 12, 14, 42, 46, 41];11081.0
[35, 38, 44, 23, 20, 24, 22, 19, 18, 17, 16, 10, 11, 12, 14, 21, 27, 28, 39, 4, 2, 1, 3, 13, 8, 5, 51, 48, 49, 52, 50, 29, 25, 26, 15, 37, 40, 45, 42, 46, 43, 7, 6, 9, 33, 41, 47, 34, 32, 31, 30, 0, 36];9567.0
[45, 44, 15, 18, 17, 20, 24, 23, 22, 19, 1, 7, 5, 8, 36, 35, 40, 37, 6, 9, 33, 30, 0, 3, 2, 16, 11, 10, 38, 4, 13, 12, 14, 34, 32, 31, 21, 39, 41, 43, 49, 50, 52, 51, 48, 29, 28, 25, 26, 27, 47, 42, 46];9767.0
[18, 17, 11, 13, 9, 5, 51, 45, 44, 20, 24, 19, 16, 15, 34, 52, 50, 49, 48, 29, 21, 23, 22, 28, 25, 27, 26, 2, 41, 47, 46, 43, 42, 37, 35, 40, 39, 38, 4, 1, 7, 6, 8, 3, 14, 10, 12, 32, 31, 33, 30, 0, 36];10655.0
[45, 42, 43, 46, 36, 10, 12, 11, 33, 26, 3, 2, 15, 37, 18, 17, 16, 23, 39, 40, 8, 7, 6, 5, 50, 48, 49, 9, 13, 38, 35, 21, 20, 24, 22, 19, 1, 14, 41, 47, 44, 34, 32, 31, 30, 0, 4, 25, 27, 29, 28, 52, 51];10528.0
[37, 18, 15, 19, 33, 31, 30, 0, 4, 17, 16, 23, 8, 9, 34, 32, 21, 24, 22, 47, 42, 46, 44, 20, 11, 1, 41, 43, 45, 7, 6, 5, 51, 52, 50, 48, 49, 28, 25, 27, 26, 29, 3, 2, 10, 14, 13, 12, 38, 36, 35, 40, 39];9329.0
[32, 33, 31, 30, 3, 11, 10, 45, 44, 41, 42, 46, 43, 48, 49, 52, 51, 50, 21, 39, 38, 36, 40, 29, 28, 25, 26, 27, 17, 16, 15, 35, 37, 18, 1, 0, 4, 2, 23, 20, 8, 9, 7, 6, 5, 13, 12, 14, 24, 22, 19, 47, 34];9696.0
[42, 46, 44, 52, 51, 45, 41, 43, 7, 9, 8, 14, 13, 34, 32, 31, 30, 0, 36, 21, 24, 22, 19, 33, 26, 3, 2, 16, 23, 47, 20, 39, 35, 40, 4, 1, 6, 5, 50, 49, 48, 29, 28, 25, 27, 15, 37, 18, 17, 11, 10, 12, 38];10492.0
[31, 29, 28, 25, 27, 26, 3, 1, 47, 46, 44, 34, 30, 0, 35, 4, 2, 11, 10, 14, 17, 16, 22, 19, 18, 15, 37, 21, 20, 6, 8, 9, 13, 12, 38, 45, 41, 43, 42, 7, 5, 51, 50, 52, 48, 49, 24, 23, 39, 40, 36, 32, 33];9037.0
[8, 7, 5, 51, 49, 48, 19, 18, 52, 50, 29, 36, 35, 40, 21, 24, 39, 38, 4, 3, 2, 1, 6, 9, 33, 13, 11, 10, 12, 14, 41, 43, 46, 45, 42, 28, 25, 26, 27, 47, 34, 32, 31, 30, 0, 17, 16, 15, 37, 44, 23, 22, 20];11208.0
[41, 43, 49, 52, 45, 44, 34, 32, 29, 28, 35, 38, 42, 46, 2, 3, 0, 36, 4, 17, 20, 39, 40, 37, 18, 15, 19, 16, 23, 21, 11, 10, 14, 27, 26, 25, 1, 7, 6, 5, 51, 50, 48, 8, 9, 33, 31, 30, 13, 12, 24, 22, 47];11717.0
[42, 46, 20, 39, 38, 36, 16, 11, 10, 14, 24, 23, 22, 19, 18, 1, 43, 41, 7, 9, 3, 2, 17, 15, 37, 35, 40, 28, 31, 33, 21, 45, 44, 34, 32, 30, 0, 13, 12, 4, 8, 6, 5, 51, 49, 52, 50, 48, 29, 25, 26, 27, 47];9908.0
[19, 16, 23, 27, 29, 28, 34, 32, 31, 30, 33, 25, 26, 7, 9, 8, 3, 2, 0, 4, 22, 44, 41, 47, 43, 13, 12, 14, 11, 10, 20, 24, 21, 39, 40, 38, 36, 35, 45, 42, 46, 37, 18, 1, 6, 5, 49, 52, 51, 50, 48, 17, 15];10186.0
[3, 2, 13, 33, 31, 30, 0, 4, 1, 8, 6, 9, 12, 10, 14, 41, 47, 42, 46, 44, 23, 20, 21, 39, 36, 35, 37, 15, 40, 38, 45, 43, 7, 5, 52, 51, 50, 49, 48, 29, 24, 22, 19, 18, 17, 16, 11, 34, 32, 27, 28, 25, 26];9369.0
[25, 26, 35, 38, 40, 37, 18, 1, 41, 42, 43, 45, 34, 6, 8, 9, 7, 5, 49, 52, 51, 50, 48, 29, 28, 27, 47, 46, 44, 21, 39, 36, 32, 33, 31, 30, 0, 3, 2, 23, 20, 24, 22, 19, 16, 11, 10, 12, 14, 13, 17, 15, 4];9274.0
[36, 31, 21, 11, 10, 4, 22, 8, 3, 2, 23, 24, 47, 42, 7, 6, 9, 5, 51, 49, 52, 50, 48, 28, 29, 25, 27, 26, 12, 14, 13, 17, 15, 19, 18, 1, 41, 43, 46, 45, 44, 34, 32, 33, 30, 0, 16, 20, 39, 37, 35, 40, 38];9374.0
[44, 23, 21, 27, 26, 3, 13, 14, 24, 22, 47, 42, 46, 43, 45, 20, 39, 40, 38, 10, 12, 11, 34, 32, 31, 7, 6, 5, 8, 9, 0, 36, 35, 37, 18, 1, 4, 2, 17, 16, 15, 19, 25, 29, 28, 51, 48, 49, 52, 50, 33, 30, 41];9620.0
[10, 13, 12, 14, 27, 26, 25, 2, 23, 32, 31, 45, 44, 34, 33, 30, 0, 3, 36, 35, 37, 40, 38, 4, 22, 19, 18, 1, 41, 47, 46, 43, 42, 17, 16, 15, 8, 6, 9, 7, 5, 51, 50, 49, 48, 29, 52, 28, 20, 39, 21, 24, 11];10750.0
[1, 47, 46, 2, 11, 3, 0, 4, 22, 19, 18, 15, 37, 35, 40, 21, 24, 23, 20, 39, 10, 12, 14, 13, 38, 17, 16, 41, 43, 45, 42, 44, 34, 30, 36, 32, 25, 27, 8, 6, 9, 33, 31, 28, 50, 49, 52, 51, 48, 29, 26, 7, 5];10229.0
[33, 21, 39, 37, 18, 3, 2, 17, 15, 16, 23, 47, 42, 46, 41, 43, 45, 44, 34, 32, 31, 26, 25, 27, 28, 30, 0, 36, 35, 40, 38, 4, 1, 7, 5, 51, 52, 50, 49, 48, 29, 20, 11, 10, 13, 12, 14, 24, 22, 19, 8, 9, 6];9199.0
[21, 11, 41, 43, 3, 1, 8, 6, 0, 4, 19, 23, 20, 39, 36, 40, 27, 26, 22, 47, 34, 30, 2, 17, 16, 15, 37, 35, 18, 9, 7, 5, 10, 14, 13, 12, 38, 45, 42, 46, 44, 32, 33, 31, 25, 29, 28, 51, 48, 49, 52, 50, 24];10576.0
[19, 18, 9, 29, 28, 25, 26, 27, 30, 4, 22, 47, 42, 46, 45, 44, 43, 1, 41, 34, 32, 33, 31, 24, 23, 21, 20, 10, 14, 12, 13, 17, 16, 11, 3, 0, 36, 35, 40, 38, 2, 15, 39, 37, 8, 7, 6, 5, 51, 48, 49, 52, 50];9928.0
[29, 24, 22, 17, 16, 23, 25, 27, 28, 20, 21, 19, 18, 9, 8, 7, 6, 5, 0, 35, 40, 36, 10, 11, 15, 37, 39, 45, 42, 43, 3, 13, 12, 14, 38, 32, 30, 4, 2, 1, 41, 47, 46, 44, 34, 51, 48, 49, 52, 50, 33, 31, 26];9816.0
[15, 39, 38, 45, 44, 34, 32, 26, 27, 1, 8, 6, 5, 11, 10, 12, 20, 29, 28, 25, 13, 14, 17, 16, 33, 31, 30, 3, 2, 0, 36, 21, 24, 23, 22, 19, 18, 43, 41, 47, 46, 42, 40, 37, 35, 4, 9, 7, 51, 49, 52, 50, 48];10622.0
[20, 24, 22, 21, 44, 52, 51, 50, 29, 39, 40, 38, 45, 41, 43, 42, 47, 46, 37, 35, 4, 34, 30, 0, 49, 48, 28, 25, 27, 26, 36, 32, 31, 33, 13, 10, 12, 14, 7, 6, 5, 8, 9, 15, 19, 18, 11, 1, 3, 2, 17, 16, 23];11123.0
[18, 5, 0, 36, 4, 1, 2, 17, 16, 15, 19, 28, 24, 22, 8, 9, 7, 6, 31, 33, 25, 27, 29, 52, 50, 49, 51, 48, 26, 13, 11, 10, 12, 20, 21, 23, 39, 40, 37, 35, 38, 45, 44, 34, 32, 30, 3, 14, 41, 47, 43, 42, 46];10299.0
[36, 21, 24, 22, 39, 38, 32, 31, 33, 30, 4, 8, 6, 9, 13, 11, 10, 14, 16, 15, 35, 40, 28, 25, 27, 26, 12, 37, 19, 18, 17, 23, 20, 7, 5, 1, 41, 47, 44, 42, 46, 43, 45, 34, 51, 49, 52, 50, 48, 29, 3, 2, 0];9680.0
[12, 38, 1, 0, 32, 26, 41, 47, 42, 7, 5, 8, 24, 23, 21, 20, 11, 10, 14, 28, 25, 27, 3, 2, 17, 33, 31, 30, 36, 35, 40, 4, 22, 19, 18, 16, 15, 37, 39, 45, 46, 43, 44, 34, 52, 51, 50, 49, 48, 29, 6, 9, 13];10316.0
[50, 52, 30, 36, 40, 38, 10, 12, 45, 41, 47, 28, 25, 27, 29, 21, 20, 24, 23, 22, 4, 2, 0, 3, 35, 18, 19, 1, 7, 6, 9, 8, 14, 13, 11, 17, 16, 15, 37, 39, 44, 43, 42, 46, 34, 32, 33, 31, 26, 5, 51, 48, 49];9699.0
[47, 20, 24, 22, 33, 31, 30, 36, 10, 14, 21, 39, 38, 35, 4, 11, 13, 15, 19, 28, 25, 27, 29, 7, 6, 5, 8, 9, 40, 37, 18, 1, 0, 3, 2, 17, 16, 23, 32, 26, 12, 44, 34, 50, 48, 49, 52, 51, 45, 42, 46, 43, 41];10097.0
[40, 21, 24, 23, 39, 38, 36, 35, 18, 19, 27, 29, 11, 10, 14, 13, 12, 20, 22, 8, 6, 9, 3, 1, 7, 5, 51, 50, 48, 49, 52, 33, 34, 32, 31, 30, 0, 4, 2, 17, 45, 44, 41, 47, 46, 43, 42, 28, 25, 26, 16, 15, 37];10049.0
[36, 37, 27, 29, 39, 18, 16, 23, 22, 19, 1, 8, 12, 14, 13, 17, 33, 30, 0, 4, 2, 15, 52, 51, 35, 40, 38, 45, 42, 47, 46, 34, 32, 31, 28, 25, 26, 7, 5, 9, 6, 44, 41, 43, 50, 49, 48, 24, 21, 20, 11, 3, 10];11641.0
[17, 15, 21, 22, 45, 44, 30, 0, 36, 35, 37, 19, 18, 52, 50, 51, 48, 49, 26, 1, 41, 47, 46, 43, 42, 7, 5, 8, 6, 9, 3, 10, 12, 14, 34, 32, 31, 33, 25, 27, 29, 28, 24, 23, 20, 39, 40, 38, 4, 2, 16, 11, 13];9464.0
[17, 23, 18, 15, 37, 16, 11, 10, 12, 14, 33, 30, 36, 45, 44, 20, 24, 22, 19, 1, 3, 0, 4, 34, 32, 31, 26, 13, 21, 6, 8, 9, 7, 5, 51, 49, 52, 50, 48, 29, 28, 25, 27, 47, 41, 43, 42, 46, 39, 35, 40, 38, 2];9496.0
[44, 20, 39, 38, 36, 24, 23, 32, 26, 15, 35, 40, 37, 11, 10, 12, 4, 2, 17, 16, 22, 47, 42, 19, 1, 3, 13, 14, 21, 27, 28, 25, 29, 50, 49, 52, 51, 45, 43, 46, 34, 33, 31, 30, 0, 8, 9, 7, 6, 5, 48, 18, 41];11359.0
[43, 41, 15, 40, 38, 36, 35, 37, 18, 9, 8, 3, 2, 33, 31, 20, 21, 24, 19, 11, 10, 45, 44, 23, 39, 4, 34, 32, 30, 1, 7, 6, 5, 52, 51, 50, 49, 48, 29, 28, 25, 26, 27, 0, 12, 14, 13, 17, 16, 22, 47, 42, 46];9773.0
[19, 7, 8, 6, 9, 3, 2, 22, 47, 44, 23, 20, 27, 29, 28, 25, 26, 1, 41, 45, 43, 42, 46, 38, 36, 21, 39, 4, 15, 35, 40, 37, 18, 17, 16, 11, 10, 12, 14, 34, 32, 31, 30, 0, 13, 5, 51, 48, 49, 52, 50, 33, 24];9652.0
[36, 32, 25, 27, 29, 28, 20, 24, 19, 16, 23, 21, 39, 38, 35, 40, 37, 18, 8, 9, 2, 1, 3, 14, 41, 42, 47, 34, 30, 0, 4, 22, 17, 31, 33, 26, 13, 11, 10, 12, 45, 44, 46, 43, 7, 6, 5, 51, 49, 52, 50, 48, 15];9925.0
[30, 1, 7, 6, 9, 8, 3, 2, 23, 21, 20, 24, 22, 11, 10, 14, 13, 12, 4, 25, 26, 0, 35, 40, 38, 36, 31, 27, 29, 28, 39, 5, 48, 49, 50, 52, 51, 41, 47, 44, 43, 42, 46, 19, 18, 17, 16, 15, 37, 45, 34, 32, 33];9901.0
[35, 21, 22, 0, 4, 33, 30, 36, 40, 37, 1, 3, 13, 12, 14, 17, 11, 10, 38, 52, 50, 48, 49, 51, 45, 9, 7, 6, 5, 8, 2, 16, 23, 20, 39, 46, 43, 41, 42, 47, 44, 34, 32, 31, 26, 25, 27, 29, 28, 24, 19, 18, 15];9791.0
[23, 6, 9, 14, 20, 21, 24, 22, 39, 4, 2, 1, 0, 36, 35, 40, 37, 19, 18, 8, 7, 5, 51, 49, 52, 50, 48, 26, 3, 10, 12, 41, 47, 46, 43, 16, 15, 38, 45, 42, 44, 34, 32, 31, 25, 27, 29, 28, 11, 13, 33, 30, 17];9822.0
[42, 46, 23, 39, 6, 9, 14, 20, 21, 24, 22, 11, 2, 41, 47, 18, 1, 0, 4, 19, 28, 25, 27, 26, 16, 15, 37, 17, 33, 31, 30, 8, 7, 5, 51, 49, 50, 48, 29, 52, 44, 43, 34, 32, 3, 13, 10, 12, 38, 36, 35, 40, 45];11273.0
[19, 1, 10, 12, 14, 16, 23, 21, 20, 11, 13, 9, 8, 6, 5, 51, 50, 52, 48, 49, 24, 44, 43, 41, 47, 42, 46, 2, 3, 36, 35, 40, 18, 17, 15, 37, 39, 38, 45, 34, 32, 29, 28, 25, 27, 26, 7, 33, 31, 30, 0, 4, 22];9186.0
[24, 17, 16, 11, 10, 12, 41, 47, 46, 43, 42, 44, 23, 20, 39, 40, 27, 28, 25, 26, 2, 4, 22, 19, 18, 1, 6, 7, 5, 9, 8, 15, 37, 35, 38, 45, 34, 51, 49, 52, 50, 48, 29, 30, 0, 3, 14, 13, 36, 32, 31, 33, 21];9807.0
[28, 50, 33, 30, 0, 13, 14, 41, 47, 18, 15, 37, 39, 35, 40, 21, 24, 22, 19, 23, 20, 6, 9, 8, 2, 17, 16, 11, 10, 12, 45, 43, 7, 5, 51, 48, 49, 52, 42, 46, 44, 34, 32, 31, 26, 25, 3, 1, 36, 38, 4, 27, 29];10162.0
[6, 8, 9, 7, 5, 50, 48, 29, 21, 22, 19, 15, 39, 45, 41, 47, 46, 43, 2, 16, 11, 13, 17, 23, 20, 24, 44, 34, 32, 33, 26, 25, 27, 28, 31, 30, 0, 36, 37, 35, 40, 38, 4, 1, 3, 14, 12, 10, 49, 52, 51, 42, 18];10544.0
[6, 9, 4, 41, 47, 7, 5, 8, 3, 2, 23, 22, 19, 1, 13, 12, 14, 33, 30, 0, 17, 16, 43, 45, 42, 46, 44, 34, 51, 49, 24, 18, 15, 35, 40, 21, 11, 10, 38, 37, 36, 32, 31, 26, 29, 52, 50, 48, 25, 27, 28, 20, 39];10898.0
[32, 16, 15, 40, 38, 36, 35, 37, 18, 23, 20, 21, 39, 4, 2, 33, 31, 30, 0, 3, 13, 12, 14, 11, 1, 8, 6, 5, 50, 48, 49, 52, 51, 45, 7, 9, 29, 28, 26, 25, 27, 24, 22, 19, 17, 10, 41, 47, 43, 42, 46, 44, 34];9705.0
[35, 52, 51, 44, 43, 42, 25, 26, 10, 11, 13, 17, 16, 23, 22, 19, 1, 0, 3, 14, 20, 27, 29, 28, 50, 48, 49, 24, 34, 32, 31, 33, 30, 21, 39, 36, 40, 38, 4, 2, 6, 9, 8, 7, 5, 12, 45, 41, 47, 46, 37, 18, 15];11194.0
[12, 38, 44, 42, 46, 41, 43, 45, 10, 14, 11, 13, 23, 22, 19, 18, 17, 16, 15, 37, 8, 2, 1, 47, 28, 50, 48, 49, 52, 51, 9, 7, 5, 6, 33, 31, 30, 0, 3, 36, 35, 40, 21, 24, 20, 39, 4, 34, 32, 25, 27, 29, 26];10064.0
[4, 2, 41, 47, 43, 42, 46, 34, 32, 31, 33, 30, 0, 14, 13, 12, 20, 21, 25, 27, 29, 28, 26, 3, 17, 16, 23, 11, 10, 36, 35, 40, 38, 45, 44, 24, 22, 19, 18, 1, 9, 7, 8, 6, 5, 51, 48, 49, 52, 50, 15, 37, 39];9049.0
[15, 40, 27, 29, 28, 24, 23, 22, 47, 45, 42, 7, 9, 33, 26, 25, 10, 11, 14, 13, 12, 38, 36, 4, 2, 3, 41, 44, 34, 32, 31, 30, 0, 35, 21, 20, 8, 6, 5, 49, 52, 51, 50, 48, 19, 1, 43, 46, 37, 39, 18, 17, 16];10105.0
[48, 1, 36, 38, 44, 11, 13, 23, 39, 40, 21, 20, 24, 22, 47, 42, 46, 34, 32, 30, 35, 18, 19, 33, 31, 27, 29, 28, 25, 26, 14, 10, 12, 45, 41, 43, 7, 6, 5, 9, 8, 2, 3, 0, 4, 17, 16, 15, 37, 49, 52, 51, 50];10067.0
[12, 36, 35, 40, 27, 29, 28, 52, 51, 48, 49, 50, 14, 34, 32, 31, 30, 0, 15, 18, 17, 41, 42, 47, 44, 43, 45, 46, 37, 39, 21, 20, 24, 23, 6, 9, 7, 5, 8, 1, 3, 13, 38, 4, 22, 19, 33, 26, 25, 2, 16, 11, 10];9868.0
[50, 3, 2, 14, 13, 17, 15, 37, 40, 45, 42, 43, 46, 23, 20, 21, 11, 10, 12, 41, 44, 34, 32, 31, 33, 30, 7, 5, 6, 51, 48, 49, 28, 39, 19, 18, 8, 9, 1, 47, 25, 26, 16, 24, 22, 0, 36, 35, 38, 4, 27, 29, 52];11666.0
[28, 39, 40, 38, 4, 6, 9, 8, 2, 16, 15, 37, 19, 18, 17, 11, 32, 31, 25, 26, 1, 41, 43, 46, 45, 42, 7, 5, 3, 24, 23, 22, 47, 44, 34, 48, 49, 51, 50, 52, 33, 30, 0, 13, 10, 12, 14, 36, 35, 21, 20, 27, 29];9811.0
[48, 2, 3, 0, 4, 22, 21, 39, 35, 40, 38, 36, 32, 26, 25, 7, 6, 9, 5, 8, 17, 16, 20, 24, 23, 27, 29, 28, 33, 31, 30, 41, 47, 45, 44, 43, 42, 46, 18, 15, 37, 19, 1, 13, 11, 10, 12, 14, 34, 51, 49, 52, 50];9945.0
[20, 26, 25, 15, 19, 17, 16, 41, 46, 3, 11, 10, 38, 37, 18, 33, 31, 43, 47, 42, 7, 50, 52, 45, 44, 39, 36, 35, 40, 4, 2, 13, 12, 14, 34, 32, 30, 0, 1, 9, 8, 6, 5, 51, 49, 48, 27, 29, 28, 21, 23, 24, 22];11456.0
[29, 28, 39, 38, 4, 25, 26, 2, 15, 37, 40, 21, 22, 47, 44, 23, 20, 10, 12, 14, 3, 1, 41, 46, 43, 42, 45, 34, 32, 30, 0, 36, 35, 18, 19, 17, 16, 11, 13, 5, 51, 50, 52, 48, 49, 24, 8, 9, 7, 6, 33, 31, 27];9803.0
[42, 7, 10, 12, 14, 13, 17, 23, 20, 9, 8, 6, 5, 51, 49, 24, 22, 16, 15, 21, 39, 36, 35, 40, 37, 18, 19, 1, 43, 41, 47, 46, 44, 11, 3, 34, 32, 31, 30, 0, 4, 2, 33, 27, 28, 50, 52, 48, 29, 25, 26, 38, 45];10461.0
[35, 36, 40, 37, 18, 17, 16, 24, 23, 22, 19, 41, 47, 46, 43, 42, 45, 44, 34, 33, 32, 31, 30, 13, 12, 11, 10, 14, 20, 21, 27, 26, 7, 6, 9, 5, 8, 51, 52, 50, 48, 49, 29, 28, 25, 15, 39, 38, 4, 2, 1, 0, 3];9418.0
[15, 33, 30, 37, 18, 19, 8, 9, 3, 2, 12, 38, 36, 21, 20, 24, 22, 7, 6, 5, 51, 48, 49, 52, 50, 39, 35, 40, 43, 45, 44, 41, 47, 42, 46, 23, 27, 25, 29, 28, 1, 0, 4, 34, 32, 31, 26, 16, 11, 10, 14, 13, 17];10153.0
[19, 13, 12, 10, 11, 0, 36, 37, 35, 40, 29, 27, 7, 9, 33, 26, 14, 24, 23, 21, 20, 39, 38, 45, 43, 42, 46, 18, 17, 16, 15, 52, 51, 50, 48, 49, 28, 25, 3, 1, 6, 5, 8, 2, 41, 47, 44, 34, 32, 31, 30, 4, 22];10215.0
[23, 11, 10, 14, 27, 29, 28, 20, 39, 36, 35, 37, 19, 18, 16, 13, 12, 45, 42, 46, 49, 48, 26, 7, 5, 8, 6, 9, 3, 17, 33, 31, 30, 0, 15, 40, 38, 4, 2, 1, 41, 43, 47, 44, 34, 32, 25, 52, 51, 50, 22, 21, 24];10990.0
[26, 0, 36, 40, 39, 38, 4, 1, 3, 13, 12, 14, 21, 20, 7, 6, 5, 9, 8, 10, 11, 2, 15, 19, 28, 25, 27, 29, 24, 22, 47, 46, 44, 32, 31, 33, 30, 35, 37, 18, 17, 16, 23, 42, 41, 43, 45, 34, 52, 51, 50, 49, 48];9413.0
[37, 18, 17, 16, 35, 40, 10, 11, 3, 2, 13, 14, 12, 38, 32, 30, 0, 36, 26, 27, 28, 25, 29, 31, 33, 39, 45, 42, 46, 44, 43, 41, 47, 34, 52, 50, 51, 48, 49, 24, 23, 20, 21, 22, 19, 6, 9, 8, 7, 5, 1, 4, 15];9998.0
[30, 1, 43, 46, 3, 36, 35, 38, 45, 42, 7, 6, 5, 8, 32, 33, 31, 24, 19, 28, 25, 27, 26, 0, 4, 2, 23, 22, 20, 21, 39, 40, 37, 18, 16, 11, 13, 17, 15, 50, 49, 52, 51, 48, 29, 9, 12, 10, 14, 41, 47, 44, 34];10632.0
[18, 15, 37, 21, 24, 22, 19, 1, 3, 10, 12, 11, 14, 13, 8, 9, 0, 4, 34, 32, 33, 31, 30, 36, 35, 40, 38, 45, 43, 42, 46, 20, 39, 27, 7, 6, 5, 51, 50, 52, 48, 49, 29, 28, 25, 26, 2, 17, 16, 41, 47, 44, 23];9224.0
[13, 12, 14, 9, 8, 3, 10, 11, 1, 0, 35, 37, 18, 23, 22, 47, 42, 7, 2, 17, 16, 15, 36, 32, 31, 30, 33, 26, 25, 27, 28, 20, 24, 21, 39, 40, 38, 4, 19, 41, 46, 43, 45, 44, 34, 6, 5, 51, 49, 52, 50, 48, 29];9658.0
[1, 36, 35, 21, 20, 39, 40, 24, 23, 8, 6, 9, 4, 34, 32, 25, 29, 28, 31, 30, 0, 3, 13, 38, 42, 46, 43, 45, 10, 12, 14, 11, 2, 7, 5, 51, 48, 49, 52, 50, 33, 26, 27, 41, 47, 44, 22, 17, 16, 15, 37, 18, 19];9866.0
[48, 29, 1, 8, 0, 3, 14, 21, 20, 24, 23, 22, 47, 46, 42, 19, 18, 15, 39, 36, 35, 40, 37, 17, 33, 26, 27, 28, 25, 7, 6, 5, 9, 13, 11, 10, 12, 38, 4, 2, 16, 41, 43, 45, 44, 34, 32, 31, 30, 51, 49, 52, 50];9745.0
[20, 24, 0, 4, 2, 1, 6, 9, 15, 37, 8, 7, 5, 51, 49, 52, 50, 48, 19, 18, 33, 30, 35, 40, 21, 39, 38, 36, 10, 11, 17, 16, 23, 22, 47, 46, 43, 44, 34, 32, 31, 25, 26, 3, 13, 14, 12, 45, 42, 41, 27, 29, 28];9931.0
[32, 3, 1, 0, 4, 7, 5, 12, 10, 14, 41, 47, 23, 20, 21, 39, 37, 19, 16, 11, 13, 26, 25, 27, 29, 28, 31, 33, 30, 36, 6, 9, 8, 2, 17, 52, 51, 50, 49, 48, 24, 22, 46, 43, 45, 42, 18, 15, 35, 40, 38, 44, 34];10560.0
[31, 30, 23, 21, 20, 10, 11, 13, 9, 7, 5, 8, 6, 1, 0, 4, 2, 3, 12, 14, 41, 47, 46, 43, 52, 51, 50, 49, 48, 24, 22, 19, 17, 16, 15, 18, 33, 26, 25, 27, 29, 28, 39, 36, 35, 40, 37, 38, 45, 42, 44, 34, 32];9392.0
[29, 0, 4, 33, 30, 36, 10, 12, 21, 20, 39, 6, 5, 8, 9, 3, 2, 16, 15, 18, 17, 11, 14, 13, 23, 24, 22, 19, 28, 25, 27, 26, 1, 41, 47, 46, 43, 45, 44, 34, 32, 31, 40, 37, 35, 38, 42, 7, 51, 52, 50, 49, 48];10000.0
[27, 47, 42, 46, 23, 20, 39, 38, 41, 43, 49, 48, 24, 21, 9, 8, 13, 10, 11, 18, 19, 1, 7, 6, 5, 51, 52, 50, 12, 14, 15, 37, 36, 35, 40, 4, 34, 33, 31, 30, 0, 3, 2, 17, 16, 22, 45, 44, 32, 26, 29, 28, 25];10951.0
[3, 1, 42, 46, 35, 21, 24, 22, 11, 13, 12, 38, 36, 40, 37, 17, 16, 41, 44, 23, 20, 39, 10, 14, 34, 32, 31, 30, 0, 4, 2, 15, 19, 18, 5, 51, 48, 49, 50, 52, 33, 25, 26, 27, 29, 28, 47, 43, 45, 7, 6, 9, 8];9504.0
[4, 2, 43, 41, 47, 29, 28, 39, 36, 31, 26, 11, 10, 12, 38, 45, 42, 5, 51, 49, 48, 52, 50, 33, 25, 27, 16, 15, 37, 35, 40, 19, 18, 1, 8, 7, 6, 9, 3, 13, 14, 17, 23, 21, 20, 24, 22, 46, 44, 34, 32, 30, 0];10148.0
[36, 35, 18, 23, 22, 28, 25, 26, 1, 41, 47, 6, 9, 16, 11, 10, 37, 39, 40, 38, 4, 15, 19, 0, 2, 17, 33, 27, 29, 50, 48, 49, 52, 51, 42, 46, 43, 7, 5, 8, 3, 13, 12, 14, 21, 20, 24, 32, 31, 45, 44, 34, 30];10898.0
[24, 28, 31, 39, 40, 44, 23, 22, 19, 15, 37, 17, 11, 10, 38, 2, 16, 41, 43, 47, 46, 45, 42, 18, 1, 9, 7, 6, 5, 8, 4, 34, 51, 49, 52, 50, 48, 29, 25, 27, 26, 0, 35, 36, 32, 33, 30, 3, 13, 12, 14, 21, 20];10331.0
[8, 4, 34, 30, 36, 35, 38, 45, 41, 47, 46, 43, 44, 42, 16, 11, 10, 13, 12, 14, 39, 18, 17, 23, 22, 20, 24, 19, 15, 37, 40, 29, 28, 25, 27, 26, 3, 2, 0, 32, 31, 21, 9, 7, 6, 5, 51, 48, 49, 50, 52, 33, 1];9924.0
[18, 15, 10, 48, 49, 33, 31, 30, 0, 2, 1, 7, 5, 8, 41, 47, 43, 42, 46, 37, 35, 38, 4, 22, 34, 32, 52, 50, 51, 45, 44, 23, 20, 6, 9, 3, 13, 17, 16, 11, 12, 14, 27, 26, 25, 29, 28, 21, 39, 36, 40, 24, 19];11245.0
[23, 39, 40, 27, 29, 13, 14, 10, 12, 38, 37, 18, 19, 33, 26, 3, 1, 43, 41, 47, 42, 34, 32, 31, 30, 0, 4, 2, 17, 15, 16, 11, 9, 8, 7, 6, 5, 51, 52, 50, 49, 48, 28, 25, 36, 35, 21, 20, 24, 22, 46, 45, 44];9638.0
[42, 47, 28, 39, 40, 21, 11, 10, 3, 2, 17, 15, 37, 18, 33, 25, 27, 29, 51, 49, 52, 50, 48, 26, 7, 5, 6, 9, 8, 12, 14, 34, 32, 31, 30, 0, 4, 1, 41, 46, 43, 45, 44, 23, 20, 24, 22, 19, 16, 13, 36, 35, 38];9667.0
[25, 2, 19, 18, 17, 24, 22, 1, 8, 9, 3, 13, 11, 10, 14, 16, 15, 37, 39, 40, 45, 44, 23, 21, 20, 27, 26, 34, 32, 31, 29, 28, 52, 51, 48, 49, 50, 12, 38, 36, 35, 42, 46, 43, 41, 47, 7, 6, 5, 33, 30, 0, 4];10479.0
[51, 23, 20, 18, 17, 16, 11, 2, 3, 15, 19, 25, 26, 7, 6, 5, 8, 9, 13, 14, 33, 31, 30, 0, 36, 35, 21, 24, 22, 47, 46, 37, 39, 10, 12, 4, 1, 40, 38, 45, 41, 43, 42, 44, 34, 32, 27, 29, 28, 52, 50, 48, 49];9902.0
[40, 46, 45, 16, 23, 20, 11, 3, 2, 1, 6, 9, 29, 28, 25, 26, 10, 12, 14, 13, 17, 33, 31, 30, 0, 36, 38, 4, 22, 34, 32, 21, 24, 19, 8, 7, 5, 51, 52, 50, 49, 48, 27, 47, 44, 41, 43, 42, 18, 15, 39, 37, 35];10128.0
[15, 19, 18, 0, 4, 2, 3, 1, 41, 47, 44, 34, 32, 31, 29, 52, 51, 48, 50, 49, 33, 30, 9, 7, 6, 5, 8, 13, 17, 11, 10, 12, 14, 24, 22, 43, 45, 42, 46, 37, 38, 36, 35, 40, 20, 21, 23, 26, 25, 27, 28, 39, 16];9785.0
[12, 24, 22, 20, 21, 11, 10, 36, 40, 37, 33, 30, 35, 29, 28, 3, 2, 23, 39, 38, 45, 44, 41, 5, 7, 6, 9, 8, 0, 4, 34, 32, 31, 26, 27, 25, 47, 42, 46, 43, 17, 16, 15, 52, 51, 50, 49, 48, 19, 18, 1, 13, 14];10722.0
[29, 7, 9, 2, 17, 16, 11, 10, 38, 43, 45, 42, 46, 23, 21, 39, 36, 35, 18, 19, 15, 37, 40, 27, 28, 25, 26, 0, 4, 1, 41, 47, 44, 34, 32, 31, 33, 30, 3, 14, 13, 12, 20, 24, 22, 8, 6, 5, 49, 52, 51, 50, 48];9283.0
[32, 30, 0, 2, 1, 47, 44, 23, 20, 36, 35, 21, 39, 40, 45, 41, 43, 42, 46, 52, 50, 33, 31, 24, 22, 19, 51, 48, 49, 29, 28, 25, 27, 26, 3, 11, 10, 14, 13, 12, 38, 18, 7, 5, 6, 9, 8, 17, 16, 15, 37, 4, 34];10306.0
[4, 1, 8, 9, 33, 31, 21, 39, 36, 10, 14, 24, 47, 46, 45, 23, 20, 27, 28, 25, 7, 6, 5, 41, 43, 42, 44, 22, 15, 19, 18, 17, 16, 32, 30, 0, 2, 11, 34, 50, 52, 51, 48, 49, 29, 26, 3, 13, 12, 35, 37, 40, 38];10274.0
[36, 42, 45, 3, 13, 26, 29, 52, 51, 48, 49, 50, 12, 14, 11, 10, 37, 39, 35, 40, 38, 4, 15, 18, 19, 24, 22, 20, 27, 28, 25, 47, 46, 43, 41, 44, 34, 30, 0, 2, 17, 16, 23, 32, 33, 31, 21, 9, 7, 6, 5, 8, 1];10568.0
[49, 44, 23, 21, 19, 16, 15, 37, 40, 17, 11, 10, 14, 41, 47, 46, 43, 20, 24, 22, 18, 1, 0, 4, 29, 28, 25, 27, 26, 3, 2, 6, 9, 8, 7, 5, 51, 50, 32, 31, 33, 30, 13, 12, 38, 39, 36, 35, 45, 42, 34, 52, 48];10676.0
[44, 43, 42, 46, 23, 20, 29, 28, 27, 34, 32, 25, 1, 3, 13, 12, 14, 24, 22, 19, 18, 17, 11, 10, 2, 16, 15, 37, 21, 39, 6, 8, 9, 33, 26, 7, 5, 51, 48, 49, 52, 50, 31, 30, 0, 36, 35, 40, 38, 4, 41, 47, 45];9625.0
[38, 1, 6, 9, 33, 30, 31, 26, 3, 2, 15, 40, 4, 0, 35, 21, 22, 20, 39, 36, 10, 14, 41, 45, 11, 13, 34, 50, 52, 49, 51, 48, 24, 47, 44, 43, 46, 18, 19, 16, 37, 17, 23, 32, 25, 27, 29, 28, 42, 7, 5, 8, 12];11448.0
[40, 21, 6, 8, 9, 3, 2, 33, 30, 1, 41, 43, 42, 45, 0, 4, 34, 32, 31, 26, 13, 12, 14, 17, 23, 47, 46, 44, 52, 50, 49, 51, 48, 29, 28, 25, 27, 7, 5, 16, 11, 10, 20, 24, 22, 19, 18, 15, 37, 39, 38, 36, 35];9688.0
[50, 29, 26, 7, 5, 8, 14, 21, 11, 34, 52, 51, 48, 49, 6, 9, 41, 47, 42, 46, 13, 10, 12, 38, 37, 18, 17, 16, 15, 35, 40, 39, 45, 44, 43, 23, 20, 24, 22, 19, 1, 4, 3, 2, 33, 31, 30, 0, 36, 32, 25, 27, 28];10852.0
[34, 30, 15, 52, 50, 1, 0, 4, 19, 18, 6, 9, 13, 12, 14, 51, 49, 48, 29, 28, 39, 40, 38, 37, 21, 23, 32, 33, 31, 7, 5, 8, 3, 2, 17, 16, 11, 10, 20, 24, 22, 27, 26, 25, 36, 35, 45, 42, 46, 41, 43, 47, 44];11542.0
[27, 20, 39, 36, 35, 40, 37, 21, 24, 22, 47, 42, 46, 45, 41, 43, 7, 5, 3, 2, 15, 19, 28, 25, 29, 52, 51, 50, 49, 48, 18, 17, 16, 23, 0, 4, 1, 8, 9, 6, 33, 30, 13, 14, 11, 10, 12, 38, 44, 34, 32, 31, 26];9604.0
[38, 37, 27, 28, 21, 11, 13, 17, 23, 46, 43, 45, 3, 2, 16, 15, 52, 50, 33, 31, 30, 36, 35, 40, 39, 10, 12, 14, 20, 24, 22, 19, 18, 1, 0, 4, 34, 32, 26, 25, 29, 49, 48, 51, 41, 47, 44, 42, 7, 6, 5, 8, 9];10447.0
[22, 33, 26, 25, 27, 0, 4, 1, 7, 21, 39, 18, 19, 23, 11, 10, 3, 2, 17, 16, 41, 47, 42, 46, 43, 12, 14, 13, 15, 35, 37, 9, 8, 6, 5, 51, 48, 49, 52, 50, 29, 28, 20, 38, 45, 44, 34, 32, 31, 30, 36, 40, 24];9821.0
[40, 21, 23, 22, 41, 47, 34, 32, 30, 36, 38, 4, 13, 12, 14, 10, 11, 0, 3, 2, 1, 8, 7, 5, 48, 49, 52, 50, 51, 45, 44, 20, 24, 19, 15, 37, 18, 6, 9, 33, 31, 26, 25, 27, 29, 28, 42, 46, 43, 17, 16, 35, 39];9741.0
[4, 1, 13, 12, 41, 47, 44, 43, 45, 3, 2, 24, 23, 20, 21, 39, 36, 35, 40, 38, 22, 19, 8, 6, 9, 33, 42, 46, 7, 5, 51, 48, 49, 52, 50, 29, 28, 25, 27, 26, 10, 14, 15, 37, 18, 17, 16, 11, 34, 32, 31, 30, 0];9231.0
[9, 3, 1, 0, 21, 20, 24, 23, 22, 19, 41, 45, 44, 34, 32, 31, 33, 30, 2, 16, 15, 39, 36, 35, 40, 37, 18, 17, 11, 10, 12, 14, 13, 38, 4, 26, 25, 27, 29, 28, 7, 5, 8, 6, 42, 47, 46, 43, 50, 52, 51, 48, 49];9525.0
[12, 14, 39, 36, 31, 26, 2, 16, 15, 37, 24, 22, 19, 18, 23, 20, 21, 29, 28, 25, 27, 35, 40, 38, 44, 34, 32, 33, 30, 13, 17, 47, 42, 46, 45, 41, 43, 7, 6, 9, 3, 0, 4, 1, 8, 5, 51, 49, 52, 50, 48, 11, 10];10054.0
[44, 23, 22, 39, 40, 38, 34, 52, 50, 31, 21, 9, 33, 30, 4, 0, 36, 32, 26, 47, 46, 43, 41, 42, 18, 19, 16, 15, 35, 37, 10, 14, 13, 12, 17, 11, 3, 2, 1, 8, 6, 7, 5, 51, 49, 48, 29, 25, 27, 28, 20, 24, 45];10971.0
[12, 14, 8, 9, 6, 33, 30, 0, 2, 1, 36, 38, 4, 34, 32, 31, 20, 21, 24, 22, 47, 44, 42, 46, 45, 41, 43, 18, 19, 15, 35, 40, 37, 39, 10, 11, 3, 13, 17, 16, 23, 7, 5, 51, 49, 48, 52, 50, 29, 28, 25, 27, 26];9131.0
[33, 32, 31, 30, 36, 35, 40, 45, 43, 41, 7, 3, 2, 0, 4, 13, 38, 37, 1, 9, 8, 6, 5, 51, 48, 29, 28, 25, 27, 26, 47, 42, 46, 52, 50, 49, 24, 22, 19, 18, 23, 21, 20, 11, 10, 12, 14, 17, 16, 15, 39, 44, 34];10268.0
[30, 25, 27, 26, 29, 28, 39, 37, 38, 4, 1, 8, 2, 0, 36, 35, 40, 24, 22, 23, 20, 21, 11, 3, 10, 12, 14, 13, 9, 7, 6, 5, 51, 50, 52, 48, 49, 17, 16, 15, 18, 19, 41, 47, 46, 43, 45, 42, 44, 34, 32, 33, 31];9114.0
[24, 21, 39, 38, 10, 20, 9, 33, 30, 0, 4, 2, 1, 8, 6, 3, 23, 22, 28, 25, 29, 12, 14, 11, 13, 34, 32, 31, 26, 27, 47, 45, 44, 41, 46, 43, 42, 18, 17, 19, 16, 15, 36, 35, 40, 37, 7, 5, 51, 49, 52, 50, 48];10408.0
[35, 40, 43, 45, 5, 51, 48, 29, 41, 47, 10, 12, 14, 39, 4, 22, 24, 23, 21, 20, 27, 28, 25, 26, 15, 18, 19, 1, 13, 11, 34, 32, 33, 31, 30, 7, 6, 8, 9, 3, 0, 36, 38, 2, 17, 16, 52, 50, 49, 44, 42, 46, 37];11681.0
[9, 36, 10, 14, 17, 15, 19, 16, 23, 20, 24, 33, 30, 0, 35, 40, 4, 22, 8, 7, 5, 50, 48, 49, 52, 51, 41, 43, 42, 47, 46, 37, 18, 11, 13, 12, 21, 39, 38, 45, 44, 34, 32, 31, 27, 29, 28, 25, 26, 2, 3, 1, 6];9677.0
[22, 39, 36, 32, 21, 24, 19, 18, 1, 0, 3, 13, 11, 15, 40, 37, 35, 38, 4, 2, 17, 16, 23, 20, 10, 12, 14, 29, 28, 25, 27, 26, 44, 42, 34, 52, 51, 50, 48, 49, 45, 41, 47, 46, 43, 7, 5, 8, 6, 9, 33, 31, 30];9913.0
[1, 2, 16, 15, 19, 33, 26, 5, 8, 6, 9, 7, 21, 20, 38, 4, 3, 13, 12, 14, 11, 10, 36, 35, 49, 52, 51, 48, 50, 18, 17, 24, 23, 22, 47, 44, 34, 32, 31, 30, 0, 27, 29, 28, 25, 43, 45, 41, 42, 46, 39, 40, 37];10548.0
[47, 44, 23, 21, 20, 39, 37, 17, 33, 30, 4, 1, 3, 13, 12, 14, 50, 52, 51, 48, 49, 24, 22, 19, 16, 11, 10, 41, 46, 43, 42, 18, 15, 35, 40, 38, 9, 7, 6, 5, 8, 2, 0, 36, 45, 34, 32, 31, 26, 29, 28, 25, 27];9690.0
[4, 23, 22, 19, 3, 2, 49, 48, 29, 28, 27, 16, 15, 37, 1, 8, 9, 13, 12, 14, 41, 47, 43, 42, 46, 39, 40, 38, 36, 35, 21, 11, 10, 20, 24, 18, 17, 33, 31, 25, 26, 7, 6, 5, 51, 50, 52, 45, 44, 34, 32, 30, 0];10474.0
[48, 2, 3, 13, 10, 14, 9, 8, 43, 46, 44, 34, 52, 50, 29, 20, 21, 11, 23, 24, 22, 19, 17, 16, 15, 18, 1, 41, 47, 37, 35, 40, 36, 32, 25, 26, 27, 28, 31, 33, 30, 0, 4, 12, 38, 39, 45, 42, 7, 6, 5, 51, 49];11018.0
[28, 25, 27, 26, 16, 15, 17, 33, 30, 0, 36, 40, 24, 22, 19, 18, 9, 8, 2, 3, 11, 10, 14, 23, 20, 21, 39, 37, 35, 38, 4, 1, 13, 12, 41, 47, 7, 6, 5, 51, 50, 48, 49, 52, 45, 43, 42, 46, 44, 34, 32, 31, 29];9052.0
[39, 4, 22, 19, 18, 3, 1, 44, 41, 34, 33, 30, 0, 36, 40, 37, 35, 21, 20, 24, 47, 46, 43, 45, 42, 7, 8, 6, 9, 5, 51, 52, 50, 49, 48, 29, 2, 23, 32, 31, 27, 28, 25, 26, 13, 14, 11, 10, 12, 38, 17, 16, 15];9660.0
[39, 40, 20, 21, 23, 19, 18, 1, 36, 35, 38, 4, 34, 50, 52, 51, 49, 48, 29, 27, 44, 41, 42, 46, 43, 45, 32, 30, 0, 13, 10, 12, 14, 24, 22, 47, 28, 25, 17, 16, 11, 33, 31, 26, 7, 5, 6, 9, 8, 3, 2, 15, 37];9975.0
[26, 2, 23, 22, 19, 25, 27, 29, 28, 39, 38, 36, 35, 37, 40, 10, 49, 51, 42, 46, 43, 45, 44, 20, 21, 52, 50, 48, 24, 18, 17, 33, 31, 30, 0, 3, 12, 14, 41, 47, 11, 13, 16, 15, 1, 7, 6, 5, 8, 9, 4, 34, 32];11609.0
[46, 45, 44, 41, 43, 42, 35, 40, 4, 33, 26, 27, 29, 3, 2, 17, 16, 15, 37, 18, 19, 23, 20, 24, 22, 21, 39, 38, 10, 11, 13, 34, 32, 31, 30, 36, 49, 52, 51, 48, 50, 28, 25, 7, 5, 8, 6, 9, 0, 1, 12, 14, 47];9752.0
[7, 5, 6, 9, 29, 26, 16, 15, 37, 36, 35, 18, 19, 27, 28, 25, 2, 17, 11, 13, 34, 32, 31, 1, 3, 10, 12, 14, 41, 49, 51, 48, 52, 50, 33, 30, 0, 4, 22, 21, 39, 40, 38, 46, 45, 44, 43, 42, 47, 20, 24, 23, 8];10435.0
[51, 41, 43, 44, 34, 52, 50, 12, 38, 37, 40, 4, 1, 8, 15, 39, 36, 32, 30, 0, 35, 27, 29, 28, 20, 21, 24, 19, 18, 17, 11, 10, 14, 13, 33, 31, 25, 26, 3, 2, 16, 23, 22, 47, 42, 46, 45, 9, 7, 6, 5, 48, 49];10757.0
[46, 49, 50, 48, 28, 47, 40, 21, 24, 0, 36, 35, 18, 15, 52, 51, 44, 45, 42, 7, 9, 33, 31, 30, 13, 12, 14, 34, 32, 25, 27, 29, 26, 10, 11, 3, 2, 17, 16, 37, 39, 38, 4, 22, 19, 23, 20, 8, 6, 5, 1, 41, 43];11550.0
[24, 42, 7, 35, 37, 33, 26, 2, 3, 0, 4, 25, 27, 13, 12, 14, 20, 21, 39, 40, 38, 45, 34, 32, 31, 30, 36, 10, 11, 17, 16, 15, 18, 19, 9, 8, 6, 5, 51, 49, 52, 50, 48, 28, 29, 1, 41, 47, 46, 43, 44, 23, 22];10232.0
[35, 37, 19, 16, 11, 10, 12, 47, 46, 42, 18, 23, 20, 24, 21, 39, 4, 22, 34, 50, 52, 51, 48, 49, 29, 28, 25, 27, 26, 14, 13, 17, 41, 43, 45, 44, 32, 31, 30, 0, 3, 2, 1, 8, 7, 5, 6, 9, 33, 15, 40, 38, 36];9809.0
[38, 36, 10, 4, 2, 23, 22, 46, 43, 41, 47, 42, 37, 39, 21, 20, 24, 45, 44, 32, 27, 29, 28, 50, 52, 51, 49, 48, 18, 7, 6, 5, 8, 9, 0, 35, 40, 19, 1, 13, 17, 16, 11, 12, 14, 34, 30, 3, 33, 31, 25, 26, 15];10541.0
[48, 15, 18, 19, 33, 30, 4, 2, 3, 0, 38, 45, 44, 34, 52, 50, 26, 13, 17, 16, 37, 35, 36, 32, 31, 7, 5, 6, 8, 9, 1, 41, 47, 43, 42, 46, 11, 10, 14, 12, 21, 23, 24, 22, 20, 39, 40, 27, 28, 25, 29, 51, 49];11292.0
[47, 46, 52, 51, 48, 49, 50, 31, 33, 21, 20, 29, 28, 24, 22, 19, 23, 39, 43, 45, 44, 34, 32, 25, 27, 26, 3, 14, 10, 12, 38, 1, 41, 42, 7, 6, 5, 8, 16, 11, 13, 17, 15, 37, 40, 36, 35, 18, 9, 30, 0, 4, 2];10707.0
[13, 7, 6, 42, 46, 2, 36, 35, 21, 20, 24, 23, 9, 8, 10, 12, 14, 47, 34, 32, 31, 33, 30, 0, 3, 4, 22, 19, 1, 41, 43, 45, 44, 39, 38, 40, 37, 18, 17, 15, 5, 51, 49, 52, 50, 48, 29, 28, 25, 26, 27, 16, 11];9831.0
[52, 39, 38, 36, 35, 40, 37, 18, 6, 9, 33, 26, 20, 24, 22, 19, 1, 47, 44, 34, 50, 48, 29, 28, 25, 27, 3, 12, 14, 13, 10, 11, 32, 31, 30, 41, 42, 46, 43, 45, 0, 4, 2, 17, 15, 16, 23, 21, 8, 7, 5, 51, 49];10785.0
[50, 29, 20, 21, 39, 38, 36, 35, 40, 6, 8, 9, 1, 41, 47, 44, 43, 49, 48, 28, 25, 26, 16, 15, 37, 18, 19, 17, 11, 13, 34, 32, 30, 3, 10, 12, 14, 0, 4, 2, 24, 23, 22, 46, 45, 42, 7, 5, 33, 31, 27, 52, 51];10796.0
[45, 12, 38, 37, 39, 4, 2, 15, 19, 1, 7, 5, 6, 8, 9, 3, 11, 10, 14, 13, 34, 32, 31, 33, 30, 0, 36, 35, 40, 18, 17, 16, 20, 24, 22, 21, 47, 44, 23, 27, 28, 52, 50, 51, 48, 49, 29, 26, 25, 42, 46, 43, 41];9436.0
[50, 12, 11, 34, 32, 30, 2, 17, 37, 36, 35, 44, 23, 21, 20, 24, 22, 33, 31, 26, 27, 29, 28, 25, 7, 6, 5, 9, 8, 3, 13, 10, 14, 39, 4, 1, 0, 18, 19, 16, 15, 40, 38, 45, 47, 42, 46, 41, 43, 48, 49, 52, 51];9672.0
[5, 38, 18, 15, 37, 39, 4, 22, 19, 17, 30, 3, 2, 1, 41, 43, 47, 25, 26, 27, 16, 23, 20, 11, 10, 12, 14, 13, 6, 9, 8, 0, 36, 35, 40, 21, 24, 46, 44, 34, 32, 33, 31, 29, 28, 50, 48, 49, 52, 51, 45, 42, 7];10210.0
