ry48p
[26, 36, 42, 29, 6, 27, 17, 19, 39, 14, 11, 32, 45, 35, 43, 30, 37, 8, 0, 7, 15, 21, 2, 22, 10, 12, 24, 13, 33, 40, 28, 1, 41, 3, 25, 9, 34, 44, 23, 4, 47, 31, 38, 20, 46, 5, 18, 16];16522.0;18861.85775862069;6103993.099137931;183.0;207795.0;232.0
[45, 10, 12, 22, 17, 35, 43, 6, 27, 36, 5, 18, 16, 26, 42, 29, 30, 37, 8, 15, 21, 7, 0, 2, 13, 20, 38, 31, 23, 9, 44, 34, 25, 3, 41, 1, 28, 4, 47, 24, 33, 40, 39, 14, 11, 46, 19, 32];17319.0
[6, 27, 36, 20, 31, 38, 14, 32, 45, 30, 43, 35, 19, 46, 12, 22, 10, 39, 8, 37, 7, 0, 21, 15, 40, 28, 4, 41, 1, 3, 25, 34, 44, 9, 23, 47, 24, 13, 33, 2, 11, 26, 18, 16, 42, 29, 5, 17];18272.0
[22, 38, 47, 4, 28, 33, 2, 40, 15, 21, 11, 45, 32, 46, 20, 12, 24, 13, 1, 25, 3, 9, 34, 44, 23, 41, 31, 19, 29, 42, 16, 26, 36, 18, 5, 6, 27, 35, 43, 17, 30, 37, 8, 7, 0, 39, 14, 10];18243.0
[8, 45, 14, 22, 2, 21, 33, 13, 24, 12, 10, 11, 32, 6, 17, 35, 43, 30, 37, 7, 0, 15, 40, 28, 4, 47, 41, 23, 9, 44, 34, 3, 25, 1, 27, 5, 16, 26, 18, 36, 42, 29, 19, 46, 31, 38, 20, 39];18149.0
[31, 11, 43, 16, 42, 19, 10, 22, 30, 37, 14, 0, 7, 8, 39, 21, 15, 40, 1, 3, 25, 4, 47, 24, 13, 12, 35, 6, 5, 27, 17, 45, 32, 2, 33, 28, 41, 23, 9, 44, 34, 38, 29, 36, 18, 26, 46, 20];22498.0
[27, 14, 46, 19, 32, 45, 39, 2, 13, 24, 4, 47, 9, 25, 34, 44, 23, 31, 38, 20, 12, 22, 0, 8, 37, 30, 43, 35, 26, 18, 16, 42, 36, 29, 5, 7, 21, 15, 40, 33, 28, 1, 3, 41, 10, 11, 17, 6];19306.0
[11, 32, 42, 29, 31, 38, 4, 33, 2, 21, 30, 43, 17, 35, 6, 5, 16, 26, 18, 36, 27, 14, 22, 13, 12, 10, 39, 8, 45, 37, 7, 0, 15, 40, 28, 1, 3, 25, 34, 44, 9, 23, 41, 47, 24, 20, 46, 19];18391.0
[36, 6, 17, 45, 14, 22, 2, 40, 33, 13, 10, 11, 43, 30, 37, 7, 0, 15, 21, 8, 39, 32, 19, 46, 20, 38, 31, 41, 23, 9, 44, 34, 25, 3, 1, 28, 4, 47, 24, 12, 35, 27, 16, 42, 29, 5, 26, 18];17003.0
[45, 19, 46, 10, 39, 14, 11, 20, 38, 24, 13, 12, 22, 37, 27, 42, 16, 26, 18, 36, 29, 5, 6, 17, 35, 43, 30, 8, 0, 7, 15, 21, 2, 40, 33, 28, 47, 4, 23, 41, 1, 3, 25, 34, 9, 44, 31, 32];18434.0
[36, 35, 6, 27, 30, 37, 43, 17, 45, 32, 11, 15, 21, 0, 7, 8, 39, 10, 12, 13, 24, 38, 31, 20, 46, 19, 16, 42, 14, 22, 40, 28, 1, 25, 3, 34, 44, 9, 41, 23, 47, 4, 33, 2, 29, 5, 18, 26];18989.0
[30, 39, 47, 41, 9, 34, 44, 23, 31, 38, 20, 22, 15, 21, 2, 13, 24, 12, 10, 11, 14, 27, 29, 35, 37, 8, 7, 0, 40, 33, 4, 25, 3, 1, 28, 46, 19, 26, 18, 36, 5, 42, 16, 32, 45, 17, 6, 43];20039.0
[17, 21, 2, 22, 10, 11, 14, 35, 6, 43, 30, 9, 44, 34, 23, 24, 12, 13, 4, 47, 31, 38, 46, 19, 32, 45, 39, 8, 37, 7, 0, 15, 40, 33, 28, 1, 3, 25, 41, 20, 27, 29, 36, 16, 42, 26, 18, 5];20563.0
[34, 28, 13, 10, 11, 32, 14, 45, 42, 16, 26, 30, 8, 39, 24, 4, 47, 38, 0, 7, 37, 43, 35, 6, 27, 17, 19, 46, 12, 22, 2, 21, 15, 33, 40, 1, 3, 25, 9, 41, 20, 29, 36, 18, 5, 31, 23, 44];22063.0
[10, 46, 19, 32, 11, 14, 35, 29, 5, 7, 15, 40, 28, 1, 4, 13, 22, 33, 2, 21, 0, 37, 30, 27, 42, 16, 26, 18, 36, 20, 31, 38, 23, 9, 44, 34, 3, 25, 41, 47, 24, 12, 39, 8, 43, 6, 17, 45];18968.0
[9, 38, 29, 5, 43, 35, 6, 17, 45, 32, 11, 39, 2, 15, 21, 7, 0, 8, 37, 30, 27, 36, 18, 26, 16, 42, 31, 23, 44, 34, 41, 4, 47, 24, 13, 12, 20, 46, 19, 14, 10, 22, 33, 40, 28, 1, 3, 25];18585.0
[1, 28, 13, 22, 27, 29, 16, 42, 26, 18, 36, 5, 43, 30, 7, 0, 15, 21, 40, 4, 47, 24, 12, 10, 11, 46, 20, 38, 31, 33, 2, 39, 8, 37, 14, 32, 45, 35, 6, 17, 19, 41, 23, 9, 44, 34, 3, 25];18708.0
[20, 47, 4, 44, 34, 41, 28, 33, 16, 26, 18, 36, 42, 29, 5, 27, 17, 35, 6, 43, 30, 7, 21, 2, 13, 22, 10, 11, 32, 45, 37, 8, 0, 15, 40, 1, 3, 25, 9, 23, 31, 38, 12, 24, 39, 14, 19, 46];18713.0
[24, 13, 12, 7, 0, 37, 8, 39, 14, 27, 36, 18, 5, 6, 43, 30, 45, 32, 10, 22, 2, 21, 15, 33, 40, 28, 41, 34, 44, 23, 38, 20, 11, 17, 35, 29, 42, 16, 26, 19, 46, 31, 4, 47, 1, 25, 3, 9];19287.0
[8, 39, 15, 21, 17, 35, 43, 14, 11, 20, 31, 38, 12, 2, 40, 33, 4, 47, 24, 13, 22, 10, 46, 19, 32, 45, 37, 7, 0, 30, 6, 27, 29, 36, 18, 5, 16, 26, 42, 23, 44, 34, 3, 25, 9, 41, 1, 28];19647.0
[42, 16, 26, 18, 5, 29, 35, 43, 30, 7, 37, 6, 17, 45, 32, 24, 4, 1, 28, 40, 33, 2, 15, 21, 22, 13, 12, 10, 11, 14, 0, 8, 39, 46, 31, 9, 44, 34, 3, 25, 41, 23, 47, 38, 20, 19, 27, 36];18243.0
[2, 24, 13, 20, 46, 11, 42, 29, 36, 18, 5, 16, 26, 19, 32, 10, 22, 12, 31, 38, 47, 23, 9, 44, 34, 25, 3, 41, 1, 28, 4, 33, 40, 15, 7, 0, 8, 39, 14, 35, 6, 27, 17, 43, 30, 45, 37, 21];17410.0
[22, 13, 24, 12, 20, 46, 19, 32, 5, 42, 16, 6, 17, 27, 36, 18, 26, 29, 35, 43, 30, 14, 11, 45, 37, 39, 8, 7, 0, 15, 21, 2, 40, 38, 31, 23, 47, 1, 3, 25, 34, 44, 9, 41, 28, 4, 33, 10];16856.0
[27, 40, 1, 41, 28, 33, 39, 14, 10, 22, 2, 15, 21, 7, 0, 8, 37, 6, 17, 35, 43, 30, 45, 32, 11, 46, 19, 20, 12, 13, 24, 4, 47, 23, 44, 34, 25, 3, 9, 31, 38, 29, 5, 16, 42, 26, 18, 36];18838.0
[1, 4, 47, 23, 9, 44, 34, 3, 25, 41, 31, 38, 20, 32, 45, 2, 33, 40, 13, 12, 22, 10, 11, 14, 43, 39, 8, 0, 15, 21, 7, 37, 30, 27, 36, 18, 26, 16, 42, 29, 5, 6, 17, 35, 19, 46, 24, 28];17545.0
[19, 4, 47, 24, 13, 12, 2, 21, 15, 0, 7, 37, 27, 16, 26, 42, 31, 38, 20, 46, 11, 8, 39, 14, 10, 22, 40, 33, 28, 1, 41, 44, 34, 3, 25, 9, 23, 35, 29, 36, 18, 5, 6, 43, 30, 17, 45, 32];20159.0
[43, 22, 10, 21, 7, 0, 8, 39, 37, 30, 45, 14, 11, 32, 17, 35, 19, 46, 20, 31, 38, 13, 24, 33, 2, 15, 40, 28, 1, 3, 25, 34, 44, 9, 23, 4, 41, 47, 12, 29, 5, 27, 36, 18, 26, 16, 42, 6];18844.0
[44, 24, 12, 31, 23, 9, 41, 38, 29, 27, 6, 17, 35, 43, 30, 39, 14, 32, 11, 46, 19, 20, 22, 13, 10, 8, 45, 36, 42, 16, 26, 18, 5, 37, 7, 0, 15, 21, 2, 40, 33, 4, 47, 28, 1, 3, 25, 34];19027.0
[38, 46, 19, 32, 17, 26, 18, 16, 42, 11, 47, 4, 1, 41, 28, 33, 37, 6, 27, 36, 5, 29, 35, 43, 30, 7, 0, 15, 21, 40, 2, 13, 24, 12, 22, 39, 8, 45, 14, 10, 20, 31, 23, 9, 3, 25, 34, 44];19466.0
[13, 10, 14, 11, 45, 37, 39, 21, 15, 40, 2, 22, 12, 24, 4, 47, 9, 23, 31, 38, 20, 46, 19, 32, 43, 17, 35, 6, 27, 36, 5, 18, 26, 16, 42, 29, 30, 7, 0, 8, 33, 1, 25, 3, 44, 34, 41, 28];17962.0
[1, 4, 47, 24, 13, 22, 38, 31, 23, 41, 28, 33, 2, 21, 10, 45, 37, 7, 0, 8, 39, 14, 11, 46, 20, 12, 19, 32, 17, 6, 27, 36, 42, 16, 18, 26, 29, 5, 35, 43, 30, 15, 40, 9, 44, 34, 3, 25];17938.0
[23, 31, 29, 5, 6, 17, 35, 45, 37, 43, 30, 8, 39, 14, 10, 22, 13, 4, 25, 3, 1, 28, 33, 2, 40, 15, 21, 0, 7, 11, 12, 24, 38, 20, 42, 16, 26, 18, 36, 27, 32, 19, 46, 47, 41, 9, 34, 44];19793.0
[3, 25, 38, 20, 46, 31, 4, 28, 41, 23, 9, 34, 44, 47, 24, 13, 12, 10, 39, 0, 8, 37, 43, 45, 32, 19, 11, 22, 2, 15, 21, 7, 30, 6, 17, 35, 27, 36, 18, 26, 16, 42, 29, 5, 14, 40, 33, 1];18637.0
[31, 38, 45, 39, 14, 10, 20, 12, 13, 22, 0, 8, 37, 5, 16, 26, 18, 36, 35, 43, 30, 7, 15, 21, 2, 40, 33, 23, 9, 44, 34, 25, 3, 41, 1, 28, 47, 4, 24, 11, 32, 6, 17, 27, 42, 29, 19, 46];19213.0
[27, 22, 33, 13, 47, 38, 31, 32, 30, 43, 42, 16, 26, 18, 5, 17, 35, 45, 14, 10, 24, 12, 20, 46, 19, 11, 39, 8, 0, 21, 15, 40, 28, 1, 3, 25, 34, 44, 23, 9, 41, 4, 2, 7, 37, 6, 29, 36];18804.0
[11, 14, 32, 45, 30, 37, 7, 0, 15, 21, 2, 24, 12, 46, 19, 26, 18, 16, 42, 36, 5, 29, 22, 13, 38, 47, 41, 4, 33, 40, 8, 27, 6, 17, 35, 43, 39, 10, 20, 31, 23, 9, 44, 34, 25, 3, 1, 28];19197.0
[43, 35, 6, 17, 45, 15, 21, 39, 14, 11, 32, 19, 10, 22, 2, 40, 33, 13, 24, 12, 20, 31, 38, 47, 23, 9, 41, 34, 44, 25, 3, 1, 4, 28, 46, 27, 16, 42, 29, 5, 18, 26, 36, 30, 7, 0, 8, 37];17990.0
[8, 39, 2, 1, 28, 11, 32, 45, 26, 18, 19, 46, 20, 38, 47, 24, 12, 13, 33, 40, 15, 21, 7, 37, 27, 36, 5, 16, 42, 31, 23, 9, 44, 34, 25, 3, 41, 4, 30, 6, 17, 29, 35, 43, 14, 10, 22, 0];21424.0
[6, 12, 10, 22, 13, 24, 4, 47, 23, 34, 44, 31, 38, 20, 46, 19, 32, 45, 39, 21, 0, 8, 17, 27, 36, 16, 42, 26, 18, 5, 29, 43, 30, 37, 7, 15, 40, 1, 3, 25, 9, 41, 28, 33, 2, 11, 14, 35];18621.0
[4, 33, 39, 14, 32, 11, 46, 12, 24, 47, 9, 34, 44, 23, 31, 38, 20, 19, 26, 18, 5, 17, 6, 27, 36, 16, 42, 29, 35, 45, 10, 22, 13, 2, 21, 7, 0, 37, 43, 30, 8, 15, 40, 28, 1, 3, 25, 41];17946.0
[7, 0, 15, 40, 1, 41, 47, 13, 39, 14, 11, 45, 32, 10, 22, 9, 25, 3, 34, 44, 23, 31, 38, 20, 46, 27, 36, 18, 26, 42, 16, 29, 5, 6, 17, 35, 43, 30, 8, 37, 19, 12, 24, 4, 28, 33, 2, 21];18978.0
[27, 17, 33, 13, 4, 47, 24, 2, 39, 0, 8, 11, 32, 45, 6, 35, 43, 30, 14, 10, 22, 12, 31, 38, 20, 46, 19, 16, 26, 18, 36, 42, 29, 5, 37, 7, 15, 21, 40, 28, 1, 41, 3, 25, 34, 44, 23, 9];19685.0
[9, 13, 10, 14, 27, 26, 18, 36, 35, 6, 43, 30, 45, 32, 37, 8, 39, 0, 7, 21, 15, 2, 24, 12, 19, 16, 42, 29, 5, 17, 11, 46, 20, 22, 33, 40, 28, 1, 3, 25, 41, 47, 4, 38, 31, 23, 44, 34];18466.0
[4, 28, 40, 2, 11, 42, 29, 35, 43, 30, 1, 25, 3, 34, 44, 9, 41, 23, 38, 31, 46, 19, 32, 6, 27, 36, 16, 26, 18, 5, 17, 45, 14, 10, 12, 20, 24, 13, 22, 39, 8, 37, 7, 0, 15, 21, 33, 47];18906.0
[4, 1, 3, 25, 34, 44, 23, 9, 41, 28, 33, 40, 15, 39, 8, 43, 30, 45, 10, 24, 13, 20, 12, 22, 2, 21, 7, 0, 37, 14, 11, 19, 32, 17, 6, 27, 42, 16, 26, 36, 18, 5, 29, 35, 46, 31, 38, 47];17086.0
[1, 41, 23, 31, 38, 39, 8, 0, 15, 40, 33, 2, 13, 24, 11, 32, 45, 14, 10, 22, 12, 20, 46, 19, 35, 6, 5, 26, 18, 16, 42, 29, 36, 27, 17, 30, 43, 37, 7, 21, 28, 4, 47, 9, 44, 34, 25, 3];17774.0
[16, 38, 31, 10, 22, 33, 40, 30, 43, 17, 35, 6, 45, 32, 19, 11, 46, 20, 12, 2, 15, 21, 7, 0, 8, 37, 39, 24, 13, 4, 47, 23, 9, 3, 25, 44, 34, 41, 1, 28, 14, 27, 42, 29, 5, 36, 18, 26];20014.0
[8, 39, 10, 22, 28, 1, 25, 3, 47, 24, 33, 40, 2, 13, 4, 41, 9, 34, 44, 23, 31, 38, 20, 12, 46, 19, 14, 32, 11, 45, 17, 27, 29, 5, 42, 16, 26, 18, 36, 35, 6, 43, 30, 37, 7, 0, 15, 21];17333.0
[41, 38, 14, 11, 32, 6, 17, 27, 29, 36, 5, 26, 18, 16, 42, 19, 46, 20, 44, 34, 25, 3, 1, 28, 4, 47, 33, 40, 15, 0, 8, 39, 21, 2, 13, 12, 22, 7, 37, 30, 43, 35, 45, 10, 24, 31, 23, 9];19165.0
[9, 23, 42, 36, 29, 27, 15, 21, 22, 10, 13, 24, 12, 19, 32, 45, 35, 6, 17, 43, 30, 37, 7, 0, 8, 14, 11, 46, 20, 31, 41, 28, 4, 33, 40, 2, 39, 16, 26, 18, 5, 38, 47, 1, 3, 25, 34, 44];20798.0
[42, 29, 7, 15, 21, 11, 32, 35, 6, 43, 30, 46, 31, 23, 9, 34, 44, 33, 40, 2, 0, 37, 14, 22, 10, 39, 8, 45, 17, 27, 26, 36, 18, 5, 12, 13, 24, 38, 47, 4, 28, 1, 25, 3, 41, 20, 19, 16];21376.0
[20, 46, 19, 11, 10, 24, 12, 22, 2, 21, 0, 15, 40, 33, 13, 45, 17, 29, 5, 42, 16, 26, 18, 36, 35, 43, 30, 37, 7, 8, 39, 14, 32, 6, 27, 31, 38, 47, 4, 28, 1, 3, 9, 25, 34, 44, 23, 41];17921.0
[29, 8, 0, 15, 21, 7, 37, 39, 2, 40, 13, 20, 31, 38, 9, 34, 44, 23, 47, 12, 22, 10, 24, 4, 41, 3, 25, 1, 28, 33, 46, 19, 16, 26, 18, 5, 35, 6, 45, 14, 11, 32, 30, 43, 17, 27, 36, 42];18845.0
[39, 45, 14, 0, 37, 8, 2, 40, 41, 34, 44, 12, 22, 13, 24, 4, 47, 38, 20, 19, 32, 35, 29, 26, 18, 5, 43, 30, 7, 15, 21, 10, 11, 17, 6, 27, 36, 42, 16, 46, 31, 23, 9, 25, 3, 1, 28, 33];20486.0
[33, 13, 28, 1, 47, 24, 11, 14, 30, 37, 7, 0, 15, 40, 2, 21, 22, 10, 39, 8, 43, 29, 5, 42, 16, 26, 18, 36, 27, 35, 6, 17, 45, 32, 19, 46, 20, 12, 31, 38, 23, 9, 44, 34, 3, 25, 41, 4];17000.0
[40, 33, 3, 25, 1, 28, 24, 10, 11, 45, 32, 17, 6, 27, 5, 26, 18, 16, 42, 29, 36, 35, 37, 43, 30, 8, 15, 21, 7, 0, 39, 14, 19, 46, 20, 12, 38, 47, 31, 23, 9, 34, 44, 41, 4, 13, 22, 2];18378.0
[13, 22, 12, 46, 19, 11, 8, 39, 10, 14, 32, 45, 35, 43, 30, 37, 7, 0, 2, 24, 31, 38, 20, 6, 17, 27, 36, 18, 26, 29, 5, 16, 42, 23, 9, 34, 44, 25, 3, 1, 41, 47, 4, 28, 40, 15, 21, 33];18609.0
[44, 34, 18, 26, 46, 20, 11, 14, 43, 6, 17, 35, 29, 5, 16, 42, 36, 27, 10, 22, 24, 12, 31, 23, 9, 41, 28, 4, 33, 2, 40, 15, 21, 0, 7, 37, 8, 30, 39, 45, 32, 19, 13, 38, 47, 1, 3, 25];20718.0
[24, 13, 12, 20, 42, 36, 18, 16, 26, 11, 2, 21, 15, 32, 45, 37, 8, 39, 14, 10, 22, 33, 0, 7, 30, 43, 17, 35, 6, 27, 5, 29, 19, 46, 31, 38, 47, 4, 23, 9, 25, 3, 34, 44, 41, 1, 40, 28];19568.0
[10, 22, 12, 19, 46, 20, 31, 23, 25, 41, 40, 15, 21, 33, 47, 9, 44, 34, 3, 1, 28, 4, 38, 13, 24, 2, 11, 14, 32, 45, 35, 43, 30, 37, 7, 0, 39, 8, 6, 27, 17, 36, 29, 5, 18, 26, 42, 16];19473.0
[42, 29, 5, 27, 37, 7, 0, 8, 43, 30, 45, 32, 11, 14, 22, 2, 21, 15, 40, 33, 28, 1, 3, 25, 9, 34, 44, 23, 31, 20, 46, 19, 16, 26, 18, 36, 35, 6, 17, 39, 10, 12, 13, 24, 4, 41, 47, 38];18220.0
[35, 24, 13, 22, 45, 30, 14, 11, 32, 27, 36, 29, 19, 20, 31, 38, 4, 33, 40, 15, 21, 2, 10, 39, 8, 0, 7, 37, 43, 42, 16, 26, 18, 5, 28, 1, 3, 25, 34, 44, 9, 41, 23, 47, 12, 46, 6, 17];20170.0
[16, 42, 4, 34, 44, 31, 32, 19, 46, 20, 12, 24, 13, 39, 45, 17, 35, 6, 27, 43, 30, 7, 15, 21, 40, 2, 22, 10, 11, 14, 37, 8, 0, 33, 28, 1, 41, 3, 25, 9, 23, 47, 38, 29, 36, 5, 26, 18];20887.0
[1, 28, 24, 11, 10, 22, 13, 12, 46, 19, 32, 27, 29, 36, 5, 26, 18, 16, 42, 20, 31, 23, 9, 34, 44, 47, 4, 33, 39, 0, 7, 21, 15, 40, 2, 8, 37, 30, 43, 35, 6, 17, 45, 14, 38, 41, 3, 25];19206.0
[47, 33, 40, 2, 24, 13, 39, 8, 30, 43, 32, 45, 11, 14, 10, 22, 12, 38, 20, 46, 19, 35, 6, 17, 27, 36, 42, 29, 16, 26, 18, 5, 37, 7, 0, 15, 21, 28, 1, 3, 25, 34, 44, 9, 41, 23, 31, 4];17428.0
[13, 39, 14, 11, 32, 45, 8, 37, 43, 30, 35, 19, 46, 20, 38, 47, 12, 6, 17, 27, 29, 36, 18, 5, 26, 16, 42, 10, 22, 33, 40, 15, 21, 7, 0, 2, 24, 31, 23, 9, 44, 34, 3, 25, 1, 41, 4, 28];18566.0
[17, 24, 13, 39, 14, 10, 22, 12, 2, 21, 40, 33, 11, 32, 45, 8, 0, 15, 7, 37, 43, 30, 27, 26, 18, 16, 42, 36, 5, 29, 19, 46, 20, 31, 47, 4, 28, 1, 25, 34, 3, 9, 44, 23, 41, 38, 35, 6];19547.0
[14, 39, 2, 40, 33, 22, 13, 28, 1, 3, 25, 34, 44, 9, 23, 41, 4, 32, 45, 37, 8, 0, 15, 21, 7, 30, 43, 35, 18, 26, 16, 42, 29, 5, 36, 27, 6, 17, 19, 46, 20, 38, 31, 47, 24, 12, 10, 11];17460.0
[12, 10, 11, 46, 20, 19, 14, 27, 42, 29, 5, 36, 6, 17, 35, 43, 30, 22, 33, 28, 1, 41, 34, 44, 3, 25, 9, 23, 47, 4, 31, 38, 16, 26, 18, 32, 45, 40, 15, 21, 7, 0, 8, 37, 39, 2, 24, 13];19386.0
[44, 45, 37, 8, 39, 14, 11, 33, 13, 24, 12, 10, 22, 0, 7, 30, 27, 29, 36, 35, 6, 17, 32, 19, 46, 31, 38, 20, 42, 16, 26, 18, 5, 43, 15, 21, 2, 40, 28, 1, 4, 47, 41, 23, 9, 25, 3, 34];19354.0
[13, 10, 22, 24, 4, 47, 33, 2, 21, 0, 8, 39, 14, 11, 31, 38, 20, 12, 46, 19, 6, 5, 18, 16, 26, 42, 29, 32, 45, 17, 27, 36, 35, 43, 30, 37, 7, 15, 40, 28, 1, 3, 25, 9, 34, 44, 23, 41];17659.0
[32, 45, 19, 46, 10, 11, 14, 43, 16, 42, 29, 5, 17, 35, 2, 21, 7, 30, 37, 39, 8, 0, 15, 40, 33, 47, 31, 38, 20, 24, 12, 13, 28, 1, 25, 3, 34, 44, 9, 23, 41, 4, 22, 26, 18, 36, 6, 27];18998.0
[14, 2, 21, 46, 19, 10, 11, 32, 45, 6, 17, 35, 43, 30, 37, 39, 8, 7, 0, 15, 40, 33, 13, 22, 20, 12, 24, 4, 28, 1, 41, 44, 34, 25, 3, 9, 23, 47, 31, 38, 29, 5, 42, 16, 26, 18, 36, 27];17867.0
[29, 19, 47, 1, 28, 4, 13, 10, 11, 14, 32, 45, 39, 8, 37, 6, 27, 42, 16, 26, 36, 18, 5, 43, 30, 7, 0, 33, 40, 15, 21, 2, 22, 12, 24, 31, 23, 44, 34, 25, 3, 9, 41, 38, 20, 46, 17, 35];18921.0
[24, 13, 22, 11, 19, 46, 20, 38, 31, 4, 33, 8, 45, 32, 27, 36, 5, 26, 18, 16, 42, 29, 35, 6, 17, 43, 30, 37, 7, 0, 15, 40, 28, 1, 41, 3, 25, 34, 44, 9, 23, 47, 12, 10, 14, 39, 21, 2];17224.0
[7, 0, 8, 2, 13, 12, 38, 9, 41, 4, 47, 24, 11, 17, 27, 18, 36, 16, 26, 42, 29, 5, 6, 35, 43, 30, 39, 10, 22, 46, 20, 33, 40, 15, 21, 28, 1, 3, 25, 34, 44, 23, 31, 19, 32, 14, 45, 37];18554.0
[26, 19, 46, 31, 23, 44, 34, 3, 25, 9, 38, 29, 36, 42, 18, 5, 43, 30, 37, 14, 39, 10, 22, 12, 24, 13, 4, 33, 40, 2, 21, 7, 8, 0, 15, 28, 41, 1, 47, 20, 11, 32, 45, 35, 6, 17, 27, 16];19697.0
[0, 7, 15, 21, 2, 39, 14, 46, 20, 31, 38, 6, 27, 17, 35, 43, 30, 45, 32, 19, 10, 22, 13, 12, 24, 33, 4, 47, 23, 9, 44, 34, 25, 3, 41, 1, 28, 40, 11, 29, 36, 16, 42, 26, 18, 5, 37, 8];18498.0
[8, 37, 30, 45, 32, 19, 46, 20, 31, 38, 47, 15, 21, 7, 0, 14, 10, 22, 13, 24, 11, 43, 6, 17, 35, 27, 36, 42, 29, 16, 26, 18, 5, 12, 4, 1, 3, 25, 34, 44, 23, 9, 41, 28, 40, 33, 2, 39];17986.0
[21, 22, 2, 11, 32, 27, 17, 45, 8, 0, 37, 35, 6, 43, 30, 7, 15, 40, 33, 3, 25, 34, 44, 1, 28, 13, 10, 14, 19, 46, 12, 24, 4, 41, 23, 9, 47, 38, 31, 20, 29, 42, 16, 26, 36, 18, 5, 39];20296.0
[36, 6, 17, 35, 43, 45, 32, 11, 14, 0, 7, 8, 39, 10, 12, 24, 31, 23, 41, 47, 38, 20, 46, 19, 2, 21, 15, 40, 4, 25, 9, 44, 34, 3, 1, 28, 33, 13, 22, 37, 30, 27, 29, 5, 16, 26, 42, 18];17871.0
[29, 35, 43, 14, 39, 8, 30, 37, 5, 26, 18, 16, 42, 46, 12, 20, 31, 38, 4, 47, 24, 13, 22, 2, 21, 0, 7, 15, 40, 28, 1, 25, 3, 44, 34, 23, 9, 41, 33, 10, 11, 17, 27, 36, 6, 45, 32, 19];19305.0
[10, 12, 24, 13, 33, 2, 8, 39, 14, 11, 46, 23, 9, 25, 41, 28, 47, 4, 38, 20, 22, 7, 0, 21, 15, 40, 1, 3, 34, 44, 31, 42, 29, 16, 26, 18, 36, 5, 27, 17, 30, 37, 43, 35, 6, 45, 32, 19];19667.0
[29, 36, 42, 16, 22, 33, 28, 4, 1, 41, 3, 25, 34, 44, 23, 9, 47, 11, 32, 19, 46, 20, 31, 38, 12, 24, 13, 10, 14, 43, 30, 7, 0, 8, 17, 27, 26, 18, 5, 37, 21, 15, 40, 2, 39, 45, 35, 6];19378.0
[44, 31, 32, 5, 16, 26, 18, 35, 45, 37, 43, 30, 46, 23, 9, 25, 3, 33, 0, 7, 8, 39, 14, 10, 12, 13, 22, 2, 21, 15, 40, 28, 41, 1, 4, 38, 47, 24, 11, 17, 6, 27, 29, 36, 42, 19, 20, 34];22691.0
[19, 43, 14, 11, 32, 45, 37, 39, 21, 2, 8, 35, 18, 26, 16, 42, 29, 5, 36, 27, 17, 6, 30, 7, 0, 15, 40, 33, 13, 24, 12, 20, 46, 10, 22, 4, 47, 38, 31, 23, 9, 34, 44, 25, 3, 1, 28, 41];17880.0
[14, 32, 45, 30, 37, 43, 35, 6, 17, 27, 36, 5, 26, 18, 16, 42, 29, 19, 46, 31, 4, 38, 20, 12, 33, 39, 0, 8, 7, 15, 21, 2, 40, 28, 41, 1, 25, 3, 44, 34, 23, 9, 47, 24, 13, 22, 10, 11];17211.0
[14, 7, 0, 37, 30, 43, 5, 18, 26, 19, 32, 11, 10, 22, 12, 13, 28, 1, 3, 25, 34, 44, 9, 41, 23, 47, 4, 2, 8, 39, 21, 15, 40, 33, 24, 31, 38, 20, 46, 16, 42, 29, 36, 27, 35, 6, 17, 45];17893.0
[17, 35, 29, 42, 31, 38, 47, 24, 13, 20, 12, 22, 45, 32, 19, 46, 11, 14, 39, 0, 15, 21, 33, 40, 2, 8, 43, 6, 5, 16, 26, 18, 36, 27, 10, 28, 1, 25, 3, 9, 34, 44, 23, 41, 4, 7, 37, 30];19696.0
[13, 32, 45, 17, 35, 19, 46, 38, 31, 23, 9, 44, 34, 47, 12, 22, 2, 11, 43, 6, 27, 5, 16, 26, 42, 29, 18, 36, 30, 37, 7, 8, 0, 15, 21, 39, 14, 10, 20, 24, 4, 41, 3, 25, 1, 28, 40, 33];18555.0
[42, 17, 35, 19, 45, 32, 11, 14, 10, 22, 12, 24, 47, 31, 38, 20, 39, 2, 21, 7, 37, 6, 27, 36, 18, 26, 29, 5, 43, 30, 8, 0, 15, 40, 33, 13, 28, 4, 1, 3, 25, 44, 34, 23, 9, 41, 46, 16];18983.0
[35, 43, 14, 3, 25, 41, 38, 31, 20, 12, 22, 13, 10, 39, 8, 37, 7, 0, 15, 40, 33, 2, 21, 45, 30, 6, 27, 17, 36, 5, 42, 29, 32, 11, 19, 46, 24, 4, 47, 23, 9, 34, 44, 1, 28, 16, 26, 18];20902.0
[9, 3, 25, 15, 21, 40, 1, 34, 44, 18, 26, 5, 17, 35, 20, 4, 47, 24, 12, 32, 45, 37, 7, 0, 8, 2, 13, 22, 10, 14, 11, 19, 46, 38, 41, 28, 33, 39, 30, 43, 6, 27, 29, 36, 16, 42, 31, 23];23592.0
[20, 31, 38, 15, 40, 33, 47, 4, 24, 12, 19, 46, 10, 22, 2, 21, 11, 32, 17, 45, 8, 0, 7, 37, 30, 43, 35, 29, 5, 26, 18, 16, 42, 36, 27, 6, 13, 28, 1, 3, 25, 34, 44, 23, 9, 41, 39, 14];19770.0
[33, 8, 43, 6, 17, 35, 32, 19, 46, 10, 20, 38, 31, 4, 13, 24, 12, 22, 2, 21, 39, 14, 11, 45, 30, 27, 29, 42, 16, 26, 18, 36, 5, 37, 7, 0, 15, 40, 28, 1, 25, 3, 41, 23, 9, 44, 34, 47];18141.0
[36, 5, 37, 8, 0, 39, 46, 20, 24, 12, 19, 35, 43, 30, 7, 15, 21, 2, 10, 22, 4, 9, 25, 3, 1, 40, 33, 13, 28, 41, 34, 44, 23, 47, 38, 31, 11, 14, 32, 45, 6, 27, 17, 29, 16, 26, 42, 18];19293.0
[32, 45, 42, 29, 5, 37, 7, 30, 43, 35, 6, 17, 11, 46, 38, 47, 4, 33, 40, 2, 21, 15, 0, 8, 39, 14, 10, 22, 31, 23, 41, 9, 44, 34, 25, 3, 28, 1, 13, 12, 24, 20, 19, 16, 26, 18, 36, 27];18769.0
[36, 29, 42, 16, 26, 18, 5, 6, 17, 45, 32, 11, 43, 30, 37, 14, 10, 22, 13, 24, 2, 21, 7, 8, 39, 0, 15, 33, 40, 47, 23, 9, 44, 34, 3, 25, 41, 1, 28, 4, 38, 12, 31, 20, 46, 19, 35, 27];17022.0
[1, 24, 12, 22, 13, 15, 21, 2, 10, 14, 5, 16, 42, 29, 35, 45, 32, 11, 46, 38, 47, 4, 28, 40, 33, 39, 8, 0, 7, 37, 30, 43, 17, 6, 27, 36, 18, 26, 19, 20, 31, 41, 23, 9, 44, 34, 3, 25];18529.0
[12, 11, 14, 27, 36, 42, 16, 26, 18, 20, 31, 38, 47, 9, 23, 44, 34, 3, 1, 25, 41, 4, 28, 33, 45, 35, 29, 5, 32, 19, 46, 24, 13, 22, 2, 21, 40, 15, 8, 7, 0, 37, 43, 6, 17, 30, 39, 10];19619.0
[20, 42, 29, 5, 43, 30, 37, 39, 8, 7, 0, 21, 15, 40, 28, 1, 47, 4, 46, 19, 32, 35, 27, 16, 26, 18, 36, 6, 17, 45, 14, 11, 22, 33, 2, 13, 12, 10, 24, 38, 31, 23, 9, 34, 44, 25, 3, 41];18446.0
[24, 12, 20, 31, 38, 47, 23, 41, 4, 28, 1, 25, 3, 9, 44, 34, 29, 5, 36, 6, 27, 32, 11, 21, 2, 15, 7, 37, 43, 17, 35, 45, 14, 39, 0, 8, 30, 18, 26, 16, 42, 19, 46, 10, 22, 33, 40, 13];19670.0
[22, 11, 45, 32, 37, 8, 39, 13, 24, 12, 35, 6, 17, 27, 16, 26, 18, 36, 42, 29, 5, 43, 30, 7, 0, 15, 21, 2, 40, 33, 28, 4, 47, 9, 34, 44, 25, 3, 1, 41, 23, 31, 38, 20, 46, 19, 14, 10];17118.0
[6, 17, 35, 20, 47, 23, 9, 3, 25, 44, 34, 41, 4, 46, 19, 29, 5, 43, 14, 10, 22, 24, 13, 28, 1, 33, 39, 37, 7, 0, 21, 15, 40, 2, 8, 30, 27, 16, 26, 18, 36, 42, 31, 38, 12, 11, 32, 45];21062.0
[18, 35, 8, 15, 40, 2, 21, 30, 27, 42, 16, 26, 5, 17, 45, 32, 11, 14, 39, 10, 19, 46, 31, 23, 41, 28, 33, 13, 24, 4, 1, 3, 25, 9, 34, 44, 47, 38, 20, 12, 22, 0, 7, 37, 43, 6, 29, 36];18798.0
[10, 22, 13, 38, 31, 33, 2, 21, 7, 0, 8, 39, 14, 46, 20, 12, 19, 45, 32, 11, 24, 4, 47, 41, 23, 9, 34, 44, 25, 3, 1, 28, 40, 15, 37, 30, 35, 43, 17, 6, 27, 29, 36, 5, 26, 18, 16, 42];17702.0
[21, 31, 23, 38, 29, 5, 20, 4, 47, 24, 12, 46, 19, 11, 32, 35, 6, 17, 43, 30, 37, 7, 0, 39, 8, 14, 10, 22, 13, 33, 2, 15, 40, 28, 41, 1, 3, 25, 34, 44, 9, 16, 42, 26, 18, 36, 27, 45];21897.0
[2, 40, 28, 1, 39, 14, 43, 30, 37, 8, 7, 0, 21, 15, 13, 24, 12, 10, 22, 11, 32, 36, 42, 16, 26, 18, 5, 29, 35, 6, 27, 17, 45, 19, 46, 20, 31, 38, 47, 23, 9, 44, 34, 3, 25, 41, 4, 33];17454.0
[40, 15, 39, 14, 11, 32, 43, 30, 37, 7, 0, 8, 22, 13, 24, 12, 10, 45, 17, 35, 29, 42, 16, 26, 18, 36, 5, 6, 27, 19, 46, 20, 38, 31, 4, 47, 1, 25, 3, 34, 44, 23, 9, 41, 28, 33, 2, 21];16774.0
[7, 15, 40, 33, 34, 44, 11, 32, 6, 17, 14, 10, 12, 31, 23, 9, 47, 38, 20, 46, 19, 16, 42, 26, 18, 36, 5, 29, 27, 35, 43, 30, 39, 8, 0, 21, 2, 13, 24, 4, 41, 25, 3, 1, 28, 22, 45, 37];20685.0
[31, 38, 47, 33, 13, 24, 4, 41, 23, 9, 34, 44, 25, 3, 1, 28, 40, 15, 7, 0, 8, 37, 39, 21, 2, 22, 12, 20, 10, 11, 14, 32, 45, 30, 43, 35, 6, 27, 36, 42, 29, 16, 26, 18, 5, 17, 19, 46];16758.0
[21, 45, 42, 29, 5, 17, 43, 30, 7, 0, 13, 38, 31, 23, 4, 47, 24, 12, 20, 46, 19, 10, 22, 11, 32, 14, 35, 6, 27, 36, 16, 26, 18, 37, 8, 39, 2, 33, 28, 41, 9, 44, 34, 25, 3, 1, 40, 15];18931.0
[11, 10, 22, 21, 2, 13, 1, 28, 40, 15, 7, 37, 30, 36, 42, 29, 27, 17, 43, 45, 32, 19, 46, 31, 38, 47, 24, 12, 35, 6, 5, 16, 26, 18, 20, 4, 41, 3, 25, 34, 44, 9, 23, 33, 0, 8, 39, 14];20157.0
[0, 7, 28, 9, 44, 34, 23, 4, 47, 24, 2, 8, 37, 30, 43, 17, 19, 46, 20, 22, 12, 31, 38, 33, 40, 15, 21, 39, 14, 11, 32, 45, 35, 6, 27, 29, 5, 36, 18, 26, 16, 42, 10, 1, 3, 25, 41, 13];20606.0
[34, 16, 42, 36, 6, 27, 17, 35, 18, 26, 5, 29, 12, 31, 41, 23, 9, 47, 38, 20, 46, 19, 32, 11, 14, 10, 22, 33, 2, 40, 15, 21, 7, 0, 8, 37, 30, 43, 45, 39, 24, 13, 4, 28, 1, 3, 25, 44];20037.0
[2, 45, 6, 5, 29, 35, 34, 44, 23, 24, 12, 13, 28, 1, 47, 38, 20, 19, 32, 11, 14, 10, 22, 33, 40, 15, 21, 0, 7, 37, 39, 8, 43, 30, 17, 27, 16, 26, 18, 36, 42, 46, 31, 9, 3, 25, 41, 4];21238.0
[41, 1, 28, 11, 45, 35, 29, 16, 26, 42, 6, 17, 27, 36, 18, 5, 43, 30, 37, 2, 40, 33, 4, 47, 13, 24, 12, 10, 22, 0, 15, 21, 7, 8, 39, 14, 32, 19, 46, 20, 31, 38, 23, 34, 44, 25, 3, 9];17945.0
[46, 19, 35, 6, 27, 17, 45, 32, 14, 39, 0, 8, 43, 29, 42, 16, 26, 18, 36, 5, 30, 37, 7, 21, 15, 40, 28, 1, 47, 24, 12, 20, 31, 38, 41, 3, 25, 9, 34, 44, 23, 4, 33, 2, 22, 13, 10, 11];17638.0
[30, 43, 45, 13, 12, 24, 31, 38, 47, 41, 23, 9, 44, 34, 3, 25, 1, 4, 28, 33, 0, 8, 39, 14, 11, 46, 20, 19, 32, 17, 35, 6, 27, 36, 18, 26, 42, 16, 29, 5, 10, 22, 2, 21, 40, 15, 7, 37];17514.0
[18, 36, 35, 2, 33, 28, 41, 4, 47, 20, 46, 19, 42, 29, 5, 27, 6, 17, 45, 32, 11, 14, 7, 0, 8, 37, 39, 10, 12, 22, 13, 24, 38, 31, 23, 44, 34, 3, 9, 25, 1, 40, 15, 21, 30, 43, 16, 26];18808.0
[15, 44, 34, 47, 24, 39, 14, 11, 32, 17, 6, 27, 26, 18, 36, 5, 35, 43, 30, 37, 21, 7, 0, 8, 45, 42, 16, 29, 19, 20, 46, 38, 31, 23, 41, 9, 25, 3, 1, 28, 4, 33, 13, 10, 12, 22, 2, 40];19641.0
[21, 10, 22, 13, 24, 4, 28, 41, 34, 44, 47, 38, 31, 23, 9, 3, 25, 1, 40, 15, 7, 0, 37, 8, 39, 14, 11, 32, 45, 16, 18, 26, 42, 29, 5, 36, 27, 17, 43, 30, 35, 6, 19, 46, 20, 12, 33, 2];17469.0
[39, 2, 4, 47, 38, 31, 11, 43, 35, 6, 17, 32, 19, 46, 20, 12, 24, 13, 10, 22, 27, 29, 5, 16, 42, 26, 18, 36, 30, 37, 7, 15, 40, 1, 25, 3, 34, 44, 23, 9, 41, 28, 33, 21, 0, 8, 45, 14];18706.0
[47, 32, 30, 8, 39, 2, 21, 40, 28, 4, 1, 3, 41, 38, 20, 22, 45, 37, 7, 0, 15, 33, 13, 24, 12, 10, 11, 14, 43, 35, 6, 17, 27, 5, 26, 18, 16, 42, 36, 29, 19, 46, 31, 23, 9, 25, 34, 44];19214.0
[46, 38, 47, 31, 19, 42, 16, 26, 18, 36, 35, 37, 39, 8, 22, 4, 28, 1, 3, 25, 34, 44, 23, 9, 41, 20, 14, 32, 45, 17, 27, 29, 5, 6, 43, 30, 7, 0, 15, 21, 2, 40, 33, 13, 24, 12, 10, 11];18347.0
[10, 20, 46, 19, 11, 8, 39, 21, 28, 41, 9, 34, 44, 23, 31, 38, 12, 22, 2, 33, 13, 24, 4, 47, 3, 25, 1, 40, 15, 7, 0, 37, 43, 30, 45, 32, 27, 16, 26, 42, 36, 18, 5, 29, 35, 6, 17, 14];18390.0
[39, 21, 2, 15, 40, 28, 1, 41, 23, 9, 47, 24, 11, 14, 45, 32, 46, 31, 38, 12, 22, 13, 10, 8, 0, 7, 37, 30, 43, 17, 35, 6, 5, 16, 26, 18, 36, 42, 29, 27, 19, 20, 44, 34, 3, 25, 4, 33];18864.0
[22, 12, 46, 20, 4, 1, 3, 25, 33, 2, 13, 38, 31, 23, 41, 28, 40, 15, 21, 7, 0, 8, 37, 6, 27, 17, 43, 30, 45, 35, 29, 36, 5, 26, 18, 16, 42, 19, 47, 9, 44, 34, 24, 39, 14, 32, 11, 10];19889.0
[0, 15, 21, 2, 33, 40, 4, 47, 24, 11, 14, 10, 22, 39, 8, 37, 6, 17, 45, 32, 19, 46, 20, 38, 31, 23, 9, 25, 3, 44, 34, 41, 1, 28, 13, 12, 42, 29, 5, 16, 26, 18, 27, 36, 35, 43, 30, 7];17298.0
[31, 11, 39, 14, 35, 26, 42, 29, 32, 45, 19, 46, 20, 38, 47, 4, 33, 13, 10, 24, 12, 22, 2, 21, 7, 37, 6, 27, 36, 16, 18, 5, 17, 43, 30, 8, 0, 15, 40, 28, 1, 3, 25, 34, 44, 9, 41, 23];17908.0
[34, 33, 13, 39, 8, 0, 21, 10, 22, 2, 15, 40, 1, 41, 28, 24, 12, 46, 19, 11, 14, 7, 37, 43, 30, 27, 29, 42, 16, 26, 18, 36, 5, 6, 17, 35, 45, 32, 20, 47, 4, 38, 31, 23, 9, 3, 25, 44];18965.0
[29, 36, 27, 17, 43, 30, 45, 14, 10, 12, 24, 13, 22, 21, 39, 8, 37, 7, 0, 15, 40, 33, 2, 11, 32, 19, 46, 20, 31, 23, 9, 44, 34, 3, 1, 25, 28, 41, 4, 47, 38, 35, 6, 5, 18, 16, 26, 42];17689.0
[40, 11, 32, 27, 36, 5, 29, 35, 6, 17, 43, 30, 37, 7, 0, 8, 39, 21, 15, 13, 24, 12, 22, 10, 14, 45, 42, 16, 18, 26, 19, 46, 20, 31, 38, 4, 47, 41, 23, 9, 44, 34, 25, 3, 1, 28, 33, 2];17168.0
[7, 0, 12, 24, 47, 4, 38, 20, 22, 2, 21, 15, 40, 28, 33, 13, 10, 39, 8, 37, 30, 45, 14, 11, 46, 19, 32, 6, 17, 35, 27, 36, 29, 42, 16, 26, 18, 5, 43, 31, 23, 9, 44, 34, 25, 3, 1, 41];19435.0
[45, 14, 39, 8, 0, 21, 15, 40, 33, 4, 13, 22, 10, 11, 32, 46, 20, 24, 12, 2, 7, 37, 43, 30, 35, 31, 23, 9, 44, 34, 25, 3, 1, 28, 41, 47, 38, 19, 26, 18, 16, 42, 29, 5, 36, 6, 27, 17];18891.0
[19, 23, 44, 34, 41, 4, 33, 40, 13, 31, 38, 20, 11, 46, 28, 1, 25, 3, 9, 47, 24, 12, 10, 22, 0, 8, 30, 43, 6, 27, 17, 29, 5, 42, 16, 18, 26, 36, 35, 37, 7, 15, 21, 2, 39, 14, 45, 32];19405.0
[30, 7, 0, 37, 43, 35, 27, 26, 42, 29, 5, 11, 13, 24, 4, 41, 47, 12, 19, 6, 17, 45, 32, 14, 10, 22, 39, 8, 15, 2, 21, 33, 40, 28, 1, 3, 25, 34, 44, 9, 23, 31, 38, 20, 46, 16, 18, 36];18971.0
[1, 28, 13, 10, 11, 14, 39, 37, 43, 35, 29, 42, 16, 26, 18, 30, 8, 0, 7, 21, 15, 40, 33, 2, 22, 12, 24, 4, 41, 23, 47, 38, 20, 19, 32, 45, 17, 27, 36, 5, 6, 46, 31, 9, 34, 44, 25, 3];18583.0
[0, 15, 8, 17, 35, 6, 27, 36, 42, 16, 26, 18, 5, 29, 19, 46, 38, 47, 4, 41, 33, 39, 14, 10, 12, 24, 13, 22, 2, 21, 40, 28, 1, 25, 34, 3, 9, 44, 23, 31, 20, 11, 32, 45, 43, 30, 37, 7];18014.0
[4, 21, 7, 0, 8, 2, 13, 24, 12, 33, 47, 38, 31, 34, 44, 41, 40, 15, 37, 43, 30, 45, 17, 35, 6, 27, 29, 5, 36, 18, 26, 16, 42, 19, 46, 20, 22, 10, 39, 14, 32, 11, 28, 1, 3, 25, 9, 23];19662.0
[21, 19, 46, 4, 28, 33, 39, 8, 37, 14, 11, 32, 30, 43, 6, 27, 29, 42, 16, 26, 18, 36, 5, 17, 35, 45, 10, 12, 24, 13, 2, 40, 1, 41, 23, 47, 9, 3, 25, 34, 44, 31, 38, 20, 22, 0, 7, 15];19012.0
[8, 30, 17, 45, 32, 19, 12, 22, 10, 11, 29, 36, 5, 26, 18, 16, 42, 46, 20, 4, 41, 28, 1, 3, 25, 34, 44, 9, 23, 31, 38, 47, 24, 13, 0, 7, 21, 2, 15, 40, 33, 39, 14, 43, 35, 6, 27, 37];18602.0
[31, 11, 37, 6, 17, 43, 30, 8, 39, 14, 32, 45, 35, 27, 29, 5, 18, 36, 42, 16, 26, 19, 46, 20, 12, 33, 40, 28, 1, 25, 3, 44, 34, 9, 41, 23, 47, 4, 2, 21, 7, 0, 15, 10, 22, 13, 24, 38];17578.0
[39, 14, 27, 42, 29, 5, 6, 17, 15, 21, 2, 13, 24, 12, 19, 46, 20, 31, 38, 47, 4, 41, 23, 9, 44, 34, 25, 3, 1, 28, 33, 40, 22, 10, 11, 32, 45, 16, 26, 18, 36, 35, 43, 30, 37, 8, 7, 0];17043.0
[9, 41, 40, 33, 47, 38, 31, 23, 4, 2, 15, 21, 7, 8, 0, 37, 30, 43, 35, 6, 5, 18, 26, 36, 27, 17, 45, 14, 39, 10, 12, 20, 46, 19, 16, 42, 29, 32, 11, 22, 13, 24, 28, 1, 3, 25, 34, 44];18077.0
[4, 24, 20, 46, 19, 26, 18, 5, 36, 16, 42, 29, 27, 30, 37, 7, 0, 15, 21, 2, 13, 22, 12, 10, 11, 32, 14, 43, 35, 6, 17, 45, 8, 39, 40, 28, 1, 3, 25, 44, 34, 9, 41, 23, 31, 38, 33, 47];17633.0
[32, 19, 11, 14, 0, 8, 39, 31, 38, 47, 4, 33, 13, 24, 12, 46, 20, 43, 35, 29, 36, 5, 26, 18, 16, 42, 23, 9, 44, 34, 3, 25, 41, 28, 1, 40, 15, 7, 37, 30, 6, 17, 27, 10, 22, 2, 21, 45];19589.0
[1, 15, 21, 39, 14, 46, 20, 12, 22, 2, 33, 40, 0, 7, 37, 30, 17, 35, 43, 6, 5, 42, 16, 26, 18, 36, 29, 27, 10, 24, 13, 4, 28, 41, 47, 11, 8, 45, 32, 19, 38, 31, 9, 23, 44, 34, 3, 25];19431.0
[20, 12, 13, 22, 2, 21, 15, 40, 28, 41, 1, 47, 24, 11, 32, 45, 37, 7, 0, 8, 43, 30, 14, 10, 38, 31, 44, 34, 3, 25, 9, 23, 4, 33, 39, 17, 6, 27, 36, 18, 26, 16, 42, 5, 29, 35, 19, 46];18340.0
[20, 43, 30, 19, 46, 12, 10, 39, 8, 14, 11, 32, 35, 29, 36, 42, 31, 23, 41, 9, 47, 38, 24, 13, 22, 2, 15, 0, 7, 37, 6, 27, 16, 26, 18, 5, 17, 45, 21, 33, 40, 4, 28, 1, 3, 25, 34, 44];20732.0
[10, 22, 13, 33, 2, 11, 14, 32, 19, 46, 20, 12, 24, 31, 38, 47, 4, 28, 45, 35, 6, 27, 16, 26, 42, 29, 36, 18, 5, 17, 43, 30, 37, 39, 8, 0, 7, 21, 15, 40, 1, 41, 9, 44, 34, 3, 25, 23];17893.0
[38, 20, 33, 28, 41, 34, 44, 15, 21, 2, 39, 14, 32, 19, 46, 11, 37, 8, 45, 35, 27, 29, 42, 16, 26, 18, 36, 5, 6, 17, 43, 30, 7, 0, 40, 1, 3, 25, 9, 23, 4, 47, 24, 13, 10, 22, 12, 31];18964.0
[13, 12, 22, 10, 16, 42, 29, 30, 8, 33, 1, 3, 25, 34, 44, 38, 11, 43, 6, 27, 36, 26, 18, 5, 17, 35, 37, 7, 0, 21, 2, 15, 40, 28, 4, 47, 24, 39, 14, 32, 45, 19, 46, 20, 31, 23, 9, 41];20205.0
[13, 33, 47, 9, 34, 44, 23, 31, 11, 16, 26, 18, 5, 37, 7, 8, 43, 30, 14, 10, 22, 12, 24, 4, 41, 28, 1, 3, 25, 38, 20, 46, 19, 36, 42, 6, 17, 27, 29, 35, 45, 32, 39, 0, 15, 21, 40, 2];19662.0
[45, 8, 0, 21, 2, 13, 20, 46, 19, 39, 14, 11, 32, 10, 22, 12, 24, 31, 38, 47, 4, 25, 3, 34, 44, 9, 23, 41, 1, 28, 33, 40, 15, 7, 37, 30, 43, 35, 27, 29, 5, 18, 16, 26, 36, 42, 6, 17];16717.0
[25, 1, 28, 46, 19, 45, 32, 17, 35, 6, 29, 36, 5, 43, 30, 37, 7, 15, 21, 8, 39, 0, 10, 22, 12, 24, 13, 47, 4, 33, 40, 2, 11, 14, 27, 26, 18, 16, 42, 20, 38, 31, 23, 41, 9, 34, 44, 3];18263.0
[4, 33, 2, 21, 7, 6, 27, 17, 45, 32, 10, 24, 44, 34, 41, 28, 13, 12, 22, 39, 14, 11, 19, 46, 31, 38, 20, 42, 16, 26, 18, 36, 5, 29, 35, 43, 30, 37, 8, 0, 15, 40, 1, 3, 25, 9, 23, 47];18710.0
[34, 25, 3, 9, 23, 47, 38, 20, 46, 19, 26, 16, 18, 5, 29, 32, 14, 11, 10, 22, 33, 2, 40, 1, 28, 41, 4, 24, 13, 12, 42, 36, 27, 17, 45, 39, 0, 8, 43, 35, 6, 30, 37, 7, 15, 21, 31, 44];20021.0
[13, 22, 39, 14, 27, 5, 11, 46, 12, 24, 31, 23, 9, 44, 34, 3, 25, 1, 40, 15, 21, 2, 33, 28, 41, 47, 4, 38, 20, 19, 32, 45, 17, 35, 6, 43, 30, 37, 7, 0, 8, 29, 36, 18, 16, 26, 42, 10];18773.0
[18, 36, 27, 32, 45, 37, 8, 40, 28, 41, 23, 31, 38, 20, 21, 15, 7, 0, 39, 14, 10, 22, 13, 24, 12, 46, 19, 11, 33, 47, 9, 44, 34, 3, 25, 1, 4, 2, 30, 43, 6, 17, 35, 29, 5, 16, 42, 26];18614.0
[15, 40, 1, 3, 25, 34, 44, 38, 13, 10, 22, 33, 39, 45, 14, 11, 46, 19, 32, 17, 35, 36, 42, 29, 12, 20, 31, 23, 9, 41, 28, 4, 47, 24, 2, 21, 7, 0, 8, 30, 43, 6, 27, 16, 26, 18, 5, 37];19353.0
[10, 14, 11, 32, 45, 35, 6, 27, 17, 19, 46, 20, 12, 38, 31, 23, 47, 24, 33, 2, 40, 15, 21, 7, 0, 39, 8, 37, 30, 43, 5, 16, 26, 18, 36, 42, 29, 13, 28, 1, 25, 3, 34, 44, 9, 41, 4, 22];17988.0
[45, 43, 16, 26, 42, 18, 36, 27, 32, 11, 46, 12, 13, 39, 8, 0, 7, 30, 37, 14, 10, 22, 2, 21, 15, 40, 33, 24, 31, 23, 9, 44, 34, 3, 25, 1, 41, 28, 4, 47, 38, 20, 19, 29, 5, 35, 6, 17];17508.0
[10, 22, 33, 40, 2, 8, 39, 14, 11, 32, 19, 46, 31, 38, 20, 12, 24, 13, 28, 4, 1, 41, 9, 3, 25, 34, 44, 23, 47, 6, 17, 45, 37, 7, 15, 21, 0, 30, 43, 35, 29, 16, 42, 26, 18, 36, 5, 27];18177.0
[39, 8, 43, 30, 14, 22, 13, 28, 1, 41, 23, 9, 44, 34, 3, 25, 4, 47, 24, 11, 17, 27, 29, 36, 42, 16, 26, 18, 5, 6, 35, 37, 7, 0, 15, 33, 40, 2, 21, 45, 32, 19, 46, 20, 31, 38, 12, 10];17244.0
[25, 41, 40, 15, 21, 33, 2, 24, 12, 11, 32, 45, 37, 39, 8, 0, 7, 30, 27, 36, 18, 5, 6, 17, 14, 10, 22, 13, 38, 31, 23, 9, 34, 44, 47, 19, 16, 26, 42, 29, 35, 43, 46, 20, 4, 28, 1, 3];19129.0
[34, 38, 29, 42, 16, 26, 19, 46, 20, 4, 28, 33, 39, 14, 11, 32, 18, 36, 5, 37, 7, 21, 2, 22, 13, 24, 31, 23, 9, 41, 47, 12, 10, 45, 35, 43, 6, 27, 17, 30, 8, 0, 15, 40, 1, 3, 25, 44];20761.0
[30, 37, 39, 24, 12, 20, 46, 19, 16, 42, 29, 35, 43, 45, 32, 27, 5, 26, 18, 36, 6, 17, 11, 14, 10, 22, 13, 38, 31, 23, 9, 3, 25, 34, 44, 41, 2, 21, 7, 0, 15, 40, 47, 4, 1, 28, 33, 8];18817.0
[8, 39, 14, 32, 11, 45, 35, 29, 5, 18, 16, 26, 36, 42, 19, 31, 44, 34, 3, 25, 9, 23, 41, 1, 4, 47, 38, 20, 46, 10, 22, 12, 24, 13, 28, 40, 33, 2, 7, 37, 43, 30, 17, 6, 27, 0, 15, 21];18538.0
[15, 21, 7, 0, 12, 31, 38, 20, 24, 13, 22, 10, 27, 36, 5, 29, 35, 43, 30, 37, 8, 39, 14, 11, 46, 19, 32, 6, 17, 26, 18, 16, 42, 45, 2, 33, 47, 4, 28, 41, 23, 9, 34, 44, 3, 25, 1, 40];18042.0
[6, 29, 5, 12, 24, 13, 22, 2, 21, 0, 8, 37, 43, 39, 10, 14, 11, 45, 42, 16, 26, 18, 36, 27, 30, 7, 15, 40, 33, 28, 41, 1, 4, 47, 38, 20, 19, 32, 17, 35, 46, 31, 23, 9, 44, 34, 3, 25];20678.0
[21, 16, 26, 42, 18, 36, 19, 46, 31, 23, 9, 34, 44, 47, 38, 20, 22, 13, 24, 12, 10, 11, 14, 32, 45, 35, 29, 5, 27, 6, 17, 43, 30, 37, 7, 2, 40, 28, 1, 25, 3, 41, 4, 33, 39, 8, 0, 15];18647.0
[38, 20, 19, 32, 45, 11, 46, 10, 39, 14, 6, 17, 35, 43, 30, 37, 7, 21, 2, 24, 4, 47, 23, 9, 34, 44, 29, 5, 26, 18, 16, 42, 36, 27, 8, 0, 15, 40, 1, 3, 25, 41, 28, 33, 13, 12, 22, 31];19655.0
[43, 39, 2, 24, 31, 23, 47, 38, 10, 11, 14, 32, 45, 37, 7, 0, 15, 21, 30, 6, 17, 35, 27, 36, 42, 16, 26, 18, 5, 29, 19, 46, 20, 12, 22, 13, 4, 41, 9, 34, 44, 25, 3, 1, 28, 33, 40, 8];17880.0
[17, 27, 42, 16, 46, 31, 23, 47, 38, 20, 8, 0, 15, 40, 28, 41, 4, 33, 39, 14, 10, 22, 2, 13, 24, 12, 19, 32, 11, 45, 35, 43, 30, 37, 7, 21, 1, 3, 25, 34, 44, 9, 29, 5, 26, 18, 36, 6];21015.0
[11, 14, 32, 19, 38, 31, 20, 46, 10, 22, 12, 24, 13, 28, 33, 2, 39, 8, 0, 7, 37, 30, 43, 17, 35, 27, 29, 42, 16, 26, 36, 18, 5, 6, 45, 21, 15, 40, 47, 4, 41, 23, 9, 34, 44, 3, 25, 1];18162.0
[19, 38, 31, 24, 12, 46, 20, 22, 2, 11, 32, 42, 16, 26, 18, 5, 6, 17, 35, 43, 8, 39, 45, 30, 37, 7, 0, 21, 15, 33, 40, 4, 47, 23, 9, 44, 34, 3, 25, 41, 1, 28, 13, 10, 14, 27, 29, 36];18344.0
[47, 24, 13, 39, 14, 42, 29, 5, 16, 26, 36, 18, 27, 37, 21, 2, 11, 10, 22, 12, 31, 38, 4, 28, 1, 41, 34, 44, 3, 25, 9, 23, 20, 46, 19, 32, 45, 6, 17, 35, 43, 30, 8, 0, 7, 15, 40, 33];18138.0
[9, 27, 17, 45, 14, 22, 10, 11, 32, 39, 8, 0, 7, 37, 30, 43, 6, 5, 16, 26, 18, 36, 42, 29, 35, 19, 46, 20, 4, 1, 3, 25, 34, 44, 41, 28, 13, 12, 24, 2, 21, 15, 40, 33, 47, 38, 31, 23];18740.0
[26, 36, 42, 29, 6, 27, 17, 19, 39, 14, 11, 32, 45, 35, 43, 30, 37, 8, 0, 7, 15, 21, 2, 22, 10, 12, 24, 13, 33, 40, 28, 1, 41, 3, 25, 9, 34, 44, 23, 4, 47, 31, 38, 20, 46, 5, 18, 16];16522.0
[15, 8, 37, 14, 39, 11, 32, 45, 43, 6, 17, 27, 35, 29, 5, 42, 16, 26, 18, 36, 30, 7, 0, 19, 46, 20, 10, 22, 13, 28, 1, 4, 47, 41, 9, 3, 25, 34, 44, 23, 31, 38, 12, 24, 33, 40, 2, 21];17216.0
[23, 20, 46, 19, 43, 16, 42, 29, 30, 37, 39, 10, 22, 11, 14, 35, 6, 27, 36, 26, 18, 5, 17, 45, 32, 8, 0, 7, 15, 21, 40, 28, 1, 3, 25, 4, 33, 2, 24, 13, 12, 31, 38, 47, 41, 9, 34, 44];18500.0
[16, 42, 29, 5, 14, 10, 22, 13, 12, 24, 4, 1, 28, 33, 39, 8, 43, 6, 27, 17, 35, 19, 46, 20, 31, 23, 44, 34, 3, 9, 25, 41, 47, 38, 45, 30, 37, 7, 0, 15, 21, 40, 2, 11, 32, 36, 18, 26];18272.0
[25, 32, 45, 42, 16, 11, 31, 4, 28, 1, 44, 34, 47, 24, 13, 39, 8, 0, 30, 37, 7, 21, 15, 40, 33, 2, 22, 12, 20, 46, 10, 14, 35, 43, 6, 27, 17, 29, 5, 36, 18, 26, 19, 38, 41, 23, 9, 3];21771.0
[47, 41, 1, 28, 2, 11, 14, 45, 43, 17, 26, 16, 42, 29, 35, 32, 19, 46, 10, 22, 13, 12, 24, 33, 40, 15, 21, 30, 6, 27, 36, 18, 5, 37, 39, 8, 7, 0, 3, 25, 34, 44, 23, 9, 31, 38, 20, 4];19444.0
[31, 38, 46, 19, 39, 0, 8, 45, 32, 11, 14, 10, 22, 13, 12, 20, 4, 28, 1, 3, 25, 42, 16, 26, 18, 5, 29, 36, 27, 6, 17, 35, 43, 30, 37, 7, 21, 15, 40, 33, 2, 24, 47, 41, 23, 9, 34, 44];18543.0
[44, 3, 25, 24, 12, 46, 10, 11, 8, 37, 45, 32, 19, 39, 0, 7, 30, 35, 18, 26, 16, 42, 29, 5, 36, 27, 17, 6, 43, 14, 22, 13, 4, 1, 41, 28, 40, 33, 2, 21, 15, 20, 31, 38, 47, 23, 9, 34];18741.0
[17, 40, 4, 47, 24, 12, 13, 38, 31, 20, 46, 19, 32, 45, 14, 11, 10, 22, 2, 41, 23, 9, 44, 34, 3, 25, 1, 28, 33, 39, 8, 35, 26, 18, 5, 43, 30, 7, 21, 15, 0, 37, 6, 36, 16, 42, 29, 27];18956.0
[6, 17, 39, 8, 0, 7, 37, 43, 30, 45, 32, 19, 46, 12, 10, 22, 13, 33, 40, 15, 21, 2, 11, 14, 27, 29, 5, 36, 18, 26, 16, 42, 20, 31, 23, 9, 34, 44, 3, 25, 1, 41, 28, 4, 38, 47, 24, 35];17841.0
[6, 17, 24, 4, 47, 38, 12, 10, 39, 8, 14, 11, 45, 32, 19, 46, 20, 22, 13, 33, 2, 21, 7, 0, 37, 30, 27, 26, 18, 16, 42, 29, 36, 5, 35, 43, 15, 40, 28, 1, 41, 23, 9, 34, 44, 3, 25, 31];19325.0
[1, 41, 9, 3, 25, 34, 44, 23, 31, 19, 16, 42, 10, 22, 13, 24, 12, 32, 6, 17, 27, 36, 18, 26, 29, 5, 35, 43, 30, 14, 11, 33, 40, 2, 21, 15, 8, 39, 45, 37, 7, 0, 46, 20, 38, 47, 4, 28];18454.0
[23, 29, 35, 32, 11, 24, 4, 47, 31, 38, 20, 19, 43, 30, 37, 8, 39, 14, 10, 22, 12, 46, 27, 36, 42, 16, 26, 18, 5, 6, 17, 45, 13, 44, 34, 3, 25, 1, 33, 2, 21, 0, 7, 15, 40, 28, 41, 9];20756.0
[30, 8, 39, 10, 22, 13, 24, 12, 20, 46, 19, 32, 11, 14, 43, 6, 17, 35, 27, 29, 36, 5, 26, 18, 16, 42, 31, 23, 44, 34, 41, 4, 33, 40, 2, 0, 7, 15, 21, 28, 1, 25, 3, 9, 47, 38, 45, 37];18637.0
[17, 35, 6, 45, 39, 41, 44, 34, 3, 25, 9, 23, 47, 38, 31, 20, 22, 13, 24, 12, 46, 10, 11, 14, 32, 19, 16, 26, 18, 5, 37, 15, 40, 28, 1, 4, 33, 2, 21, 7, 0, 8, 30, 43, 29, 42, 36, 27];18668.0
[11, 32, 6, 17, 45, 14, 40, 28, 1, 4, 33, 13, 24, 38, 31, 20, 22, 2, 8, 39, 10, 12, 46, 19, 35, 43, 30, 27, 29, 42, 16, 26, 18, 36, 5, 37, 7, 0, 15, 21, 23, 9, 44, 34, 3, 25, 41, 47];19227.0
[30, 8, 45, 32, 14, 39, 0, 7, 37, 6, 27, 29, 5, 17, 19, 46, 38, 31, 23, 44, 34, 47, 24, 13, 10, 11, 22, 12, 20, 4, 28, 33, 2, 15, 21, 40, 1, 25, 3, 9, 41, 42, 16, 26, 18, 36, 35, 43];19746.0
[14, 11, 10, 45, 32, 17, 27, 44, 34, 41, 38, 35, 18, 36, 2, 33, 40, 15, 21, 8, 39, 0, 7, 6, 5, 16, 26, 42, 29, 19, 46, 20, 12, 24, 31, 23, 9, 25, 3, 1, 28, 4, 47, 13, 22, 37, 43, 30];21956.0
[17, 35, 43, 30, 8, 39, 0, 7, 21, 15, 2, 40, 33, 34, 44, 23, 47, 38, 12, 20, 46, 19, 45, 37, 14, 22, 13, 24, 4, 28, 1, 41, 3, 25, 9, 31, 10, 11, 32, 6, 27, 42, 16, 26, 18, 36, 29, 5];18135.0
[27, 17, 45, 14, 11, 32, 19, 35, 29, 18, 5, 36, 42, 16, 26, 46, 12, 20, 2, 21, 7, 0, 8, 39, 10, 22, 13, 24, 47, 38, 31, 23, 44, 34, 25, 3, 9, 41, 1, 4, 28, 33, 40, 15, 37, 43, 30, 6];17665.0
[5, 16, 42, 19, 32, 14, 11, 46, 31, 38, 20, 12, 10, 22, 2, 45, 35, 29, 26, 18, 36, 27, 17, 6, 43, 30, 8, 37, 7, 0, 15, 21, 40, 33, 28, 1, 41, 23, 9, 25, 3, 44, 34, 4, 47, 24, 13, 39];18099.0
[21, 2, 11, 42, 36, 6, 17, 19, 10, 22, 12, 24, 13, 28, 4, 33, 40, 7, 0, 8, 37, 30, 39, 14, 32, 45, 43, 35, 27, 29, 5, 16, 26, 18, 46, 20, 38, 47, 31, 23, 9, 34, 44, 3, 25, 41, 1, 15];18664.0
[29, 27, 10, 22, 11, 32, 14, 39, 0, 7, 21, 15, 2, 40, 33, 13, 12, 24, 38, 31, 20, 16, 26, 36, 35, 43, 30, 37, 8, 45, 42, 18, 5, 6, 17, 19, 46, 47, 41, 23, 9, 44, 34, 3, 1, 25, 28, 4];20450.0
[20, 46, 19, 11, 14, 32, 45, 30, 39, 8, 15, 40, 28, 4, 47, 24, 33, 13, 10, 22, 2, 21, 7, 0, 37, 43, 17, 6, 27, 5, 16, 26, 18, 36, 42, 29, 35, 12, 31, 23, 41, 9, 34, 44, 3, 25, 1, 38];17655.0
[37, 39, 8, 7, 0, 10, 14, 11, 45, 32, 43, 35, 6, 17, 19, 20, 46, 12, 24, 38, 31, 28, 1, 25, 3, 34, 44, 23, 9, 41, 47, 4, 13, 22, 33, 40, 2, 15, 21, 30, 27, 26, 18, 16, 42, 36, 29, 5];17826.0
[29, 19, 31, 23, 44, 34, 41, 4, 33, 40, 21, 15, 0, 8, 39, 14, 10, 24, 38, 47, 9, 25, 3, 1, 28, 13, 42, 16, 26, 18, 36, 5, 6, 17, 35, 45, 32, 11, 46, 20, 12, 22, 2, 7, 37, 43, 30, 27];18934.0
[4, 33, 40, 2, 22, 10, 12, 24, 13, 47, 3, 25, 1, 28, 11, 14, 32, 17, 35, 43, 30, 37, 8, 0, 7, 15, 21, 39, 45, 6, 27, 29, 36, 5, 16, 42, 18, 26, 19, 46, 20, 31, 38, 23, 9, 44, 34, 41];18110.0
[31, 29, 5, 42, 16, 26, 18, 36, 27, 17, 35, 19, 46, 20, 12, 11, 32, 45, 10, 22, 13, 33, 40, 2, 21, 7, 15, 8, 39, 0, 37, 6, 43, 30, 14, 24, 38, 47, 4, 28, 41, 1, 3, 25, 34, 44, 9, 23];17856.0
[38, 12, 19, 6, 17, 27, 10, 22, 2, 39, 14, 11, 32, 45, 35, 29, 36, 42, 16, 26, 18, 5, 33, 40, 28, 1, 47, 4, 24, 13, 15, 21, 7, 0, 8, 37, 43, 30, 46, 20, 31, 23, 44, 34, 3, 25, 9, 41];18899.0
[10, 22, 2, 40, 13, 24, 12, 39, 8, 7, 0, 37, 35, 29, 5, 6, 28, 1, 25, 3, 44, 34, 9, 41, 23, 4, 15, 21, 33, 47, 31, 38, 20, 46, 19, 32, 30, 43, 42, 16, 26, 18, 36, 27, 17, 45, 11, 14];19167.0
[4, 33, 2, 13, 38, 31, 23, 47, 24, 12, 22, 10, 30, 37, 8, 39, 14, 32, 45, 16, 42, 29, 35, 43, 6, 5, 26, 18, 36, 27, 17, 34, 44, 25, 3, 1, 28, 40, 15, 21, 7, 0, 11, 19, 46, 20, 9, 41];19982.0
[5, 15, 21, 24, 12, 46, 32, 45, 14, 10, 22, 13, 38, 47, 1, 28, 33, 40, 2, 11, 43, 35, 6, 17, 27, 30, 37, 7, 0, 8, 39, 20, 4, 41, 25, 3, 34, 44, 9, 23, 31, 19, 29, 36, 42, 16, 26, 18];19187.0
[7, 37, 43, 30, 45, 14, 10, 22, 33, 2, 21, 0, 8, 39, 24, 13, 12, 31, 38, 20, 19, 16, 26, 18, 36, 5, 42, 29, 35, 6, 17, 27, 32, 11, 46, 47, 4, 1, 25, 3, 34, 44, 9, 23, 41, 28, 40, 15];17560.0
[23, 41, 31, 38, 20, 46, 10, 11, 32, 45, 14, 22, 12, 24, 47, 4, 33, 40, 15, 21, 2, 39, 8, 0, 7, 37, 30, 43, 17, 35, 6, 27, 36, 5, 18, 16, 26, 42, 29, 19, 13, 28, 1, 25, 3, 9, 34, 44];16673.0
[43, 15, 40, 33, 28, 1, 41, 34, 44, 3, 25, 9, 23, 31, 38, 47, 4, 22, 10, 39, 14, 11, 27, 29, 5, 42, 16, 26, 18, 36, 30, 8, 37, 7, 0, 21, 2, 13, 24, 12, 20, 46, 19, 32, 45, 6, 17, 35];17372.0
[28, 24, 20, 12, 39, 21, 15, 2, 40, 3, 25, 34, 44, 9, 41, 10, 14, 43, 6, 17, 45, 32, 11, 22, 13, 38, 31, 23, 4, 33, 0, 7, 8, 37, 30, 35, 27, 5, 36, 18, 26, 16, 42, 29, 19, 46, 47, 1];20208.0
[3, 25, 12, 46, 19, 14, 11, 32, 45, 21, 15, 2, 24, 13, 22, 10, 39, 8, 0, 7, 37, 30, 17, 6, 27, 5, 26, 18, 16, 42, 36, 29, 35, 43, 20, 38, 31, 23, 47, 4, 33, 40, 28, 1, 41, 9, 44, 34];17933.0
[36, 30, 37, 7, 0, 14, 10, 39, 21, 33, 31, 38, 20, 46, 19, 32, 11, 2, 40, 28, 1, 3, 25, 34, 9, 44, 23, 41, 47, 15, 8, 43, 6, 27, 17, 35, 12, 24, 4, 13, 22, 45, 42, 29, 5, 18, 16, 26];19866.0
[24, 12, 4, 9, 25, 41, 47, 38, 29, 5, 39, 8, 37, 35, 43, 6, 17, 27, 36, 42, 16, 26, 18, 30, 7, 0, 21, 2, 13, 15, 40, 33, 28, 1, 3, 34, 44, 23, 31, 20, 46, 19, 32, 45, 14, 11, 10, 22];19599.0
[16, 42, 29, 19, 32, 11, 10, 22, 33, 13, 24, 12, 38, 47, 4, 1, 28, 40, 15, 21, 7, 0, 8, 39, 14, 45, 37, 30, 43, 17, 27, 5, 26, 18, 36, 6, 35, 2, 41, 23, 44, 34, 25, 3, 9, 31, 20, 46];18819.0
[13, 33, 47, 41, 31, 38, 20, 46, 19, 6, 17, 35, 43, 30, 37, 2, 40, 15, 21, 7, 0, 8, 39, 14, 11, 32, 10, 24, 4, 28, 1, 25, 3, 9, 34, 44, 23, 12, 22, 45, 27, 5, 36, 18, 16, 26, 42, 29];18673.0
[1, 40, 0, 37, 43, 30, 35, 6, 17, 33, 28, 4, 47, 24, 12, 11, 45, 32, 19, 46, 10, 22, 2, 8, 39, 14, 27, 29, 36, 42, 16, 18, 26, 5, 7, 15, 21, 13, 20, 31, 38, 23, 9, 3, 25, 34, 44, 41];19565.0
[47, 24, 12, 13, 4, 23, 9, 34, 44, 35, 6, 17, 45, 39, 8, 37, 43, 30, 27, 5, 26, 18, 16, 42, 29, 36, 19, 46, 20, 31, 38, 33, 40, 2, 21, 15, 7, 0, 14, 32, 11, 10, 22, 28, 1, 3, 25, 41];19364.0
[43, 39, 13, 24, 4, 34, 44, 31, 32, 45, 17, 6, 5, 29, 26, 18, 16, 42, 37, 7, 15, 40, 33, 28, 1, 25, 3, 9, 23, 41, 47, 38, 20, 46, 19, 11, 14, 10, 12, 22, 2, 21, 0, 8, 30, 27, 36, 35];19471.0
[40, 2, 21, 15, 7, 0, 37, 14, 11, 45, 32, 19, 46, 20, 31, 38, 12, 24, 4, 41, 1, 28, 33, 13, 22, 10, 39, 8, 30, 43, 35, 6, 17, 27, 29, 5, 16, 26, 18, 36, 42, 47, 23, 9, 44, 34, 3, 25];17960.0
[25, 3, 1, 28, 13, 12, 10, 11, 22, 0, 8, 45, 37, 15, 40, 2, 39, 14, 27, 5, 29, 35, 6, 17, 43, 30, 7, 21, 33, 47, 31, 38, 20, 42, 16, 26, 18, 36, 19, 32, 46, 24, 4, 41, 23, 9, 44, 34];19114.0
[24, 20, 46, 19, 32, 45, 6, 27, 36, 42, 16, 18, 26, 29, 5, 17, 35, 43, 30, 37, 39, 2, 13, 4, 47, 9, 34, 44, 23, 31, 38, 21, 7, 0, 8, 15, 40, 1, 3, 25, 41, 28, 33, 11, 14, 10, 22, 12];17815.0
[6, 35, 26, 42, 29, 36, 27, 17, 39, 2, 21, 33, 13, 10, 11, 14, 32, 19, 46, 38, 47, 24, 12, 22, 0, 8, 43, 30, 45, 37, 7, 15, 40, 4, 41, 28, 1, 25, 3, 44, 34, 23, 9, 31, 20, 16, 18, 5];18950.0
[7, 0, 40, 28, 1, 15, 21, 13, 24, 20, 46, 19, 29, 16, 26, 42, 18, 36, 5, 11, 32, 45, 37, 6, 17, 27, 35, 43, 30, 39, 14, 10, 22, 12, 38, 31, 41, 25, 3, 34, 44, 9, 23, 47, 4, 33, 2, 8];18840.0
[26, 42, 19, 46, 12, 22, 10, 11, 32, 43, 30, 14, 20, 31, 38, 4, 33, 2, 8, 7, 0, 15, 21, 40, 28, 1, 44, 34, 3, 25, 9, 41, 23, 47, 24, 13, 39, 45, 37, 35, 29, 5, 6, 17, 27, 36, 18, 16];18225.0
[10, 22, 33, 13, 24, 12, 11, 32, 45, 37, 14, 43, 35, 6, 17, 30, 7, 0, 8, 39, 46, 38, 47, 4, 23, 9, 41, 28, 2, 21, 15, 40, 1, 3, 25, 34, 44, 31, 20, 16, 26, 18, 36, 5, 27, 42, 29, 19];19042.0
[21, 2, 24, 12, 20, 46, 19, 14, 10, 22, 33, 47, 4, 41, 28, 40, 0, 8, 13, 38, 31, 23, 9, 44, 34, 3, 1, 25, 15, 7, 37, 30, 27, 29, 36, 42, 16, 26, 18, 5, 6, 17, 35, 43, 45, 32, 11, 39];18711.0
[4, 47, 23, 34, 44, 15, 21, 7, 0, 2, 24, 12, 10, 39, 8, 37, 43, 30, 27, 17, 11, 20, 38, 31, 40, 33, 13, 22, 46, 19, 32, 35, 29, 36, 42, 16, 26, 18, 5, 6, 45, 14, 28, 1, 3, 25, 9, 41];20097.0
[44, 23, 38, 31, 10, 11, 32, 45, 6, 5, 16, 42, 29, 19, 14, 22, 13, 39, 8, 37, 30, 43, 17, 35, 27, 36, 18, 26, 46, 20, 12, 24, 4, 47, 33, 2, 21, 7, 0, 15, 40, 28, 1, 41, 3, 25, 9, 34];18108.0
