ft70
[43, 34, 61, 58, 2, 1, 0, 56, 53, 3, 31, 30, 37, 60, 57, 27, 22, 23, 26, 25, 35, 13, 12, 11, 8, 14, 55, 51, 46, 45, 62, 59, 10, 9, 7, 6, 44, 49, 47, 33, 32, 29, 21, 24, 28, 5, 4, 54, 52, 50, 20, 18, 19, 17, 16, 15, 38, 39, 40, 36, 42, 41, 68, 69, 65, 67, 63, 66, 64, 48];42229.0;44657.51612903226;1.5170696311827958E7;197.0;478975.0;93.0
[47, 39, 40, 36, 37, 60, 9, 8, 7, 11, 5, 3, 52, 55, 2, 28, 54, 53, 20, 18, 31, 62, 58, 27, 14, 49, 35, 38, 51, 50, 17, 24, 56, 33, 32, 29, 21, 26, 13, 12, 10, 30, 46, 45, 61, 16, 19, 22, 25, 4, 23, 15, 6, 0, 1, 59, 57, 44, 48, 43, 34, 42, 41, 68, 69, 67, 65, 63, 66, 64];43898.0
[63, 64, 48, 0, 1, 60, 34, 32, 29, 12, 10, 14, 46, 45, 49, 43, 6, 19, 57, 58, 56, 53, 20, 17, 16, 2, 4, 54, 52, 25, 3, 5, 59, 44, 47, 33, 15, 27, 22, 23, 31, 62, 61, 9, 7, 13, 8, 11, 40, 36, 39, 38, 35, 42, 41, 21, 24, 28, 30, 26, 55, 51, 50, 18, 37, 67, 65, 68, 69, 66];43481.0
[15, 7, 46, 45, 34, 32, 30, 19, 57, 4, 2, 56, 54, 52, 69, 67, 40, 36, 0, 1, 59, 58, 21, 27, 24, 20, 17, 5, 22, 25, 35, 38, 13, 11, 8, 6, 16, 28, 26, 23, 62, 61, 44, 49, 47, 55, 51, 53, 50, 33, 31, 39, 42, 41, 37, 14, 10, 12, 9, 68, 65, 63, 66, 64, 48, 43, 29, 3, 60, 18];45617.0
[16, 19, 47, 43, 6, 11, 13, 8, 7, 20, 18, 31, 58, 57, 44, 46, 45, 62, 61, 54, 51, 15, 53, 2, 4, 23, 55, 29, 21, 28, 12, 10, 14, 5, 9, 49, 35, 42, 41, 24, 33, 30, 36, 40, 38, 39, 1, 0, 56, 50, 17, 26, 60, 59, 34, 32, 27, 22, 25, 3, 52, 37, 69, 67, 65, 68, 66, 63, 64, 48];43839.0
[41, 40, 14, 49, 7, 20, 16, 11, 8, 60, 59, 57, 38, 39, 55, 54, 52, 51, 50, 18, 19, 17, 28, 26, 2, 4, 27, 22, 25, 35, 37, 69, 67, 68, 65, 66, 63, 64, 47, 33, 31, 30, 46, 45, 62, 61, 10, 9, 13, 12, 58, 44, 48, 43, 34, 32, 29, 21, 24, 56, 53, 23, 15, 5, 3, 6, 0, 1, 36, 42];43698.0
[2, 4, 28, 34, 31, 30, 50, 18, 16, 27, 24, 56, 12, 10, 39, 37, 69, 64, 68, 32, 58, 44, 48, 6, 38, 35, 36, 42, 41, 40, 62, 61, 57, 22, 21, 26, 25, 13, 14, 9, 11, 8, 7, 3, 60, 59, 65, 67, 63, 66, 19, 53, 20, 17, 5, 1, 0, 54, 52, 55, 51, 46, 45, 43, 49, 47, 33, 29, 23, 15];44266.0
[6, 50, 52, 51, 46, 45, 58, 57, 56, 33, 29, 54, 53, 3, 60, 38, 39, 41, 23, 55, 20, 17, 16, 15, 2, 28, 30, 37, 69, 67, 43, 34, 32, 27, 31, 62, 61, 59, 4, 26, 18, 19, 22, 25, 13, 10, 14, 49, 47, 35, 36, 42, 40, 44, 68, 65, 63, 66, 64, 48, 21, 24, 12, 11, 8, 7, 5, 9, 0, 1];44877.0
[18, 31, 30, 20, 17, 22, 25, 55, 51, 46, 43, 29, 23, 52, 54, 57, 44, 49, 47, 60, 59, 14, 10, 0, 1, 5, 53, 11, 8, 2, 4, 56, 50, 19, 37, 69, 67, 63, 48, 6, 16, 15, 27, 24, 65, 68, 66, 64, 21, 26, 33, 34, 32, 12, 9, 7, 3, 45, 62, 61, 58, 28, 35, 36, 39, 42, 41, 40, 38, 13];44633.0
[51, 50, 17, 35, 36, 40, 29, 54, 20, 18, 15, 21, 26, 68, 66, 63, 64, 47, 1, 0, 4, 25, 24, 56, 10, 14, 5, 6, 38, 39, 42, 41, 37, 2, 28, 12, 9, 11, 7, 3, 46, 45, 62, 61, 58, 27, 22, 23, 53, 52, 13, 8, 16, 19, 55, 33, 31, 30, 44, 65, 69, 67, 48, 43, 49, 60, 34, 32, 59, 57];45385.0
[14, 5, 4, 54, 52, 25, 3, 18, 30, 22, 23, 57, 44, 49, 8, 7, 13, 12, 28, 21, 26, 6, 16, 15, 27, 24, 2, 1, 0, 38, 35, 42, 33, 31, 60, 59, 58, 56, 50, 20, 17, 19, 47, 53, 11, 10, 9, 55, 51, 46, 45, 62, 61, 41, 40, 36, 39, 69, 67, 63, 48, 43, 34, 32, 29, 65, 68, 66, 64, 37];44099.0
[50, 18, 47, 5, 4, 2, 8, 11, 41, 36, 37, 60, 34, 31, 30, 45, 62, 61, 58, 59, 10, 9, 7, 3, 65, 66, 19, 22, 25, 56, 33, 32, 27, 24, 6, 20, 17, 16, 15, 28, 54, 52, 46, 43, 49, 29, 13, 12, 14, 38, 39, 40, 44, 48, 21, 26, 35, 42, 69, 64, 68, 67, 63, 0, 1, 57, 23, 55, 53, 51];45781.0
[61, 36, 42, 33, 31, 15, 28, 54, 52, 18, 30, 39, 41, 40, 38, 35, 11, 10, 14, 49, 43, 68, 69, 32, 29, 24, 56, 55, 51, 22, 25, 3, 60, 34, 23, 5, 4, 27, 21, 26, 6, 59, 57, 44, 47, 50, 53, 37, 67, 63, 66, 65, 64, 48, 16, 2, 1, 0, 12, 9, 7, 20, 17, 19, 46, 45, 58, 13, 8, 62];45530.0
[43, 20, 18, 17, 22, 25, 31, 58, 27, 24, 60, 59, 54, 52, 51, 46, 45, 49, 47, 33, 32, 29, 12, 3, 5, 28, 62, 61, 39, 40, 38, 35, 57, 44, 48, 66, 65, 36, 13, 8, 7, 2, 4, 23, 15, 56, 55, 30, 34, 42, 41, 37, 69, 68, 67, 63, 64, 21, 26, 6, 0, 1, 53, 16, 19, 50, 14, 10, 9, 11];45041.0
[44, 6, 60, 14, 12, 10, 4, 23, 30, 3, 52, 46, 45, 61, 16, 15, 28, 35, 39, 40, 32, 29, 33, 31, 62, 58, 2, 56, 53, 38, 13, 8, 20, 17, 27, 22, 21, 24, 66, 42, 41, 36, 37, 69, 65, 68, 67, 63, 64, 48, 47, 55, 51, 50, 18, 19, 25, 5, 9, 7, 11, 43, 49, 34, 1, 0, 26, 54, 59, 57];44552.0
[24, 43, 29, 21, 33, 34, 32, 9, 8, 6, 40, 36, 16, 15, 0, 1, 11, 49, 48, 35, 42, 41, 37, 60, 7, 13, 12, 10, 14, 2, 56, 53, 20, 18, 19, 25, 3, 28, 26, 5, 4, 31, 30, 44, 47, 55, 51, 50, 17, 54, 57, 38, 39, 69, 65, 68, 67, 63, 64, 66, 46, 45, 62, 61, 59, 58, 27, 22, 23, 52];45737.0
[11, 8, 60, 44, 27, 61, 59, 16, 19, 55, 30, 36, 42, 41, 23, 51, 50, 18, 47, 33, 29, 54, 52, 25, 13, 7, 28, 21, 65, 68, 66, 32, 12, 14, 46, 45, 62, 10, 9, 49, 35, 39, 37, 40, 34, 31, 58, 57, 4, 2, 38, 69, 67, 63, 64, 48, 43, 0, 1, 26, 20, 17, 22, 24, 56, 53, 15, 5, 3, 6];45432.0
[52, 56, 53, 21, 60, 9, 5, 4, 2, 28, 43, 29, 27, 24, 65, 69, 67, 64, 48, 47, 33, 31, 51, 50, 17, 44, 49, 35, 42, 41, 38, 13, 8, 62, 61, 30, 39, 37, 36, 40, 32, 26, 6, 0, 1, 3, 46, 45, 68, 63, 66, 19, 55, 22, 25, 12, 10, 14, 20, 18, 16, 15, 11, 7, 34, 59, 58, 57, 23, 54];45420.0
[60, 31, 50, 20, 18, 38, 35, 41, 40, 14, 5, 59, 10, 4, 2, 15, 17, 25, 12, 11, 8, 16, 19, 55, 53, 52, 13, 9, 7, 3, 6, 28, 54, 57, 44, 34, 32, 58, 27, 22, 21, 24, 56, 33, 30, 51, 46, 45, 49, 47, 48, 43, 29, 23, 26, 62, 61, 39, 37, 69, 67, 63, 66, 64, 68, 65, 36, 42, 0, 1];43960.0
[23, 46, 43, 6, 3, 30, 34, 32, 12, 10, 9, 8, 11, 7, 28, 54, 52, 55, 53, 2, 4, 51, 50, 17, 14, 5, 1, 0, 38, 13, 25, 24, 56, 33, 31, 62, 61, 57, 27, 22, 21, 26, 20, 18, 19, 47, 29, 65, 68, 66, 64, 39, 37, 69, 67, 63, 41, 36, 42, 40, 45, 58, 44, 48, 49, 35, 60, 59, 16, 15];43662.0
[10, 14, 51, 46, 49, 47, 5, 4, 33, 32, 29, 28, 26, 2, 1, 0, 6, 17, 16, 15, 7, 3, 30, 39, 41, 36, 42, 12, 11, 9, 8, 20, 18, 19, 22, 21, 27, 24, 56, 54, 53, 38, 35, 37, 65, 69, 68, 66, 64, 63, 40, 45, 61, 57, 23, 52, 55, 50, 60, 44, 48, 67, 43, 34, 31, 62, 59, 58, 25, 13];45493.0
[47, 33, 50, 17, 19, 55, 51, 46, 45, 56, 53, 3, 52, 25, 22, 21, 24, 2, 28, 5, 6, 16, 27, 23, 26, 54, 59, 10, 9, 8, 20, 18, 30, 34, 31, 62, 61, 58, 57, 4, 0, 1, 60, 44, 48, 43, 15, 7, 13, 14, 49, 35, 38, 36, 39, 41, 42, 40, 32, 29, 12, 11, 37, 69, 68, 65, 67, 63, 66, 64];43658.0
[66, 12, 60, 59, 57, 38, 35, 64, 63, 13, 10, 9, 11, 8, 14, 5, 6, 2, 4, 26, 23, 36, 42, 41, 40, 62, 34, 32, 29, 27, 22, 21, 24, 56, 55, 53, 52, 25, 7, 3, 28, 54, 51, 46, 45, 61, 58, 44, 49, 48, 43, 33, 31, 30, 50, 17, 16, 15, 1, 0, 20, 18, 19, 47, 39, 37, 69, 67, 65, 68];44682.0
[58, 16, 15, 46, 45, 10, 9, 7, 13, 14, 4, 23, 5, 11, 8, 62, 61, 54, 53, 52, 51, 20, 17, 19, 50, 18, 31, 30, 3, 57, 44, 49, 47, 33, 32, 29, 12, 2, 1, 0, 27, 26, 6, 28, 21, 24, 56, 55, 22, 25, 68, 65, 69, 67, 63, 66, 64, 48, 43, 35, 38, 39, 40, 36, 42, 41, 37, 60, 34, 59];43294.0
[1, 60, 34, 23, 3, 38, 39, 24, 56, 53, 20, 17, 16, 15, 47, 43, 49, 14, 11, 8, 7, 22, 21, 55, 30, 36, 40, 29, 9, 13, 12, 10, 33, 32, 69, 64, 48, 44, 46, 45, 31, 62, 61, 59, 57, 58, 27, 26, 4, 2, 28, 54, 52, 25, 35, 42, 41, 37, 68, 65, 67, 63, 66, 19, 51, 50, 18, 5, 6, 0];44787.0
[28, 3, 5, 4, 35, 39, 37, 11, 8, 14, 20, 17, 16, 19, 22, 25, 21, 26, 24, 59, 57, 44, 27, 6, 0, 1, 60, 48, 43, 49, 47, 55, 30, 15, 2, 23, 54, 52, 46, 45, 62, 61, 58, 56, 53, 38, 13, 12, 10, 9, 7, 33, 32, 29, 69, 65, 68, 67, 63, 64, 66, 36, 42, 41, 40, 34, 31, 51, 50, 18];43097.0
[66, 64, 16, 15, 47, 9, 7, 29, 14, 13, 10, 12, 11, 8, 6, 20, 18, 19, 17, 54, 52, 46, 45, 58, 31, 30, 26, 2, 23, 55, 51, 50, 53, 33, 32, 27, 22, 25, 5, 3, 60, 59, 57, 4, 28, 21, 24, 56, 69, 68, 67, 49, 35, 36, 42, 41, 40, 62, 61, 44, 48, 43, 34, 1, 0, 38, 39, 37, 65, 63];44093.0
[31, 30, 1, 0, 58, 57, 39, 40, 49, 47, 50, 28, 54, 59, 4, 33, 34, 32, 26, 2, 23, 24, 56, 53, 52, 55, 51, 38, 69, 65, 67, 63, 16, 15, 5, 6, 60, 44, 27, 22, 21, 35, 42, 41, 36, 37, 68, 66, 64, 48, 43, 29, 12, 11, 8, 20, 18, 19, 46, 45, 62, 61, 10, 9, 7, 13, 14, 17, 25, 3];45103.0
[52, 11, 66, 65, 68, 48, 43, 23, 30, 37, 69, 64, 38, 13, 46, 45, 58, 26, 6, 16, 51, 50, 33, 31, 62, 59, 18, 19, 47, 55, 29, 21, 60, 61, 53, 27, 22, 25, 3, 57, 0, 1, 24, 56, 44, 49, 67, 63, 39, 41, 36, 42, 40, 35, 14, 8, 34, 32, 12, 10, 9, 7, 20, 17, 15, 5, 2, 4, 28, 54];45921.0
[63, 2, 23, 26, 55, 53, 27, 59, 44, 49, 35, 13, 12, 10, 8, 60, 9, 66, 64, 21, 14, 5, 3, 31, 58, 57, 28, 54, 52, 51, 18, 30, 50, 17, 25, 20, 40, 36, 42, 41, 38, 11, 7, 46, 45, 34, 1, 0, 6, 16, 19, 47, 48, 43, 29, 15, 4, 22, 24, 56, 33, 32, 62, 61, 39, 37, 69, 68, 65, 67];45556.0
[17, 16, 19, 57, 44, 15, 23, 52, 54, 62, 61, 59, 2, 0, 1, 27, 24, 56, 53, 38, 35, 42, 41, 37, 69, 67, 58, 28, 21, 33, 29, 22, 25, 3, 18, 31, 30, 39, 40, 36, 51, 46, 45, 43, 34, 32, 12, 10, 9, 11, 5, 6, 60, 14, 63, 66, 65, 68, 64, 48, 49, 47, 13, 8, 7, 4, 26, 55, 50, 20];43721.0
[8, 7, 28, 15, 27, 21, 24, 34, 33, 32, 44, 26, 6, 60, 59, 61, 18, 31, 9, 11, 2, 1, 0, 56, 53, 3, 20, 17, 25, 5, 4, 22, 23, 46, 45, 62, 58, 57, 55, 51, 50, 16, 19, 47, 49, 35, 67, 69, 65, 68, 66, 64, 63, 48, 43, 29, 54, 52, 30, 37, 36, 39, 42, 41, 40, 38, 13, 12, 10, 14];43429.0
[27, 6, 50, 22, 25, 46, 45, 30, 47, 48, 43, 29, 24, 2, 23, 15, 4, 33, 31, 9, 11, 7, 3, 20, 17, 5, 1, 0, 56, 54, 52, 18, 16, 19, 51, 53, 38, 37, 69, 67, 58, 28, 26, 55, 36, 39, 42, 41, 40, 60, 34, 32, 44, 49, 35, 13, 12, 10, 14, 8, 68, 65, 63, 66, 64, 21, 62, 61, 59, 57];45435.0
[20, 11, 43, 49, 14, 9, 7, 27, 24, 6, 4, 26, 13, 12, 10, 63, 64, 31, 30, 37, 67, 48, 29, 54, 52, 22, 25, 59, 57, 23, 15, 2, 1, 0, 5, 3, 60, 44, 46, 45, 62, 61, 58, 28, 21, 35, 38, 39, 40, 56, 53, 18, 17, 16, 19, 47, 55, 51, 50, 36, 42, 41, 69, 65, 66, 68, 33, 34, 32, 8];46273.0
[23, 17, 5, 11, 3, 31, 30, 50, 38, 69, 67, 43, 29, 12, 14, 10, 16, 15, 6, 0, 1, 60, 8, 20, 18, 19, 61, 59, 58, 21, 26, 28, 54, 52, 56, 33, 35, 42, 41, 36, 39, 37, 40, 62, 57, 44, 27, 22, 25, 24, 13, 9, 7, 2, 4, 55, 53, 51, 46, 45, 68, 65, 63, 66, 64, 48, 49, 47, 34, 32];44421.0
[49, 48, 5, 6, 0, 1, 60, 44, 43, 34, 32, 29, 21, 26, 33, 31, 62, 61, 57, 27, 59, 10, 14, 47, 55, 40, 36, 39, 42, 41, 24, 23, 15, 28, 3, 46, 45, 58, 56, 53, 2, 22, 25, 11, 8, 4, 54, 52, 69, 67, 63, 64, 38, 35, 13, 12, 9, 7, 20, 18, 19, 51, 50, 17, 16, 30, 37, 68, 66, 65];44216.0
[30, 32, 58, 21, 33, 12, 9, 60, 42, 41, 40, 36, 69, 2, 4, 23, 26, 18, 62, 61, 59, 10, 20, 17, 54, 52, 56, 53, 24, 6, 38, 39, 37, 35, 13, 8, 11, 5, 1, 0, 15, 28, 55, 51, 46, 68, 67, 63, 65, 66, 64, 48, 43, 29, 27, 22, 25, 45, 49, 14, 7, 3, 57, 44, 47, 34, 31, 50, 16, 19];45775.0
[64, 17, 16, 15, 28, 11, 8, 35, 38, 39, 41, 23, 53, 20, 24, 21, 14, 5, 6, 0, 1, 60, 59, 2, 4, 31, 30, 29, 55, 51, 56, 54, 52, 58, 57, 44, 68, 65, 66, 36, 42, 40, 45, 48, 43, 49, 47, 33, 34, 32, 27, 22, 25, 13, 12, 10, 9, 7, 3, 26, 46, 62, 61, 18, 19, 50, 37, 69, 67, 63];44658.0
[9, 59, 57, 48, 43, 29, 23, 62, 61, 49, 35, 65, 68, 36, 42, 40, 44, 15, 0, 1, 18, 16, 11, 46, 45, 31, 19, 30, 22, 25, 13, 8, 7, 28, 51, 50, 20, 17, 5, 3, 26, 55, 53, 21, 33, 27, 24, 6, 38, 39, 41, 60, 34, 32, 58, 2, 4, 37, 69, 67, 63, 66, 64, 47, 54, 52, 56, 12, 10, 14];46003.0
[58, 27, 22, 25, 34, 32, 29, 24, 59, 57, 4, 2, 28, 5, 6, 60, 44, 48, 43, 68, 66, 65, 67, 63, 13, 12, 9, 7, 20, 17, 19, 47, 49, 14, 10, 3, 38, 37, 69, 64, 21, 26, 33, 31, 41, 36, 42, 35, 39, 40, 0, 1, 56, 55, 54, 52, 51, 50, 18, 30, 15, 11, 8, 46, 45, 61, 16, 53, 23, 62];44255.0
[57, 39, 40, 23, 2, 28, 56, 33, 58, 27, 22, 14, 11, 5, 6, 60, 44, 49, 47, 29, 12, 10, 9, 7, 3, 46, 45, 48, 16, 0, 1, 34, 32, 62, 61, 4, 54, 52, 55, 53, 21, 26, 18, 19, 51, 50, 17, 15, 43, 31, 30, 25, 35, 42, 41, 37, 69, 67, 63, 66, 65, 64, 68, 38, 36, 13, 8, 20, 24, 59];44651.0
[10, 58, 44, 46, 45, 49, 34, 29, 23, 15, 28, 54, 52, 0, 1, 60, 63, 64, 48, 43, 27, 22, 21, 25, 24, 59, 57, 31, 30, 20, 17, 16, 19, 47, 5, 6, 2, 4, 26, 55, 51, 50, 56, 53, 38, 35, 42, 41, 40, 36, 13, 8, 14, 9, 11, 7, 3, 18, 33, 32, 62, 61, 39, 37, 67, 69, 65, 68, 66, 12];44549.0
[59, 57, 43, 29, 14, 5, 3, 46, 45, 49, 68, 67, 58, 15, 4, 27, 22, 23, 62, 61, 36, 40, 39, 24, 33, 31, 30, 34, 32, 12, 10, 63, 66, 65, 64, 42, 41, 37, 69, 48, 0, 1, 60, 44, 47, 55, 20, 18, 19, 51, 53, 52, 25, 35, 38, 13, 9, 11, 8, 7, 2, 56, 50, 17, 16, 28, 21, 26, 6, 54];45553.0
[5, 27, 26, 58, 57, 44, 29, 24, 30, 15, 4, 19, 46, 45, 61, 20, 17, 14, 49, 43, 34, 31, 36, 42, 41, 40, 35, 38, 39, 6, 50, 18, 47, 48, 0, 1, 2, 23, 21, 55, 51, 53, 37, 67, 63, 64, 69, 65, 68, 66, 32, 62, 59, 10, 9, 7, 3, 60, 22, 25, 12, 11, 13, 8, 16, 28, 54, 52, 56, 33];45389.0
[19, 28, 54, 20, 18, 31, 30, 29, 12, 9, 7, 3, 60, 34, 1, 59, 65, 68, 36, 39, 37, 15, 11, 49, 47, 5, 2, 0, 38, 42, 41, 40, 32, 27, 24, 56, 53, 33, 62, 58, 25, 35, 69, 67, 63, 66, 64, 46, 45, 61, 23, 52, 55, 51, 50, 17, 13, 14, 10, 8, 4, 22, 21, 26, 57, 44, 48, 43, 6, 16];45153.0
[32, 59, 58, 31, 30, 37, 69, 65, 16, 19, 47, 51, 50, 18, 0, 1, 15, 11, 13, 8, 7, 17, 53, 20, 62, 61, 57, 44, 48, 2, 4, 23, 55, 29, 21, 24, 6, 3, 28, 26, 56, 54, 52, 46, 43, 49, 14, 10, 12, 9, 5, 27, 22, 25, 35, 42, 41, 36, 40, 45, 68, 67, 63, 66, 64, 38, 39, 60, 34, 33];44934.0
[22, 25, 35, 37, 58, 26, 6, 16, 33, 31, 46, 48, 47, 43, 29, 55, 13, 11, 8, 7, 3, 27, 23, 15, 0, 1, 34, 32, 12, 10, 9, 5, 45, 62, 61, 54, 52, 69, 67, 63, 65, 68, 66, 64, 21, 24, 60, 44, 49, 14, 59, 57, 4, 2, 28, 56, 53, 20, 18, 19, 30, 42, 41, 40, 36, 38, 39, 51, 50, 17];44495.0
[38, 67, 58, 2, 28, 21, 27, 26, 35, 42, 40, 7, 5, 3, 50, 20, 17, 22, 25, 24, 55, 13, 12, 11, 8, 6, 0, 1, 23, 56, 33, 32, 29, 68, 65, 63, 41, 36, 39, 37, 69, 66, 64, 48, 43, 31, 30, 62, 61, 60, 44, 34, 59, 57, 4, 15, 46, 45, 49, 14, 10, 9, 16, 19, 54, 52, 51, 18, 47, 53];45306.0
[60, 34, 23, 21, 55, 53, 33, 32, 38, 39, 24, 56, 20, 5, 6, 57, 44, 46, 45, 68, 65, 47, 50, 17, 16, 15, 28, 30, 36, 42, 41, 40, 29, 54, 52, 51, 18, 19, 2, 1, 0, 26, 13, 12, 8, 7, 4, 31, 62, 61, 59, 58, 27, 22, 25, 35, 37, 69, 67, 63, 66, 64, 48, 43, 49, 14, 10, 9, 11, 3];43778.0
[48, 26, 55, 13, 9, 7, 28, 39, 41, 37, 35, 38, 36, 42, 40, 32, 34, 31, 62, 59, 60, 19, 57, 44, 68, 65, 66, 64, 21, 24, 54, 53, 51, 50, 18, 15, 27, 22, 25, 3, 5, 4, 2, 56, 33, 30, 52, 69, 67, 63, 43, 29, 12, 10, 46, 45, 61, 58, 6, 0, 1, 23, 11, 8, 20, 17, 16, 14, 49, 47];45548.0
[5, 4, 26, 31, 38, 35, 13, 21, 27, 24, 59, 57, 23, 2, 0, 1, 60, 66, 65, 68, 67, 63, 19, 55, 53, 51, 50, 17, 16, 15, 11, 9, 8, 6, 44, 49, 47, 46, 45, 43, 14, 7, 3, 56, 33, 32, 34, 42, 41, 36, 39, 40, 62, 61, 58, 28, 54, 52, 22, 25, 29, 12, 10, 20, 18, 30, 37, 69, 64, 48];45112.0
[32, 29, 34, 31, 30, 39, 40, 36, 42, 41, 19, 58, 28, 21, 24, 56, 55, 54, 52, 25, 3, 60, 59, 10, 14, 8, 7, 5, 27, 22, 23, 62, 61, 53, 35, 37, 69, 67, 63, 38, 13, 12, 9, 11, 16, 47, 33, 51, 50, 17, 20, 18, 15, 4, 2, 1, 57, 44, 68, 65, 66, 64, 48, 49, 43, 6, 0, 26, 46, 45];44328.0
[34, 33, 32, 58, 62, 61, 59, 10, 4, 53, 52, 54, 57, 44, 26, 6, 0, 1, 60, 2, 23, 21, 27, 22, 25, 3, 46, 45, 49, 47, 5, 11, 43, 67, 63, 41, 40, 36, 42, 38, 13, 14, 8, 20, 18, 31, 35, 39, 37, 69, 65, 66, 64, 68, 48, 16, 15, 19, 51, 50, 17, 24, 56, 55, 29, 12, 9, 7, 28, 30];43870.0
[48, 23, 52, 18, 16, 19, 47, 33, 31, 30, 46, 45, 43, 34, 32, 15, 28, 54, 59, 58, 62, 61, 8, 7, 14, 51, 50, 17, 25, 13, 12, 10, 9, 11, 41, 37, 60, 57, 27, 22, 24, 56, 53, 3, 6, 4, 26, 35, 36, 39, 42, 40, 44, 49, 29, 21, 55, 20, 5, 2, 1, 0, 38, 65, 68, 69, 67, 63, 66, 64];43749.0
[67, 48, 44, 27, 22, 25, 20, 17, 18, 31, 30, 41, 40, 62, 58, 57, 55, 51, 50, 63, 64, 35, 38, 13, 10, 9, 11, 8, 7, 28, 56, 53, 21, 65, 68, 66, 36, 42, 23, 54, 52, 33, 32, 12, 3, 5, 6, 16, 15, 0, 26, 24, 4, 2, 1, 19, 47, 46, 45, 49, 43, 34, 29, 14, 59, 60, 61, 39, 37, 69];46262.0
[43, 29, 26, 2, 19, 18, 57, 23, 61, 54, 20, 17, 28, 12, 10, 14, 9, 13, 11, 8, 7, 33, 31, 30, 36, 39, 1, 0, 56, 53, 21, 27, 22, 25, 24, 6, 60, 59, 58, 68, 65, 63, 66, 64, 48, 16, 15, 4, 38, 35, 42, 41, 37, 69, 67, 40, 45, 62, 44, 49, 47, 55, 51, 50, 5, 3, 52, 34, 32, 46];45057.0
[24, 27, 22, 20, 17, 5, 3, 46, 45, 49, 34, 32, 31, 30, 29, 21, 26, 55, 54, 52, 56, 53, 4, 13, 8, 11, 7, 28, 2, 1, 0, 38, 69, 65, 67, 48, 43, 16, 15, 23, 6, 60, 61, 44, 68, 66, 63, 64, 47, 33, 12, 14, 10, 9, 59, 62, 58, 57, 39, 37, 35, 42, 41, 40, 36, 51, 50, 18, 19, 25];44842.0
[16, 18, 19, 8, 7, 3, 42, 41, 40, 38, 35, 14, 5, 27, 26, 23, 15, 4, 2, 1, 0, 56, 53, 20, 17, 25, 29, 22, 21, 24, 30, 46, 45, 48, 43, 49, 67, 65, 68, 69, 66, 63, 64, 39, 36, 37, 60, 34, 32, 12, 11, 59, 10, 9, 13, 6, 33, 31, 62, 58, 28, 54, 52, 55, 51, 61, 57, 44, 47, 50];43886.0
[8, 4, 33, 29, 51, 18, 2, 28, 35, 37, 38, 13, 3, 60, 34, 31, 30, 15, 11, 7, 39, 40, 36, 1, 0, 12, 14, 63, 65, 67, 50, 22, 25, 21, 26, 6, 20, 17, 16, 47, 5, 9, 19, 57, 44, 46, 45, 58, 23, 62, 61, 42, 41, 69, 68, 66, 64, 48, 43, 49, 32, 27, 24, 56, 53, 52, 55, 54, 59, 10];46699.0
[20, 17, 22, 15, 19, 30, 34, 32, 27, 56, 33, 29, 11, 8, 7, 38, 35, 14, 5, 28, 54, 52, 53, 23, 21, 26, 46, 45, 61, 57, 67, 63, 48, 3, 60, 31, 62, 59, 58, 13, 12, 10, 9, 6, 0, 1, 25, 24, 2, 4, 39, 37, 69, 65, 66, 64, 68, 36, 42, 41, 40, 44, 43, 49, 18, 16, 47, 55, 51, 50];45316.0
[63, 19, 17, 14, 20, 40, 36, 21, 27, 26, 55, 51, 53, 38, 39, 37, 42, 41, 24, 6, 0, 1, 60, 66, 64, 48, 43, 11, 46, 45, 58, 4, 22, 25, 13, 8, 2, 28, 30, 16, 47, 33, 34, 32, 29, 23, 56, 12, 10, 9, 7, 3, 31, 62, 61, 54, 52, 50, 18, 15, 5, 59, 57, 44, 49, 35, 69, 68, 65, 67];44666.0
[33, 32, 26, 13, 9, 16, 15, 0, 1, 60, 44, 48, 46, 43, 29, 21, 35, 42, 41, 40, 36, 69, 67, 58, 57, 27, 22, 25, 24, 28, 45, 65, 68, 66, 63, 64, 49, 8, 7, 3, 11, 12, 10, 14, 5, 6, 51, 50, 20, 17, 19, 53, 38, 39, 37, 59, 4, 2, 23, 56, 54, 52, 55, 30, 34, 31, 62, 61, 18, 47];44682.0
[48, 47, 33, 62, 61, 34, 32, 27, 24, 56, 42, 40, 26, 23, 55, 29, 9, 67, 63, 66, 36, 51, 50, 16, 15, 5, 4, 2, 28, 54, 53, 20, 18, 19, 17, 14, 8, 7, 46, 45, 58, 6, 0, 1, 31, 30, 52, 21, 57, 44, 22, 25, 13, 12, 11, 3, 60, 59, 10, 43, 49, 35, 38, 39, 41, 37, 69, 65, 68, 64];44604.0
[52, 59, 57, 44, 48, 43, 27, 24, 33, 29, 12, 60, 34, 32, 67, 63, 16, 18, 19, 22, 25, 13, 8, 11, 5, 3, 31, 30, 50, 37, 36, 69, 65, 68, 66, 64, 21, 26, 6, 4, 2, 1, 0, 15, 7, 14, 10, 9, 23, 56, 53, 20, 17, 47, 55, 51, 46, 45, 49, 35, 38, 39, 42, 41, 40, 62, 61, 58, 28, 54];43881.0
[25, 13, 9, 7, 3, 60, 61, 59, 57, 27, 24, 56, 50, 18, 19, 55, 29, 51, 46, 45, 58, 2, 23, 62, 10, 14, 11, 8, 34, 32, 12, 6, 28, 54, 53, 52, 16, 44, 48, 43, 49, 47, 5, 4, 33, 31, 30, 39, 37, 68, 65, 66, 64, 0, 1, 20, 17, 42, 41, 40, 36, 69, 67, 63, 35, 38, 15, 21, 26, 22];44313.0
[21, 24, 34, 32, 29, 23, 26, 62, 61, 28, 54, 52, 2, 4, 53, 33, 31, 41, 60, 59, 44, 22, 25, 3, 20, 39, 40, 36, 42, 35, 38, 13, 10, 9, 7, 17, 56, 12, 11, 8, 46, 45, 58, 27, 57, 30, 15, 0, 1, 5, 6, 16, 19, 47, 55, 51, 50, 18, 37, 69, 68, 66, 65, 67, 63, 64, 48, 43, 49, 14];43832.0
[17, 42, 41, 40, 34, 32, 30, 39, 37, 58, 28, 54, 50, 33, 29, 12, 11, 7, 3, 5, 27, 24, 56, 44, 43, 6, 2, 4, 0, 1, 60, 59, 57, 22, 23, 52, 25, 21, 26, 46, 45, 62, 61, 65, 68, 66, 64, 69, 67, 48, 49, 14, 10, 9, 8, 16, 19, 18, 31, 15, 47, 55, 53, 51, 38, 35, 63, 36, 13, 20];45430.0
[37, 54, 52, 33, 35, 11, 3, 26, 6, 19, 57, 58, 59, 60, 2, 28, 15, 5, 9, 7, 20, 17, 25, 13, 12, 10, 8, 14, 50, 18, 16, 44, 43, 34, 32, 62, 61, 4, 22, 21, 27, 24, 65, 68, 69, 48, 31, 30, 36, 42, 41, 40, 67, 63, 66, 64, 56, 53, 23, 55, 51, 46, 45, 49, 47, 29, 1, 0, 38, 39];45995.0
[52, 54, 14, 8, 6, 60, 34, 59, 58, 27, 23, 55, 20, 17, 22, 21, 26, 18, 25, 24, 56, 32, 29, 9, 13, 12, 10, 0, 1, 5, 11, 7, 3, 30, 50, 19, 51, 33, 31, 62, 28, 35, 39, 37, 69, 67, 63, 64, 48, 16, 15, 2, 4, 38, 36, 42, 41, 40, 65, 68, 66, 46, 45, 61, 57, 44, 43, 49, 47, 53];44064.0
[66, 35, 14, 4, 33, 31, 34, 32, 24, 56, 50, 17, 16, 19, 53, 52, 55, 51, 46, 45, 61, 38, 39, 40, 36, 42, 41, 21, 26, 6, 60, 62, 58, 23, 15, 27, 22, 25, 13, 8, 11, 43, 29, 12, 10, 9, 7, 2, 28, 54, 59, 57, 44, 48, 49, 47, 1, 0, 5, 3, 20, 18, 30, 37, 69, 65, 64, 68, 67, 63];43116.0
[58, 0, 1, 5, 32, 29, 54, 23, 52, 25, 13, 9, 59, 57, 44, 27, 39, 37, 68, 66, 19, 18, 47, 33, 12, 10, 16, 15, 6, 11, 40, 38, 35, 36, 42, 41, 24, 28, 56, 53, 3, 60, 61, 34, 31, 30, 20, 17, 2, 4, 22, 21, 26, 55, 51, 50, 69, 65, 67, 63, 64, 48, 43, 49, 14, 8, 7, 46, 45, 62];44879.0
[62, 61, 23, 30, 46, 45, 43, 34, 32, 14, 12, 11, 8, 20, 17, 16, 47, 5, 4, 26, 21, 24, 6, 15, 2, 1, 0, 56, 33, 60, 59, 10, 9, 7, 13, 27, 22, 25, 3, 28, 54, 52, 51, 50, 18, 31, 58, 57, 44, 68, 67, 63, 66, 19, 55, 53, 29, 69, 65, 64, 48, 49, 35, 38, 39, 41, 37, 36, 42, 40];43198.0
[53, 42, 41, 23, 61, 16, 18, 0, 1, 27, 24, 6, 4, 54, 51, 50, 52, 55, 2, 38, 69, 65, 64, 21, 28, 15, 47, 33, 30, 36, 39, 40, 34, 32, 29, 68, 67, 63, 66, 19, 22, 26, 31, 12, 3, 60, 59, 10, 14, 9, 7, 5, 20, 17, 25, 13, 8, 11, 43, 49, 35, 37, 57, 44, 48, 46, 45, 62, 58, 56];45997.0
[10, 56, 52, 25, 27, 23, 55, 53, 15, 5, 6, 44, 43, 34, 33, 31, 18, 19, 57, 48, 0, 1, 29, 51, 50, 7, 3, 60, 61, 66, 65, 16, 20, 17, 22, 21, 26, 24, 28, 30, 37, 40, 32, 46, 45, 62, 58, 68, 69, 67, 63, 64, 49, 47, 39, 42, 41, 36, 35, 38, 13, 14, 12, 9, 8, 11, 2, 4, 54, 59];46967.0
[13, 14, 21, 24, 56, 53, 35, 42, 41, 40, 38, 39, 37, 60, 32, 26, 33, 31, 30, 46, 43, 29, 51, 50, 17, 3, 8, 11, 5, 27, 22, 25, 20, 18, 19, 55, 16, 47, 68, 66, 64, 28, 59, 58, 2, 4, 23, 54, 52, 15, 12, 10, 9, 7, 34, 36, 69, 67, 65, 63, 48, 6, 0, 1, 45, 62, 61, 57, 44, 49];45465.0
[20, 18, 15, 17, 16, 19, 25, 13, 8, 23, 51, 46, 43, 29, 21, 24, 1, 0, 38, 39, 37, 60, 14, 59, 57, 27, 45, 34, 32, 44, 49, 47, 33, 31, 30, 36, 40, 62, 61, 58, 56, 55, 2, 4, 22, 26, 35, 42, 41, 69, 67, 68, 65, 66, 63, 64, 48, 12, 10, 9, 11, 7, 3, 5, 6, 28, 54, 52, 50, 53];43946.0
[6, 17, 16, 19, 41, 68, 65, 66, 64, 28, 21, 27, 34, 32, 29, 14, 5, 3, 11, 7, 13, 9, 8, 12, 10, 4, 22, 25, 35, 69, 67, 63, 40, 44, 48, 43, 49, 47, 33, 15, 53, 51, 50, 31, 58, 57, 23, 56, 54, 52, 42, 36, 38, 39, 37, 60, 59, 2, 1, 0, 26, 55, 20, 18, 30, 46, 45, 62, 61, 24];44640.0
[6, 28, 30, 15, 2, 4, 22, 21, 26, 32, 44, 48, 43, 29, 12, 11, 8, 7, 18, 62, 10, 9, 60, 61, 59, 57, 27, 24, 23, 5, 3, 50, 20, 17, 16, 19, 55, 53, 1, 0, 38, 36, 39, 37, 69, 68, 67, 63, 66, 65, 64, 42, 41, 40, 34, 56, 54, 52, 51, 46, 45, 49, 47, 33, 31, 58, 25, 35, 13, 14];43203.0
[33, 29, 55, 51, 50, 20, 18, 58, 27, 22, 21, 26, 35, 41, 36, 0, 1, 5, 3, 60, 25, 13, 9, 8, 11, 7, 2, 4, 28, 15, 46, 45, 31, 30, 39, 37, 40, 44, 48, 43, 49, 14, 38, 69, 65, 68, 67, 63, 64, 66, 42, 62, 61, 59, 57, 23, 52, 54, 53, 6, 16, 19, 47, 34, 32, 12, 10, 17, 24, 56];44276.0
[62, 44, 67, 48, 43, 29, 51, 46, 45, 58, 2, 23, 56, 59, 57, 38, 35, 39, 60, 61, 34, 32, 0, 1, 18, 15, 4, 22, 21, 26, 33, 27, 13, 12, 14, 10, 9, 7, 17, 16, 19, 50, 20, 24, 6, 11, 8, 49, 47, 55, 53, 3, 5, 28, 54, 52, 25, 30, 37, 69, 65, 68, 66, 64, 63, 41, 36, 42, 40, 31];44781.0
[19, 51, 50, 35, 68, 65, 66, 12, 9, 28, 55, 53, 3, 18, 15, 47, 29, 24, 20, 17, 22, 21, 26, 13, 11, 43, 49, 8, 7, 2, 23, 30, 41, 40, 38, 39, 37, 67, 63, 36, 54, 52, 25, 6, 0, 1, 5, 4, 31, 62, 59, 10, 14, 60, 61, 58, 57, 44, 27, 56, 33, 32, 46, 45, 34, 42, 69, 64, 48, 16];46092.0
[36, 40, 39, 60, 21, 24, 4, 2, 1, 0, 15, 23, 52, 13, 8, 11, 3, 5, 6, 59, 57, 48, 43, 29, 10, 14, 20, 17, 28, 54, 53, 37, 68, 69, 67, 65, 63, 66, 64, 27, 22, 25, 56, 50, 18, 16, 19, 55, 51, 62, 61, 58, 26, 31, 30, 46, 45, 44, 49, 47, 33, 32, 12, 9, 7, 34, 42, 41, 38, 35];44160.0
[54, 44, 26, 6, 0, 1, 2, 4, 53, 52, 25, 3, 28, 15, 5, 20, 17, 19, 47, 49, 64, 48, 43, 23, 62, 58, 57, 27, 22, 14, 10, 9, 8, 7, 34, 32, 12, 11, 24, 56, 33, 31, 29, 21, 55, 50, 18, 30, 36, 42, 41, 40, 39, 37, 69, 63, 66, 65, 68, 67, 38, 35, 13, 60, 59, 16, 51, 46, 45, 61];43739.0
[30, 54, 52, 25, 13, 12, 3, 60, 9, 7, 17, 16, 19, 41, 37, 67, 69, 49, 47, 55, 53, 2, 28, 26, 46, 43, 29, 23, 15, 4, 22, 20, 24, 33, 35, 38, 65, 68, 66, 63, 64, 42, 40, 36, 39, 1, 0, 56, 10, 14, 5, 11, 8, 34, 32, 27, 21, 45, 62, 61, 58, 59, 57, 44, 48, 6, 51, 50, 18, 31];45259.0
[13, 8, 60, 34, 32, 29, 33, 31, 30, 15, 5, 6, 17, 4, 39, 37, 35, 38, 11, 28, 21, 26, 25, 3, 20, 18, 16, 19, 22, 14, 49, 47, 55, 53, 69, 67, 63, 66, 65, 68, 64, 48, 43, 51, 50, 52, 54, 2, 1, 0, 62, 61, 59, 57, 27, 24, 56, 36, 42, 41, 40, 44, 23, 12, 10, 9, 7, 46, 45, 58];44098.0
[44, 49, 35, 36, 39, 37, 58, 26, 52, 0, 1, 5, 6, 4, 2, 28, 15, 21, 24, 56, 54, 20, 17, 19, 47, 33, 32, 27, 22, 25, 23, 46, 45, 38, 13, 8, 12, 14, 16, 51, 50, 18, 31, 30, 41, 40, 42, 62, 61, 10, 9, 7, 34, 29, 68, 69, 67, 63, 66, 65, 64, 48, 43, 55, 53, 11, 3, 60, 59, 57];44108.0
[45, 34, 20, 17, 32, 29, 12, 10, 9, 7, 28, 55, 51, 50, 24, 27, 22, 21, 65, 66, 19, 25, 68, 67, 63, 47, 33, 31, 62, 61, 58, 23, 2, 1, 0, 26, 6, 44, 43, 49, 35, 36, 38, 13, 60, 59, 57, 56, 53, 15, 11, 5, 4, 42, 41, 40, 39, 37, 69, 64, 48, 16, 18, 30, 3, 52, 54, 14, 8, 46];45736.0
[18, 15, 11, 5, 32, 27, 28, 30, 37, 39, 41, 40, 44, 48, 43, 29, 21, 65, 68, 69, 67, 63, 66, 64, 36, 42, 26, 24, 6, 20, 17, 2, 23, 31, 62, 61, 58, 53, 38, 35, 13, 8, 7, 14, 9, 12, 10, 4, 54, 52, 22, 25, 3, 46, 45, 49, 47, 55, 51, 50, 19, 57, 56, 33, 34, 0, 1, 60, 59, 16];43867.0
[45, 17, 22, 25, 9, 7, 2, 0, 1, 26, 5, 3, 60, 34, 32, 27, 59, 57, 44, 48, 43, 29, 61, 4, 28, 54, 52, 40, 39, 37, 69, 65, 68, 67, 63, 66, 64, 47, 55, 53, 11, 8, 49, 14, 6, 16, 15, 21, 24, 56, 33, 31, 62, 58, 23, 30, 50, 19, 13, 12, 10, 20, 18, 38, 35, 42, 41, 36, 51, 46];43717.0
[33, 41, 36, 55, 51, 50, 53, 52, 24, 6, 28, 54, 60, 58, 56, 32, 29, 23, 18, 19, 57, 44, 34, 1, 0, 5, 3, 27, 22, 46, 45, 35, 42, 20, 17, 16, 15, 21, 26, 2, 4, 25, 13, 12, 11, 8, 7, 14, 49, 48, 43, 38, 39, 40, 62, 61, 59, 10, 9, 31, 30, 37, 69, 67, 68, 65, 66, 63, 64, 47];45169.0
[43, 34, 61, 58, 2, 1, 0, 56, 53, 3, 31, 30, 37, 60, 57, 27, 22, 23, 26, 25, 35, 13, 12, 11, 8, 14, 55, 51, 46, 45, 62, 59, 10, 9, 7, 6, 44, 49, 47, 33, 32, 29, 21, 24, 28, 5, 4, 54, 52, 50, 20, 18, 19, 17, 16, 15, 38, 39, 40, 36, 42, 41, 68, 69, 65, 67, 63, 66, 64, 48];42229.0
[54, 52, 46, 45, 56, 55, 51, 50, 53, 38, 39, 40, 34, 44, 49, 14, 9, 5, 62, 58, 2, 4, 33, 32, 22, 25, 35, 13, 8, 20, 18, 31, 30, 17, 16, 19, 37, 69, 67, 63, 41, 36, 42, 65, 68, 66, 64, 48, 43, 6, 0, 1, 60, 59, 10, 12, 11, 7, 3, 23, 61, 57, 27, 24, 28, 15, 47, 29, 21, 26];44083.0
[2, 23, 62, 61, 58, 31, 30, 29, 12, 14, 10, 9, 11, 43, 34, 32, 69, 68, 19, 47, 5, 6, 0, 1, 56, 33, 51, 50, 17, 25, 13, 8, 7, 3, 20, 18, 15, 27, 24, 28, 54, 52, 22, 21, 55, 53, 38, 39, 41, 36, 37, 60, 59, 57, 4, 26, 46, 45, 44, 49, 35, 42, 40, 67, 63, 66, 65, 64, 48, 16];43270.0
[31, 5, 4, 34, 32, 30, 15, 23, 53, 3, 60, 59, 58, 68, 66, 47, 55, 20, 17, 22, 21, 26, 13, 8, 7, 46, 45, 43, 6, 28, 54, 52, 57, 44, 49, 35, 42, 41, 36, 40, 25, 29, 14, 2, 1, 0, 27, 24, 56, 12, 10, 9, 11, 38, 39, 37, 69, 67, 65, 63, 64, 48, 62, 61, 16, 19, 51, 50, 18, 33];44432.0
