ftv70
[36, 63, 68, 65, 1, 2, 52, 55, 70, 3, 5, 25, 9, 17, 21, 33, 35, 34, 62, 54, 50, 67, 49, 39, 47, 48, 51, 53, 31, 30, 29, 0, 44, 45, 46, 40, 43, 42, 69, 41, 37, 38, 32, 26, 22, 13, 27, 6, 7, 11, 10, 59, 8, 58, 61, 57, 56, 4, 28, 24, 64, 66, 14, 12, 15, 16, 18, 19, 20, 23, 60];2800.0;3261.425531914894;1.5006799744680852E7;197.0;492585.0;94.0
[3, 2, 70, 57, 59, 4, 5, 29, 24, 26, 22, 63, 40, 42, 68, 52, 44, 45, 43, 32, 23, 60, 34, 50, 67, 47, 48, 51, 55, 8, 7, 17, 18, 19, 16, 64, 0, 28, 25, 27, 6, 14, 12, 15, 20, 69, 41, 37, 46, 54, 56, 58, 61, 11, 9, 10, 13, 66, 21, 33, 35, 36, 38, 39, 62, 49, 53, 31, 30, 65, 1];3436.0
[36, 39, 3, 4, 42, 69, 37, 63, 40, 34, 35, 32, 26, 66, 14, 12, 11, 57, 56, 5, 0, 28, 64, 18, 21, 22, 46, 62, 47, 38, 60, 23, 19, 16, 10, 7, 9, 17, 24, 29, 30, 31, 1, 2, 45, 44, 53, 52, 49, 50, 67, 48, 51, 58, 61, 8, 59, 13, 65, 43, 41, 68, 54, 55, 70, 25, 27, 6, 15, 20, 33];3576.0
[69, 40, 25, 27, 37, 38, 35, 32, 45, 47, 48, 51, 65, 24, 17, 66, 13, 6, 7, 9, 18, 21, 22, 23, 60, 34, 36, 39, 67, 49, 50, 46, 62, 53, 44, 43, 42, 41, 63, 68, 54, 55, 56, 3, 4, 59, 8, 11, 10, 58, 61, 57, 52, 26, 19, 64, 28, 1, 2, 70, 5, 0, 31, 30, 29, 14, 12, 15, 16, 20, 33];3485.0
[45, 46, 62, 28, 24, 33, 39, 53, 0, 1, 70, 8, 9, 11, 58, 3, 4, 5, 2, 42, 54, 55, 56, 13, 18, 19, 20, 23, 60, 34, 36, 37, 38, 32, 26, 22, 64, 25, 6, 66, 14, 27, 10, 61, 57, 59, 7, 12, 15, 16, 21, 17, 29, 30, 31, 43, 35, 69, 41, 63, 40, 68, 50, 67, 49, 47, 48, 51, 52, 44, 65];3284.0
[39, 47, 48, 61, 57, 58, 11, 10, 7, 9, 13, 46, 62, 70, 3, 24, 29, 30, 31, 1, 2, 27, 66, 14, 15, 16, 64, 25, 6, 17, 26, 22, 18, 21, 28, 0, 45, 49, 51, 67, 50, 65, 44, 37, 38, 60, 33, 32, 69, 41, 63, 40, 54, 55, 56, 4, 5, 43, 42, 34, 35, 36, 68, 52, 53, 59, 8, 12, 19, 20, 23];3470.0
[45, 53, 32, 23, 19, 16, 27, 9, 10, 61, 59, 5, 25, 6, 13, 66, 14, 15, 20, 21, 22, 0, 44, 49, 50, 67, 47, 39, 48, 51, 55, 70, 57, 56, 52, 1, 2, 3, 58, 11, 12, 18, 33, 36, 37, 63, 68, 46, 62, 54, 4, 8, 7, 17, 24, 29, 30, 31, 65, 43, 69, 41, 40, 42, 35, 34, 38, 60, 26, 64, 28];3084.0
[2, 8, 19, 16, 24, 26, 64, 28, 45, 49, 67, 51, 46, 42, 32, 25, 6, 18, 60, 33, 23, 20, 21, 22, 0, 65, 44, 41, 38, 36, 63, 40, 68, 62, 52, 53, 56, 70, 3, 4, 5, 31, 29, 30, 43, 34, 35, 69, 37, 39, 47, 48, 50, 54, 55, 58, 61, 57, 59, 7, 9, 10, 11, 27, 14, 13, 17, 66, 12, 15, 1];3173.0
[44, 31, 30, 29, 24, 25, 27, 9, 28, 43, 36, 40, 32, 26, 18, 17, 64, 45, 46, 55, 56, 70, 3, 4, 5, 0, 65, 1, 2, 8, 59, 57, 47, 39, 38, 60, 33, 22, 23, 19, 20, 21, 66, 14, 12, 15, 16, 13, 6, 7, 11, 10, 58, 61, 67, 48, 54, 53, 42, 35, 34, 69, 41, 37, 63, 68, 62, 49, 51, 50, 52];2871.0
[34, 60, 22, 0, 45, 48, 51, 50, 67, 32, 26, 17, 44, 43, 42, 35, 23, 16, 66, 14, 12, 15, 18, 19, 20, 21, 64, 24, 28, 25, 11, 10, 61, 52, 62, 49, 47, 39, 38, 36, 40, 68, 46, 54, 53, 31, 30, 29, 65, 1, 2, 70, 57, 58, 56, 3, 4, 5, 41, 37, 69, 63, 55, 8, 59, 7, 9, 27, 6, 13, 33];3323.0
[46, 62, 7, 13, 18, 21, 27, 61, 57, 52, 44, 64, 14, 15, 16, 70, 3, 4, 43, 26, 17, 66, 12, 19, 20, 23, 60, 33, 32, 22, 24, 28, 0, 1, 2, 8, 59, 29, 30, 31, 65, 45, 40, 38, 39, 47, 48, 54, 55, 56, 5, 25, 6, 9, 10, 11, 58, 51, 67, 49, 50, 53, 42, 35, 34, 36, 69, 41, 37, 63, 68];3402.0
[41, 64, 28, 57, 52, 53, 44, 65, 45, 1, 2, 3, 4, 8, 7, 9, 10, 11, 18, 19, 20, 33, 35, 36, 37, 38, 34, 32, 26, 22, 24, 30, 29, 31, 0, 43, 42, 68, 46, 62, 48, 51, 55, 56, 70, 58, 61, 59, 67, 49, 50, 54, 5, 25, 27, 6, 13, 17, 66, 14, 12, 15, 16, 21, 23, 60, 63, 47, 39, 40, 69];2989.0
[43, 68, 54, 55, 56, 4, 27, 13, 28, 29, 31, 45, 70, 8, 7, 18, 19, 20, 23, 60, 33, 26, 1, 2, 5, 0, 65, 42, 38, 34, 36, 37, 3, 9, 66, 14, 12, 15, 16, 35, 69, 41, 63, 40, 53, 30, 24, 25, 6, 11, 10, 58, 61, 59, 57, 52, 46, 62, 49, 48, 51, 50, 67, 47, 39, 32, 22, 21, 17, 64, 44];3209.0
[32, 44, 45, 53, 70, 4, 65, 49, 50, 52, 43, 37, 39, 51, 67, 47, 48, 55, 57, 56, 5, 0, 1, 2, 62, 54, 3, 25, 6, 24, 29, 31, 30, 28, 66, 14, 12, 15, 16, 21, 22, 33, 69, 41, 38, 34, 35, 26, 64, 17, 13, 27, 9, 10, 11, 58, 61, 59, 8, 7, 18, 19, 20, 23, 60, 36, 63, 68, 46, 40, 42];3180.0
[0, 65, 44, 45, 47, 48, 66, 14, 12, 15, 16, 19, 26, 25, 27, 6, 13, 18, 21, 23, 20, 22, 64, 28, 1, 2, 70, 3, 59, 57, 8, 7, 17, 24, 29, 30, 31, 34, 36, 40, 68, 53, 43, 60, 33, 35, 69, 41, 37, 63, 38, 39, 42, 32, 9, 11, 10, 61, 58, 51, 67, 49, 50, 52, 46, 62, 54, 55, 56, 4, 5];3028.0
[56, 57, 58, 61, 59, 0, 65, 54, 55, 44, 42, 35, 69, 41, 63, 6, 7, 9, 11, 12, 18, 19, 20, 21, 29, 31, 30, 24, 17, 66, 14, 15, 16, 64, 25, 27, 13, 43, 34, 60, 33, 32, 26, 22, 23, 28, 45, 53, 1, 70, 3, 5, 2, 4, 8, 10, 51, 52, 40, 68, 46, 50, 67, 49, 47, 48, 39, 37, 38, 36, 62];3333.0
[6, 66, 12, 14, 15, 20, 22, 18, 21, 25, 10, 61, 59, 4, 2, 70, 57, 56, 52, 53, 44, 45, 65, 28, 64, 17, 24, 29, 31, 30, 43, 35, 69, 41, 63, 42, 32, 26, 23, 19, 16, 11, 58, 67, 49, 47, 40, 68, 46, 62, 1, 5, 0, 34, 60, 33, 36, 37, 38, 39, 48, 51, 50, 54, 55, 3, 8, 7, 9, 13, 27];2894.0
[57, 67, 48, 51, 50, 53, 44, 45, 65, 30, 29, 31, 1, 2, 4, 8, 11, 10, 58, 59, 5, 43, 42, 35, 33, 34, 36, 63, 68, 46, 54, 55, 3, 7, 12, 15, 16, 18, 19, 69, 41, 37, 38, 60, 32, 26, 22, 25, 27, 13, 6, 9, 64, 24, 28, 0, 70, 56, 52, 62, 49, 47, 39, 40, 23, 20, 21, 17, 66, 14, 61];3042.0
[57, 46, 52, 62, 49, 50, 70, 4, 5, 0, 1, 2, 44, 65, 28, 19, 20, 22, 18, 21, 64, 17, 24, 29, 30, 69, 38, 34, 35, 26, 12, 15, 16, 14, 27, 25, 6, 9, 11, 10, 59, 51, 67, 47, 39, 48, 55, 56, 3, 8, 7, 13, 66, 31, 45, 53, 43, 41, 37, 36, 63, 42, 32, 23, 60, 33, 40, 68, 54, 58, 61];3174.0
[36, 63, 68, 65, 1, 2, 52, 55, 70, 3, 5, 25, 9, 17, 21, 33, 35, 34, 62, 54, 50, 67, 49, 39, 47, 48, 51, 53, 31, 30, 29, 0, 44, 45, 46, 40, 43, 42, 69, 41, 37, 38, 32, 26, 22, 13, 27, 6, 7, 11, 10, 59, 8, 58, 61, 57, 56, 4, 28, 24, 64, 66, 14, 12, 15, 16, 18, 19, 20, 23, 60];2800.0
[32, 26, 22, 43, 46, 67, 48, 51, 50, 54, 55, 52, 44, 65, 1, 70, 57, 58, 61, 56, 4, 5, 2, 3, 59, 8, 7, 13, 14, 12, 15, 45, 53, 30, 31, 0, 28, 29, 24, 17, 19, 20, 23, 36, 37, 63, 40, 68, 62, 49, 47, 39, 42, 64, 25, 27, 6, 11, 9, 10, 66, 16, 18, 21, 33, 69, 41, 38, 34, 35, 60];2915.0
[52, 53, 41, 63, 68, 46, 40, 42, 35, 34, 36, 70, 3, 59, 17, 18, 19, 16, 14, 13, 27, 6, 24, 29, 30, 31, 0, 25, 66, 12, 15, 20, 23, 21, 64, 1, 2, 44, 43, 69, 37, 47, 39, 38, 60, 33, 32, 26, 22, 28, 65, 4, 5, 45, 62, 54, 50, 67, 49, 48, 51, 55, 8, 7, 9, 10, 11, 61, 57, 56, 58];3129.0
[14, 13, 44, 32, 26, 1, 2, 70, 57, 59, 5, 17, 18, 19, 45, 62, 54, 55, 56, 3, 4, 8, 7, 64, 24, 25, 6, 9, 10, 11, 58, 61, 27, 12, 15, 16, 65, 42, 41, 37, 47, 39, 40, 68, 49, 51, 50, 67, 48, 46, 52, 53, 43, 69, 38, 36, 63, 35, 34, 60, 33, 22, 28, 0, 31, 30, 29, 21, 23, 20, 66];3255.0
[48, 51, 62, 49, 67, 50, 31, 65, 0, 28, 64, 18, 33, 35, 32, 26, 69, 37, 63, 53, 44, 43, 42, 41, 39, 47, 55, 56, 52, 70, 3, 4, 5, 66, 14, 12, 16, 19, 29, 30, 22, 23, 60, 34, 38, 36, 40, 68, 54, 59, 57, 58, 61, 8, 7, 10, 11, 9, 15, 20, 21, 1, 2, 25, 27, 6, 13, 17, 24, 45, 46];3330.0
[56, 57, 51, 67, 48, 53, 31, 30, 20, 21, 66, 12, 13, 28, 38, 36, 40, 29, 24, 26, 23, 33, 60, 32, 22, 17, 25, 6, 64, 1, 2, 70, 5, 0, 65, 45, 49, 50, 52, 47, 39, 46, 54, 3, 4, 7, 9, 18, 19, 15, 16, 14, 27, 11, 10, 59, 8, 58, 61, 44, 43, 42, 34, 35, 69, 41, 37, 63, 68, 62, 55];3427.0
[53, 70, 8, 7, 6, 9, 11, 10, 56, 46, 54, 52, 65, 2, 25, 27, 18, 19, 22, 32, 23, 20, 21, 64, 24, 28, 1, 57, 58, 61, 59, 4, 0, 31, 29, 30, 42, 68, 62, 49, 50, 67, 40, 37, 63, 38, 36, 60, 33, 35, 34, 26, 17, 66, 13, 14, 12, 15, 16, 43, 69, 41, 39, 47, 48, 51, 55, 3, 5, 44, 45];3107.0
[52, 42, 35, 32, 22, 17, 64, 18, 19, 14, 13, 66, 1, 5, 44, 43, 37, 38, 60, 69, 41, 46, 62, 53, 65, 28, 25, 27, 6, 29, 30, 24, 26, 33, 34, 36, 68, 54, 55, 4, 7, 9, 12, 15, 16, 0, 31, 2, 70, 57, 58, 51, 48, 50, 67, 49, 47, 39, 40, 63, 23, 20, 21, 45, 56, 3, 59, 8, 11, 10, 61];3292.0
[12, 10, 58, 61, 40, 68, 46, 62, 1, 2, 45, 53, 69, 41, 66, 14, 6, 59, 8, 57, 52, 54, 70, 3, 4, 5, 44, 43, 32, 26, 22, 65, 49, 48, 50, 67, 51, 55, 56, 7, 11, 9, 13, 28, 0, 31, 30, 29, 24, 17, 64, 25, 27, 18, 21, 33, 35, 34, 37, 38, 36, 63, 47, 39, 42, 60, 23, 19, 20, 15, 16];3474.0
[6, 14, 65, 68, 46, 40, 26, 66, 15, 16, 18, 19, 20, 21, 17, 70, 3, 59, 8, 7, 9, 13, 22, 33, 41, 63, 42, 35, 32, 12, 11, 10, 58, 61, 57, 43, 23, 60, 34, 69, 48, 67, 51, 50, 52, 49, 47, 39, 37, 38, 36, 62, 54, 55, 56, 4, 28, 24, 29, 31, 30, 44, 45, 53, 1, 2, 5, 0, 64, 25, 27];3276.0
[59, 30, 31, 29, 45, 46, 55, 8, 7, 9, 10, 61, 40, 68, 63, 32, 64, 1, 3, 4, 5, 25, 27, 6, 43, 42, 22, 12, 15, 16, 18, 23, 60, 33, 26, 17, 24, 2, 70, 57, 58, 56, 62, 54, 67, 49, 65, 0, 28, 19, 20, 21, 36, 37, 39, 47, 48, 51, 50, 52, 53, 44, 69, 41, 38, 34, 35, 66, 14, 13, 11];3600.0
[17, 28, 51, 50, 18, 19, 16, 43, 34, 35, 32, 64, 57, 56, 70, 47, 39, 42, 68, 46, 62, 54, 52, 45, 53, 44, 65, 0, 1, 2, 5, 3, 4, 31, 30, 29, 24, 26, 33, 69, 41, 63, 40, 8, 7, 11, 10, 58, 61, 59, 67, 49, 48, 55, 25, 27, 6, 9, 12, 15, 20, 23, 36, 37, 38, 60, 22, 21, 66, 14, 13];3526.0
[17, 44, 45, 7, 9, 12, 15, 16, 33, 34, 35, 13, 11, 10, 8, 59, 43, 42, 32, 22, 66, 14, 1, 2, 5, 25, 27, 6, 24, 29, 30, 31, 48, 50, 65, 0, 28, 64, 19, 20, 23, 60, 69, 41, 37, 68, 46, 52, 53, 49, 51, 67, 47, 39, 38, 36, 63, 40, 62, 54, 55, 56, 57, 58, 61, 70, 3, 4, 26, 18, 21];3309.0
[46, 62, 54, 55, 70, 57, 56, 34, 60, 26, 49, 51, 67, 42, 23, 16, 65, 45, 53, 44, 43, 69, 41, 63, 40, 38, 36, 39, 47, 48, 50, 52, 29, 24, 25, 27, 13, 6, 28, 0, 1, 3, 4, 7, 9, 11, 10, 58, 61, 8, 59, 5, 2, 31, 30, 64, 17, 66, 14, 12, 15, 18, 19, 20, 21, 22, 33, 32, 35, 37, 68];3153.0
[14, 13, 24, 44, 56, 3, 4, 8, 51, 54, 55, 52, 36, 37, 38, 23, 20, 19, 16, 25, 27, 6, 7, 9, 17, 1, 2, 70, 5, 30, 29, 31, 65, 41, 39, 47, 48, 50, 35, 34, 60, 33, 32, 26, 22, 0, 45, 46, 40, 68, 67, 49, 28, 64, 66, 12, 15, 18, 21, 11, 10, 58, 61, 59, 57, 43, 42, 69, 63, 62, 53];3548.0
[26, 22, 0, 1, 5, 66, 20, 23, 19, 16, 2, 70, 4, 11, 10, 52, 44, 65, 45, 43, 35, 34, 63, 53, 3, 8, 7, 17, 64, 62, 48, 51, 50, 67, 49, 38, 36, 40, 54, 55, 56, 57, 58, 61, 59, 9, 14, 12, 15, 28, 31, 29, 30, 24, 25, 27, 6, 13, 18, 21, 33, 69, 41, 37, 42, 68, 46, 47, 39, 60, 32];3316.0
[32, 10, 59, 8, 7, 9, 20, 23, 19, 17, 1, 2, 18, 21, 45, 56, 70, 5, 44, 43, 42, 48, 50, 49, 51, 67, 47, 39, 68, 46, 54, 55, 57, 58, 11, 61, 25, 27, 6, 13, 66, 14, 12, 15, 16, 29, 30, 31, 65, 0, 28, 64, 24, 26, 22, 35, 69, 41, 40, 63, 62, 52, 53, 3, 4, 34, 36, 37, 38, 60, 33];3336.0
[35, 34, 23, 60, 33, 32, 26, 4, 5, 43, 42, 18, 19, 64, 24, 28, 0, 70, 57, 58, 51, 50, 52, 69, 41, 63, 62, 54, 53, 45, 48, 67, 49, 47, 39, 40, 68, 55, 3, 25, 27, 9, 1, 2, 44, 65, 31, 30, 29, 66, 14, 12, 15, 16, 20, 21, 22, 17, 13, 6, 7, 10, 11, 61, 59, 8, 56, 46, 37, 38, 36];3223.0
[0, 24, 25, 61, 52, 53, 43, 42, 17, 64, 28, 44, 45, 65, 31, 29, 30, 18, 21, 70, 57, 56, 4, 5, 22, 23, 60, 68, 54, 55, 7, 9, 13, 66, 14, 12, 47, 39, 48, 50, 67, 51, 62, 49, 36, 37, 38, 34, 35, 32, 26, 16, 1, 2, 3, 58, 59, 8, 10, 11, 27, 6, 15, 19, 20, 33, 69, 41, 63, 40, 46];3766.0
[40, 15, 16, 36, 63, 68, 55, 70, 56, 46, 62, 52, 65, 0, 29, 30, 31, 45, 53, 44, 2, 5, 28, 24, 64, 18, 21, 27, 6, 7, 9, 13, 17, 43, 42, 41, 38, 34, 32, 26, 22, 19, 20, 23, 60, 33, 35, 69, 37, 39, 47, 48, 1, 4, 25, 66, 14, 12, 11, 10, 61, 8, 59, 3, 57, 58, 67, 49, 51, 54, 50];3287.0
[69, 57, 56, 70, 5, 2, 3, 4, 31, 29, 30, 26, 22, 45, 62, 52, 53, 1, 8, 11, 10, 58, 61, 59, 7, 9, 12, 15, 25, 27, 6, 13, 66, 14, 16, 19, 28, 0, 65, 44, 41, 37, 63, 38, 36, 40, 68, 54, 55, 46, 48, 51, 50, 67, 49, 47, 39, 23, 20, 18, 21, 17, 64, 24, 43, 42, 32, 33, 34, 60, 35];3046.0
[59, 13, 17, 18, 19, 16, 12, 11, 58, 57, 56, 53, 45, 3, 8, 7, 9, 64, 1, 70, 4, 5, 2, 44, 65, 30, 24, 25, 27, 43, 38, 36, 37, 69, 41, 63, 40, 66, 14, 15, 29, 31, 0, 28, 6, 10, 61, 52, 42, 35, 60, 32, 26, 23, 20, 21, 22, 33, 34, 46, 48, 51, 50, 67, 49, 47, 39, 68, 62, 54, 55];3372.0
[56, 29, 30, 31, 2, 4, 0, 26, 17, 64, 24, 28, 65, 44, 46, 62, 49, 47, 39, 48, 52, 53, 43, 42, 69, 41, 38, 37, 63, 40, 68, 1, 5, 25, 6, 12, 19, 20, 22, 13, 45, 50, 67, 51, 54, 55, 70, 3, 59, 8, 7, 14, 15, 16, 18, 21, 23, 60, 33, 34, 35, 36, 32, 66, 27, 9, 11, 10, 61, 58, 57];3072.0
[62, 53, 35, 34, 36, 40, 52, 66, 12, 15, 19, 16, 17, 64, 70, 3, 4, 5, 0, 1, 2, 44, 65, 25, 27, 6, 13, 14, 28, 43, 42, 68, 55, 56, 57, 59, 8, 7, 24, 29, 30, 31, 45, 48, 50, 49, 38, 60, 33, 32, 26, 22, 18, 21, 23, 20, 9, 11, 10, 58, 61, 54, 51, 67, 47, 39, 69, 41, 37, 63, 46];3107.0
[6, 15, 16, 17, 53, 56, 52, 68, 51, 67, 49, 47, 48, 50, 46, 62, 54, 70, 7, 9, 28, 45, 44, 65, 31, 30, 29, 24, 26, 21, 22, 64, 1, 2, 3, 4, 5, 0, 43, 42, 35, 34, 36, 63, 40, 55, 8, 11, 10, 57, 58, 61, 59, 13, 14, 66, 12, 18, 19, 20, 23, 60, 33, 69, 41, 37, 38, 39, 32, 25, 27];3101.0
[55, 70, 56, 40, 37, 38, 36, 63, 54, 3, 5, 2, 52, 49, 67, 47, 39, 60, 23, 20, 21, 22, 64, 0, 31, 24, 17, 18, 19, 27, 11, 10, 59, 4, 25, 6, 7, 9, 13, 43, 42, 32, 26, 29, 30, 45, 46, 48, 51, 50, 53, 44, 65, 66, 14, 12, 15, 16, 28, 1, 57, 58, 61, 8, 33, 34, 35, 69, 41, 68, 62];3291.0
[58, 11, 61, 57, 56, 70, 0, 26, 64, 28, 45, 46, 40, 35, 69, 41, 63, 53, 44, 65, 1, 4, 8, 7, 9, 24, 29, 31, 30, 43, 42, 68, 62, 49, 48, 55, 3, 5, 2, 17, 66, 12, 15, 16, 18, 19, 25, 27, 6, 13, 14, 10, 59, 52, 54, 51, 50, 67, 47, 32, 20, 21, 22, 23, 38, 60, 33, 34, 36, 37, 39];3344.0
[64, 25, 27, 6, 66, 14, 12, 15, 16, 19, 17, 41, 68, 51, 67, 50, 29, 24, 28, 47, 39, 38, 36, 37, 30, 31, 0, 70, 57, 52, 62, 54, 55, 58, 11, 10, 61, 56, 4, 5, 44, 45, 65, 1, 2, 3, 59, 8, 7, 9, 13, 18, 22, 33, 34, 60, 32, 26, 35, 69, 63, 40, 43, 42, 46, 49, 48, 53, 23, 20, 21];3382.0
[23, 60, 33, 37, 39, 47, 48, 50, 18, 19, 16, 17, 66, 14, 64, 28, 0, 65, 42, 69, 41, 63, 67, 49, 51, 52, 1, 5, 31, 30, 29, 24, 25, 6, 9, 13, 27, 12, 15, 20, 21, 2, 8, 7, 11, 10, 61, 59, 44, 45, 53, 46, 40, 38, 36, 68, 62, 54, 55, 58, 57, 56, 70, 3, 4, 43, 34, 35, 32, 26, 22];3096.0
[64, 17, 28, 55, 56, 70, 58, 51, 50, 54, 32, 33, 26, 1, 2, 3, 8, 7, 9, 10, 61, 57, 52, 65, 31, 30, 29, 24, 25, 27, 6, 66, 14, 13, 0, 45, 53, 46, 62, 44, 43, 35, 34, 36, 40, 68, 49, 47, 48, 67, 39, 42, 69, 41, 37, 63, 38, 60, 23, 20, 21, 22, 18, 19, 15, 16, 12, 11, 59, 4, 5];3056.0
[7, 10, 40, 42, 32, 26, 17, 66, 13, 64, 0, 44, 65, 1, 2, 43, 38, 37, 49, 67, 50, 70, 59, 8, 11, 58, 61, 57, 52, 53, 45, 62, 46, 54, 55, 56, 3, 4, 5, 28, 25, 27, 6, 9, 14, 12, 16, 19, 15, 20, 22, 34, 36, 39, 47, 48, 51, 31, 30, 29, 24, 18, 21, 23, 60, 33, 35, 69, 41, 63, 68];3233.0
[59, 8, 18, 23, 60, 37, 63, 45, 44, 43, 35, 34, 55, 56, 46, 40, 54, 51, 50, 67, 48, 52, 66, 14, 12, 6, 7, 9, 10, 11, 13, 25, 27, 29, 31, 30, 65, 4, 5, 0, 1, 70, 57, 58, 61, 53, 42, 69, 41, 38, 36, 68, 62, 49, 47, 39, 17, 15, 20, 21, 24, 26, 33, 32, 22, 19, 16, 64, 28, 2, 3];3497.0
[44, 46, 39, 47, 43, 42, 35, 34, 32, 29, 30, 45, 53, 28, 17, 18, 20, 21, 22, 36, 63, 40, 68, 62, 52, 49, 50, 67, 48, 54, 51, 55, 3, 5, 0, 31, 65, 1, 2, 56, 70, 57, 58, 61, 59, 4, 8, 7, 66, 14, 13, 6, 24, 26, 33, 69, 41, 37, 38, 60, 23, 19, 25, 27, 9, 10, 11, 12, 15, 16, 64];3061.0
[41, 52, 45, 62, 54, 70, 5, 2, 51, 50, 21, 22, 44, 65, 1, 0, 18, 19, 28, 31, 30, 29, 24, 6, 64, 17, 25, 27, 11, 58, 61, 57, 3, 4, 59, 8, 10, 7, 9, 66, 14, 13, 12, 15, 16, 20, 23, 60, 33, 35, 34, 38, 36, 63, 68, 46, 40, 42, 32, 26, 37, 39, 49, 47, 48, 67, 55, 56, 53, 43, 69];3419.0
[32, 10, 61, 65, 44, 27, 13, 28, 70, 57, 56, 59, 8, 7, 14, 24, 29, 31, 30, 26, 23, 19, 20, 60, 33, 69, 37, 36, 63, 39, 47, 42, 41, 40, 68, 62, 52, 45, 53, 43, 46, 55, 3, 4, 5, 1, 2, 0, 66, 12, 15, 16, 17, 18, 21, 22, 64, 25, 6, 9, 11, 58, 54, 51, 48, 50, 67, 49, 38, 34, 35];3385.0
[59, 51, 50, 67, 48, 37, 63, 40, 43, 42, 69, 41, 3, 8, 18, 19, 20, 23, 60, 36, 46, 52, 53, 45, 49, 47, 39, 38, 68, 62, 31, 30, 29, 24, 66, 13, 14, 12, 15, 16, 21, 28, 1, 70, 4, 5, 2, 25, 6, 7, 27, 9, 11, 10, 58, 61, 35, 34, 33, 32, 26, 22, 17, 64, 0, 65, 44, 54, 55, 56, 57];3219.0
[0, 1, 2, 58, 8, 7, 42, 68, 62, 67, 49, 47, 39, 35, 34, 60, 33, 36, 63, 40, 46, 54, 50, 52, 45, 53, 65, 31, 44, 43, 32, 26, 18, 19, 15, 16, 29, 30, 24, 66, 13, 64, 28, 48, 51, 55, 70, 57, 56, 3, 5, 69, 41, 37, 38, 23, 20, 17, 27, 9, 11, 10, 61, 59, 4, 25, 6, 14, 12, 21, 22];3273.0
[43, 32, 26, 24, 29, 30, 31, 65, 1, 2, 70, 17, 66, 14, 20, 23, 60, 33, 35, 40, 53, 44, 45, 51, 67, 47, 39, 38, 34, 36, 37, 55, 56, 3, 5, 25, 27, 6, 11, 10, 58, 61, 57, 59, 4, 42, 69, 41, 63, 68, 62, 52, 46, 49, 48, 50, 54, 8, 7, 9, 13, 12, 15, 16, 19, 18, 21, 22, 64, 28, 0];2877.0
[13, 33, 32, 0, 46, 40, 39, 68, 55, 3, 8, 7, 17, 24, 64, 28, 2, 70, 57, 56, 62, 49, 65, 31, 45, 53, 44, 43, 35, 36, 63, 42, 69, 41, 37, 38, 34, 60, 12, 15, 16, 18, 19, 10, 58, 61, 59, 4, 30, 29, 26, 22, 23, 20, 21, 66, 14, 27, 11, 54, 51, 50, 67, 47, 48, 52, 1, 5, 25, 6, 9];3468.0
[40, 68, 44, 43, 35, 21, 22, 23, 60, 33, 32, 26, 12, 15, 16, 64, 1, 70, 5, 0, 31, 28, 66, 14, 13, 18, 19, 20, 17, 24, 29, 30, 45, 53, 49, 48, 51, 50, 52, 65, 2, 25, 27, 6, 7, 9, 10, 61, 57, 46, 62, 54, 55, 56, 3, 4, 59, 8, 11, 58, 67, 47, 39, 42, 41, 38, 36, 37, 34, 69, 63];2933.0
[2, 69, 41, 44, 45, 53, 30, 29, 31, 65, 1, 70, 3, 4, 5, 24, 26, 18, 21, 10, 11, 8, 7, 9, 13, 17, 43, 42, 32, 33, 35, 39, 47, 48, 51, 55, 59, 56, 52, 46, 67, 49, 50, 54, 0, 28, 64, 66, 14, 15, 12, 16, 19, 20, 22, 25, 27, 6, 23, 60, 34, 37, 38, 36, 63, 40, 68, 62, 57, 58, 61];3307.0
[20, 42, 68, 28, 0, 70, 3, 7, 9, 13, 1, 2, 43, 41, 47, 39, 48, 54, 4, 8, 59, 57, 61, 56, 52, 46, 62, 45, 53, 65, 30, 29, 31, 44, 35, 34, 60, 32, 66, 14, 12, 15, 16, 64, 17, 27, 25, 6, 11, 10, 58, 50, 67, 49, 51, 55, 5, 24, 26, 22, 18, 21, 33, 69, 38, 36, 37, 63, 40, 23, 19];3294.0
[59, 4, 0, 24, 28, 68, 46, 62, 31, 29, 30, 37, 63, 42, 32, 26, 22, 18, 19, 17, 25, 6, 10, 56, 70, 3, 8, 7, 66, 14, 12, 15, 16, 64, 49, 48, 51, 50, 67, 52, 53, 65, 45, 44, 35, 34, 36, 47, 39, 40, 54, 55, 57, 58, 61, 2, 5, 1, 43, 69, 41, 38, 33, 60, 23, 20, 21, 13, 27, 9, 11];3268.0
[39, 62, 54, 46, 40, 26, 22, 43, 35, 33, 32, 19, 50, 67, 49, 47, 48, 51, 42, 41, 37, 38, 34, 36, 63, 68, 55, 3, 8, 59, 4, 5, 65, 45, 53, 52, 44, 0, 28, 64, 17, 1, 2, 70, 58, 57, 56, 31, 30, 29, 24, 25, 27, 6, 10, 7, 9, 11, 61, 12, 20, 21, 13, 66, 14, 15, 16, 18, 23, 60, 69];3435.0
[50, 52, 65, 1, 4, 5, 2, 45, 53, 44, 69, 63, 54, 55, 56, 3, 57, 58, 70, 51, 67, 43, 42, 38, 34, 36, 37, 47, 39, 19, 20, 30, 29, 31, 0, 28, 24, 26, 23, 60, 35, 33, 32, 25, 27, 11, 10, 61, 59, 8, 6, 7, 9, 13, 66, 14, 12, 15, 16, 18, 22, 21, 64, 17, 41, 40, 68, 46, 62, 49, 48];3195.0
[67, 18, 33, 22, 23, 20, 21, 45, 46, 49, 51, 53, 44, 1, 70, 3, 4, 5, 43, 37, 40, 32, 26, 64, 65, 42, 34, 36, 38, 60, 35, 69, 41, 63, 68, 62, 54, 55, 59, 8, 7, 9, 28, 0, 31, 29, 30, 24, 66, 14, 13, 11, 10, 61, 57, 56, 52, 47, 39, 48, 2, 12, 15, 16, 19, 17, 25, 27, 6, 58, 50];3413.0
[37, 63, 34, 36, 40, 68, 46, 42, 26, 25, 27, 6, 45, 53, 44, 43, 32, 33, 35, 69, 41, 60, 17, 64, 28, 1, 5, 0, 31, 30, 29, 65, 2, 4, 8, 59, 7, 9, 11, 10, 58, 61, 57, 56, 70, 52, 47, 39, 48, 51, 55, 3, 13, 18, 19, 16, 66, 14, 12, 15, 20, 23, 21, 22, 24, 62, 54, 50, 67, 49, 38];3088.0
[64, 25, 27, 46, 40, 26, 22, 66, 14, 17, 0, 3, 4, 8, 59, 53, 45, 38, 60, 33, 35, 34, 69, 41, 63, 62, 52, 42, 32, 18, 19, 16, 24, 29, 31, 30, 65, 1, 2, 5, 70, 57, 58, 61, 10, 11, 20, 21, 23, 36, 39, 47, 48, 54, 55, 56, 7, 9, 6, 13, 12, 15, 44, 43, 37, 68, 49, 51, 67, 50, 28];3557.0
[48, 55, 56, 4, 8, 11, 13, 15, 19, 20, 23, 60, 69, 41, 63, 40, 43, 42, 32, 24, 29, 30, 31, 66, 14, 12, 16, 64, 45, 53, 44, 54, 67, 47, 39, 34, 35, 33, 26, 18, 21, 22, 28, 0, 1, 57, 58, 51, 50, 52, 37, 38, 36, 70, 3, 2, 5, 25, 27, 6, 10, 61, 59, 7, 9, 17, 65, 68, 46, 62, 49];3196.0
[61, 62, 47, 39, 32, 26, 22, 17, 64, 13, 11, 59, 57, 8, 4, 5, 0, 30, 31, 29, 66, 14, 12, 15, 18, 19, 16, 65, 49, 48, 67, 51, 1, 2, 45, 53, 54, 50, 52, 46, 40, 38, 60, 33, 35, 34, 36, 68, 55, 56, 70, 3, 44, 43, 69, 41, 37, 63, 42, 23, 20, 21, 24, 28, 25, 27, 6, 7, 9, 10, 58];3056.0
[69, 40, 68, 46, 59, 8, 7, 11, 9, 14, 28, 31, 54, 55, 3, 4, 2, 5, 0, 1, 70, 56, 62, 49, 48, 51, 67, 50, 65, 45, 53, 44, 43, 34, 60, 33, 17, 66, 12, 15, 20, 23, 19, 24, 29, 30, 42, 41, 37, 36, 63, 38, 32, 26, 22, 16, 18, 21, 64, 25, 6, 13, 27, 10, 58, 61, 57, 52, 47, 39, 35];3203.0
[4, 5, 0, 65, 45, 46, 62, 49, 47, 39, 40, 68, 30, 29, 31, 37, 38, 33, 26, 28, 1, 2, 56, 44, 69, 41, 63, 42, 32, 22, 64, 24, 17, 18, 19, 16, 20, 21, 25, 6, 7, 11, 58, 67, 48, 55, 70, 3, 8, 66, 14, 12, 15, 27, 13, 9, 10, 51, 50, 52, 53, 43, 35, 23, 60, 34, 36, 54, 57, 61, 59];3393.0
[17, 70, 3, 40, 42, 22, 66, 14, 12, 15, 16, 57, 56, 65, 1, 2, 0, 31, 29, 28, 64, 13, 25, 27, 9, 43, 41, 34, 35, 32, 33, 26, 19, 20, 23, 60, 69, 39, 46, 54, 55, 6, 7, 11, 10, 61, 58, 8, 59, 4, 5, 45, 62, 49, 47, 48, 51, 50, 67, 38, 36, 37, 63, 68, 52, 53, 44, 30, 24, 18, 21];3460.0
[33, 22, 0, 65, 46, 47, 40, 23, 60, 1, 4, 8, 7, 13, 29, 30, 31, 45, 53, 44, 43, 32, 17, 28, 64, 24, 25, 27, 6, 10, 50, 67, 48, 51, 66, 14, 9, 11, 59, 5, 2, 70, 58, 61, 52, 69, 41, 37, 63, 68, 54, 55, 57, 56, 3, 35, 34, 26, 18, 19, 16, 12, 15, 20, 21, 42, 62, 49, 39, 36, 38];3745.0
[13, 64, 44, 47, 39, 68, 49, 50, 1, 2, 57, 56, 4, 5, 43, 69, 63, 26, 22, 23, 20, 21, 28, 0, 45, 46, 62, 67, 48, 53, 65, 25, 27, 6, 54, 51, 52, 40, 35, 34, 60, 33, 32, 19, 18, 16, 12, 15, 17, 66, 14, 24, 29, 30, 31, 42, 41, 38, 36, 37, 55, 70, 3, 59, 8, 7, 9, 10, 11, 58, 61];3439.0
[33, 26, 22, 23, 19, 16, 28, 0, 54, 51, 44, 43, 35, 34, 32, 66, 14, 13, 64, 46, 40, 68, 53, 45, 62, 49, 50, 52, 31, 30, 29, 25, 27, 6, 24, 1, 2, 5, 42, 63, 39, 47, 48, 67, 55, 56, 3, 4, 70, 57, 58, 61, 59, 8, 7, 9, 10, 11, 12, 15, 18, 20, 21, 17, 65, 69, 41, 36, 37, 38, 60];3174.0
[0, 28, 65, 69, 37, 36, 63, 40, 53, 44, 43, 41, 38, 60, 32, 26, 22, 29, 30, 31, 1, 2, 70, 51, 50, 52, 45, 42, 68, 46, 62, 67, 49, 54, 55, 57, 58, 56, 3, 4, 5, 24, 64, 17, 66, 12, 15, 25, 27, 11, 10, 61, 59, 8, 7, 9, 13, 6, 14, 20, 21, 23, 19, 16, 18, 33, 34, 35, 39, 47, 48];3064.0
[53, 41, 62, 49, 0, 17, 66, 14, 6, 9, 13, 24, 26, 22, 18, 19, 20, 21, 39, 47, 48, 51, 55, 56, 1, 2, 5, 25, 27, 11, 59, 65, 44, 43, 42, 67, 50, 54, 70, 3, 4, 8, 7, 10, 58, 61, 57, 34, 35, 32, 23, 60, 33, 69, 38, 36, 37, 63, 40, 68, 46, 52, 31, 29, 30, 28, 12, 15, 16, 64, 45];3270.0
[22, 23, 36, 62, 52, 40, 63, 68, 46, 54, 55, 56, 3, 9, 17, 64, 49, 48, 51, 50, 65, 2, 70, 58, 67, 47, 39, 42, 32, 66, 14, 27, 11, 10, 61, 57, 59, 5, 0, 44, 45, 53, 43, 34, 35, 69, 41, 37, 38, 25, 6, 15, 16, 19, 20, 28, 1, 4, 8, 7, 13, 12, 18, 21, 60, 33, 31, 30, 29, 24, 26];3418.0
[5, 25, 27, 6, 0, 46, 47, 26, 22, 14, 13, 24, 28, 42, 68, 65, 1, 2, 29, 30, 31, 43, 63, 40, 32, 66, 12, 15, 16, 64, 17, 18, 19, 20, 21, 23, 60, 33, 69, 41, 37, 38, 34, 35, 36, 39, 48, 44, 45, 53, 70, 58, 61, 57, 52, 62, 54, 50, 67, 49, 51, 55, 56, 3, 8, 7, 9, 10, 11, 59, 4];3054.0
[56, 53, 42, 41, 37, 63, 68, 30, 29, 24, 21, 17, 66, 64, 28, 1, 4, 8, 13, 6, 45, 40, 38, 36, 46, 62, 47, 48, 52, 2, 5, 0, 31, 65, 44, 43, 32, 26, 22, 18, 19, 16, 14, 12, 15, 20, 23, 60, 34, 33, 35, 69, 39, 50, 67, 49, 51, 54, 55, 3, 25, 27, 9, 10, 7, 11, 58, 61, 59, 70, 57];3134.0
[14, 43, 68, 40, 60, 33, 64, 28, 65, 53, 46, 62, 50, 54, 55, 70, 3, 56, 52, 32, 26, 22, 4, 5, 25, 12, 15, 18, 16, 17, 1, 2, 0, 31, 30, 44, 45, 47, 39, 38, 34, 35, 69, 41, 36, 37, 63, 42, 23, 19, 20, 21, 27, 6, 61, 57, 59, 8, 7, 9, 11, 13, 10, 58, 67, 49, 48, 51, 29, 24, 66];3515.0
[28, 1, 47, 48, 50, 44, 32, 23, 60, 69, 41, 40, 68, 46, 52, 53, 57, 56, 70, 59, 8, 58, 61, 7, 13, 24, 29, 30, 31, 43, 42, 35, 34, 26, 17, 0, 65, 62, 54, 55, 3, 4, 5, 2, 45, 49, 51, 67, 39, 22, 66, 15, 19, 16, 18, 20, 21, 33, 37, 38, 36, 63, 64, 25, 27, 14, 12, 6, 9, 10, 11];3430.0
[50, 44, 65, 17, 14, 13, 30, 29, 31, 43, 42, 68, 47, 48, 51, 53, 45, 54, 55, 56, 4, 7, 9, 69, 41, 60, 33, 66, 12, 15, 19, 16, 18, 23, 20, 21, 70, 3, 57, 58, 67, 39, 38, 36, 37, 63, 40, 62, 52, 1, 2, 8, 59, 0, 28, 24, 25, 27, 6, 11, 10, 61, 5, 34, 35, 32, 26, 22, 64, 46, 49];3403.0
[50, 12, 15, 42, 49, 47, 39, 69, 41, 46, 59, 8, 7, 17, 64, 28, 0, 1, 2, 65, 44, 31, 29, 30, 24, 18, 23, 60, 33, 34, 37, 38, 36, 63, 40, 68, 62, 54, 55, 52, 45, 53, 70, 57, 56, 3, 4, 5, 43, 35, 32, 26, 25, 6, 13, 66, 14, 16, 19, 20, 21, 22, 27, 9, 10, 11, 61, 58, 48, 51, 67];3241.0
[17, 0, 65, 45, 46, 49, 47, 39, 63, 40, 68, 55, 56, 3, 64, 66, 12, 15, 16, 14, 13, 24, 28, 1, 2, 70, 4, 5, 8, 59, 57, 62, 52, 42, 32, 23, 20, 21, 25, 6, 7, 27, 9, 11, 10, 61, 58, 54, 67, 48, 51, 50, 53, 31, 29, 30, 44, 43, 69, 41, 37, 36, 38, 60, 33, 34, 35, 26, 22, 18, 19];2881.0
[16, 46, 52, 44, 43, 23, 20, 36, 37, 34, 22, 64, 25, 12, 15, 18, 21, 28, 29, 30, 45, 53, 1, 27, 6, 7, 61, 47, 39, 38, 60, 33, 35, 62, 54, 65, 31, 24, 26, 17, 66, 14, 13, 9, 11, 10, 58, 50, 67, 49, 48, 51, 55, 70, 57, 56, 8, 59, 2, 3, 4, 5, 0, 69, 41, 63, 40, 68, 42, 32, 19];3581.0
[2, 34, 35, 21, 22, 17, 64, 28, 43, 37, 63, 47, 39, 40, 68, 46, 54, 55, 57, 61, 59, 9, 18, 19, 16, 25, 27, 6, 11, 10, 58, 67, 49, 51, 48, 50, 52, 42, 69, 41, 38, 32, 26, 66, 12, 15, 20, 23, 60, 33, 36, 62, 56, 70, 3, 5, 45, 53, 4, 8, 7, 13, 14, 24, 29, 30, 31, 0, 44, 65, 1];3139.0
[53, 43, 42, 54, 3, 8, 59, 11, 61, 4, 28, 17, 64, 18, 19, 20, 21, 33, 32, 26, 22, 13, 9, 10, 7, 12, 15, 16, 0, 45, 47, 39, 35, 34, 69, 40, 46, 62, 52, 30, 29, 31, 44, 51, 50, 67, 49, 48, 55, 70, 58, 57, 56, 65, 1, 2, 5, 25, 27, 6, 66, 14, 24, 23, 60, 41, 37, 38, 36, 63, 68];3204.0
[23, 37, 46, 62, 52, 2, 4, 9, 61, 67, 49, 40, 32, 21, 24, 28, 1, 5, 66, 14, 12, 11, 10, 58, 51, 48, 50, 53, 44, 45, 70, 3, 0, 65, 43, 34, 26, 22, 17, 64, 25, 27, 6, 42, 47, 39, 38, 36, 54, 55, 56, 57, 59, 8, 7, 13, 15, 16, 60, 33, 35, 69, 41, 63, 68, 31, 29, 30, 18, 19, 20];3686.0
[5, 2, 52, 53, 65, 45, 44, 42, 34, 35, 69, 41, 39, 58, 61, 8, 59, 57, 46, 54, 55, 56, 47, 38, 60, 22, 24, 29, 30, 31, 43, 32, 26, 13, 9, 10, 11, 33, 36, 37, 63, 40, 68, 62, 28, 25, 27, 6, 7, 49, 48, 50, 67, 51, 0, 64, 66, 14, 12, 15, 20, 21, 23, 19, 16, 18, 17, 1, 70, 3, 4];3384.0
[55, 31, 30, 24, 23, 60, 33, 32, 26, 64, 17, 25, 13, 18, 22, 19, 20, 21, 15, 16, 14, 66, 12, 27, 6, 61, 8, 7, 9, 11, 10, 58, 57, 59, 4, 5, 2, 0, 28, 29, 65, 44, 45, 43, 42, 35, 34, 36, 63, 40, 69, 41, 37, 38, 39, 47, 48, 53, 1, 3, 56, 70, 52, 68, 46, 62, 49, 51, 67, 50, 54];2928.0
[64, 0, 65, 44, 43, 34, 36, 63, 52, 30, 29, 31, 42, 68, 46, 40, 35, 69, 41, 37, 38, 60, 26, 17, 28, 45, 39, 47, 48, 51, 53, 1, 2, 5, 62, 54, 50, 67, 49, 55, 58, 61, 57, 56, 3, 8, 14, 15, 19, 16, 12, 11, 10, 59, 7, 18, 21, 22, 25, 27, 6, 66, 24, 23, 20, 33, 32, 70, 4, 9, 13];3416.0
[6, 7, 44, 46, 47, 48, 67, 50, 52, 53, 0, 28, 64, 18, 23, 19, 16, 1, 2, 3, 4, 5, 24, 30, 29, 31, 65, 45, 62, 54, 70, 58, 61, 57, 39, 38, 60, 33, 32, 26, 22, 17, 66, 12, 15, 20, 21, 14, 9, 11, 10, 59, 8, 56, 43, 42, 36, 34, 35, 69, 41, 37, 63, 40, 68, 49, 51, 55, 25, 13, 27];3116.0
[6, 7, 35, 34, 38, 36, 62, 49, 51, 44, 28, 66, 12, 15, 16, 30, 29, 31, 0, 65, 43, 41, 37, 39, 68, 46, 47, 48, 50, 67, 52, 53, 45, 54, 55, 70, 3, 5, 24, 26, 18, 21, 22, 23, 60, 33, 69, 63, 40, 42, 32, 14, 13, 19, 20, 17, 64, 1, 2, 58, 59, 8, 11, 10, 61, 57, 56, 4, 25, 27, 9];3173.0
[40, 68, 55, 58, 61, 57, 51, 67, 47, 39, 37, 63, 69, 41, 38, 35, 34, 36, 54, 70, 3, 4, 1, 2, 5, 25, 27, 6, 15, 19, 16, 24, 28, 45, 53, 43, 42, 32, 26, 22, 17, 64, 18, 21, 66, 13, 14, 12, 20, 23, 60, 33, 0, 65, 44, 31, 29, 30, 62, 49, 48, 50, 56, 8, 7, 9, 10, 11, 59, 52, 46];3060.0
