ftv55
[0, 33, 47, 45, 30, 46, 31, 55, 34, 1, 3, 7, 51, 14, 15, 17, 16, 12, 13, 35, 4, 5, 6, 48, 2, 42, 50, 23, 54, 29, 27, 49, 44, 53, 43, 28, 25, 24, 20, 40, 41, 21, 22, 19, 18, 39, 32, 8, 36, 9, 37, 11, 38, 10, 52, 26];2077.0;2557.191588785047;6625822.73364486;140.0;216759.0;214.0
[9, 52, 25, 24, 18, 39, 38, 19, 20, 40, 41, 22, 44, 53, 43, 28, 55, 31, 3, 4, 8, 36, 37, 11, 51, 10, 12, 14, 15, 16, 17, 42, 21, 50, 23, 54, 49, 45, 30, 46, 29, 27, 34, 1, 2, 33, 26, 0, 13, 35, 5, 47, 48, 6, 7, 32];2326.0
[39, 26, 25, 18, 7, 33, 2, 10, 51, 34, 48, 31, 46, 55, 42, 21, 27, 49, 43, 22, 23, 54, 45, 30, 13, 35, 5, 47, 44, 28, 53, 29, 52, 14, 12, 15, 16, 17, 0, 1, 3, 6, 4, 32, 8, 36, 9, 37, 11, 38, 19, 20, 40, 41, 50, 24];2708.0
[14, 51, 13, 35, 4, 5, 6, 8, 7, 42, 50, 32, 36, 37, 9, 11, 10, 12, 15, 17, 16, 52, 26, 27, 45, 29, 25, 24, 20, 40, 41, 22, 21, 19, 18, 39, 38, 0, 1, 2, 33, 34, 3, 48, 31, 23, 54, 49, 43, 44, 53, 30, 46, 55, 47, 28];2545.0
[14, 10, 51, 15, 17, 16, 0, 2, 33, 52, 26, 42, 50, 23, 49, 29, 27, 25, 24, 54, 43, 53, 21, 22, 20, 40, 19, 18, 13, 35, 7, 32, 8, 6, 5, 47, 31, 48, 3, 4, 36, 9, 37, 12, 39, 38, 11, 41, 45, 44, 28, 30, 46, 34, 55, 1];2477.0
[14, 15, 17, 16, 12, 39, 10, 51, 52, 26, 23, 24, 18, 32, 8, 36, 11, 38, 19, 42, 27, 28, 29, 49, 13, 35, 6, 5, 48, 3, 31, 47, 30, 46, 55, 34, 33, 1, 2, 0, 25, 20, 41, 21, 50, 54, 45, 44, 53, 43, 22, 40, 37, 9, 4, 7];2599.0
[0, 33, 47, 45, 30, 46, 31, 55, 34, 1, 3, 7, 51, 14, 15, 17, 16, 12, 13, 35, 4, 5, 6, 48, 2, 42, 50, 23, 54, 29, 27, 49, 44, 53, 43, 28, 25, 24, 20, 40, 41, 21, 22, 19, 18, 39, 32, 8, 36, 9, 37, 11, 38, 10, 52, 26];2077.0
[45, 1, 2, 15, 16, 17, 26, 52, 0, 33, 29, 49, 44, 30, 55, 34, 31, 46, 48, 3, 4, 10, 12, 14, 11, 37, 36, 9, 32, 8, 7, 51, 13, 35, 5, 6, 47, 53, 43, 28, 25, 18, 39, 38, 19, 20, 40, 41, 22, 21, 24, 42, 50, 23, 54, 27];2195.0
[25, 42, 50, 55, 1, 3, 48, 47, 28, 45, 44, 53, 43, 22, 40, 20, 41, 21, 54, 26, 14, 51, 37, 9, 11, 38, 10, 49, 30, 34, 2, 12, 16, 15, 17, 52, 0, 33, 31, 46, 29, 27, 23, 24, 19, 18, 39, 13, 4, 5, 6, 7, 32, 35, 8, 36];2586.0
[21, 50, 22, 41, 1, 2, 33, 26, 52, 25, 54, 43, 28, 53, 16, 17, 15, 40, 19, 20, 42, 23, 24, 18, 39, 10, 12, 51, 13, 5, 6, 36, 9, 37, 11, 38, 32, 8, 35, 4, 7, 14, 0, 34, 46, 29, 27, 49, 44, 45, 30, 55, 47, 48, 3, 31];2638.0
[7, 30, 46, 55, 2, 33, 3, 6, 5, 47, 48, 31, 29, 17, 16, 15, 12, 39, 19, 40, 21, 22, 41, 23, 50, 24, 42, 54, 49, 27, 45, 44, 28, 53, 43, 32, 36, 9, 10, 51, 14, 52, 26, 25, 20, 18, 37, 11, 38, 0, 34, 1, 13, 35, 4, 8];2538.0
[16, 15, 17, 52, 0, 55, 34, 31, 48, 1, 51, 37, 36, 9, 8, 4, 6, 5, 47, 44, 28, 53, 23, 24, 54, 49, 29, 27, 26, 33, 2, 13, 35, 10, 11, 19, 20, 40, 42, 21, 22, 41, 50, 18, 39, 38, 14, 25, 43, 45, 30, 46, 3, 7, 32, 12];2386.0
[4, 5, 6, 26, 25, 24, 41, 50, 54, 49, 29, 27, 44, 28, 53, 43, 30, 46, 1, 11, 19, 20, 40, 18, 39, 38, 14, 0, 33, 2, 13, 35, 7, 10, 51, 12, 15, 17, 16, 55, 34, 52, 42, 21, 22, 23, 45, 31, 47, 48, 3, 32, 8, 36, 37, 9];2457.0
[48, 3, 17, 16, 15, 12, 51, 36, 9, 37, 11, 19, 23, 24, 42, 50, 13, 35, 4, 5, 47, 6, 31, 28, 53, 43, 44, 45, 30, 46, 49, 29, 21, 22, 41, 54, 27, 10, 32, 8, 7, 52, 26, 25, 20, 40, 18, 39, 38, 14, 0, 55, 34, 1, 2, 33];2627.0
[5, 47, 31, 55, 46, 49, 45, 30, 13, 35, 8, 36, 51, 14, 15, 17, 52, 0, 33, 1, 2, 24, 42, 22, 40, 41, 54, 27, 34, 3, 48, 44, 53, 43, 28, 26, 25, 20, 21, 50, 23, 29, 16, 12, 39, 38, 37, 9, 11, 19, 18, 10, 32, 7, 4, 6];2432.0
[27, 49, 45, 30, 29, 26, 52, 34, 1, 13, 10, 51, 12, 39, 0, 2, 33, 46, 55, 31, 48, 3, 6, 4, 7, 32, 8, 36, 35, 5, 47, 28, 14, 15, 16, 17, 25, 24, 43, 44, 53, 21, 22, 41, 40, 18, 37, 9, 11, 38, 19, 20, 42, 50, 23, 54];2453.0
[17, 20, 18, 52, 25, 54, 29, 26, 42, 50, 24, 37, 9, 32, 8, 36, 51, 12, 10, 11, 38, 19, 39, 0, 34, 1, 3, 6, 5, 47, 48, 46, 27, 23, 21, 40, 22, 41, 49, 45, 30, 13, 35, 4, 7, 14, 2, 33, 55, 31, 44, 53, 43, 28, 15, 16];2810.0
[7, 54, 27, 49, 45, 1, 2, 33, 26, 25, 20, 40, 19, 38, 37, 9, 11, 17, 16, 15, 12, 51, 14, 52, 0, 3, 48, 5, 47, 31, 44, 28, 53, 43, 30, 46, 55, 34, 29, 42, 22, 41, 21, 50, 23, 24, 18, 39, 10, 13, 35, 6, 4, 32, 8, 36];2332.0
[51, 34, 48, 3, 7, 32, 8, 36, 37, 9, 12, 14, 0, 33, 55, 1, 2, 42, 54, 27, 49, 45, 13, 35, 4, 5, 6, 47, 31, 50, 23, 43, 28, 53, 44, 30, 46, 29, 26, 52, 15, 16, 17, 25, 24, 20, 40, 22, 41, 21, 19, 18, 39, 11, 38, 10];2375.0
[24, 49, 52, 0, 2, 33, 18, 39, 37, 9, 36, 11, 38, 19, 22, 41, 21, 23, 54, 29, 25, 20, 40, 42, 50, 45, 55, 34, 1, 17, 15, 16, 27, 28, 53, 43, 44, 30, 46, 47, 31, 48, 3, 10, 51, 13, 35, 5, 6, 4, 32, 8, 7, 12, 14, 26];2439.0
[28, 2, 12, 39, 21, 22, 23, 24, 25, 42, 50, 54, 45, 29, 27, 49, 43, 44, 30, 31, 46, 1, 37, 9, 51, 14, 15, 16, 17, 52, 26, 0, 33, 55, 34, 48, 3, 7, 32, 8, 36, 11, 38, 19, 20, 40, 41, 18, 10, 13, 35, 4, 5, 6, 47, 53];2492.0
[28, 45, 2, 35, 8, 7, 32, 36, 37, 9, 0, 46, 29, 25, 18, 38, 11, 10, 12, 39, 19, 20, 40, 50, 54, 27, 49, 17, 16, 15, 14, 51, 13, 4, 5, 1, 33, 55, 34, 52, 26, 24, 42, 22, 41, 21, 23, 30, 31, 48, 3, 6, 47, 53, 43, 44];2526.0
[27, 29, 26, 25, 18, 13, 35, 5, 47, 48, 1, 2, 0, 33, 3, 6, 4, 7, 51, 12, 39, 38, 10, 14, 15, 16, 17, 52, 49, 30, 46, 55, 34, 31, 44, 53, 43, 28, 45, 24, 20, 41, 22, 40, 37, 36, 9, 32, 8, 11, 19, 42, 21, 50, 23, 54];2343.0
[52, 0, 3, 48, 1, 33, 2, 26, 25, 42, 50, 23, 54, 17, 14, 13, 35, 7, 10, 11, 19, 40, 20, 18, 39, 8, 5, 47, 6, 4, 12, 15, 16, 38, 32, 36, 37, 9, 51, 44, 53, 43, 28, 45, 30, 55, 31, 34, 46, 49, 29, 27, 24, 22, 41, 21];2667.0
[7, 10, 32, 8, 51, 12, 16, 26, 42, 50, 23, 54, 45, 30, 47, 48, 3, 31, 29, 46, 14, 37, 36, 9, 11, 41, 21, 27, 49, 43, 44, 28, 53, 22, 40, 19, 18, 39, 38, 15, 17, 52, 0, 55, 34, 1, 2, 33, 25, 24, 20, 13, 35, 4, 5, 6];2417.0
[35, 1, 3, 10, 51, 53, 43, 29, 52, 26, 0, 33, 12, 16, 15, 17, 27, 23, 21, 22, 18, 32, 8, 7, 36, 9, 37, 42, 50, 54, 44, 28, 25, 39, 11, 38, 19, 20, 40, 41, 24, 4, 5, 6, 47, 48, 31, 46, 49, 45, 30, 55, 34, 2, 14, 13];2939.0
[52, 2, 37, 9, 32, 8, 6, 5, 47, 31, 46, 55, 34, 1, 3, 48, 4, 7, 12, 15, 16, 17, 13, 35, 36, 11, 38, 10, 51, 14, 0, 33, 25, 42, 22, 41, 23, 27, 44, 28, 53, 43, 21, 50, 54, 49, 45, 30, 29, 24, 40, 20, 19, 18, 39, 26];2263.0
[10, 51, 11, 19, 18, 52, 0, 1, 2, 33, 49, 45, 30, 48, 4, 32, 7, 42, 21, 50, 27, 34, 3, 5, 6, 47, 46, 55, 31, 53, 44, 28, 25, 20, 39, 38, 13, 35, 8, 36, 37, 9, 40, 22, 41, 23, 24, 54, 43, 29, 26, 17, 16, 15, 12, 14];2834.0
[26, 24, 42, 50, 19, 10, 55, 31, 48, 4, 5, 47, 45, 30, 1, 2, 14, 12, 15, 16, 17, 52, 0, 33, 25, 18, 39, 38, 13, 35, 6, 46, 27, 44, 28, 53, 43, 29, 40, 20, 21, 22, 41, 23, 54, 49, 34, 3, 7, 32, 8, 36, 37, 9, 11, 51];2583.0
[38, 11, 10, 46, 31, 29, 27, 44, 15, 16, 17, 52, 2, 26, 0, 33, 24, 42, 54, 45, 30, 3, 4, 6, 5, 47, 48, 13, 35, 32, 8, 36, 7, 12, 14, 49, 43, 28, 53, 41, 50, 23, 20, 39, 37, 9, 51, 55, 34, 1, 25, 21, 22, 40, 19, 18];2814.0
[48, 47, 44, 28, 29, 52, 26, 14, 0, 55, 31, 21, 50, 23, 10, 12, 51, 15, 16, 17, 25, 24, 20, 42, 22, 19, 18, 39, 38, 37, 9, 36, 11, 40, 41, 54, 27, 13, 35, 7, 32, 8, 4, 6, 5, 1, 2, 33, 49, 45, 53, 43, 30, 46, 34, 3];2551.0
[17, 15, 45, 28, 53, 24, 27, 29, 52, 0, 33, 2, 13, 35, 4, 32, 8, 7, 10, 49, 43, 44, 30, 46, 34, 51, 12, 14, 26, 25, 42, 21, 22, 40, 39, 37, 36, 9, 11, 38, 18, 19, 20, 41, 50, 23, 54, 55, 3, 6, 5, 47, 48, 31, 1, 16];2491.0
[34, 2, 0, 28, 53, 22, 40, 10, 27, 49, 45, 55, 1, 33, 26, 25, 42, 50, 23, 24, 20, 18, 37, 9, 11, 19, 41, 21, 54, 29, 52, 17, 16, 15, 14, 12, 51, 39, 38, 32, 8, 36, 7, 13, 35, 4, 6, 5, 48, 3, 31, 47, 43, 44, 30, 46];2585.0
[18, 39, 38, 10, 51, 31, 44, 28, 53, 22, 40, 20, 42, 50, 23, 49, 43, 0, 33, 26, 17, 16, 15, 27, 45, 30, 34, 1, 2, 52, 25, 24, 54, 29, 14, 12, 13, 35, 5, 47, 46, 55, 48, 3, 4, 6, 32, 8, 7, 36, 9, 37, 11, 41, 21, 19];2479.0
[17, 55, 1, 0, 33, 2, 13, 35, 32, 8, 7, 14, 24, 18, 39, 38, 10, 11, 51, 12, 45, 30, 29, 27, 53, 43, 44, 28, 52, 37, 36, 9, 4, 6, 5, 47, 31, 34, 3, 48, 46, 25, 20, 40, 41, 50, 23, 21, 22, 19, 42, 54, 49, 26, 16, 15];2553.0
[34, 48, 31, 47, 28, 44, 53, 43, 22, 41, 50, 23, 18, 39, 11, 10, 12, 15, 16, 17, 26, 52, 0, 2, 13, 35, 5, 3, 4, 6, 8, 7, 25, 24, 42, 21, 40, 20, 19, 38, 37, 9, 54, 27, 49, 45, 30, 46, 29, 55, 1, 51, 32, 36, 14, 33];2490.0
[49, 29, 11, 38, 10, 51, 0, 33, 20, 21, 45, 30, 3, 32, 8, 5, 6, 4, 7, 12, 15, 14, 13, 35, 36, 9, 37, 1, 2, 16, 17, 26, 44, 28, 53, 43, 23, 18, 39, 52, 31, 47, 48, 46, 55, 34, 25, 24, 42, 22, 19, 40, 41, 50, 54, 27];2809.0
[21, 27, 29, 26, 52, 55, 34, 1, 3, 48, 31, 46, 23, 54, 49, 44, 53, 43, 28, 45, 30, 47, 6, 7, 14, 0, 33, 2, 16, 12, 39, 38, 10, 32, 8, 36, 9, 37, 51, 15, 17, 25, 42, 22, 50, 24, 18, 13, 35, 5, 4, 11, 19, 20, 40, 41];2310.0
[51, 12, 15, 16, 24, 20, 50, 23, 55, 31, 47, 30, 46, 40, 19, 18, 39, 32, 7, 8, 36, 11, 38, 13, 35, 37, 9, 10, 14, 27, 44, 28, 53, 43, 45, 34, 1, 2, 17, 25, 42, 21, 22, 41, 54, 49, 29, 26, 52, 0, 33, 48, 3, 5, 6, 4];2472.0
[42, 23, 30, 48, 3, 4, 7, 51, 10, 11, 18, 19, 20, 40, 54, 52, 16, 17, 15, 14, 12, 38, 41, 21, 50, 22, 39, 37, 9, 8, 5, 6, 47, 45, 28, 53, 43, 44, 27, 49, 29, 26, 0, 33, 13, 35, 32, 36, 55, 31, 46, 34, 1, 2, 25, 24];2620.0
[32, 7, 5, 6, 51, 14, 27, 49, 29, 26, 33, 2, 15, 16, 17, 45, 28, 53, 43, 44, 30, 46, 1, 52, 25, 18, 13, 35, 10, 11, 19, 20, 41, 50, 24, 42, 21, 23, 54, 22, 40, 39, 38, 37, 9, 8, 36, 12, 0, 55, 34, 47, 31, 48, 3, 4];2545.0
[22, 41, 45, 28, 29, 26, 17, 0, 33, 14, 15, 16, 12, 39, 11, 19, 40, 20, 23, 54, 27, 18, 38, 10, 32, 7, 4, 6, 5, 47, 44, 53, 43, 30, 46, 55, 34, 31, 48, 1, 2, 24, 42, 21, 50, 49, 52, 3, 8, 36, 37, 9, 13, 35, 51, 25];2540.0
[14, 52, 42, 21, 22, 41, 50, 23, 38, 32, 7, 51, 10, 11, 19, 40, 20, 18, 39, 13, 35, 47, 46, 27, 45, 30, 1, 16, 17, 25, 24, 54, 49, 29, 0, 55, 34, 2, 33, 3, 4, 8, 36, 37, 9, 6, 5, 48, 31, 53, 43, 44, 28, 26, 15, 12];2520.0
[33, 26, 24, 20, 19, 40, 41, 50, 39, 10, 51, 14, 54, 45, 3, 7, 32, 8, 55, 34, 1, 2, 36, 11, 38, 37, 9, 12, 15, 16, 17, 25, 42, 21, 30, 46, 52, 0, 31, 47, 28, 29, 27, 49, 44, 53, 43, 23, 22, 18, 13, 35, 4, 6, 5, 48];2798.0
[31, 45, 30, 34, 1, 24, 54, 17, 52, 43, 44, 16, 15, 12, 51, 10, 11, 38, 7, 32, 8, 36, 9, 37, 14, 33, 55, 3, 48, 2, 13, 35, 4, 6, 5, 47, 46, 29, 26, 25, 42, 27, 49, 28, 53, 41, 21, 50, 23, 22, 20, 40, 19, 18, 39, 0];2584.0
[24, 18, 7, 32, 8, 11, 38, 19, 39, 10, 12, 51, 14, 0, 33, 55, 2, 16, 17, 15, 13, 35, 26, 27, 49, 43, 28, 29, 45, 53, 44, 30, 31, 47, 6, 5, 48, 46, 34, 1, 3, 4, 36, 37, 9, 52, 25, 42, 21, 22, 40, 20, 41, 54, 50, 23];2510.0
[35, 7, 14, 48, 3, 10, 11, 38, 4, 5, 6, 32, 8, 36, 15, 16, 0, 55, 31, 46, 29, 27, 49, 53, 43, 30, 34, 1, 2, 33, 47, 45, 44, 28, 20, 39, 37, 9, 12, 17, 52, 26, 25, 24, 54, 23, 42, 50, 22, 41, 21, 40, 19, 18, 51, 13];2593.0
[37, 11, 27, 23, 39, 51, 13, 7, 35, 10, 32, 8, 36, 9, 14, 31, 48, 1, 2, 0, 33, 3, 4, 6, 5, 47, 46, 55, 34, 52, 25, 24, 54, 49, 45, 44, 28, 53, 43, 30, 29, 26, 17, 15, 16, 12, 19, 20, 42, 50, 41, 21, 22, 40, 18, 38];2436.0
[8, 7, 4, 6, 47, 31, 46, 21, 23, 25, 24, 54, 17, 16, 15, 0, 33, 29, 49, 43, 22, 20, 40, 19, 18, 38, 37, 9, 11, 51, 12, 13, 35, 5, 48, 3, 1, 2, 52, 42, 41, 50, 27, 45, 30, 55, 34, 10, 32, 36, 14, 26, 44, 53, 28, 39];2760.0
[55, 2, 52, 0, 33, 1, 3, 48, 31, 46, 29, 27, 44, 30, 34, 4, 10, 37, 11, 19, 18, 39, 38, 51, 12, 15, 17, 16, 25, 41, 50, 23, 24, 42, 21, 54, 49, 26, 14, 13, 35, 32, 8, 7, 36, 9, 6, 5, 47, 28, 53, 43, 22, 20, 40, 45];2473.0
[6, 11, 19, 23, 24, 18, 38, 52, 3, 48, 1, 16, 17, 15, 39, 37, 36, 9, 27, 49, 29, 13, 35, 5, 47, 31, 53, 44, 28, 45, 55, 34, 2, 14, 51, 10, 32, 8, 7, 12, 0, 33, 26, 25, 42, 22, 21, 40, 20, 41, 50, 54, 43, 30, 46, 4];2765.0
[34, 17, 52, 26, 25, 24, 42, 21, 50, 18, 39, 32, 36, 9, 37, 38, 10, 51, 12, 15, 16, 13, 35, 4, 8, 7, 43, 28, 53, 44, 45, 30, 46, 1, 3, 48, 2, 14, 0, 33, 31, 47, 5, 6, 11, 19, 20, 22, 40, 41, 23, 54, 27, 49, 29, 55];2369.0
[31, 34, 48, 1, 42, 23, 17, 26, 52, 2, 13, 35, 7, 51, 12, 39, 38, 10, 15, 16, 0, 33, 44, 28, 53, 43, 22, 19, 18, 4, 6, 5, 47, 3, 32, 8, 36, 37, 9, 11, 14, 25, 24, 20, 40, 41, 21, 50, 54, 30, 46, 29, 27, 49, 45, 55];2523.0
[15, 16, 52, 0, 33, 3, 48, 46, 45, 30, 34, 1, 2, 13, 35, 7, 10, 14, 25, 27, 49, 43, 44, 28, 53, 23, 24, 42, 21, 22, 40, 18, 32, 8, 36, 9, 37, 11, 38, 51, 55, 31, 47, 6, 4, 5, 12, 39, 19, 20, 41, 50, 54, 29, 26, 17];2307.0
[8, 5, 47, 31, 29, 15, 14, 51, 13, 35, 12, 39, 19, 20, 41, 21, 50, 23, 42, 22, 40, 18, 38, 11, 37, 9, 36, 10, 52, 25, 24, 54, 45, 55, 34, 1, 2, 16, 17, 0, 33, 26, 27, 49, 53, 43, 44, 28, 30, 46, 48, 3, 6, 4, 32, 7];2342.0
[50, 49, 33, 2, 12, 13, 47, 53, 43, 26, 24, 18, 39, 38, 19, 14, 25, 42, 22, 40, 20, 41, 54, 27, 29, 17, 15, 16, 52, 0, 55, 34, 1, 51, 10, 11, 37, 36, 9, 7, 32, 8, 35, 4, 6, 5, 48, 31, 3, 45, 44, 28, 30, 46, 23, 21];2654.0
[10, 25, 24, 42, 23, 27, 26, 52, 14, 12, 39, 38, 11, 7, 51, 13, 35, 0, 33, 32, 8, 36, 37, 9, 49, 43, 28, 44, 53, 22, 40, 19, 20, 41, 54, 45, 30, 55, 34, 2, 15, 16, 17, 1, 4, 6, 5, 47, 48, 3, 46, 31, 29, 21, 50, 18];2747.0
[23, 24, 22, 41, 54, 27, 46, 55, 31, 47, 53, 43, 44, 28, 30, 48, 3, 4, 10, 14, 0, 33, 16, 15, 12, 39, 38, 11, 40, 49, 45, 29, 17, 26, 52, 34, 1, 2, 13, 35, 5, 6, 7, 32, 8, 36, 9, 37, 51, 25, 18, 19, 20, 42, 21, 50];2401.0
[11, 38, 19, 18, 13, 35, 32, 8, 4, 5, 28, 29, 52, 17, 15, 16, 42, 50, 24, 40, 20, 39, 10, 0, 33, 3, 48, 31, 47, 6, 7, 36, 9, 37, 12, 26, 25, 54, 44, 53, 43, 23, 22, 41, 21, 27, 49, 45, 30, 46, 55, 34, 1, 2, 14, 51];2455.0
[41, 50, 45, 30, 10, 37, 9, 11, 19, 40, 54, 27, 44, 53, 24, 18, 39, 38, 1, 3, 6, 5, 47, 48, 46, 52, 17, 15, 16, 12, 32, 8, 36, 51, 25, 42, 21, 22, 0, 2, 33, 55, 34, 31, 29, 23, 49, 43, 28, 26, 14, 13, 35, 4, 7, 20];2917.0
[35, 6, 14, 15, 12, 10, 51, 24, 40, 20, 42, 29, 26, 52, 0, 33, 2, 17, 16, 32, 36, 11, 37, 9, 8, 7, 25, 54, 27, 49, 45, 30, 31, 46, 55, 48, 3, 5, 47, 53, 21, 50, 22, 18, 39, 38, 19, 41, 23, 43, 44, 28, 34, 1, 13, 4];2733.0
[29, 3, 48, 31, 26, 20, 41, 23, 54, 24, 18, 19, 39, 15, 16, 12, 7, 32, 8, 36, 9, 40, 50, 27, 30, 46, 55, 34, 1, 0, 33, 2, 17, 52, 14, 51, 11, 38, 37, 10, 13, 35, 4, 6, 5, 47, 45, 44, 53, 43, 28, 25, 42, 22, 21, 49];2552.0
[9, 5, 48, 4, 8, 7, 32, 51, 39, 38, 10, 11, 14, 0, 33, 34, 1, 3, 2, 16, 15, 12, 13, 35, 6, 47, 53, 43, 25, 24, 42, 22, 23, 44, 28, 30, 46, 29, 26, 18, 19, 20, 40, 41, 21, 50, 54, 45, 55, 31, 27, 49, 52, 17, 37, 36];2628.0
[20, 40, 23, 34, 2, 15, 16, 17, 52, 0, 33, 13, 35, 4, 5, 47, 6, 7, 10, 32, 51, 12, 14, 26, 25, 24, 18, 19, 49, 45, 30, 46, 55, 1, 3, 48, 31, 29, 42, 50, 54, 27, 44, 28, 53, 43, 39, 38, 37, 9, 8, 36, 11, 41, 21, 22];2504.0
[39, 10, 32, 36, 11, 38, 37, 9, 8, 6, 5, 47, 55, 34, 31, 48, 2, 14, 0, 33, 45, 30, 46, 26, 52, 15, 16, 17, 25, 18, 19, 20, 40, 54, 49, 44, 29, 27, 23, 24, 42, 21, 22, 41, 50, 43, 28, 53, 1, 3, 4, 7, 51, 13, 35, 12];2406.0
[1, 14, 12, 39, 5, 45, 30, 46, 53, 43, 44, 28, 0, 2, 22, 41, 21, 54, 29, 26, 25, 18, 19, 42, 27, 52, 17, 16, 15, 24, 20, 40, 50, 23, 49, 55, 34, 31, 47, 48, 3, 6, 4, 32, 8, 11, 38, 51, 10, 13, 35, 7, 36, 9, 37, 33];2804.0
[32, 8, 11, 19, 50, 49, 28, 45, 29, 52, 33, 26, 20, 18, 10, 7, 5, 44, 53, 43, 13, 35, 36, 9, 37, 12, 51, 39, 38, 40, 41, 27, 17, 16, 15, 14, 0, 55, 31, 47, 48, 1, 2, 25, 24, 42, 22, 21, 23, 54, 30, 46, 34, 3, 6, 4];2874.0
[53, 44, 26, 33, 24, 54, 52, 0, 1, 2, 17, 16, 43, 28, 27, 49, 45, 30, 46, 29, 25, 42, 22, 41, 50, 23, 21, 40, 20, 19, 18, 31, 55, 34, 48, 3, 4, 7, 39, 38, 37, 9, 11, 10, 51, 14, 12, 15, 32, 8, 36, 13, 35, 6, 5, 47];2528.0
[51, 42, 21, 12, 15, 26, 25, 27, 43, 44, 30, 34, 1, 3, 55, 48, 31, 46, 29, 52, 16, 17, 0, 33, 2, 10, 37, 13, 35, 4, 5, 6, 47, 22, 41, 50, 23, 24, 40, 20, 18, 39, 38, 32, 7, 8, 36, 9, 11, 19, 54, 49, 45, 28, 53, 14];2764.0
[1, 6, 5, 47, 44, 53, 43, 30, 55, 3, 48, 4, 32, 36, 9, 52, 24, 42, 21, 18, 39, 15, 16, 17, 31, 46, 34, 2, 26, 25, 54, 27, 23, 22, 40, 19, 20, 41, 50, 49, 45, 28, 29, 12, 13, 35, 8, 7, 10, 37, 11, 38, 51, 14, 0, 33];2505.0
[55, 31, 26, 52, 42, 21, 22, 19, 20, 40, 41, 50, 54, 30, 46, 34, 2, 14, 51, 13, 35, 4, 32, 36, 11, 18, 39, 38, 37, 9, 8, 7, 10, 12, 15, 16, 17, 0, 33, 1, 3, 6, 5, 48, 47, 53, 43, 44, 28, 29, 27, 23, 25, 24, 49, 45];2151.0
[42, 22, 13, 35, 26, 52, 0, 39, 37, 36, 9, 11, 51, 12, 14, 15, 16, 17, 45, 30, 46, 55, 34, 29, 49, 28, 44, 53, 43, 41, 21, 50, 23, 54, 27, 24, 20, 40, 18, 19, 38, 10, 32, 8, 7, 4, 6, 5, 31, 47, 48, 3, 1, 2, 33, 25];2477.0
[3, 44, 28, 53, 30, 46, 43, 22, 40, 20, 19, 38, 13, 35, 4, 6, 5, 47, 27, 49, 29, 26, 52, 14, 36, 9, 37, 11, 32, 8, 7, 12, 16, 15, 17, 25, 24, 18, 39, 10, 51, 55, 31, 48, 2, 0, 33, 42, 21, 41, 50, 23, 54, 45, 34, 1];2480.0
[46, 31, 55, 34, 33, 1, 2, 14, 51, 10, 36, 32, 8, 7, 4, 6, 47, 44, 28, 17, 16, 15, 12, 39, 37, 9, 11, 19, 20, 40, 18, 38, 25, 42, 50, 53, 43, 23, 24, 22, 41, 21, 54, 0, 13, 35, 5, 48, 3, 29, 52, 26, 27, 49, 45, 30];2564.0
[51, 13, 35, 7, 12, 14, 49, 45, 52, 0, 55, 34, 31, 48, 2, 33, 26, 25, 20, 18, 15, 16, 17, 40, 41, 50, 23, 54, 1, 3, 32, 36, 9, 8, 4, 6, 5, 47, 28, 53, 43, 44, 30, 46, 29, 27, 24, 42, 21, 22, 19, 39, 37, 11, 38, 10];2446.0
[36, 0, 2, 33, 46, 29, 39, 38, 37, 9, 13, 35, 51, 24, 42, 21, 50, 23, 54, 49, 45, 53, 43, 44, 28, 26, 14, 11, 19, 20, 40, 22, 18, 10, 12, 15, 16, 17, 52, 25, 41, 27, 30, 55, 34, 1, 3, 32, 8, 7, 4, 5, 31, 48, 47, 6];2678.0
[37, 14, 27, 49, 3, 4, 51, 33, 31, 48, 5, 6, 8, 10, 12, 0, 29, 52, 11, 38, 20, 40, 42, 45, 55, 34, 1, 2, 13, 35, 7, 15, 16, 17, 26, 25, 54, 44, 28, 30, 46, 47, 53, 43, 22, 41, 50, 21, 23, 24, 18, 19, 39, 32, 36, 9];2904.0
[36, 43, 53, 52, 0, 55, 1, 33, 26, 24, 54, 16, 15, 12, 11, 38, 32, 5, 48, 3, 31, 23, 20, 40, 41, 50, 27, 49, 29, 17, 14, 13, 35, 4, 7, 10, 51, 6, 47, 44, 28, 45, 30, 46, 34, 2, 25, 42, 21, 22, 19, 18, 39, 37, 9, 8];2731.0
[29, 27, 22, 40, 20, 19, 18, 39, 17, 16, 42, 50, 52, 0, 47, 31, 46, 26, 33, 25, 24, 21, 41, 23, 54, 45, 30, 55, 1, 2, 34, 48, 3, 5, 6, 4, 32, 36, 37, 9, 10, 51, 13, 35, 8, 7, 15, 12, 11, 38, 14, 49, 43, 44, 53, 28];2564.0
[27, 29, 52, 15, 16, 17, 31, 46, 55, 34, 37, 9, 11, 38, 32, 36, 51, 10, 8, 7, 35, 4, 14, 0, 33, 26, 43, 44, 53, 41, 21, 22, 40, 19, 20, 18, 39, 12, 24, 54, 49, 45, 30, 1, 2, 13, 6, 5, 48, 3, 47, 28, 25, 42, 50, 23];2551.0
[44, 29, 45, 30, 34, 1, 42, 50, 37, 9, 32, 8, 7, 36, 12, 15, 39, 10, 51, 14, 25, 54, 33, 2, 17, 16, 13, 35, 5, 6, 3, 4, 52, 26, 24, 27, 0, 55, 31, 46, 48, 47, 28, 53, 43, 22, 40, 18, 38, 11, 19, 20, 41, 21, 23, 49];2890.0
[17, 34, 1, 2, 31, 46, 6, 5, 47, 30, 55, 48, 3, 4, 36, 9, 37, 8, 32, 7, 14, 0, 33, 26, 52, 25, 24, 42, 21, 54, 29, 27, 49, 44, 45, 28, 53, 43, 22, 41, 50, 23, 20, 40, 19, 18, 39, 11, 38, 51, 13, 35, 10, 12, 16, 15];2255.0
[50, 26, 14, 13, 47, 28, 45, 30, 1, 2, 10, 51, 12, 15, 49, 43, 53, 44, 0, 3, 4, 5, 6, 7, 32, 36, 9, 37, 8, 35, 48, 46, 29, 23, 54, 27, 52, 16, 17, 33, 55, 34, 31, 25, 42, 22, 41, 24, 18, 39, 38, 11, 19, 20, 40, 21];2776.0
[31, 23, 24, 20, 42, 27, 29, 52, 26, 17, 16, 15, 12, 51, 10, 11, 21, 22, 18, 19, 49, 44, 28, 14, 39, 38, 47, 53, 43, 30, 46, 48, 3, 13, 35, 4, 5, 6, 32, 8, 36, 37, 9, 7, 0, 33, 34, 1, 2, 25, 40, 41, 50, 54, 45, 55];2922.0
[49, 32, 8, 25, 21, 23, 24, 39, 38, 6, 5, 44, 28, 53, 43, 45, 30, 55, 2, 16, 17, 42, 22, 41, 27, 29, 52, 26, 0, 33, 1, 3, 48, 47, 31, 46, 34, 14, 15, 12, 37, 36, 9, 51, 10, 13, 35, 4, 7, 11, 19, 18, 20, 40, 50, 54];2631.0
[39, 11, 52, 26, 24, 21, 54, 27, 49, 30, 34, 1, 15, 16, 17, 55, 3, 4, 32, 36, 9, 37, 5, 6, 47, 48, 31, 46, 44, 53, 43, 28, 45, 29, 25, 42, 22, 41, 50, 23, 20, 40, 19, 18, 38, 13, 35, 7, 8, 10, 51, 0, 33, 2, 14, 12];2400.0
[43, 44, 26, 52, 24, 42, 21, 23, 55, 34, 2, 17, 16, 15, 13, 35, 7, 4, 5, 31, 29, 22, 41, 50, 54, 49, 45, 27, 30, 46, 12, 51, 10, 37, 36, 9, 14, 0, 3, 48, 1, 33, 25, 20, 40, 19, 18, 39, 38, 11, 32, 8, 6, 47, 28, 53];2518.0
[24, 42, 23, 49, 29, 26, 25, 40, 41, 54, 53, 43, 44, 28, 15, 16, 17, 52, 27, 45, 30, 34, 1, 3, 4, 11, 19, 20, 18, 38, 37, 9, 36, 51, 10, 14, 0, 33, 31, 47, 48, 46, 55, 2, 13, 35, 7, 32, 8, 6, 5, 12, 39, 21, 22, 50];2528.0
[50, 53, 43, 47, 44, 28, 20, 40, 19, 10, 51, 12, 15, 16, 17, 0, 33, 31, 46, 29, 27, 45, 55, 48, 3, 5, 6, 4, 7, 52, 24, 18, 39, 11, 38, 14, 26, 22, 41, 23, 54, 13, 35, 32, 8, 36, 37, 9, 49, 30, 34, 1, 2, 25, 42, 21];2723.0
[17, 15, 16, 13, 35, 5, 6, 7, 10, 51, 14, 12, 38, 37, 31, 47, 48, 3, 4, 32, 8, 36, 9, 11, 19, 23, 54, 45, 30, 46, 49, 29, 27, 43, 53, 44, 28, 52, 26, 0, 33, 55, 34, 1, 2, 25, 42, 40, 41, 22, 21, 50, 24, 20, 18, 39];2383.0
[1, 2, 3, 36, 9, 27, 49, 44, 28, 53, 43, 23, 24, 20, 40, 39, 14, 0, 33, 55, 31, 47, 6, 4, 7, 32, 8, 11, 19, 22, 41, 45, 34, 12, 15, 17, 16, 52, 42, 21, 50, 54, 30, 46, 29, 26, 25, 18, 38, 37, 10, 51, 13, 35, 5, 48];2647.0
[29, 24, 18, 39, 38, 51, 13, 35, 4, 5, 6, 7, 10, 32, 8, 14, 52, 0, 55, 34, 2, 33, 26, 25, 20, 40, 41, 22, 21, 50, 23, 27, 49, 44, 28, 45, 30, 46, 47, 31, 3, 48, 1, 17, 16, 15, 12, 36, 9, 37, 11, 19, 42, 54, 53, 43];2200.0
[41, 50, 23, 27, 52, 17, 16, 26, 25, 24, 40, 20, 42, 21, 54, 30, 1, 2, 15, 12, 10, 32, 8, 36, 9, 13, 35, 7, 4, 5, 6, 19, 18, 39, 37, 11, 38, 51, 14, 0, 33, 31, 47, 46, 55, 34, 48, 3, 29, 49, 43, 28, 45, 44, 53, 22];2352.0
[38, 27, 45, 30, 3, 48, 49, 29, 26, 25, 42, 23, 54, 43, 28, 33, 2, 52, 0, 55, 31, 46, 34, 1, 17, 16, 15, 13, 35, 7, 14, 24, 20, 41, 21, 50, 22, 40, 19, 18, 39, 10, 32, 8, 4, 5, 6, 47, 53, 44, 12, 51, 36, 37, 9, 11];2567.0
[16, 15, 17, 53, 43, 12, 13, 35, 7, 10, 51, 14, 52, 26, 24, 42, 27, 55, 31, 48, 3, 8, 36, 9, 0, 33, 29, 25, 18, 39, 38, 37, 11, 19, 20, 41, 40, 32, 4, 5, 6, 47, 21, 22, 50, 23, 54, 49, 44, 28, 45, 30, 46, 34, 1, 2];2756.0
[26, 52, 43, 44, 45, 1, 3, 48, 2, 13, 35, 17, 24, 18, 51, 12, 15, 16, 0, 33, 31, 47, 6, 8, 7, 14, 55, 34, 5, 4, 32, 10, 11, 38, 19, 20, 41, 21, 22, 40, 39, 37, 36, 9, 25, 42, 50, 28, 53, 30, 46, 29, 27, 23, 54, 49];2786.0
[38, 37, 12, 39, 11, 14, 24, 40, 19, 20, 41, 50, 23, 43, 28, 29, 27, 52, 0, 3, 48, 31, 47, 46, 2, 17, 16, 13, 5, 6, 10, 51, 32, 7, 35, 4, 8, 36, 9, 15, 54, 49, 45, 53, 44, 30, 55, 34, 1, 33, 26, 25, 42, 21, 22, 18];2568.0
[27, 28, 29, 1, 14, 12, 39, 20, 40, 23, 54, 45, 30, 46, 48, 3, 4, 32, 8, 10, 51, 11, 38, 19, 41, 49, 44, 53, 43, 52, 0, 33, 2, 17, 15, 16, 13, 35, 7, 26, 25, 24, 18, 37, 36, 9, 6, 5, 47, 55, 34, 31, 42, 21, 22, 50];2653.0
[41, 24, 10, 12, 15, 46, 29, 14, 51, 13, 35, 38, 19, 18, 39, 37, 7, 47, 31, 45, 30, 55, 34, 1, 2, 26, 25, 54, 27, 49, 44, 53, 43, 28, 16, 17, 52, 0, 33, 48, 3, 5, 6, 4, 32, 8, 36, 9, 11, 20, 42, 50, 23, 21, 22, 40];2618.0
[55, 32, 8, 15, 17, 23, 54, 1, 2, 16, 12, 38, 14, 52, 27, 53, 43, 44, 28, 45, 30, 26, 25, 42, 22, 41, 21, 29, 13, 35, 7, 10, 51, 0, 33, 24, 18, 39, 37, 36, 9, 11, 19, 20, 40, 50, 49, 34, 4, 5, 6, 47, 48, 3, 31, 46];2789.0
[2, 14, 10, 51, 49, 29, 52, 12, 15, 16, 17, 26, 24, 18, 39, 5, 48, 3, 33, 55, 34, 1, 13, 35, 11, 38, 37, 36, 9, 25, 20, 40, 19, 42, 54, 44, 53, 43, 28, 27, 21, 50, 22, 41, 23, 45, 30, 46, 31, 47, 6, 4, 32, 8, 7, 0];2622.0
[7, 4, 15, 12, 11, 38, 10, 14, 52, 0, 33, 17, 16, 26, 25, 42, 23, 54, 29, 32, 8, 36, 19, 50, 27, 49, 45, 48, 3, 6, 5, 47, 44, 28, 53, 43, 30, 34, 1, 2, 55, 31, 46, 24, 41, 21, 22, 40, 20, 18, 39, 37, 9, 51, 13, 35];2516.0
[10, 51, 14, 31, 47, 48, 3, 46, 29, 49, 44, 30, 34, 13, 35, 7, 52, 25, 24, 27, 43, 28, 53, 22, 41, 21, 20, 40, 19, 18, 39, 38, 0, 33, 1, 2, 32, 8, 36, 9, 37, 11, 12, 15, 17, 16, 26, 42, 50, 23, 54, 45, 55, 5, 6, 4];2482.0
[9, 33, 46, 26, 25, 40, 41, 23, 27, 52, 16, 17, 0, 31, 47, 44, 53, 43, 28, 29, 24, 42, 50, 54, 49, 45, 30, 55, 34, 1, 3, 32, 8, 10, 51, 14, 12, 15, 6, 5, 48, 2, 13, 35, 4, 7, 11, 38, 19, 20, 21, 22, 18, 39, 37, 36];2485.0
[21, 20, 40, 13, 35, 51, 27, 45, 30, 3, 4, 32, 7, 5, 6, 8, 36, 9, 37, 11, 41, 22, 19, 18, 39, 38, 10, 12, 16, 17, 55, 34, 1, 2, 14, 15, 0, 33, 31, 47, 48, 46, 29, 52, 26, 24, 49, 43, 53, 44, 28, 25, 42, 50, 54, 23];2638.0
[2, 52, 0, 33, 27, 49, 45, 29, 26, 25, 24, 32, 36, 9, 37, 10, 15, 17, 16, 12, 51, 13, 35, 6, 5, 46, 34, 3, 4, 8, 7, 11, 19, 20, 42, 21, 41, 50, 54, 23, 22, 40, 18, 39, 38, 14, 43, 28, 53, 44, 30, 55, 31, 47, 48, 1];2372.0
[24, 37, 11, 51, 10, 14, 13, 35, 6, 4, 7, 0, 33, 2, 12, 39, 38, 32, 8, 36, 9, 16, 15, 17, 52, 25, 54, 55, 5, 47, 3, 48, 31, 29, 27, 49, 43, 53, 44, 28, 45, 30, 46, 34, 1, 26, 42, 21, 22, 40, 20, 18, 19, 41, 50, 23];2365.0
[10, 14, 0, 33, 34, 1, 3, 4, 38, 19, 20, 40, 49, 44, 28, 53, 43, 29, 2, 37, 9, 11, 13, 35, 32, 8, 36, 51, 12, 15, 17, 16, 26, 25, 18, 39, 52, 24, 27, 23, 42, 21, 22, 41, 50, 54, 45, 30, 46, 55, 6, 5, 47, 31, 48, 7];2516.0
[30, 55, 46, 49, 45, 44, 28, 53, 43, 29, 52, 0, 33, 2, 17, 15, 16, 13, 35, 7, 8, 9, 10, 51, 12, 38, 18, 19, 20, 42, 22, 39, 14, 26, 25, 24, 54, 27, 34, 1, 3, 6, 5, 47, 31, 48, 4, 32, 36, 37, 11, 40, 41, 21, 50, 23];2354.0
[44, 30, 27, 49, 0, 33, 29, 26, 24, 38, 32, 8, 37, 36, 9, 52, 25, 18, 39, 51, 10, 12, 15, 17, 16, 14, 13, 35, 6, 5, 47, 48, 55, 31, 46, 34, 1, 2, 3, 4, 7, 11, 19, 20, 40, 42, 41, 21, 22, 50, 23, 54, 45, 28, 53, 43];2286.0
[43, 28, 40, 41, 22, 23, 54, 29, 46, 26, 52, 16, 17, 24, 42, 21, 50, 27, 49, 45, 30, 3, 4, 7, 10, 25, 20, 19, 18, 39, 38, 32, 8, 36, 9, 37, 11, 51, 0, 2, 33, 1, 14, 15, 12, 13, 35, 6, 5, 48, 31, 55, 34, 47, 44, 53];2367.0
[43, 50, 23, 30, 46, 37, 36, 9, 10, 51, 11, 38, 40, 19, 20, 21, 25, 24, 29, 17, 16, 52, 26, 18, 39, 32, 8, 4, 5, 6, 48, 3, 1, 2, 33, 34, 15, 12, 13, 35, 7, 14, 42, 22, 41, 54, 0, 55, 31, 47, 44, 28, 27, 49, 45, 53];2765.0
[45, 51, 7, 10, 12, 42, 22, 23, 54, 0, 33, 55, 31, 29, 26, 17, 52, 25, 24, 18, 39, 38, 15, 16, 1, 2, 14, 13, 35, 6, 4, 32, 8, 36, 9, 37, 11, 40, 19, 20, 41, 21, 50, 27, 49, 30, 46, 34, 48, 3, 5, 47, 44, 53, 43, 28];2461.0
[44, 0, 33, 42, 22, 50, 32, 9, 14, 26, 52, 25, 24, 40, 41, 54, 45, 28, 29, 27, 21, 23, 30, 34, 1, 2, 17, 16, 15, 12, 38, 19, 20, 18, 39, 51, 13, 35, 6, 5, 31, 47, 55, 48, 3, 4, 7, 8, 36, 37, 11, 10, 46, 49, 43, 53];2723.0
[38, 11, 19, 45, 30, 32, 8, 10, 1, 2, 52, 26, 25, 27, 53, 43, 22, 41, 21, 49, 17, 15, 16, 20, 40, 18, 39, 13, 35, 5, 6, 7, 14, 0, 33, 55, 34, 48, 31, 47, 44, 28, 29, 23, 24, 42, 50, 54, 46, 3, 4, 36, 9, 37, 51, 12];2877.0
[26, 52, 17, 0, 2, 33, 31, 44, 53, 43, 28, 24, 20, 18, 12, 15, 16, 25, 42, 21, 22, 40, 41, 50, 45, 34, 14, 37, 9, 11, 19, 39, 38, 55, 48, 1, 3, 7, 32, 8, 36, 10, 51, 13, 35, 4, 6, 5, 47, 30, 46, 23, 54, 27, 49, 29];2465.0
[47, 31, 29, 25, 24, 18, 52, 0, 55, 34, 2, 12, 39, 38, 10, 32, 7, 4, 5, 48, 33, 26, 42, 21, 54, 27, 44, 45, 30, 46, 1, 3, 8, 36, 9, 37, 11, 51, 14, 15, 17, 16, 20, 41, 50, 23, 49, 43, 28, 53, 22, 40, 19, 13, 35, 6];2536.0
[29, 49, 45, 17, 15, 16, 12, 14, 55, 31, 23, 24, 37, 9, 36, 11, 19, 42, 22, 18, 39, 38, 10, 26, 25, 20, 40, 41, 21, 50, 34, 2, 32, 8, 7, 51, 27, 54, 30, 46, 1, 52, 0, 33, 3, 48, 13, 35, 4, 5, 6, 47, 44, 53, 43, 28];2756.0
[28, 26, 25, 42, 23, 27, 49, 29, 40, 20, 18, 10, 12, 14, 15, 16, 17, 0, 33, 34, 48, 3, 6, 4, 36, 9, 32, 8, 7, 11, 38, 19, 50, 54, 45, 44, 53, 21, 22, 41, 30, 46, 13, 35, 5, 47, 31, 55, 1, 2, 24, 39, 37, 51, 52, 43];2714.0
[0, 33, 17, 15, 16, 40, 21, 50, 22, 41, 23, 25, 24, 38, 37, 9, 10, 26, 42, 54, 53, 43, 28, 45, 44, 30, 29, 27, 49, 52, 48, 3, 4, 7, 32, 8, 6, 5, 47, 31, 46, 55, 34, 1, 2, 14, 12, 13, 35, 36, 11, 19, 20, 18, 39, 51];2474.0
[7, 42, 50, 13, 4, 35, 25, 24, 38, 37, 9, 36, 0, 33, 14, 12, 15, 16, 17, 52, 26, 54, 49, 45, 29, 27, 23, 30, 46, 55, 31, 48, 3, 6, 5, 47, 53, 43, 44, 28, 34, 1, 2, 11, 19, 20, 41, 21, 22, 40, 18, 39, 51, 10, 32, 8];2676.0
[34, 2, 17, 16, 15, 12, 39, 19, 18, 37, 7, 51, 10, 44, 28, 53, 43, 27, 49, 29, 45, 30, 3, 32, 8, 36, 9, 11, 38, 0, 55, 1, 14, 52, 33, 26, 25, 42, 21, 22, 41, 50, 54, 23, 24, 20, 40, 13, 35, 4, 6, 5, 47, 31, 48, 46];2431.0
[23, 21, 19, 11, 32, 8, 7, 10, 12, 51, 14, 52, 0, 44, 28, 29, 26, 17, 15, 16, 25, 18, 39, 38, 37, 9, 36, 13, 35, 6, 4, 5, 47, 53, 43, 24, 40, 20, 42, 22, 41, 50, 54, 49, 45, 30, 46, 55, 34, 3, 48, 1, 2, 33, 31, 27];2346.0
[13, 35, 14, 26, 27, 24, 20, 40, 41, 50, 23, 54, 49, 30, 46, 1, 12, 10, 51, 32, 7, 8, 36, 9, 55, 34, 31, 48, 3, 4, 6, 5, 47, 44, 53, 43, 28, 45, 29, 19, 18, 38, 37, 11, 16, 15, 17, 52, 0, 2, 33, 25, 42, 21, 22, 39];2439.0
[39, 8, 32, 36, 25, 54, 30, 46, 34, 3, 6, 12, 38, 11, 19, 20, 40, 41, 50, 18, 37, 9, 5, 47, 48, 1, 2, 15, 16, 17, 26, 52, 14, 10, 51, 13, 35, 4, 7, 0, 33, 55, 31, 29, 27, 49, 45, 53, 43, 44, 28, 23, 24, 42, 22, 21];2615.0
[33, 3, 48, 15, 12, 32, 8, 14, 25, 24, 20, 40, 41, 50, 54, 45, 30, 29, 26, 17, 16, 52, 27, 49, 43, 44, 28, 53, 23, 42, 21, 22, 19, 18, 39, 38, 37, 9, 36, 11, 51, 10, 13, 7, 35, 4, 6, 5, 47, 46, 55, 34, 31, 1, 2, 0];2203.0
[29, 14, 10, 51, 55, 34, 1, 16, 17, 15, 12, 37, 11, 38, 13, 35, 5, 2, 0, 33, 52, 26, 25, 42, 22, 41, 23, 24, 27, 30, 46, 4, 32, 8, 7, 36, 9, 6, 47, 3, 48, 31, 28, 53, 43, 44, 18, 39, 19, 20, 40, 21, 50, 54, 49, 45];2605.0
[46, 1, 2, 0, 33, 26, 25, 18, 39, 19, 20, 41, 54, 29, 52, 14, 13, 35, 8, 36, 37, 9, 11, 38, 51, 55, 31, 47, 6, 7, 32, 10, 12, 15, 16, 17, 40, 21, 27, 45, 34, 48, 3, 4, 5, 28, 53, 23, 24, 42, 22, 50, 49, 43, 44, 30];2560.0
[29, 27, 53, 43, 14, 32, 7, 51, 0, 3, 6, 5, 47, 45, 30, 55, 2, 16, 17, 25, 20, 22, 44, 28, 18, 39, 12, 15, 33, 48, 31, 46, 34, 1, 13, 35, 4, 26, 24, 42, 50, 23, 54, 49, 52, 8, 36, 9, 37, 10, 11, 38, 19, 40, 41, 21];2901.0
[38, 33, 26, 25, 24, 41, 50, 23, 54, 2, 13, 35, 51, 14, 0, 1, 6, 5, 47, 31, 29, 27, 49, 16, 12, 39, 10, 15, 17, 52, 42, 21, 22, 45, 30, 46, 44, 53, 43, 28, 55, 34, 48, 3, 4, 7, 32, 8, 36, 37, 9, 11, 19, 40, 20, 18];2558.0
[3, 23, 54, 16, 17, 52, 44, 28, 27, 29, 26, 55, 31, 48, 2, 0, 33, 14, 38, 11, 19, 20, 22, 40, 18, 39, 32, 8, 10, 51, 12, 15, 25, 42, 21, 50, 24, 4, 6, 5, 47, 53, 43, 41, 49, 45, 30, 46, 13, 35, 7, 36, 9, 37, 34, 1];2985.0
[15, 10, 32, 8, 37, 36, 9, 11, 26, 49, 45, 14, 51, 12, 39, 19, 20, 40, 18, 38, 24, 42, 21, 22, 41, 50, 0, 33, 1, 2, 25, 23, 54, 27, 30, 46, 55, 34, 3, 48, 4, 7, 13, 35, 6, 5, 31, 47, 44, 53, 43, 28, 29, 52, 17, 16];2494.0
[3, 1, 14, 15, 0, 55, 2, 33, 42, 50, 23, 54, 17, 16, 27, 49, 44, 45, 29, 26, 52, 25, 24, 18, 39, 38, 11, 19, 20, 41, 21, 43, 28, 53, 22, 40, 10, 32, 7, 4, 6, 47, 30, 46, 31, 34, 13, 35, 51, 12, 37, 36, 9, 8, 5, 48];2729.0
[35, 51, 24, 18, 13, 6, 5, 47, 31, 25, 21, 54, 45, 30, 46, 29, 0, 33, 2, 16, 15, 17, 52, 26, 20, 40, 37, 9, 36, 8, 7, 10, 11, 19, 39, 38, 12, 14, 42, 22, 41, 50, 23, 27, 49, 44, 28, 53, 43, 55, 34, 1, 3, 48, 4, 32];2575.0
[53, 43, 28, 10, 11, 7, 4, 5, 6, 26, 42, 22, 41, 55, 34, 16, 17, 52, 25, 24, 54, 27, 45, 30, 46, 29, 15, 12, 51, 13, 35, 32, 8, 36, 9, 37, 0, 3, 48, 1, 2, 40, 20, 19, 18, 39, 38, 14, 33, 31, 47, 44, 23, 21, 50, 49];2795.0
[28, 53, 27, 23, 54, 34, 3, 5, 48, 1, 14, 10, 51, 11, 38, 0, 2, 33, 13, 35, 32, 36, 9, 37, 8, 6, 4, 7, 42, 21, 22, 12, 15, 17, 16, 52, 55, 31, 47, 45, 30, 46, 29, 26, 25, 24, 18, 39, 19, 20, 40, 41, 50, 49, 43, 44];2582.0
[25, 42, 21, 50, 27, 0, 33, 55, 34, 3, 4, 7, 37, 11, 19, 20, 40, 10, 51, 13, 35, 5, 48, 1, 2, 49, 45, 29, 23, 22, 41, 54, 43, 28, 53, 44, 30, 46, 31, 47, 6, 32, 8, 36, 9, 52, 24, 18, 39, 38, 14, 12, 15, 16, 17, 26];2418.0
[23, 27, 49, 55, 36, 9, 37, 13, 35, 25, 24, 14, 52, 26, 0, 33, 1, 2, 15, 16, 17, 42, 21, 50, 54, 45, 30, 34, 3, 6, 4, 5, 47, 31, 48, 46, 43, 44, 53, 28, 29, 22, 40, 18, 39, 38, 10, 12, 51, 32, 8, 7, 11, 19, 20, 41];2638.0
[7, 15, 16, 0, 55, 34, 14, 37, 9, 51, 12, 17, 52, 27, 49, 44, 28, 29, 18, 39, 38, 11, 10, 32, 8, 36, 13, 35, 4, 6, 5, 47, 31, 22, 19, 20, 40, 41, 21, 23, 53, 43, 30, 46, 2, 33, 26, 25, 24, 42, 50, 54, 45, 48, 1, 3];2508.0
[34, 1, 12, 15, 16, 17, 0, 33, 2, 14, 52, 28, 53, 43, 44, 47, 48, 31, 29, 26, 25, 24, 42, 54, 27, 50, 23, 21, 41, 22, 20, 40, 19, 18, 39, 38, 13, 35, 5, 3, 6, 4, 32, 8, 36, 9, 37, 11, 10, 7, 51, 49, 45, 30, 46, 55];2276.0
[2, 26, 52, 25, 24, 42, 22, 21, 23, 39, 51, 10, 12, 15, 16, 17, 20, 18, 14, 0, 33, 29, 49, 43, 28, 53, 44, 30, 46, 34, 3, 7, 11, 38, 19, 40, 41, 50, 54, 27, 45, 55, 32, 8, 36, 9, 37, 13, 35, 4, 6, 5, 47, 31, 48, 1];2315.0
[12, 51, 49, 43, 25, 24, 18, 32, 8, 11, 19, 22, 41, 55, 34, 31, 47, 28, 53, 44, 29, 27, 30, 46, 14, 15, 16, 17, 52, 0, 1, 2, 33, 26, 40, 20, 42, 21, 50, 23, 54, 45, 48, 3, 4, 5, 6, 7, 36, 9, 37, 13, 35, 39, 38, 10];2679.0
[14, 52, 54, 27, 23, 24, 40, 20, 19, 18, 4, 6, 5, 47, 31, 46, 26, 25, 42, 21, 22, 41, 50, 49, 43, 28, 29, 17, 16, 15, 39, 37, 9, 32, 8, 36, 11, 38, 10, 0, 33, 1, 3, 48, 53, 44, 45, 30, 55, 34, 2, 13, 35, 7, 51, 12];2249.0
[25, 54, 27, 20, 40, 41, 22, 44, 29, 26, 52, 0, 2, 33, 14, 51, 10, 13, 35, 42, 21, 50, 24, 18, 32, 8, 36, 9, 11, 19, 23, 45, 30, 46, 55, 34, 31, 47, 6, 5, 3, 48, 1, 16, 12, 39, 38, 37, 4, 7, 15, 17, 49, 43, 28, 53];2709.0
[16, 15, 17, 27, 43, 53, 44, 28, 29, 52, 0, 33, 2, 34, 5, 6, 4, 32, 36, 37, 9, 41, 21, 22, 20, 40, 19, 38, 11, 51, 12, 14, 26, 25, 24, 18, 39, 13, 35, 8, 7, 10, 42, 50, 23, 54, 49, 45, 30, 46, 55, 31, 47, 3, 48, 1];2353.0
[55, 1, 26, 24, 18, 0, 33, 16, 12, 39, 38, 43, 44, 53, 28, 52, 14, 51, 13, 35, 5, 47, 31, 29, 23, 50, 54, 49, 45, 30, 34, 2, 32, 36, 9, 37, 10, 15, 17, 25, 42, 22, 40, 4, 6, 48, 3, 7, 8, 11, 19, 20, 41, 21, 27, 46];2927.0
[51, 0, 34, 1, 3, 4, 6, 5, 48, 2, 15, 16, 17, 25, 42, 21, 50, 18, 39, 38, 10, 12, 14, 52, 26, 33, 55, 47, 28, 53, 43, 44, 24, 41, 22, 40, 20, 19, 37, 11, 31, 46, 29, 27, 23, 54, 49, 45, 30, 13, 35, 7, 32, 8, 36, 9];2411.0
[38, 51, 0, 33, 27, 44, 29, 14, 12, 16, 15, 17, 52, 23, 54, 45, 30, 55, 31, 46, 34, 1, 2, 26, 49, 43, 28, 53, 22, 41, 50, 20, 39, 37, 9, 8, 7, 32, 36, 25, 24, 42, 21, 40, 19, 18, 13, 35, 5, 6, 47, 48, 3, 4, 10, 11];2509.0
[48, 4, 51, 14, 15, 17, 16, 12, 39, 18, 38, 10, 11, 52, 26, 49, 28, 53, 43, 44, 13, 35, 54, 27, 30, 34, 1, 3, 7, 32, 36, 9, 37, 8, 6, 5, 47, 2, 0, 33, 55, 31, 46, 29, 23, 25, 24, 40, 19, 20, 42, 21, 50, 22, 41, 45];2682.0
[45, 30, 40, 20, 39, 10, 51, 14, 27, 49, 29, 26, 17, 16, 25, 24, 42, 21, 22, 19, 18, 37, 36, 9, 12, 15, 33, 46, 34, 2, 52, 0, 55, 31, 47, 44, 28, 53, 43, 13, 32, 8, 7, 35, 6, 5, 3, 48, 1, 4, 11, 38, 41, 50, 23, 54];2584.0
[46, 20, 18, 10, 17, 52, 0, 33, 34, 1, 3, 48, 2, 14, 13, 35, 5, 6, 4, 7, 49, 29, 26, 25, 24, 39, 38, 37, 36, 9, 51, 12, 15, 16, 55, 31, 47, 44, 27, 23, 21, 22, 40, 41, 19, 11, 32, 8, 42, 50, 54, 28, 53, 43, 45, 30];2652.0
[14, 15, 17, 16, 12, 32, 8, 36, 7, 4, 6, 5, 22, 21, 50, 38, 51, 13, 35, 10, 24, 42, 54, 27, 45, 48, 3, 47, 28, 53, 44, 55, 31, 29, 49, 52, 26, 0, 33, 2, 25, 18, 39, 37, 9, 11, 19, 20, 40, 41, 23, 43, 30, 46, 34, 1];2729.0
[16, 0, 33, 55, 47, 53, 43, 44, 28, 22, 19, 18, 39, 37, 36, 9, 8, 51, 14, 17, 52, 25, 42, 21, 23, 27, 49, 1, 2, 13, 5, 3, 48, 31, 46, 29, 26, 24, 20, 40, 41, 50, 54, 45, 30, 34, 11, 38, 10, 32, 35, 6, 4, 7, 12, 15];2422.0
[29, 25, 24, 21, 23, 55, 34, 2, 52, 27, 49, 14, 51, 10, 32, 8, 6, 48, 31, 53, 43, 28, 13, 35, 7, 12, 15, 16, 17, 0, 33, 26, 42, 22, 18, 39, 38, 37, 36, 9, 11, 19, 40, 20, 41, 50, 54, 45, 1, 3, 4, 5, 47, 44, 30, 46];2582.0
[32, 51, 14, 33, 34, 1, 3, 29, 27, 45, 52, 17, 16, 0, 55, 31, 47, 30, 46, 2, 12, 15, 24, 42, 22, 19, 18, 39, 10, 11, 38, 37, 36, 9, 8, 4, 6, 5, 48, 26, 25, 20, 40, 41, 21, 50, 23, 54, 49, 43, 44, 53, 28, 13, 35, 7];2413.0
[38, 53, 28, 45, 55, 1, 0, 33, 2, 13, 35, 12, 39, 37, 9, 51, 14, 26, 24, 18, 52, 25, 42, 22, 19, 40, 20, 41, 50, 54, 27, 43, 44, 30, 48, 3, 4, 7, 49, 29, 21, 23, 32, 8, 36, 6, 5, 47, 31, 46, 34, 17, 16, 15, 10, 11];2874.0
[3, 6, 7, 12, 15, 17, 16, 52, 25, 24, 42, 50, 23, 54, 27, 13, 35, 5, 44, 45, 30, 55, 4, 11, 19, 40, 21, 22, 41, 49, 43, 28, 53, 29, 20, 18, 39, 38, 0, 1, 2, 33, 26, 14, 51, 10, 8, 32, 36, 37, 9, 31, 47, 46, 34, 48];2716.0
[11, 51, 26, 24, 54, 27, 0, 33, 3, 4, 32, 8, 36, 9, 37, 17, 16, 15, 12, 10, 7, 6, 5, 53, 22, 41, 23, 45, 30, 34, 48, 31, 47, 46, 55, 1, 2, 25, 42, 21, 49, 43, 44, 28, 29, 52, 14, 13, 35, 19, 40, 20, 50, 18, 39, 38];2643.0
[38, 40, 30, 55, 34, 52, 25, 42, 22, 19, 18, 51, 14, 47, 45, 28, 53, 43, 44, 29, 24, 39, 37, 36, 9, 21, 54, 27, 49, 26, 0, 33, 2, 17, 16, 15, 12, 13, 5, 6, 48, 31, 46, 20, 41, 50, 23, 1, 3, 4, 32, 7, 8, 35, 10, 11];2937.0
[52, 14, 12, 38, 40, 41, 21, 22, 39, 37, 9, 49, 43, 53, 44, 28, 26, 17, 16, 15, 13, 35, 25, 24, 54, 27, 45, 30, 46, 34, 0, 33, 55, 1, 2, 51, 10, 32, 8, 36, 11, 19, 20, 42, 50, 23, 18, 7, 4, 6, 5, 47, 3, 48, 31, 29];2519.0
[28, 55, 34, 48, 3, 8, 36, 51, 12, 15, 16, 0, 33, 52, 26, 27, 43, 29, 17, 10, 32, 7, 14, 20, 40, 41, 21, 22, 38, 13, 35, 11, 19, 42, 50, 23, 54, 49, 45, 30, 46, 1, 2, 25, 24, 18, 39, 37, 9, 4, 6, 5, 31, 47, 53, 44];2577.0
[7, 12, 15, 14, 37, 36, 9, 18, 39, 10, 32, 8, 6, 5, 1, 33, 2, 51, 11, 38, 19, 42, 23, 27, 49, 52, 0, 55, 34, 48, 31, 47, 53, 43, 28, 29, 16, 17, 13, 35, 26, 25, 24, 20, 40, 22, 41, 21, 50, 54, 44, 45, 30, 46, 3, 4];2506.0
[2, 12, 51, 10, 13, 35, 52, 26, 45, 30, 46, 31, 47, 48, 55, 34, 44, 28, 53, 43, 32, 8, 36, 11, 40, 41, 22, 20, 18, 19, 39, 38, 15, 17, 16, 25, 24, 42, 54, 27, 23, 21, 50, 49, 29, 1, 3, 5, 6, 4, 7, 37, 9, 14, 0, 33];2574.0
[35, 25, 54, 27, 20, 40, 42, 22, 41, 21, 50, 23, 29, 52, 26, 49, 30, 46, 55, 34, 2, 32, 8, 7, 5, 6, 4, 51, 12, 14, 15, 16, 17, 0, 33, 1, 3, 48, 47, 31, 45, 44, 53, 43, 28, 24, 19, 18, 39, 37, 9, 36, 11, 38, 10, 13];2327.0
[35, 25, 20, 40, 19, 42, 21, 50, 23, 16, 15, 17, 26, 27, 45, 3, 4, 51, 10, 11, 38, 41, 22, 18, 39, 7, 6, 5, 47, 48, 2, 0, 33, 55, 31, 46, 34, 1, 32, 8, 36, 9, 37, 12, 14, 52, 24, 54, 43, 28, 53, 44, 29, 49, 30, 13];2697.0
[45, 3, 8, 7, 52, 50, 23, 55, 31, 48, 2, 0, 33, 29, 26, 17, 14, 13, 35, 6, 4, 5, 47, 27, 49, 44, 28, 53, 43, 30, 46, 34, 1, 25, 24, 42, 21, 22, 18, 38, 51, 15, 16, 12, 39, 11, 10, 32, 36, 37, 9, 19, 20, 40, 41, 54];2630.0
[51, 11, 38, 14, 12, 15, 16, 17, 52, 55, 31, 46, 2, 0, 33, 26, 42, 50, 54, 49, 29, 13, 5, 47, 30, 34, 48, 1, 3, 27, 45, 44, 28, 53, 43, 22, 21, 23, 25, 24, 20, 40, 41, 19, 18, 39, 32, 7, 35, 4, 6, 8, 36, 37, 9, 10];2386.0
[40, 19, 18, 39, 38, 3, 48, 31, 55, 34, 13, 35, 5, 1, 2, 14, 15, 17, 16, 26, 27, 45, 44, 30, 46, 47, 6, 4, 7, 12, 51, 10, 37, 9, 11, 42, 22, 41, 50, 23, 21, 54, 29, 52, 0, 33, 49, 53, 43, 28, 32, 8, 36, 25, 24, 20];2611.0
[40, 19, 39, 38, 32, 8, 5, 47, 30, 55, 46, 29, 26, 25, 20, 41, 54, 45, 6, 4, 36, 51, 13, 35, 7, 10, 12, 14, 52, 0, 2, 33, 17, 16, 15, 24, 42, 21, 27, 49, 34, 1, 3, 48, 31, 44, 28, 53, 43, 22, 50, 23, 18, 37, 9, 11];2631.0
[20, 42, 50, 27, 26, 33, 2, 14, 51, 32, 7, 52, 0, 31, 46, 47, 48, 3, 6, 4, 10, 13, 35, 5, 28, 45, 44, 30, 55, 34, 1, 12, 39, 38, 8, 36, 15, 16, 17, 25, 54, 49, 53, 43, 29, 23, 24, 18, 37, 9, 11, 19, 41, 21, 22, 40];2595.0
[19, 11, 10, 51, 32, 5, 48, 26, 24, 54, 23, 50, 22, 38, 7, 6, 3, 31, 55, 46, 29, 27, 49, 25, 20, 18, 39, 12, 14, 0, 33, 2, 17, 16, 15, 8, 36, 9, 37, 13, 35, 4, 47, 44, 28, 53, 43, 45, 30, 34, 1, 52, 42, 41, 21, 40];2812.0
[18, 38, 51, 14, 52, 26, 42, 21, 54, 27, 49, 45, 30, 46, 34, 1, 0, 33, 2, 17, 15, 16, 13, 35, 36, 9, 37, 11, 10, 32, 12, 39, 19, 20, 40, 41, 22, 8, 7, 4, 6, 5, 48, 3, 55, 31, 47, 53, 43, 44, 28, 29, 25, 50, 23, 24];2280.0
[41, 54, 43, 44, 53, 28, 0, 33, 26, 50, 23, 24, 42, 21, 22, 40, 39, 11, 10, 15, 16, 12, 13, 35, 4, 51, 17, 55, 34, 1, 2, 14, 32, 7, 8, 36, 9, 37, 5, 6, 3, 48, 31, 47, 29, 27, 49, 45, 30, 46, 52, 25, 18, 38, 19, 20];2473.0
[50, 23, 21, 22, 41, 51, 14, 55, 47, 45, 30, 37, 11, 10, 13, 35, 7, 0, 33, 31, 46, 34, 1, 2, 26, 24, 20, 40, 19, 18, 39, 38, 32, 36, 9, 8, 4, 6, 5, 3, 48, 44, 28, 53, 43, 54, 27, 49, 29, 52, 17, 16, 12, 15, 25, 42];2515.0
[17, 16, 15, 14, 51, 13, 35, 8, 7, 32, 22, 21, 49, 43, 44, 53, 28, 29, 26, 24, 45, 52, 25, 42, 50, 23, 30, 46, 2, 12, 39, 38, 19, 18, 10, 55, 34, 1, 0, 33, 31, 47, 48, 3, 4, 5, 6, 36, 9, 37, 11, 20, 40, 41, 54, 27];2706.0
[45, 26, 17, 52, 18, 19, 39, 15, 16, 42, 50, 43, 44, 29, 0, 55, 34, 13, 35, 6, 53, 28, 10, 51, 12, 14, 49, 30, 46, 31, 3, 48, 1, 2, 33, 25, 24, 54, 27, 23, 21, 22, 41, 40, 20, 38, 11, 32, 7, 8, 36, 37, 9, 4, 5, 47];2859.0
[0, 33, 47, 28, 53, 18, 39, 38, 51, 12, 14, 24, 54, 27, 55, 31, 48, 1, 2, 26, 25, 20, 40, 19, 50, 49, 45, 30, 46, 29, 17, 16, 15, 13, 35, 4, 7, 10, 32, 8, 36, 9, 37, 11, 52, 42, 41, 21, 22, 23, 43, 44, 34, 3, 6, 5];2646.0
[2, 26, 49, 29, 24, 40, 20, 39, 0, 33, 27, 45, 28, 53, 30, 3, 7, 32, 36, 11, 19, 18, 38, 10, 52, 25, 42, 22, 41, 21, 50, 23, 54, 43, 44, 17, 14, 51, 37, 9, 8, 5, 47, 31, 48, 1, 16, 15, 12, 13, 35, 4, 6, 46, 55, 34];2622.0
[44, 26, 52, 14, 13, 35, 11, 20, 40, 41, 0, 33, 24, 39, 38, 19, 18, 12, 15, 16, 17, 43, 28, 53, 30, 34, 48, 1, 2, 32, 36, 9, 37, 10, 51, 25, 42, 21, 50, 49, 29, 27, 22, 23, 54, 45, 31, 46, 55, 3, 8, 7, 4, 6, 5, 47];2763.0
[46, 54, 27, 49, 43, 44, 28, 53, 14, 37, 10, 51, 55, 1, 2, 33, 29, 26, 24, 18, 39, 13, 35, 7, 12, 15, 16, 17, 0, 52, 25, 40, 41, 21, 22, 38, 32, 8, 36, 9, 11, 19, 20, 42, 50, 23, 45, 47, 30, 34, 3, 4, 6, 5, 48, 31];2552.0
[13, 35, 14, 40, 20, 19, 10, 17, 16, 15, 12, 51, 7, 32, 8, 4, 6, 5, 47, 28, 53, 44, 29, 52, 26, 0, 33, 25, 42, 21, 50, 54, 49, 45, 30, 34, 3, 48, 1, 2, 55, 31, 46, 27, 43, 22, 41, 23, 24, 18, 39, 38, 11, 37, 36, 9];2283.0
[3, 4, 7, 51, 14, 0, 33, 12, 10, 11, 32, 6, 5, 47, 1, 17, 15, 16, 29, 27, 44, 28, 53, 43, 31, 48, 2, 13, 35, 8, 36, 9, 37, 52, 26, 24, 25, 42, 21, 22, 20, 18, 19, 39, 38, 40, 41, 50, 23, 54, 49, 45, 30, 46, 55, 34];2417.0
[3, 31, 47, 27, 23, 54, 49, 29, 45, 30, 46, 55, 34, 4, 6, 24, 42, 50, 39, 14, 0, 33, 2, 52, 26, 17, 16, 12, 15, 25, 18, 38, 51, 32, 8, 7, 10, 11, 37, 36, 9, 19, 20, 40, 41, 22, 21, 43, 28, 53, 44, 13, 35, 5, 48, 1];2624.0
[47, 28, 53, 39, 51, 14, 17, 26, 25, 24, 54, 29, 49, 45, 31, 48, 1, 2, 33, 42, 50, 27, 23, 22, 40, 20, 18, 38, 35, 5, 6, 52, 0, 3, 4, 32, 8, 36, 9, 37, 11, 19, 41, 21, 43, 44, 30, 46, 55, 34, 7, 10, 15, 16, 12, 13];2826.0
[16, 17, 26, 40, 20, 41, 50, 24, 39, 51, 2, 55, 34, 48, 31, 46, 23, 54, 27, 43, 44, 29, 0, 33, 3, 4, 6, 5, 47, 53, 28, 25, 42, 21, 22, 19, 18, 38, 37, 36, 9, 11, 32, 8, 10, 14, 15, 52, 49, 45, 30, 1, 13, 35, 7, 12];2480.0
[27, 49, 29, 22, 21, 18, 39, 0, 55, 31, 46, 48, 7, 32, 11, 38, 37, 36, 9, 19, 20, 40, 41, 23, 24, 30, 34, 1, 3, 4, 6, 5, 2, 14, 51, 13, 35, 8, 10, 12, 15, 17, 16, 33, 47, 44, 53, 43, 28, 45, 52, 26, 25, 42, 50, 54];2594.0
[26, 25, 19, 18, 39, 38, 32, 8, 36, 9, 12, 15, 16, 17, 52, 24, 20, 10, 51, 14, 0, 1, 3, 4, 6, 5, 48, 31, 46, 23, 54, 27, 45, 30, 55, 34, 47, 53, 43, 44, 28, 29, 42, 21, 22, 40, 41, 50, 49, 33, 2, 13, 35, 7, 11, 37];2343.0
[55, 31, 46, 29, 26, 0, 2, 14, 39, 38, 10, 51, 13, 35, 52, 25, 24, 20, 42, 21, 40, 19, 18, 7, 4, 6, 32, 8, 36, 37, 9, 11, 12, 15, 17, 16, 33, 34, 1, 3, 48, 5, 47, 44, 53, 43, 28, 27, 22, 41, 50, 23, 54, 49, 45, 30];2247.0
[29, 52, 1, 3, 4, 7, 36, 9, 27, 45, 30, 46, 31, 48, 6, 5, 47, 44, 28, 53, 43, 17, 16, 15, 12, 10, 51, 14, 0, 2, 33, 55, 34, 13, 35, 25, 22, 50, 23, 20, 18, 39, 38, 37, 11, 19, 40, 41, 21, 49, 26, 32, 8, 24, 42, 54];2744.0
[31, 46, 55, 34, 52, 26, 0, 33, 2, 17, 16, 15, 12, 10, 37, 36, 9, 19, 40, 20, 39, 32, 8, 7, 27, 23, 54, 49, 29, 25, 42, 21, 50, 22, 41, 24, 18, 38, 11, 51, 14, 3, 48, 1, 13, 35, 4, 6, 5, 47, 44, 53, 43, 28, 45, 30];2263.0
[19, 20, 18, 40, 41, 23, 39, 38, 37, 51, 10, 12, 15, 16, 17, 0, 34, 3, 48, 1, 2, 13, 35, 7, 14, 27, 49, 29, 52, 26, 33, 32, 8, 6, 5, 31, 47, 44, 53, 43, 28, 25, 24, 42, 22, 21, 50, 54, 45, 30, 46, 55, 4, 36, 9, 11];2421.0
[43, 17, 15, 16, 12, 32, 8, 6, 3, 48, 42, 50, 54, 30, 1, 2, 25, 24, 37, 36, 9, 14, 26, 52, 0, 33, 34, 46, 55, 31, 49, 29, 27, 23, 21, 22, 41, 20, 40, 19, 18, 39, 38, 11, 10, 51, 13, 7, 35, 4, 5, 47, 45, 44, 28, 53];2483.0
[41, 50, 18, 13, 35, 19, 20, 40, 46, 55, 1, 2, 17, 52, 0, 33, 26, 25, 24, 42, 21, 23, 54, 34, 48, 3, 4, 5, 6, 7, 10, 51, 12, 15, 16, 39, 32, 8, 36, 9, 11, 38, 37, 14, 27, 49, 45, 30, 31, 47, 53, 43, 44, 28, 29, 22];2488.0
[41, 30, 6, 4, 7, 14, 0, 33, 52, 26, 24, 27, 49, 43, 53, 44, 28, 46, 55, 1, 15, 16, 17, 25, 50, 54, 45, 34, 2, 13, 35, 5, 47, 48, 3, 31, 29, 23, 42, 21, 22, 20, 40, 19, 18, 39, 38, 51, 10, 12, 32, 8, 36, 37, 9, 11];2531.0
[29, 26, 27, 49, 52, 0, 33, 14, 10, 32, 7, 13, 35, 47, 53, 43, 23, 54, 45, 25, 42, 21, 22, 50, 44, 28, 30, 34, 2, 39, 37, 8, 36, 9, 11, 38, 51, 12, 15, 16, 17, 55, 1, 4, 6, 5, 48, 3, 46, 31, 24, 18, 19, 20, 40, 41];2685.0
[45, 44, 28, 53, 43, 26, 10, 7, 6, 47, 30, 46, 51, 11, 38, 40, 42, 22, 41, 23, 24, 37, 32, 8, 0, 55, 34, 1, 36, 9, 52, 25, 54, 49, 33, 2, 14, 15, 17, 16, 12, 39, 19, 20, 18, 13, 35, 4, 5, 48, 3, 31, 29, 27, 21, 50];2899.0
[6, 52, 26, 29, 49, 45, 55, 1, 3, 31, 48, 47, 30, 46, 34, 2, 42, 50, 23, 38, 11, 37, 9, 10, 35, 7, 32, 8, 36, 25, 24, 54, 27, 43, 44, 28, 53, 21, 22, 41, 20, 40, 19, 18, 39, 51, 14, 0, 33, 17, 16, 15, 12, 13, 4, 5];2499.0
[14, 51, 32, 36, 26, 25, 54, 28, 27, 29, 23, 24, 42, 40, 20, 41, 21, 50, 49, 45, 44, 53, 43, 22, 37, 9, 52, 0, 33, 34, 3, 11, 19, 18, 39, 38, 10, 12, 15, 16, 17, 13, 35, 7, 8, 4, 6, 5, 47, 30, 46, 55, 31, 48, 1, 2];2508.0
[40, 51, 55, 34, 52, 25, 21, 23, 24, 18, 12, 39, 19, 41, 50, 54, 15, 16, 17, 0, 33, 1, 2, 13, 6, 5, 47, 29, 27, 44, 53, 43, 28, 26, 49, 45, 30, 46, 31, 48, 3, 32, 8, 36, 37, 9, 11, 38, 10, 7, 35, 4, 14, 42, 22, 20];2672.0
[53, 26, 20, 18, 39, 10, 14, 0, 33, 1, 2, 17, 16, 52, 25, 24, 42, 34, 48, 3, 7, 32, 51, 12, 15, 13, 35, 11, 38, 37, 4, 5, 47, 6, 8, 36, 9, 19, 40, 21, 22, 41, 50, 23, 54, 45, 30, 46, 55, 31, 28, 29, 27, 49, 43, 44];2542.0
[47, 7, 32, 8, 36, 13, 35, 14, 42, 21, 50, 23, 22, 40, 20, 18, 39, 12, 51, 37, 9, 43, 44, 26, 52, 25, 24, 27, 45, 28, 53, 30, 46, 34, 1, 2, 15, 16, 17, 0, 33, 48, 3, 5, 6, 4, 10, 11, 38, 19, 41, 54, 49, 29, 55, 31];2553.0
[46, 55, 34, 13, 35, 5, 48, 3, 31, 15, 16, 17, 26, 25, 18, 39, 10, 51, 11, 19, 20, 41, 40, 38, 0, 33, 1, 2, 52, 14, 12, 37, 36, 9, 32, 8, 7, 4, 6, 47, 44, 53, 43, 28, 27, 23, 24, 42, 21, 50, 22, 54, 49, 29, 45, 30];2417.0
[14, 47, 48, 3, 0, 33, 55, 34, 1, 2, 24, 20, 40, 21, 52, 26, 42, 50, 23, 22, 41, 27, 45, 28, 29, 25, 54, 49, 53, 43, 44, 30, 31, 46, 17, 16, 15, 12, 32, 36, 11, 38, 19, 18, 39, 37, 9, 10, 51, 13, 35, 8, 4, 5, 6, 7];2559.0
[37, 7, 35, 24, 54, 31, 47, 44, 28, 53, 43, 23, 18, 39, 12, 16, 15, 17, 14, 51, 13, 4, 6, 5, 46, 27, 49, 29, 52, 26, 25, 42, 21, 22, 40, 20, 38, 0, 55, 34, 48, 3, 36, 9, 11, 19, 41, 50, 45, 30, 1, 33, 2, 32, 8, 10];2714.0
[11, 12, 15, 33, 2, 13, 35, 10, 26, 54, 45, 30, 46, 55, 34, 14, 51, 7, 4, 6, 5, 27, 23, 24, 20, 40, 38, 32, 8, 36, 49, 44, 52, 0, 1, 3, 48, 31, 47, 53, 43, 28, 29, 17, 16, 25, 42, 21, 41, 50, 22, 19, 18, 39, 37, 9];2639.0
[44, 53, 43, 28, 45, 29, 37, 11, 19, 50, 23, 54, 27, 49, 55, 31, 47, 48, 3, 4, 5, 6, 26, 25, 18, 39, 38, 51, 17, 16, 15, 12, 13, 35, 36, 9, 32, 8, 7, 10, 14, 0, 33, 2, 34, 1, 52, 42, 21, 22, 20, 40, 41, 24, 30, 46];2534.0
[33, 2, 14, 39, 38, 12, 16, 15, 17, 0, 31, 47, 44, 29, 1, 13, 35, 5, 6, 8, 36, 37, 9, 11, 51, 52, 26, 49, 28, 53, 43, 45, 30, 46, 55, 34, 48, 3, 4, 7, 32, 25, 40, 20, 42, 22, 41, 21, 50, 54, 27, 23, 24, 18, 19, 10];2406.0
[12, 15, 14, 25, 43, 44, 28, 53, 29, 26, 16, 17, 52, 0, 1, 33, 2, 13, 35, 7, 10, 32, 8, 36, 9, 11, 38, 18, 39, 19, 40, 20, 42, 22, 41, 21, 50, 45, 30, 31, 46, 34, 48, 3, 4, 5, 6, 47, 23, 24, 54, 27, 49, 55, 37, 51];2398.0
[14, 13, 35, 6, 5, 46, 29, 26, 17, 39, 10, 32, 8, 51, 0, 33, 25, 42, 28, 53, 43, 23, 22, 41, 21, 50, 54, 49, 27, 45, 31, 47, 44, 30, 55, 34, 1, 2, 3, 48, 4, 7, 36, 37, 9, 11, 52, 24, 20, 40, 19, 18, 38, 12, 15, 16];2468.0
[46, 26, 0, 33, 27, 49, 29, 17, 15, 16, 52, 20, 40, 19, 7, 4, 11, 38, 34, 1, 2, 25, 24, 18, 39, 10, 51, 32, 8, 36, 9, 37, 14, 12, 13, 35, 6, 5, 47, 48, 3, 55, 31, 44, 53, 43, 28, 42, 41, 21, 22, 50, 23, 54, 45, 30];2447.0
[16, 52, 24, 27, 49, 44, 53, 47, 31, 55, 2, 39, 38, 15, 12, 26, 25, 20, 40, 18, 10, 51, 11, 19, 42, 50, 54, 43, 28, 45, 30, 46, 3, 7, 32, 8, 36, 37, 9, 14, 0, 33, 34, 48, 1, 13, 35, 4, 6, 5, 29, 23, 21, 22, 41, 17];2680.0
[4, 12, 14, 16, 15, 17, 43, 53, 23, 54, 49, 45, 30, 46, 26, 25, 42, 22, 41, 21, 50, 38, 10, 32, 7, 8, 36, 37, 9, 11, 6, 48, 2, 52, 0, 33, 31, 47, 44, 28, 29, 27, 24, 20, 40, 19, 18, 39, 51, 13, 35, 5, 55, 34, 1, 3];2432.0
[19, 20, 39, 18, 38, 10, 37, 9, 14, 0, 54, 27, 25, 24, 40, 22, 41, 21, 50, 45, 30, 55, 1, 33, 2, 16, 17, 52, 26, 42, 23, 43, 28, 29, 49, 15, 12, 51, 32, 36, 7, 8, 4, 6, 5, 31, 47, 53, 44, 34, 48, 3, 46, 13, 35, 11];2807.0
[23, 45, 30, 46, 34, 1, 3, 4, 32, 36, 9, 37, 11, 0, 33, 14, 12, 15, 17, 16, 27, 44, 53, 43, 28, 26, 24, 54, 49, 29, 20, 40, 19, 18, 39, 38, 10, 51, 13, 35, 8, 7, 6, 5, 47, 48, 31, 55, 2, 52, 25, 42, 22, 41, 21, 50];2162.0
[48, 32, 8, 36, 9, 15, 16, 12, 51, 14, 17, 30, 46, 34, 1, 2, 52, 0, 29, 26, 25, 42, 22, 41, 50, 54, 49, 45, 53, 21, 23, 27, 43, 44, 28, 24, 20, 40, 19, 18, 39, 11, 38, 37, 33, 55, 3, 4, 7, 10, 13, 35, 6, 5, 47, 31];2416.0
