ftv64
9229.0;[7, 15, 16, 13, 10, 42, 11, 45, 60, 0, 55, 34, 57, 58, 32, 54, 28, 50, 29, 52, 53, 30, 31, 62, 33, 56, 27, 21, 48, 35, 20, 46, 1, 37, 64, 38, 4, 39, 5, 8, 40, 9, 17, 18, 61, 2, 3, 14, 47, 6, 36, 41, 43, 44, 12, 23, 49, 22, 24, 51, 25, 63, 59, 26, 19];3009.0
9371.0;[22, 26, 12, 44, 11, 60, 15, 50, 28, 61, 18, 17, 16, 46, 45, 36, 8, 40, 6, 31, 62, 52, 30, 24, 25, 63, 53, 55, 33, 2, 4, 3, 37, 19, 20, 48, 35, 10, 14, 47, 39, 5, 7, 13, 27, 21, 49, 59, 42, 41, 43, 9, 0, 1, 64, 38, 34, 57, 58, 56, 32, 54, 29, 51, 23];3113.0
8932.0;[47, 14, 6, 56, 25, 21, 49, 22, 23, 59, 51, 24, 30, 31, 62, 52, 53, 55, 32, 54, 28, 27, 26, 45, 10, 36, 60, 8, 40, 41, 9, 11, 1, 3, 50, 63, 29, 33, 64, 38, 2, 0, 61, 15, 18, 17, 16, 13, 46, 42, 43, 44, 12, 35, 48, 20, 19, 37, 34, 57, 58, 4, 39, 5, 7];2821.0
8359.0;[37, 3, 60, 36, 7, 10, 42, 45, 13, 16, 15, 0, 18, 17, 52, 53, 33, 56, 38, 2, 4, 6, 57, 58, 32, 54, 61, 28, 50, 27, 22, 23, 35, 19, 46, 1, 26, 21, 48, 59, 63, 29, 25, 55, 64, 34, 39, 5, 8, 40, 41, 43, 44, 12, 9, 14, 47, 11, 20, 49, 24, 51, 30, 31, 62];3049.0
8972.0;[14, 6, 47, 45, 12, 43, 44, 50, 51, 24, 25, 26, 59, 63, 29, 32, 56, 54, 61, 1, 37, 3, 28, 27, 21, 48, 22, 49, 23, 35, 20, 19, 46, 60, 15, 18, 17, 16, 13, 42, 11, 10, 0, 57, 58, 34, 64, 4, 39, 5, 36, 8, 40, 7, 41, 9, 55, 53, 31, 62, 52, 30, 33, 38, 2];2962.0
8752.0;[34, 58, 26, 21, 19, 20, 15, 0, 28, 50, 3, 18, 16, 17, 27, 22, 23, 49, 59, 63, 55, 33, 56, 38, 14, 47, 39, 5, 7, 8, 40, 43, 44, 45, 60, 29, 32, 54, 61, 1, 37, 2, 4, 6, 57, 31, 62, 52, 51, 30, 53, 36, 41, 9, 42, 11, 10, 13, 46, 12, 35, 48, 24, 25, 64];3024.0
9079.0;[40, 18, 50, 54, 29, 55, 33, 64, 38, 2, 14, 47, 7, 27, 22, 59, 31, 62, 30, 53, 4, 39, 5, 6, 57, 58, 34, 56, 32, 1, 37, 3, 17, 16, 13, 36, 41, 9, 42, 43, 44, 12, 35, 20, 21, 49, 23, 48, 45, 11, 60, 15, 0, 61, 28, 52, 51, 24, 63, 25, 26, 19, 46, 10, 8];2781.0
8811.0;[63, 37, 64, 53, 33, 56, 2, 3, 61, 28, 50, 54, 29, 55, 38, 14, 5, 6, 39, 60, 15, 18, 16, 17, 13, 46, 11, 45, 47, 7, 42, 43, 44, 36, 8, 40, 41, 9, 10, 0, 1, 4, 57, 58, 34, 32, 27, 59, 25, 26, 19, 12, 35, 20, 21, 22, 30, 31, 62, 52, 51, 24, 23, 48, 49];2923.0
9096.0;[15, 46, 45, 14, 57, 53, 16, 17, 18, 27, 26, 48, 63, 32, 54, 50, 30, 31, 62, 52, 51, 24, 49, 59, 25, 22, 23, 35, 19, 47, 6, 58, 34, 64, 2, 3, 0, 28, 61, 1, 37, 29, 55, 33, 56, 38, 4, 39, 5, 10, 60, 13, 20, 21, 12, 44, 11, 42, 43, 41, 9, 8, 36, 40, 7];2901.0
8572.0;[60, 34, 62, 52, 31, 55, 32, 25, 12, 44, 11, 15, 50, 29, 33, 38, 2, 61, 28, 17, 18, 16, 14, 6, 57, 58, 56, 48, 49, 22, 23, 59, 63, 24, 51, 30, 53, 54, 27, 26, 21, 19, 36, 8, 7, 47, 13, 46, 45, 10, 0, 1, 37, 3, 64, 4, 39, 5, 40, 41, 9, 35, 20, 42, 43];3204.0
8526.0;[57, 62, 51, 24, 46, 13, 16, 17, 18, 43, 44, 12, 35, 45, 60, 15, 10, 36, 6, 58, 3, 37, 38, 2, 14, 47, 26, 25, 22, 23, 49, 59, 63, 29, 32, 61, 28, 50, 54, 52, 30, 31, 53, 55, 33, 56, 64, 34, 4, 39, 8, 40, 41, 9, 0, 1, 27, 48, 21, 20, 19, 42, 11, 7, 5];3151.0
9179.0;[11, 61, 54, 28, 50, 29, 52, 2, 4, 39, 6, 58, 3, 0, 18, 17, 16, 13, 46, 42, 43, 9, 60, 15, 1, 37, 38, 34, 57, 53, 31, 55, 33, 64, 56, 32, 26, 19, 45, 36, 40, 41, 8, 10, 14, 47, 5, 7, 27, 21, 48, 49, 22, 59, 25, 63, 51, 30, 62, 24, 23, 35, 20, 12, 44];2717.0
7588.0;[13, 16, 17, 50, 57, 55, 53, 31, 30, 23, 49, 22, 25, 26, 12, 44, 11, 45, 60, 64, 38, 2, 3, 27, 63, 29, 33, 56, 32, 61, 18, 0, 15, 14, 47, 7, 39, 5, 6, 58, 62, 52, 51, 24, 19, 46, 36, 8, 40, 41, 9, 43, 42, 20, 21, 48, 35, 59, 54, 28, 1, 37, 34, 4, 10];3005.0
9201.0;[44, 29, 25, 63, 2, 3, 50, 28, 61, 14, 47, 64, 38, 42, 11, 60, 1, 37, 0, 15, 13, 16, 18, 17, 27, 48, 49, 59, 26, 21, 20, 19, 46, 45, 10, 36, 7, 52, 53, 55, 31, 62, 30, 33, 56, 34, 54, 32, 51, 24, 22, 23, 35, 12, 43, 9, 8, 6, 57, 58, 4, 39, 5, 40, 41];3267.0
8554.0;[25, 63, 61, 18, 17, 11, 12, 35, 20, 46, 45, 10, 60, 13, 16, 38, 2, 4, 39, 5, 36, 41, 9, 8, 40, 7, 50, 54, 28, 29, 55, 33, 64, 57, 58, 34, 56, 32, 27, 26, 21, 48, 19, 15, 0, 1, 37, 3, 14, 47, 42, 43, 44, 6, 31, 62, 52, 51, 30, 53, 24, 23, 49, 22, 59];2779.0
8566.0;[30, 7, 36, 41, 9, 53, 31, 61, 18, 28, 50, 54, 34, 58, 17, 16, 14, 47, 6, 57, 62, 52, 51, 27, 26, 48, 21, 19, 10, 60, 15, 0, 1, 37, 3, 13, 46, 45, 20, 59, 25, 33, 56, 32, 63, 29, 55, 64, 38, 2, 4, 39, 5, 8, 40, 43, 44, 11, 42, 12, 35, 49, 22, 23, 24];3188.0
9447.0;[41, 20, 48, 29, 25, 12, 35, 22, 59, 23, 49, 63, 28, 27, 26, 21, 19, 46, 36, 7, 51, 24, 45, 10, 13, 16, 18, 17, 0, 15, 60, 42, 9, 43, 44, 11, 55, 33, 38, 2, 3, 37, 56, 64, 34, 57, 58, 52, 30, 53, 31, 62, 32, 54, 50, 61, 1, 14, 47, 6, 4, 39, 5, 8, 40];3193.0
8456.0;[64, 42, 45, 10, 60, 26, 19, 46, 14, 7, 47, 34, 53, 62, 31, 54, 0, 15, 61, 28, 50, 29, 55, 32, 1, 37, 2, 3, 13, 17, 16, 18, 27, 24, 22, 23, 48, 21, 20, 43, 9, 8, 40, 5, 6, 57, 58, 56, 38, 4, 39, 36, 41, 44, 11, 12, 35, 49, 59, 25, 63, 52, 51, 30, 33];3101.0
8480.0;[9, 15, 26, 21, 49, 22, 19, 46, 45, 38, 2, 37, 3, 42, 11, 10, 36, 8, 40, 41, 14, 47, 6, 57, 58, 4, 39, 5, 7, 60, 13, 16, 17, 63, 29, 33, 56, 50, 27, 59, 25, 32, 54, 28, 61, 18, 0, 1, 64, 34, 55, 53, 31, 62, 52, 30, 24, 51, 23, 48, 35, 20, 12, 44, 43];2870.0
8203.0;[9, 8, 6, 57, 34, 32, 54, 1, 37, 64, 38, 27, 22, 59, 23, 24, 63, 17, 16, 13, 14, 47, 39, 11, 45, 10, 7, 5, 58, 4, 3, 18, 61, 26, 21, 19, 46, 42, 44, 12, 35, 20, 48, 49, 25, 29, 51, 30, 55, 33, 56, 2, 0, 28, 50, 52, 31, 62, 53, 15, 60, 36, 40, 41, 43];3074.0
8542.0;[58, 34, 56, 54, 61, 16, 17, 18, 4, 39, 57, 32, 25, 26, 14, 47, 40, 41, 9, 8, 7, 10, 15, 60, 1, 37, 28, 27, 63, 30, 53, 13, 46, 42, 11, 12, 35, 21, 48, 23, 49, 22, 59, 55, 33, 64, 38, 2, 3, 0, 50, 29, 31, 62, 52, 51, 24, 19, 20, 45, 43, 44, 36, 5, 6];3027.0
9331.0;[64, 51, 24, 57, 58, 38, 2, 4, 34, 53, 62, 55, 33, 56, 32, 27, 59, 25, 63, 29, 28, 61, 14, 47, 36, 40, 42, 35, 20, 19, 46, 45, 43, 41, 9, 8, 6, 39, 5, 7, 10, 26, 21, 49, 22, 23, 48, 12, 44, 11, 50, 52, 30, 31, 54, 18, 17, 16, 13, 60, 15, 0, 1, 37, 3];3073.0
9344.0;[38, 2, 19, 45, 14, 47, 10, 60, 36, 8, 7, 28, 27, 63, 32, 54, 50, 29, 55, 33, 4, 39, 5, 6, 26, 22, 59, 25, 52, 51, 30, 31, 61, 18, 17, 16, 13, 46, 12, 40, 41, 9, 43, 44, 42, 11, 15, 0, 1, 3, 37, 64, 57, 58, 34, 53, 62, 24, 23, 35, 20, 21, 48, 49, 56];2992.0
8759.0;[49, 59, 24, 31, 62, 51, 26, 19, 45, 34, 57, 56, 32, 25, 63, 29, 1, 37, 16, 17, 18, 50, 52, 30, 53, 28, 15, 14, 47, 40, 41, 55, 33, 3, 13, 46, 42, 11, 60, 0, 61, 27, 22, 23, 48, 35, 20, 12, 43, 44, 64, 38, 2, 4, 39, 9, 10, 36, 8, 7, 5, 6, 58, 54, 21];3383.0
8934.0;[4, 5, 36, 40, 44, 45, 60, 10, 27, 26, 21, 14, 47, 7, 8, 42, 11, 12, 35, 20, 19, 46, 43, 41, 9, 50, 54, 28, 63, 29, 55, 33, 56, 3, 37, 2, 39, 6, 58, 32, 61, 18, 17, 16, 13, 15, 0, 1, 64, 38, 34, 53, 31, 62, 52, 51, 24, 25, 22, 23, 48, 49, 59, 30, 57];2829.0
8395.0;[48, 49, 26, 46, 42, 9, 40, 41, 22, 59, 38, 2, 3, 50, 29, 32, 54, 61, 18, 17, 16, 15, 0, 1, 37, 28, 27, 19, 20, 21, 23, 24, 25, 63, 51, 30, 31, 55, 33, 56, 64, 4, 7, 36, 8, 47, 14, 6, 58, 34, 62, 52, 53, 57, 39, 5, 10, 43, 44, 11, 45, 60, 13, 12, 35];3047.0
8377.0;[50, 54, 29, 51, 24, 21, 48, 19, 10, 37, 34, 57, 56, 64, 38, 18, 17, 16, 14, 47, 15, 28, 27, 26, 22, 23, 59, 49, 25, 63, 55, 33, 32, 52, 62, 30, 53, 31, 61, 42, 43, 9, 60, 13, 46, 12, 35, 20, 45, 40, 41, 44, 11, 5, 6, 58, 4, 39, 36, 8, 7, 0, 1, 2, 3];3046.0
8244.0;[30, 33, 3, 15, 28, 26, 22, 23, 49, 24, 25, 32, 50, 29, 55, 64, 38, 2, 27, 21, 59, 63, 54, 61, 18, 0, 1, 37, 6, 57, 58, 34, 56, 4, 39, 8, 44, 12, 35, 48, 20, 19, 46, 14, 5, 47, 7, 10, 45, 42, 11, 36, 40, 41, 43, 9, 60, 13, 16, 17, 52, 53, 31, 62, 51];2997.0
8986.0;[33, 38, 15, 60, 43, 9, 6, 57, 58, 56, 32, 54, 1, 3, 61, 28, 50, 55, 31, 62, 52, 30, 53, 63, 29, 51, 24, 22, 59, 23, 49, 25, 27, 26, 21, 46, 42, 45, 11, 10, 14, 47, 5, 7, 13, 17, 16, 18, 2, 4, 39, 36, 8, 40, 41, 44, 12, 35, 48, 20, 19, 0, 37, 64, 34];2814.0
8455.0;[9, 42, 11, 28, 31, 55, 32, 50, 54, 60, 10, 13, 17, 16, 18, 27, 26, 63, 29, 52, 30, 33, 64, 38, 2, 39, 36, 8, 7, 43, 44, 12, 35, 19, 14, 47, 5, 6, 58, 4, 56, 34, 57, 53, 62, 51, 24, 25, 23, 49, 22, 59, 48, 20, 21, 46, 45, 15, 0, 61, 1, 37, 3, 40, 41];2771.0
8935.0;[61, 3, 14, 47, 8, 40, 41, 46, 12, 9, 10, 60, 13, 16, 17, 1, 37, 64, 38, 2, 4, 57, 32, 54, 28, 26, 22, 25, 55, 33, 34, 56, 27, 21, 48, 35, 20, 19, 36, 6, 58, 39, 5, 7, 42, 43, 44, 11, 45, 15, 0, 18, 50, 23, 49, 59, 63, 29, 52, 51, 24, 30, 53, 62, 31];2828.0
8680.0;[8, 7, 60, 25, 22, 59, 57, 58, 2, 1, 37, 21, 48, 23, 49, 29, 34, 56, 64, 4, 39, 5, 6, 0, 61, 28, 27, 26, 32, 54, 18, 13, 14, 47, 40, 44, 12, 35, 20, 19, 46, 15, 50, 51, 24, 63, 62, 52, 30, 53, 31, 55, 33, 38, 3, 17, 16, 11, 45, 42, 43, 10, 36, 41, 9];3158.0
8925.0;[64, 38, 57, 34, 50, 54, 15, 14, 5, 60, 1, 37, 2, 3, 27, 26, 19, 46, 10, 36, 8, 7, 40, 41, 44, 12, 35, 59, 29, 32, 61, 0, 28, 55, 53, 62, 33, 56, 4, 11, 42, 43, 9, 47, 39, 6, 58, 18, 17, 16, 13, 45, 20, 21, 48, 49, 22, 23, 24, 25, 63, 52, 51, 30, 31];3039.0
8916.0;[27, 48, 49, 63, 25, 26, 46, 42, 43, 10, 36, 8, 1, 37, 64, 56, 54, 15, 14, 47, 7, 61, 28, 50, 55, 33, 38, 3, 0, 16, 17, 18, 2, 4, 39, 41, 9, 40, 5, 6, 57, 58, 34, 53, 62, 30, 31, 32, 29, 52, 51, 24, 22, 59, 23, 35, 20, 21, 19, 12, 44, 11, 45, 60, 13];2780.0
8501.0;[5, 36, 0, 50, 51, 25, 19, 12, 23, 24, 30, 15, 60, 10, 13, 37, 34, 56, 28, 61, 27, 26, 63, 29, 32, 54, 1, 3, 18, 17, 16, 64, 38, 2, 14, 47, 8, 7, 6, 57, 58, 31, 62, 52, 46, 42, 45, 40, 41, 9, 43, 44, 11, 35, 20, 21, 48, 49, 22, 59, 55, 53, 33, 4, 39];3195.0
8612.0;[2, 37, 3, 17, 13, 46, 45, 40, 41, 10, 15, 52, 31, 32, 54, 50, 29, 55, 33, 14, 36, 8, 47, 39, 5, 6, 58, 56, 38, 4, 7, 0, 61, 27, 26, 22, 24, 30, 28, 18, 16, 60, 42, 11, 1, 64, 34, 57, 53, 62, 51, 35, 19, 12, 9, 43, 44, 20, 21, 48, 23, 49, 59, 25, 63];3198.0
8807.0;[27, 26, 19, 46, 45, 14, 47, 7, 15, 38, 2, 3, 0, 18, 17, 13, 16, 1, 37, 10, 42, 48, 22, 23, 59, 25, 50, 54, 28, 61, 60, 36, 8, 40, 9, 43, 41, 44, 11, 12, 35, 20, 21, 49, 51, 24, 63, 29, 64, 4, 39, 5, 6, 58, 57, 62, 30, 55, 33, 56, 34, 32, 52, 53, 31];2867.0
8562.0;[42, 11, 15, 17, 16, 18, 1, 37, 3, 28, 50, 54, 61, 60, 10, 13, 46, 45, 36, 8, 40, 41, 9, 43, 0, 22, 23, 35, 19, 14, 47, 5, 6, 57, 58, 25, 27, 26, 12, 44, 20, 21, 48, 49, 59, 63, 29, 31, 62, 52, 51, 24, 30, 53, 33, 34, 56, 32, 55, 64, 38, 2, 4, 39, 7];2658.0
8311.0;[18, 17, 28, 55, 53, 31, 1, 37, 3, 61, 22, 59, 25, 29, 32, 50, 54, 27, 26, 19, 43, 8, 47, 7, 42, 44, 12, 35, 23, 49, 63, 52, 51, 24, 36, 40, 41, 9, 15, 30, 62, 33, 64, 4, 39, 6, 5, 60, 10, 11, 20, 48, 21, 46, 45, 14, 57, 58, 34, 56, 38, 2, 0, 13, 16];3228.0
8830.0;[20, 19, 56, 32, 28, 61, 1, 37, 50, 54, 27, 22, 23, 49, 59, 25, 46, 13, 16, 17, 18, 10, 36, 8, 7, 40, 0, 26, 63, 29, 52, 51, 30, 53, 55, 33, 64, 38, 15, 60, 14, 47, 39, 5, 6, 58, 2, 3, 4, 34, 57, 31, 62, 24, 21, 48, 35, 12, 44, 11, 45, 42, 43, 41, 9];2832.0
8982.0;[13, 15, 61, 27, 22, 23, 49, 24, 25, 26, 21, 36, 7, 50, 28, 0, 60, 11, 45, 10, 42, 44, 43, 9, 8, 40, 41, 4, 2, 3, 18, 17, 16, 12, 35, 20, 48, 59, 63, 29, 30, 55, 33, 56, 54, 32, 1, 37, 14, 47, 39, 5, 6, 58, 34, 64, 38, 57, 53, 31, 62, 52, 51, 19, 46];3031.0
8922.0;[63, 38, 3, 37, 57, 58, 34, 56, 54, 27, 26, 19, 45, 42, 43, 44, 12, 35, 21, 48, 59, 29, 55, 33, 64, 2, 4, 0, 15, 36, 40, 41, 9, 1, 50, 28, 61, 18, 17, 16, 13, 14, 47, 39, 5, 6, 7, 8, 10, 11, 60, 46, 20, 23, 49, 22, 24, 51, 30, 53, 31, 62, 52, 32, 25];2718.0
8626.0;[21, 48, 22, 23, 49, 29, 1, 37, 3, 0, 43, 9, 60, 10, 14, 47, 15, 16, 18, 27, 26, 59, 25, 63, 32, 61, 17, 13, 46, 42, 11, 45, 20, 19, 12, 35, 24, 51, 30, 53, 31, 62, 52, 55, 33, 38, 6, 57, 58, 34, 56, 28, 50, 54, 64, 2, 4, 39, 5, 7, 36, 8, 40, 41, 44];2674.0
9081.0;[43, 44, 37, 56, 32, 15, 42, 11, 12, 35, 20, 46, 45, 60, 28, 29, 55, 33, 3, 0, 61, 1, 64, 38, 2, 4, 5, 36, 7, 10, 13, 17, 16, 18, 27, 26, 22, 49, 59, 25, 63, 31, 54, 50, 52, 53, 62, 51, 30, 24, 23, 48, 21, 19, 14, 47, 6, 57, 58, 34, 39, 8, 40, 41, 9];2820.0
8615.0;[15, 36, 40, 8, 6, 2, 4, 7, 10, 60, 1, 64, 34, 53, 62, 52, 31, 37, 3, 61, 18, 17, 16, 13, 14, 47, 39, 5, 57, 58, 32, 54, 28, 50, 29, 25, 63, 27, 26, 21, 49, 22, 23, 19, 46, 45, 43, 9, 41, 44, 42, 11, 12, 35, 20, 48, 59, 24, 51, 30, 55, 33, 56, 38, 0];2788.0
9005.0;[0, 64, 38, 2, 14, 47, 6, 39, 5, 13, 16, 50, 55, 33, 56, 29, 25, 26, 22, 59, 63, 18, 17, 46, 45, 42, 43, 8, 40, 41, 9, 10, 1, 37, 62, 52, 53, 32, 28, 19, 12, 44, 11, 20, 49, 23, 24, 51, 30, 31, 54, 34, 57, 58, 4, 3, 61, 27, 21, 48, 35, 36, 7, 60, 15];3011.0
8186.0;[53, 31, 55, 33, 38, 2, 3, 13, 43, 44, 11, 0, 61, 28, 1, 37, 34, 56, 64, 14, 47, 10, 60, 15, 26, 22, 59, 25, 19, 46, 45, 36, 8, 40, 41, 9, 42, 12, 35, 20, 21, 48, 49, 23, 24, 51, 62, 52, 18, 17, 16, 27, 63, 29, 30, 32, 50, 54, 57, 58, 4, 39, 7, 5, 6];2787.0
8857.0;[50, 61, 17, 18, 1, 37, 15, 60, 10, 36, 40, 9, 42, 20, 21, 48, 25, 29, 32, 54, 28, 27, 26, 22, 30, 62, 52, 51, 24, 23, 49, 59, 63, 55, 64, 38, 2, 3, 0, 16, 13, 14, 47, 41, 43, 44, 11, 12, 35, 19, 46, 45, 6, 57, 58, 34, 53, 31, 33, 56, 4, 39, 5, 7, 8];2680.0
9452.0;[55, 61, 1, 37, 64, 38, 3, 52, 30, 24, 23, 22, 59, 25, 53, 31, 62, 51, 26, 19, 46, 45, 10, 11, 42, 43, 9, 8, 47, 7, 28, 50, 54, 27, 21, 48, 49, 63, 33, 2, 4, 39, 5, 13, 16, 17, 18, 15, 0, 36, 40, 41, 44, 12, 35, 20, 60, 14, 6, 58, 57, 34, 56, 32, 29];2830.0
9331.0;[52, 54, 60, 10, 42, 45, 12, 11, 13, 16, 18, 17, 28, 50, 29, 51, 30, 53, 33, 56, 32, 43, 44, 20, 48, 21, 35, 19, 46, 23, 49, 22, 59, 24, 25, 55, 64, 38, 3, 0, 61, 37, 14, 39, 5, 7, 47, 36, 8, 40, 41, 9, 15, 1, 2, 4, 6, 57, 58, 34, 27, 26, 63, 31, 62];2959.0
8977.0;[0, 2, 3, 21, 48, 35, 10, 14, 47, 7, 27, 26, 52, 31, 1, 37, 34, 32, 50, 54, 61, 15, 60, 42, 11, 20, 19, 46, 17, 16, 18, 28, 33, 56, 64, 38, 29, 25, 63, 51, 30, 53, 62, 24, 22, 23, 49, 59, 55, 4, 39, 5, 6, 58, 57, 13, 12, 43, 9, 8, 36, 40, 41, 44, 45];3286.0
8540.0;[28, 50, 64, 38, 14, 5, 57, 31, 62, 55, 2, 4, 39, 6, 58, 3, 18, 16, 17, 29, 52, 51, 43, 9, 42, 27, 21, 19, 60, 1, 37, 26, 59, 25, 63, 61, 0, 15, 13, 10, 36, 8, 40, 41, 44, 11, 47, 7, 46, 45, 20, 12, 35, 48, 23, 49, 22, 24, 30, 53, 33, 56, 34, 32, 54];3321.0
9067.0;[0, 61, 28, 50, 56, 32, 54, 27, 26, 21, 49, 59, 63, 29, 55, 33, 57, 58, 64, 38, 2, 4, 39, 6, 5, 14, 47, 10, 15, 18, 19, 46, 43, 9, 36, 40, 41, 8, 7, 13, 16, 17, 1, 37, 3, 34, 53, 52, 51, 30, 31, 62, 24, 25, 22, 23, 48, 35, 20, 45, 12, 44, 11, 42, 60];2664.0
8805.0;[42, 43, 9, 1, 54, 28, 18, 16, 17, 0, 15, 13, 10, 60, 14, 47, 6, 57, 58, 32, 12, 44, 11, 27, 26, 35, 20, 19, 46, 45, 61, 50, 29, 59, 25, 63, 33, 34, 56, 38, 3, 37, 64, 2, 4, 39, 5, 7, 8, 36, 40, 41, 21, 48, 49, 23, 22, 24, 51, 30, 53, 31, 55, 62, 52];2927.0
8784.0;[38, 2, 37, 3, 0, 18, 22, 23, 35, 20, 48, 21, 13, 46, 16, 17, 29, 52, 62, 51, 30, 54, 61, 28, 27, 26, 19, 12, 43, 9, 42, 36, 8, 7, 50, 55, 53, 31, 32, 24, 49, 59, 25, 63, 33, 56, 5, 6, 34, 57, 58, 4, 39, 40, 41, 44, 11, 45, 10, 14, 47, 60, 15, 1, 64];2990.0
9284.0;[38, 60, 10, 36, 7, 13, 46, 45, 42, 11, 15, 17, 16, 18, 26, 55, 53, 31, 62, 30, 33, 56, 64, 2, 3, 27, 49, 22, 59, 25, 63, 29, 32, 1, 37, 0, 61, 54, 28, 50, 52, 51, 24, 23, 35, 20, 48, 21, 19, 12, 44, 43, 41, 9, 14, 47, 39, 5, 8, 40, 6, 57, 58, 4, 34];2623.0
9166.0;[50, 29, 32, 0, 36, 40, 41, 56, 64, 4, 39, 5, 7, 10, 13, 60, 15, 49, 22, 59, 25, 21, 12, 44, 11, 61, 55, 33, 63, 30, 53, 31, 54, 18, 17, 16, 1, 37, 38, 3, 14, 47, 58, 2, 27, 26, 46, 42, 43, 9, 8, 6, 57, 34, 62, 52, 51, 24, 23, 48, 35, 20, 19, 45, 28];3279.0
8326.0;[26, 13, 60, 14, 47, 58, 32, 54, 28, 50, 25, 52, 51, 30, 33, 56, 38, 3, 18, 17, 16, 15, 0, 61, 1, 64, 34, 4, 2, 37, 22, 23, 48, 21, 49, 59, 63, 29, 55, 31, 27, 35, 20, 19, 46, 7, 10, 42, 43, 40, 41, 9, 11, 45, 12, 44, 36, 8, 39, 5, 6, 57, 53, 62, 24];2983.0
8672.0;[5, 18, 28, 59, 25, 56, 64, 34, 32, 54, 50, 63, 29, 19, 12, 44, 20, 22, 23, 35, 46, 60, 15, 0, 61, 27, 26, 48, 21, 49, 55, 33, 4, 39, 43, 9, 42, 11, 45, 16, 17, 13, 36, 41, 10, 8, 40, 6, 57, 58, 38, 2, 52, 31, 62, 51, 30, 24, 53, 1, 37, 3, 14, 7, 47];3334.0
9021.0;[17, 13, 46, 12, 44, 45, 6, 58, 34, 57, 62, 32, 50, 54, 26, 23, 49, 51, 30, 24, 35, 14, 47, 7, 16, 18, 61, 27, 48, 22, 59, 63, 29, 25, 21, 20, 19, 43, 9, 60, 15, 52, 53, 31, 55, 33, 4, 39, 5, 36, 40, 41, 8, 10, 42, 11, 0, 1, 37, 3, 28, 56, 64, 38, 2];3176.0
9151.0;[8, 15, 0, 51, 24, 23, 22, 48, 19, 46, 40, 9, 60, 29, 52, 31, 55, 25, 27, 26, 12, 35, 20, 21, 49, 59, 63, 32, 17, 16, 18, 61, 50, 54, 28, 1, 4, 39, 6, 58, 38, 2, 3, 42, 43, 41, 44, 11, 45, 10, 13, 37, 64, 57, 62, 30, 53, 33, 34, 56, 14, 47, 5, 7, 36];3071.0
8103.0;[22, 59, 50, 1, 14, 47, 7, 42, 49, 23, 51, 24, 29, 25, 63, 55, 57, 58, 34, 56, 32, 54, 28, 15, 0, 18, 61, 27, 26, 21, 48, 35, 19, 46, 12, 44, 45, 13, 16, 17, 38, 2, 3, 37, 64, 52, 53, 31, 62, 30, 33, 4, 6, 39, 5, 60, 10, 36, 8, 40, 41, 9, 43, 11, 20];2971.0
8330.0;[61, 28, 1, 4, 6, 56, 32, 27, 63, 29, 51, 30, 24, 25, 26, 23, 35, 48, 49, 22, 57, 58, 34, 64, 38, 37, 3, 18, 17, 16, 13, 60, 36, 8, 40, 41, 9, 10, 42, 11, 15, 0, 50, 55, 53, 31, 62, 52, 33, 2, 14, 47, 7, 39, 5, 43, 44, 12, 19, 46, 45, 20, 21, 59, 54];2973.0
9283.0;[60, 14, 47, 15, 0, 61, 27, 26, 64, 2, 3, 18, 28, 50, 29, 52, 30, 33, 57, 53, 31, 62, 51, 24, 22, 23, 48, 20, 21, 19, 46, 1, 37, 56, 32, 54, 17, 16, 13, 10, 36, 8, 40, 41, 43, 44, 12, 35, 49, 59, 25, 63, 55, 38, 4, 39, 5, 6, 58, 34, 7, 11, 45, 42, 9];2795.0
9508.0;[48, 21, 46, 10, 36, 40, 41, 9, 13, 15, 3, 37, 2, 14, 5, 6, 58, 29, 52, 51, 30, 24, 53, 31, 62, 54, 27, 22, 59, 25, 26, 19, 60, 0, 23, 49, 63, 55, 32, 28, 17, 16, 18, 61, 50, 1, 34, 57, 33, 56, 64, 38, 4, 39, 7, 47, 8, 42, 43, 44, 11, 45, 12, 35, 20];2880.0
9247.0;[21, 36, 40, 41, 28, 50, 0, 15, 18, 17, 16, 13, 46, 10, 63, 29, 25, 27, 26, 19, 43, 9, 60, 52, 31, 54, 61, 1, 37, 4, 39, 7, 8, 14, 47, 5, 6, 58, 34, 32, 51, 24, 23, 22, 49, 59, 55, 38, 2, 3, 56, 64, 57, 53, 62, 30, 33, 42, 44, 11, 45, 20, 12, 35, 48];3255.0
8464.0;[15, 0, 26, 22, 23, 49, 32, 50, 29, 52, 51, 24, 54, 61, 16, 17, 18, 37, 4, 39, 5, 7, 42, 12, 43, 9, 40, 41, 1, 64, 57, 53, 28, 36, 8, 44, 11, 14, 47, 10, 60, 13, 21, 48, 35, 20, 19, 46, 45, 6, 58, 34, 27, 59, 25, 63, 55, 31, 62, 30, 33, 56, 38, 2, 3];3143.0
9321.0;[37, 14, 47, 13, 46, 45, 42, 11, 60, 10, 15, 17, 16, 18, 0, 27, 26, 59, 25, 31, 62, 52, 55, 33, 61, 28, 63, 29, 23, 21, 48, 49, 22, 51, 24, 30, 53, 32, 50, 54, 64, 57, 4, 39, 40, 41, 9, 43, 44, 12, 35, 20, 19, 36, 8, 7, 5, 6, 58, 34, 56, 38, 2, 3, 1];2646.0
8885.0;[48, 21, 46, 42, 10, 60, 34, 58, 23, 49, 63, 29, 55, 33, 56, 32, 28, 50, 54, 61, 18, 0, 11, 45, 13, 16, 17, 1, 64, 38, 2, 3, 37, 4, 36, 8, 7, 26, 22, 59, 25, 52, 62, 51, 24, 30, 15, 40, 41, 9, 43, 44, 12, 35, 20, 19, 14, 47, 39, 5, 6, 57, 53, 31, 27];3102.0
9488.0;[1, 37, 64, 56, 32, 61, 15, 10, 43, 41, 9, 42, 20, 63, 29, 55, 33, 38, 3, 0, 28, 50, 54, 27, 26, 59, 25, 21, 19, 46, 13, 16, 17, 18, 5, 6, 39, 7, 60, 2, 4, 34, 57, 58, 52, 30, 53, 31, 62, 51, 24, 23, 49, 22, 48, 12, 35, 14, 47, 36, 8, 40, 44, 11, 45];2964.0
8904.0;[39, 5, 7, 15, 27, 26, 32, 38, 2, 3, 37, 0, 18, 28, 61, 50, 29, 55, 56, 64, 14, 47, 41, 9, 13, 16, 17, 42, 43, 44, 11, 45, 10, 36, 6, 34, 57, 58, 19, 46, 12, 35, 20, 48, 21, 49, 22, 23, 24, 25, 54, 1, 4, 8, 40, 60, 59, 63, 52, 53, 31, 62, 51, 30, 33];3165.0
9050.0;[56, 32, 61, 1, 28, 23, 49, 22, 27, 26, 46, 5, 7, 14, 47, 31, 62, 30, 53, 54, 17, 16, 13, 45, 20, 21, 48, 35, 60, 15, 0, 18, 50, 29, 52, 51, 24, 19, 12, 43, 9, 42, 10, 36, 8, 40, 41, 44, 11, 59, 25, 63, 55, 33, 4, 39, 6, 57, 58, 34, 64, 38, 2, 3, 37];3031.0
8096.0;[39, 41, 42, 11, 1, 37, 50, 54, 29, 25, 46, 10, 60, 13, 15, 28, 27, 26, 21, 48, 20, 49, 22, 59, 24, 63, 55, 32, 61, 2, 3, 0, 18, 17, 16, 43, 9, 8, 40, 36, 7, 47, 14, 5, 6, 58, 56, 64, 57, 31, 23, 35, 19, 45, 12, 44, 51, 30, 62, 52, 53, 33, 38, 4, 34];3150.0
7928.0;[20, 45, 10, 7, 60, 15, 54, 32, 23, 49, 24, 25, 22, 59, 29, 34, 4, 2, 16, 17, 18, 0, 61, 50, 1, 37, 64, 38, 3, 26, 19, 46, 36, 8, 40, 9, 42, 11, 52, 62, 53, 31, 55, 33, 56, 14, 47, 6, 57, 58, 39, 5, 41, 44, 12, 43, 13, 28, 27, 63, 51, 30, 21, 48, 35];3207.0
8579.0;[41, 45, 12, 35, 20, 24, 31, 62, 54, 50, 52, 51, 30, 53, 36, 8, 44, 11, 42, 43, 9, 10, 15, 61, 28, 27, 26, 48, 21, 49, 23, 19, 46, 60, 1, 64, 34, 56, 32, 29, 22, 59, 25, 63, 55, 33, 38, 37, 3, 0, 14, 47, 39, 5, 6, 57, 58, 4, 2, 18, 17, 16, 13, 7, 40];2871.0
8579.0;[24, 51, 30, 32, 61, 18, 50, 54, 28, 35, 19, 1, 64, 4, 62, 52, 53, 31, 55, 33, 34, 56, 38, 14, 47, 60, 15, 37, 3, 17, 16, 13, 46, 42, 43, 45, 10, 36, 8, 40, 41, 9, 7, 39, 5, 6, 57, 58, 2, 0, 27, 26, 23, 49, 22, 59, 25, 63, 29, 12, 44, 11, 20, 48, 21];2947.0
7717.0;[14, 47, 61, 28, 27, 19, 0, 37, 3, 15, 13, 36, 40, 41, 48, 49, 24, 30, 62, 51, 23, 22, 59, 63, 25, 26, 21, 35, 12, 44, 11, 20, 46, 45, 43, 9, 42, 60, 10, 8, 6, 57, 58, 56, 38, 4, 39, 5, 7, 16, 18, 17, 50, 29, 52, 53, 55, 31, 32, 54, 1, 64, 34, 33, 2];3060.0
9492.0;[12, 35, 20, 45, 10, 60, 15, 0, 63, 29, 64, 38, 39, 7, 42, 11, 50, 54, 28, 61, 1, 3, 37, 26, 19, 46, 43, 36, 40, 41, 9, 8, 5, 6, 57, 58, 4, 56, 34, 62, 52, 51, 24, 30, 31, 55, 53, 33, 32, 27, 49, 59, 25, 22, 23, 48, 21, 13, 16, 17, 18, 2, 14, 47, 44];3026.0
8904.0;[7, 10, 61, 54, 38, 56, 52, 51, 24, 27, 26, 21, 19, 46, 60, 13, 14, 47, 1, 37, 64, 57, 58, 34, 53, 31, 32, 15, 36, 41, 42, 11, 43, 9, 8, 40, 44, 28, 50, 29, 55, 62, 30, 25, 63, 33, 2, 3, 0, 16, 17, 18, 22, 23, 20, 45, 12, 35, 48, 49, 59, 4, 39, 6, 5];3231.0
8762.0;[53, 32, 28, 1, 37, 50, 29, 25, 59, 51, 24, 22, 23, 46, 45, 10, 36, 40, 41, 9, 42, 21, 48, 49, 55, 33, 38, 56, 54, 18, 17, 16, 13, 14, 47, 7, 8, 60, 15, 0, 61, 26, 35, 20, 19, 12, 43, 44, 11, 64, 34, 57, 58, 2, 4, 39, 5, 6, 3, 27, 63, 52, 30, 31, 62];2863.0
8717.0;[57, 53, 32, 54, 56, 38, 0, 18, 17, 16, 13, 14, 6, 58, 27, 19, 46, 50, 28, 55, 33, 4, 39, 5, 7, 42, 45, 10, 60, 36, 40, 44, 12, 35, 49, 22, 26, 63, 29, 51, 24, 23, 48, 20, 21, 59, 25, 30, 62, 52, 31, 61, 1, 2, 3, 47, 8, 41, 9, 43, 11, 15, 37, 64, 34];3069.0
9095.0;[54, 59, 63, 51, 35, 20, 60, 13, 14, 47, 42, 11, 28, 27, 26, 19, 46, 45, 15, 64, 34, 56, 4, 39, 5, 7, 36, 8, 40, 41, 9, 43, 61, 1, 37, 0, 18, 17, 16, 12, 44, 10, 6, 57, 58, 32, 25, 22, 23, 48, 21, 49, 24, 30, 53, 33, 38, 2, 3, 29, 62, 52, 31, 55, 50];3115.0
8371.0;[13, 46, 45, 10, 15, 0, 26, 63, 32, 29, 51, 24, 22, 23, 5, 6, 7, 16, 17, 18, 27, 21, 48, 49, 59, 25, 62, 52, 30, 53, 33, 38, 2, 3, 37, 1, 56, 54, 61, 28, 50, 31, 55, 64, 34, 57, 58, 4, 39, 36, 40, 44, 11, 12, 35, 20, 19, 60, 14, 47, 8, 41, 42, 43, 9];2916.0
8220.0;[9, 15, 61, 51, 25, 29, 32, 16, 17, 18, 1, 37, 28, 50, 54, 20, 19, 46, 0, 27, 26, 21, 48, 49, 23, 24, 30, 53, 57, 58, 34, 56, 4, 6, 39, 5, 7, 36, 40, 44, 11, 14, 47, 8, 13, 45, 12, 35, 22, 59, 63, 55, 31, 62, 52, 33, 64, 38, 2, 3, 60, 10, 42, 43, 41];2843.0
7970.0;[25, 63, 64, 34, 57, 55, 33, 54, 28, 61, 0, 15, 60, 44, 12, 23, 35, 19, 16, 18, 17, 13, 46, 43, 41, 9, 36, 8, 40, 1, 4, 39, 42, 11, 45, 10, 14, 47, 27, 49, 22, 7, 5, 6, 58, 56, 38, 2, 3, 37, 50, 29, 32, 52, 51, 30, 53, 31, 62, 24, 26, 20, 21, 48, 59];3205.0
8955.0;[12, 35, 6, 5, 45, 20, 59, 25, 2, 3, 42, 43, 9, 10, 51, 62, 30, 31, 32, 29, 63, 55, 64, 34, 57, 58, 50, 54, 28, 27, 26, 19, 46, 36, 40, 41, 8, 15, 0, 18, 17, 1, 37, 61, 52, 53, 33, 56, 38, 4, 39, 44, 11, 60, 14, 47, 7, 13, 16, 21, 48, 23, 49, 22, 24];3529.0
9859.0;[33, 38, 2, 0, 61, 28, 27, 22, 23, 49, 59, 24, 25, 45, 43, 8, 47, 7, 1, 3, 37, 64, 34, 56, 32, 29, 52, 31, 50, 54, 18, 17, 16, 14, 5, 6, 4, 39, 41, 44, 12, 35, 20, 48, 21, 19, 46, 36, 40, 9, 42, 11, 60, 10, 13, 15, 26, 63, 55, 58, 57, 62, 51, 30, 53];2945.0
8454.0;[23, 36, 6, 57, 58, 28, 50, 25, 63, 29, 24, 51, 30, 54, 61, 1, 37, 38, 2, 3, 16, 17, 18, 0, 27, 26, 21, 19, 46, 45, 10, 42, 20, 48, 22, 59, 53, 31, 62, 52, 33, 56, 32, 55, 64, 34, 4, 39, 5, 7, 60, 13, 15, 14, 47, 8, 40, 41, 9, 43, 44, 11, 12, 35, 49];2767.0
8843.0;[50, 54, 61, 2, 3, 40, 41, 43, 9, 52, 51, 24, 46, 10, 26, 21, 48, 49, 22, 23, 59, 25, 63, 1, 37, 28, 27, 19, 11, 42, 44, 12, 35, 20, 45, 36, 8, 60, 13, 15, 0, 18, 29, 55, 33, 64, 38, 14, 47, 7, 16, 17, 31, 62, 30, 53, 57, 4, 39, 5, 6, 58, 34, 56, 32];3140.0
8858.0;[51, 42, 43, 36, 8, 13, 16, 17, 19, 46, 45, 10, 40, 41, 9, 60, 18, 23, 49, 22, 59, 63, 55, 14, 47, 6, 53, 31, 33, 64, 38, 2, 4, 39, 5, 7, 1, 37, 3, 57, 58, 34, 56, 32, 50, 54, 28, 29, 25, 27, 26, 21, 48, 35, 20, 12, 44, 11, 15, 0, 61, 52, 30, 62, 24];3027.0
9336.0;[28, 26, 55, 32, 19, 46, 47, 39, 57, 58, 4, 34, 29, 51, 24, 30, 33, 56, 2, 50, 54, 1, 37, 18, 17, 27, 35, 20, 21, 48, 23, 49, 22, 59, 25, 63, 52, 53, 62, 31, 16, 13, 36, 8, 7, 42, 11, 45, 60, 14, 5, 6, 64, 38, 3, 10, 40, 41, 44, 12, 43, 9, 15, 0, 61];3073.0
9430.0;[16, 18, 27, 55, 32, 54, 19, 12, 44, 11, 45, 63, 29, 25, 59, 26, 21, 35, 14, 47, 13, 46, 42, 43, 1, 3, 37, 0, 15, 60, 61, 28, 50, 52, 62, 53, 31, 33, 56, 2, 64, 38, 34, 57, 58, 4, 39, 5, 6, 8, 7, 10, 36, 40, 41, 9, 20, 48, 49, 22, 23, 24, 51, 30, 17];3084.0
8947.0;[64, 13, 60, 15, 25, 63, 62, 52, 31, 2, 3, 0, 18, 17, 16, 12, 35, 19, 46, 61, 50, 27, 26, 45, 36, 40, 41, 9, 43, 44, 8, 5, 6, 57, 58, 32, 54, 28, 21, 48, 22, 59, 29, 55, 33, 56, 14, 47, 42, 11, 20, 49, 23, 24, 51, 30, 53, 38, 4, 39, 7, 10, 1, 37, 34];3181.0
9461.0;[26, 19, 43, 42, 11, 12, 44, 61, 50, 54, 17, 13, 60, 36, 7, 10, 16, 18, 1, 47, 14, 5, 6, 58, 34, 32, 52, 51, 24, 63, 38, 3, 37, 64, 57, 53, 31, 62, 30, 55, 33, 56, 2, 4, 39, 8, 40, 41, 9, 0, 27, 21, 49, 22, 59, 23, 35, 48, 20, 46, 45, 15, 28, 29, 25];2897.0
9069.0;[9, 63, 29, 54, 50, 61, 26, 19, 46, 45, 1, 3, 0, 15, 60, 36, 7, 6, 58, 57, 33, 56, 53, 31, 62, 52, 51, 30, 28, 27, 21, 48, 23, 35, 20, 49, 22, 59, 24, 25, 55, 32, 37, 14, 47, 10, 13, 16, 17, 18, 64, 34, 38, 2, 4, 39, 5, 11, 12, 44, 42, 43, 8, 40, 41];2960.0
9182.0;[60, 15, 50, 56, 32, 54, 28, 17, 13, 14, 47, 7, 42, 43, 9, 10, 64, 34, 57, 58, 53, 30, 31, 62, 52, 51, 24, 23, 21, 19, 1, 37, 4, 39, 6, 5, 27, 26, 63, 55, 33, 38, 2, 3, 0, 18, 16, 46, 45, 36, 8, 40, 41, 44, 11, 20, 12, 35, 48, 49, 22, 59, 25, 29, 61];2810.0
8593.0;[1, 3, 37, 4, 34, 52, 30, 57, 58, 2, 14, 47, 7, 21, 35, 48, 20, 19, 13, 16, 15, 60, 36, 40, 41, 10, 26, 63, 29, 54, 32, 61, 28, 50, 55, 33, 56, 64, 38, 0, 17, 18, 27, 22, 23, 49, 59, 53, 31, 62, 51, 24, 25, 46, 45, 12, 44, 11, 42, 43, 9, 8, 6, 39, 5];3064.0
8035.0;[52, 33, 38, 3, 1, 37, 50, 54, 28, 63, 29, 55, 2, 42, 11, 7, 36, 8, 27, 26, 46, 45, 10, 60, 14, 47, 6, 39, 5, 40, 41, 9, 15, 0, 61, 21, 48, 22, 23, 35, 20, 13, 16, 17, 18, 57, 58, 4, 34, 56, 64, 32, 25, 19, 12, 43, 44, 49, 59, 51, 30, 24, 53, 31, 62];3108.0
8492.0;[33, 56, 61, 1, 28, 50, 29, 55, 38, 2, 3, 0, 18, 16, 17, 13, 14, 47, 5, 6, 58, 4, 39, 36, 8, 40, 41, 9, 7, 10, 15, 27, 19, 46, 43, 44, 11, 42, 45, 60, 37, 64, 34, 57, 53, 52, 30, 31, 62, 51, 24, 23, 22, 25, 32, 54, 21, 48, 49, 59, 26, 20, 12, 35, 63];2783.0
8805.0;[30, 31, 16, 17, 18, 28, 50, 27, 26, 23, 49, 33, 2, 4, 3, 37, 0, 14, 5, 7, 36, 8, 40, 41, 10, 60, 61, 21, 48, 35, 20, 19, 1, 64, 38, 34, 58, 56, 32, 52, 51, 24, 22, 59, 25, 63, 53, 29, 55, 54, 15, 13, 46, 45, 12, 44, 11, 42, 43, 9, 47, 39, 6, 57, 62];2956.0
8610.0;[49, 59, 29, 55, 33, 32, 26, 45, 36, 40, 41, 10, 61, 28, 27, 63, 53, 30, 31, 62, 52, 51, 24, 25, 23, 35, 19, 46, 8, 7, 60, 0, 50, 54, 42, 43, 9, 15, 16, 18, 17, 13, 14, 47, 6, 57, 58, 34, 56, 64, 38, 3, 37, 1, 2, 4, 39, 5, 12, 44, 11, 20, 48, 21, 22];2753.0
8458.0;[33, 4, 39, 14, 47, 61, 29, 55, 53, 18, 17, 50, 54, 38, 2, 3, 1, 37, 16, 13, 45, 12, 35, 20, 19, 60, 15, 0, 52, 51, 24, 23, 49, 22, 25, 26, 59, 63, 32, 28, 27, 21, 48, 46, 10, 36, 40, 41, 44, 11, 42, 9, 43, 7, 8, 5, 6, 57, 58, 56, 64, 34, 31, 62, 30];2981.0
8683.0;[47, 60, 0, 18, 61, 37, 2, 42, 11, 45, 10, 1, 38, 5, 8, 7, 15, 28, 50, 29, 32, 54, 27, 36, 40, 41, 9, 49, 22, 59, 25, 26, 48, 63, 55, 33, 56, 64, 57, 58, 34, 4, 39, 6, 53, 31, 62, 52, 30, 24, 51, 23, 35, 20, 21, 12, 43, 44, 19, 46, 13, 16, 17, 3, 14];3103.0
8628.0;[33, 56, 26, 46, 13, 16, 50, 54, 61, 37, 32, 25, 19, 12, 44, 11, 10, 29, 52, 51, 24, 35, 36, 8, 20, 49, 22, 23, 59, 63, 55, 38, 2, 3, 0, 17, 18, 28, 27, 48, 21, 45, 42, 43, 9, 40, 41, 60, 14, 47, 7, 5, 15, 1, 64, 34, 57, 58, 4, 39, 6, 62, 30, 53, 31];3188.0
8691.0;[36, 8, 10, 0, 50, 54, 38, 2, 4, 6, 42, 43, 52, 62, 51, 25, 19, 46, 15, 61, 27, 21, 48, 59, 63, 64, 34, 57, 58, 32, 26, 35, 20, 12, 9, 40, 41, 44, 11, 45, 60, 29, 55, 53, 31, 28, 3, 17, 13, 16, 18, 1, 37, 22, 23, 49, 24, 30, 33, 56, 39, 5, 14, 47, 7];3386.0
8778.0;[7, 42, 49, 63, 29, 30, 53, 31, 33, 32, 15, 0, 1, 2, 3, 61, 27, 26, 21, 48, 59, 55, 50, 54, 28, 18, 17, 16, 13, 60, 36, 40, 41, 44, 11, 45, 20, 19, 12, 43, 9, 10, 37, 56, 64, 38, 4, 39, 14, 47, 6, 5, 58, 34, 57, 62, 52, 51, 24, 25, 22, 23, 35, 46, 8];2925.0
9486.0;[7, 30, 53, 57, 58, 56, 23, 48, 21, 16, 17, 18, 61, 64, 34, 31, 32, 54, 1, 37, 50, 28, 27, 26, 29, 55, 33, 38, 2, 3, 0, 15, 13, 10, 42, 43, 9, 5, 6, 4, 39, 36, 8, 40, 41, 44, 11, 45, 12, 35, 20, 49, 22, 59, 25, 63, 62, 52, 51, 24, 19, 46, 60, 14, 47];2864.0
9169.0;[32, 28, 21, 46, 15, 1, 37, 2, 3, 34, 57, 31, 62, 52, 25, 22, 48, 12, 44, 42, 43, 10, 61, 50, 54, 27, 26, 63, 30, 53, 33, 4, 39, 36, 7, 8, 60, 29, 55, 56, 64, 38, 0, 17, 18, 16, 13, 14, 47, 5, 6, 58, 51, 24, 23, 35, 19, 40, 41, 9, 11, 45, 20, 49, 59];3176.0
8561.0;[43, 9, 60, 14, 47, 29, 53, 31, 32, 50, 54, 61, 28, 45, 12, 19, 46, 15, 0, 1, 37, 27, 48, 49, 22, 33, 56, 64, 4, 7, 8, 44, 11, 13, 16, 17, 18, 36, 40, 41, 10, 26, 63, 52, 30, 62, 51, 24, 23, 35, 20, 21, 59, 25, 55, 38, 39, 5, 6, 34, 57, 58, 2, 3, 42];3129.0
9000.0;[33, 64, 38, 3, 0, 15, 60, 13, 16, 17, 36, 40, 41, 9, 11, 12, 49, 25, 63, 29, 51, 24, 23, 35, 14, 47, 6, 58, 56, 54, 28, 50, 18, 61, 1, 34, 57, 53, 31, 32, 27, 19, 46, 45, 42, 43, 44, 20, 21, 48, 22, 59, 37, 2, 4, 39, 5, 8, 7, 10, 26, 55, 62, 52, 30];2917.0
8324.0;[23, 21, 40, 41, 9, 14, 47, 39, 6, 32, 28, 61, 1, 37, 27, 22, 63, 29, 55, 33, 56, 34, 58, 4, 7, 11, 20, 59, 64, 38, 2, 3, 0, 15, 26, 46, 45, 10, 36, 8, 60, 50, 54, 18, 16, 17, 13, 5, 57, 53, 31, 62, 52, 51, 30, 24, 25, 19, 42, 43, 44, 12, 35, 48, 49];3147.0
8482.0;[61, 1, 3, 37, 28, 26, 24, 23, 35, 20, 36, 7, 60, 13, 46, 43, 9, 15, 31, 62, 53, 32, 54, 18, 17, 16, 50, 29, 52, 33, 56, 38, 4, 2, 14, 47, 10, 42, 11, 19, 12, 44, 45, 27, 21, 48, 49, 22, 59, 25, 63, 51, 30, 55, 64, 34, 57, 58, 39, 5, 6, 8, 40, 41, 0];3000.0
8753.0;[3, 0, 22, 23, 20, 19, 10, 60, 13, 15, 50, 54, 61, 28, 27, 48, 49, 32, 18, 16, 17, 1, 37, 14, 47, 41, 44, 11, 43, 9, 42, 30, 53, 31, 55, 33, 56, 38, 2, 4, 39, 5, 7, 36, 8, 40, 6, 58, 34, 57, 62, 52, 51, 24, 25, 26, 21, 46, 45, 12, 35, 59, 63, 29, 64];2885.0
9056.0;[26, 64, 34, 32, 29, 49, 22, 23, 35, 12, 44, 10, 60, 13, 46, 45, 36, 8, 15, 50, 54, 57, 4, 6, 58, 51, 24, 30, 31, 62, 0, 14, 47, 7, 39, 5, 42, 43, 40, 41, 9, 16, 17, 18, 61, 1, 37, 3, 11, 19, 20, 21, 48, 59, 25, 63, 52, 53, 55, 33, 56, 38, 2, 28, 27];3125.0
8851.0;[34, 64, 60, 42, 11, 10, 15, 61, 63, 29, 33, 56, 38, 3, 14, 47, 8, 13, 0, 1, 37, 4, 5, 7, 36, 40, 41, 9, 43, 44, 12, 35, 23, 24, 51, 62, 52, 53, 28, 50, 54, 27, 21, 19, 46, 45, 20, 48, 49, 22, 30, 31, 32, 17, 16, 18, 26, 59, 25, 55, 2, 39, 6, 57, 58];2923.0
8832.0;[11, 54, 28, 50, 22, 25, 37, 3, 0, 61, 27, 21, 35, 12, 44, 20, 48, 31, 62, 51, 24, 23, 49, 59, 63, 29, 26, 19, 45, 36, 8, 60, 15, 1, 64, 57, 58, 4, 34, 56, 32, 52, 30, 53, 55, 33, 38, 2, 14, 47, 39, 5, 6, 7, 40, 41, 9, 10, 18, 17, 16, 13, 46, 42, 43];2963.0
8654.0;[19, 46, 12, 35, 49, 22, 48, 21, 20, 45, 8, 7, 5, 16, 17, 18, 52, 30, 53, 54, 28, 27, 59, 25, 26, 63, 32, 50, 34, 57, 31, 62, 51, 24, 23, 36, 40, 41, 44, 11, 13, 15, 42, 43, 9, 10, 60, 14, 47, 39, 6, 58, 56, 29, 55, 33, 61, 1, 37, 64, 38, 2, 4, 3, 0];3027.0
8183.0;[6, 39, 10, 15, 28, 61, 50, 29, 55, 33, 64, 34, 56, 52, 62, 51, 30, 53, 31, 32, 54, 27, 21, 48, 49, 22, 23, 24, 35, 19, 12, 44, 13, 46, 45, 60, 14, 47, 7, 11, 20, 59, 25, 26, 63, 38, 0, 18, 16, 17, 1, 37, 2, 3, 57, 58, 4, 36, 40, 41, 9, 42, 43, 8, 5];2822.0
8461.0;[43, 37, 2, 0, 1, 3, 14, 47, 60, 15, 18, 50, 52, 51, 30, 53, 32, 17, 46, 42, 11, 20, 49, 63, 33, 4, 39, 5, 7, 10, 13, 16, 29, 55, 31, 62, 24, 25, 23, 35, 45, 36, 6, 57, 58, 64, 38, 34, 56, 54, 28, 61, 27, 26, 21, 48, 22, 59, 19, 12, 44, 8, 40, 41, 9];3057.0
8628.0;[7, 13, 45, 60, 15, 1, 4, 34, 57, 58, 39, 8, 42, 11, 36, 40, 41, 44, 12, 35, 43, 9, 10, 37, 2, 3, 0, 18, 16, 17, 61, 27, 19, 46, 20, 21, 48, 22, 24, 25, 26, 23, 49, 59, 63, 32, 29, 52, 31, 62, 51, 30, 53, 55, 33, 64, 38, 56, 54, 50, 28, 14, 47, 5, 6];2811.0
9623.0;[26, 35, 19, 42, 43, 61, 28, 50, 18, 17, 16, 46, 20, 48, 21, 63, 29, 51, 24, 23, 49, 22, 59, 25, 55, 33, 64, 38, 2, 3, 0, 1, 37, 4, 39, 5, 7, 36, 8, 40, 41, 9, 15, 30, 53, 31, 62, 52, 32, 27, 12, 44, 11, 45, 10, 60, 13, 47, 14, 6, 57, 58, 34, 56, 54];2657.0
7960.0;[53, 54, 27, 63, 55, 33, 64, 38, 3, 28, 50, 29, 31, 62, 52, 25, 22, 23, 48, 21, 46, 10, 15, 61, 0, 18, 17, 16, 13, 42, 11, 45, 60, 1, 37, 2, 4, 39, 7, 40, 41, 9, 36, 8, 14, 47, 5, 6, 57, 58, 34, 56, 32, 26, 19, 43, 44, 12, 35, 20, 49, 59, 24, 51, 30];2564.0
8831.0;[47, 13, 45, 43, 9, 28, 31, 62, 51, 30, 57, 58, 34, 56, 64, 38, 2, 0, 50, 29, 25, 63, 59, 24, 23, 49, 22, 48, 21, 35, 20, 46, 15, 27, 26, 19, 7, 5, 6, 4, 39, 10, 60, 36, 8, 40, 41, 42, 11, 12, 44, 16, 17, 18, 61, 55, 33, 32, 52, 53, 54, 1, 37, 3, 14];2972.0
8748.0;[60, 13, 20, 19, 12, 44, 15, 0, 4, 39, 5, 6, 64, 38, 2, 23, 49, 24, 22, 59, 63, 29, 25, 26, 21, 46, 1, 37, 3, 14, 47, 61, 28, 27, 48, 35, 10, 16, 18, 17, 50, 54, 32, 55, 53, 31, 62, 52, 51, 30, 33, 56, 57, 58, 34, 7, 36, 40, 41, 9, 42, 11, 45, 43, 8];3048.0
8476.0;[53, 50, 54, 21, 48, 23, 49, 55, 33, 32, 22, 59, 25, 63, 30, 31, 62, 52, 35, 20, 19, 42, 43, 9, 11, 16, 18, 17, 12, 44, 45, 14, 47, 60, 15, 37, 4, 39, 6, 5, 8, 40, 41, 0, 28, 61, 1, 38, 2, 3, 64, 34, 57, 58, 56, 51, 24, 46, 36, 7, 10, 13, 27, 26, 29];3174.0
8982.0;[10, 42, 11, 64, 34, 38, 2, 14, 47, 6, 57, 53, 62, 24, 21, 36, 40, 41, 44, 45, 60, 8, 5, 58, 18, 17, 16, 61, 63, 29, 51, 23, 48, 49, 22, 59, 25, 32, 50, 54, 28, 1, 37, 3, 0, 13, 12, 35, 20, 19, 46, 43, 9, 15, 27, 26, 52, 30, 31, 55, 33, 56, 4, 39, 7];3075.0
8878.0;[24, 51, 30, 14, 47, 7, 36, 8, 10, 60, 15, 0, 61, 52, 53, 32, 54, 1, 3, 37, 34, 64, 38, 57, 58, 39, 6, 2, 4, 5, 40, 41, 9, 26, 21, 48, 46, 42, 11, 43, 13, 16, 17, 50, 29, 55, 33, 56, 25, 59, 22, 23, 49, 35, 20, 19, 12, 44, 45, 18, 28, 27, 63, 31, 62];3023.0
8820.0;[10, 14, 47, 13, 16, 17, 18, 21, 48, 35, 20, 19, 12, 44, 11, 45, 42, 43, 36, 8, 40, 41, 9, 15, 61, 38, 2, 5, 7, 60, 0, 1, 4, 39, 6, 57, 58, 25, 22, 23, 49, 59, 63, 32, 54, 50, 28, 27, 55, 33, 56, 3, 37, 64, 34, 29, 30, 53, 31, 62, 52, 24, 51, 26, 46];2707.0
8699.0;[10, 60, 8, 44, 20, 49, 59, 29, 63, 52, 32, 54, 22, 23, 35, 36, 40, 41, 13, 16, 17, 18, 48, 21, 12, 43, 9, 15, 1, 38, 2, 4, 39, 5, 7, 14, 47, 6, 58, 0, 61, 28, 50, 55, 33, 3, 37, 64, 34, 56, 57, 53, 30, 31, 62, 51, 24, 25, 27, 26, 19, 46, 45, 42, 11];3003.0
8257.0;[49, 50, 54, 61, 1, 37, 57, 4, 5, 13, 60, 43, 41, 9, 15, 28, 27, 19, 46, 10, 42, 11, 45, 20, 21, 55, 33, 64, 39, 7, 8, 47, 14, 6, 58, 34, 56, 38, 2, 3, 0, 16, 18, 17, 52, 31, 62, 51, 24, 26, 29, 25, 63, 30, 53, 32, 36, 40, 44, 12, 35, 48, 22, 59, 23];3065.0
8374.0;[51, 25, 59, 45, 60, 61, 28, 1, 2, 4, 39, 7, 36, 8, 40, 41, 43, 9, 42, 10, 0, 50, 54, 18, 17, 16, 13, 46, 15, 37, 64, 38, 3, 63, 29, 30, 53, 62, 52, 31, 55, 33, 56, 32, 21, 35, 20, 19, 12, 44, 11, 14, 47, 5, 6, 57, 58, 34, 27, 26, 48, 22, 23, 49, 24];2697.0
8855.0;[58, 5, 10, 42, 9, 48, 59, 25, 32, 54, 28, 27, 19, 46, 45, 16, 17, 18, 15, 36, 8, 60, 13, 14, 7, 47, 40, 41, 0, 37, 50, 29, 51, 30, 31, 55, 33, 64, 34, 56, 38, 4, 2, 3, 22, 23, 24, 26, 43, 44, 11, 12, 35, 20, 21, 49, 63, 62, 52, 53, 61, 1, 39, 6, 57];3204.0
8725.0;[52, 30, 62, 32, 29, 25, 59, 26, 21, 35, 19, 16, 18, 17, 42, 43, 44, 12, 11, 15, 1, 37, 0, 46, 45, 60, 13, 14, 47, 20, 22, 23, 48, 49, 24, 51, 55, 33, 56, 64, 57, 53, 31, 50, 54, 28, 61, 2, 4, 39, 7, 5, 6, 58, 34, 38, 3, 10, 8, 36, 40, 41, 9, 27, 63];3129.0
9103.0;[38, 45, 35, 20, 19, 42, 43, 9, 5, 6, 58, 4, 39, 7, 8, 60, 14, 47, 36, 40, 41, 0, 50, 54, 22, 59, 49, 23, 48, 21, 46, 10, 15, 29, 30, 31, 32, 1, 37, 2, 3, 34, 57, 55, 53, 62, 52, 51, 24, 25, 26, 12, 44, 11, 13, 17, 16, 18, 61, 28, 27, 63, 33, 56, 64];2908.0
8934.0;[15, 0, 61, 50, 54, 64, 38, 2, 39, 5, 7, 27, 26, 21, 49, 59, 25, 29, 51, 24, 63, 32, 52, 30, 31, 28, 18, 17, 16, 13, 60, 10, 14, 47, 6, 62, 53, 55, 33, 56, 34, 57, 58, 4, 36, 8, 40, 41, 9, 20, 48, 22, 23, 35, 12, 43, 44, 11, 45, 19, 46, 42, 1, 37, 3];2737.0
8441.0;[15, 16, 17, 18, 21, 59, 63, 54, 28, 61, 50, 29, 33, 56, 32, 19, 7, 10, 13, 46, 12, 44, 11, 45, 60, 1, 37, 38, 4, 39, 5, 53, 31, 55, 64, 14, 47, 36, 40, 41, 27, 26, 30, 62, 52, 24, 51, 25, 49, 22, 23, 48, 35, 20, 42, 43, 9, 8, 6, 34, 57, 58, 2, 3, 0];3115.0
8363.0;[11, 10, 0, 61, 50, 54, 32, 38, 2, 3, 26, 19, 46, 1, 37, 27, 21, 20, 48, 35, 12, 43, 44, 45, 22, 24, 30, 31, 55, 14, 47, 36, 40, 41, 9, 60, 15, 28, 29, 52, 53, 62, 51, 23, 49, 59, 25, 63, 33, 56, 64, 34, 57, 58, 4, 39, 5, 6, 8, 7, 18, 17, 16, 13, 42];2903.0
8623.0;[58, 34, 20, 19, 15, 13, 46, 45, 14, 47, 5, 8, 40, 41, 9, 10, 36, 7, 60, 42, 11, 12, 43, 44, 28, 50, 29, 51, 30, 23, 24, 25, 63, 32, 27, 26, 21, 35, 48, 49, 22, 59, 55, 57, 53, 31, 62, 52, 33, 56, 2, 3, 37, 64, 38, 0, 17, 16, 18, 54, 61, 1, 4, 39, 6];2910.0
8555.0;[23, 49, 22, 55, 33, 0, 10, 42, 43, 9, 15, 50, 54, 28, 61, 60, 11, 45, 27, 26, 29, 2, 4, 39, 5, 8, 40, 6, 57, 58, 34, 56, 64, 38, 62, 51, 24, 19, 36, 41, 44, 20, 59, 25, 63, 52, 30, 53, 31, 32, 1, 37, 3, 14, 47, 7, 18, 17, 16, 13, 46, 12, 35, 21, 48];2978.0
8889.0;[32, 29, 25, 21, 46, 42, 11, 47, 39, 6, 58, 34, 55, 33, 2, 3, 1, 37, 19, 12, 43, 44, 50, 54, 56, 64, 38, 4, 57, 31, 62, 51, 24, 23, 48, 36, 8, 7, 13, 16, 17, 18, 27, 26, 22, 49, 59, 35, 20, 45, 60, 14, 5, 40, 41, 9, 10, 15, 0, 61, 28, 63, 52, 30, 53];3025.0
9115.0;[23, 49, 22, 59, 25, 63, 52, 62, 53, 33, 56, 3, 0, 61, 50, 54, 27, 26, 21, 48, 30, 31, 55, 4, 39, 7, 15, 1, 37, 64, 38, 2, 18, 16, 17, 13, 36, 40, 41, 44, 12, 43, 9, 42, 11, 45, 60, 28, 29, 32, 51, 24, 35, 20, 19, 46, 8, 10, 14, 47, 5, 6, 57, 58, 34];2740.0
8826.0;[10, 60, 61, 28, 37, 47, 14, 5, 36, 8, 40, 41, 7, 13, 16, 17, 18, 50, 25, 63, 29, 62, 52, 31, 32, 54, 42, 43, 9, 15, 27, 22, 23, 49, 59, 26, 21, 48, 20, 35, 19, 46, 0, 1, 64, 34, 56, 2, 4, 39, 6, 57, 58, 55, 53, 24, 51, 30, 33, 38, 3, 45, 12, 44, 11];2935.0
8842.0;[0, 51, 25, 29, 21, 48, 20, 19, 36, 9, 50, 54, 61, 18, 17, 16, 46, 45, 64, 57, 58, 34, 38, 3, 14, 47, 7, 8, 10, 60, 13, 15, 1, 37, 4, 39, 5, 6, 40, 41, 42, 43, 44, 11, 12, 35, 49, 24, 30, 62, 52, 32, 28, 27, 26, 22, 23, 59, 63, 55, 53, 31, 33, 56, 2];2925.0
9178.0;[13, 16, 46, 45, 18, 27, 26, 35, 20, 19, 64, 34, 56, 38, 2, 42, 12, 44, 11, 36, 5, 6, 57, 58, 4, 32, 29, 52, 53, 17, 14, 47, 7, 10, 60, 15, 0, 28, 50, 54, 61, 1, 3, 37, 25, 21, 48, 22, 59, 23, 49, 24, 30, 31, 62, 51, 63, 55, 33, 39, 8, 40, 41, 43, 9];3086.0
8160.0;[62, 10, 42, 20, 45, 61, 27, 19, 46, 15, 0, 29, 25, 59, 63, 55, 33, 56, 57, 58, 34, 51, 26, 43, 9, 11, 13, 16, 18, 17, 50, 52, 53, 31, 32, 54, 28, 3, 1, 37, 64, 38, 2, 4, 39, 6, 5, 60, 14, 47, 7, 36, 8, 40, 41, 44, 12, 35, 21, 48, 23, 49, 22, 24, 30];3054.0
9146.0;[17, 46, 43, 42, 9, 40, 41, 44, 11, 60, 13, 16, 0, 50, 54, 61, 1, 37, 3, 14, 47, 5, 6, 36, 8, 7, 10, 15, 24, 51, 23, 48, 21, 20, 19, 45, 12, 35, 49, 63, 29, 55, 33, 56, 32, 52, 30, 62, 53, 31, 64, 4, 39, 57, 58, 34, 38, 2, 27, 26, 22, 59, 25, 28, 18];2881.0
8976.0;[10, 60, 63, 55, 33, 56, 32, 27, 26, 48, 21, 19, 42, 43, 44, 11, 1, 37, 50, 54, 28, 64, 38, 2, 3, 0, 61, 15, 14, 47, 12, 35, 20, 46, 18, 17, 16, 13, 45, 36, 8, 40, 41, 9, 7, 5, 6, 58, 34, 57, 29, 52, 30, 53, 31, 62, 51, 24, 23, 22, 49, 59, 25, 4, 39];2835.0
9037.0;[8, 40, 27, 26, 60, 13, 16, 17, 18, 61, 50, 54, 28, 1, 3, 37, 32, 51, 24, 25, 22, 23, 35, 19, 20, 48, 21, 49, 59, 63, 29, 52, 33, 56, 64, 38, 4, 7, 47, 14, 39, 5, 6, 58, 34, 57, 53, 31, 62, 30, 55, 2, 0, 15, 36, 41, 46, 45, 12, 44, 11, 10, 42, 43, 9];2649.0
9491.0;[10, 42, 11, 60, 15, 61, 50, 51, 30, 55, 53, 62, 24, 25, 19, 45, 9, 43, 44, 14, 47, 36, 40, 41, 1, 37, 2, 3, 0, 18, 28, 27, 26, 52, 31, 29, 32, 54, 12, 35, 20, 21, 48, 49, 23, 22, 59, 63, 33, 64, 38, 56, 34, 57, 4, 58, 39, 5, 6, 8, 7, 13, 16, 17, 46];2982.0
9044.0;[59, 21, 45, 19, 46, 6, 5, 16, 18, 17, 13, 60, 14, 47, 7, 11, 10, 42, 43, 27, 26, 51, 24, 63, 55, 33, 3, 0, 15, 61, 1, 37, 28, 31, 62, 52, 30, 53, 57, 58, 34, 32, 23, 35, 20, 48, 49, 25, 29, 50, 54, 56, 64, 38, 2, 4, 39, 36, 8, 40, 41, 9, 44, 12, 22];3137.0
9468.0;[13, 27, 63, 25, 35, 20, 21, 48, 60, 10, 42, 11, 12, 44, 43, 9, 50, 64, 34, 57, 55, 33, 38, 0, 16, 17, 18, 61, 1, 37, 2, 3, 56, 32, 30, 53, 31, 62, 52, 54, 28, 15, 14, 47, 7, 5, 6, 4, 39, 58, 29, 51, 24, 23, 49, 22, 59, 26, 19, 46, 45, 36, 8, 40, 41];2943.0
8881.0;[16, 61, 50, 54, 28, 27, 26, 23, 24, 51, 30, 33, 57, 31, 62, 52, 53, 10, 40, 41, 9, 43, 44, 0, 1, 19, 12, 35, 20, 21, 48, 49, 22, 55, 64, 38, 2, 3, 15, 13, 46, 42, 11, 45, 60, 37, 34, 4, 39, 7, 36, 8, 47, 14, 5, 6, 58, 56, 29, 59, 25, 63, 32, 18, 17];2894.0
8424.0;[46, 19, 12, 44, 11, 16, 17, 25, 23, 49, 22, 59, 63, 28, 50, 54, 55, 33, 56, 5, 7, 60, 15, 0, 27, 26, 48, 35, 20, 21, 10, 1, 2, 4, 39, 6, 58, 57, 34, 29, 52, 53, 62, 51, 24, 30, 31, 32, 18, 61, 3, 37, 64, 38, 14, 47, 36, 8, 40, 41, 43, 9, 42, 45, 13];2910.0
9859.0;[7, 46, 12, 44, 60, 29, 55, 33, 38, 2, 4, 6, 57, 58, 39, 5, 41, 9, 43, 37, 64, 34, 56, 27, 26, 21, 35, 48, 20, 19, 36, 8, 40, 1, 3, 0, 61, 28, 50, 62, 52, 53, 31, 18, 17, 16, 13, 42, 11, 45, 10, 22, 23, 49, 59, 51, 24, 25, 63, 30, 32, 54, 15, 14, 47];3065.0
9306.0;[9, 42, 10, 60, 14, 47, 15, 50, 29, 30, 31, 32, 54, 27, 26, 59, 25, 22, 23, 49, 48, 35, 5, 58, 34, 4, 39, 6, 57, 53, 62, 52, 51, 24, 63, 55, 33, 56, 2, 0, 17, 16, 18, 28, 61, 1, 37, 64, 38, 3, 13, 46, 7, 36, 8, 40, 41, 44, 11, 45, 20, 21, 19, 12, 43];2687.0
9007.0;[59, 63, 38, 7, 42, 45, 29, 55, 56, 64, 2, 3, 1, 37, 28, 50, 32, 54, 61, 0, 18, 17, 16, 13, 36, 8, 40, 41, 9, 60, 27, 26, 19, 46, 14, 47, 5, 57, 31, 62, 23, 49, 22, 21, 48, 35, 20, 12, 43, 44, 11, 10, 15, 52, 51, 24, 30, 53, 33, 4, 39, 6, 58, 34, 25];3081.0
9076.0;[16, 1, 37, 34, 57, 58, 39, 6, 10, 43, 44, 20, 22, 59, 63, 30, 53, 31, 33, 4, 5, 8, 7, 29, 52, 62, 51, 24, 25, 55, 38, 2, 3, 0, 61, 28, 50, 32, 54, 56, 64, 18, 17, 27, 26, 19, 45, 12, 35, 48, 49, 23, 21, 46, 60, 15, 14, 47, 36, 40, 41, 9, 42, 11, 13];2963.0
8850.0;[42, 12, 43, 9, 61, 28, 50, 54, 1, 39, 5, 6, 57, 58, 3, 37, 64, 34, 56, 32, 25, 21, 48, 20, 46, 15, 0, 27, 26, 33, 38, 2, 4, 8, 60, 10, 13, 16, 17, 63, 52, 51, 23, 49, 24, 30, 62, 53, 31, 29, 55, 14, 47, 7, 36, 40, 41, 44, 11, 45, 18, 22, 59, 35, 19];3118.0
9074.0;[54, 36, 9, 15, 18, 50, 61, 1, 38, 39, 5, 10, 46, 45, 14, 47, 7, 28, 27, 26, 22, 24, 25, 29, 64, 34, 31, 62, 52, 51, 30, 53, 33, 56, 3, 0, 60, 42, 43, 44, 12, 35, 20, 19, 13, 16, 17, 37, 2, 4, 6, 8, 40, 41, 11, 21, 48, 23, 49, 59, 63, 55, 57, 58, 32];3081.0
8411.0;[21, 48, 22, 25, 26, 29, 33, 3, 0, 45, 20, 19, 17, 16, 18, 61, 50, 38, 2, 13, 46, 12, 35, 49, 59, 63, 55, 4, 39, 6, 5, 7, 36, 8, 40, 10, 15, 60, 14, 47, 41, 44, 11, 42, 43, 9, 1, 37, 64, 34, 57, 58, 56, 52, 51, 23, 24, 30, 62, 53, 31, 32, 54, 28, 27];2945.0
8891.0;[60, 27, 19, 46, 1, 37, 61, 28, 26, 22, 23, 48, 10, 13, 0, 38, 2, 3, 64, 57, 58, 6, 5, 42, 43, 41, 44, 11, 45, 12, 35, 20, 21, 49, 59, 25, 24, 63, 55, 53, 31, 32, 54, 18, 17, 16, 14, 47, 7, 8, 36, 40, 9, 15, 50, 29, 52, 51, 30, 62, 33, 34, 56, 4, 39];2992.0
9013.0;[6, 58, 32, 61, 1, 37, 50, 55, 33, 56, 2, 3, 64, 38, 4, 39, 7, 10, 51, 24, 25, 26, 21, 49, 59, 63, 29, 31, 54, 28, 27, 48, 20, 46, 13, 16, 17, 18, 0, 22, 23, 35, 19, 12, 44, 11, 45, 42, 41, 43, 9, 60, 15, 34, 57, 53, 62, 52, 30, 47, 14, 36, 8, 40, 5];3017.0
8410.0;[24, 63, 28, 61, 38, 2, 4, 39, 42, 11, 20, 19, 0, 1, 3, 18, 17, 16, 13, 8, 7, 5, 6, 58, 34, 29, 59, 25, 26, 21, 48, 36, 40, 41, 9, 14, 47, 27, 49, 22, 23, 35, 46, 45, 12, 43, 44, 10, 60, 15, 37, 64, 57, 62, 30, 53, 31, 55, 33, 56, 32, 54, 50, 52, 51];2971.0
8933.0;[2, 37, 38, 3, 50, 54, 13, 14, 47, 6, 4, 39, 5, 7, 10, 36, 8, 40, 41, 42, 43, 9, 15, 0, 61, 1, 18, 16, 17, 29, 22, 59, 25, 26, 12, 44, 11, 45, 19, 46, 60, 28, 27, 48, 35, 20, 21, 49, 23, 63, 52, 51, 24, 30, 62, 53, 31, 32, 55, 33, 56, 64, 34, 57, 58];2628.0
9350.0;[30, 62, 51, 24, 63, 29, 41, 9, 20, 21, 48, 35, 4, 39, 7, 15, 0, 1, 37, 3, 61, 50, 54, 28, 27, 23, 49, 59, 55, 33, 64, 38, 2, 18, 17, 16, 13, 46, 45, 22, 25, 53, 31, 32, 26, 19, 12, 44, 11, 60, 14, 47, 10, 42, 43, 8, 36, 40, 5, 6, 57, 58, 56, 34, 52];3114.0
8487.0;[58, 56, 32, 28, 54, 50, 29, 22, 49, 59, 14, 47, 26, 19, 60, 15, 0, 27, 21, 48, 20, 46, 42, 45, 12, 43, 9, 40, 41, 44, 11, 1, 34, 57, 31, 25, 63, 55, 33, 64, 4, 39, 7, 10, 13, 17, 16, 18, 37, 38, 2, 3, 61, 52, 30, 53, 62, 51, 24, 23, 35, 36, 8, 5, 6];3153.0
8719.0;[46, 20, 21, 49, 22, 25, 63, 55, 4, 7, 10, 1, 37, 15, 0, 16, 17, 18, 28, 50, 29, 32, 54, 38, 2, 3, 61, 27, 26, 23, 24, 30, 33, 56, 64, 34, 57, 58, 39, 36, 8, 40, 41, 9, 42, 11, 12, 35, 48, 59, 53, 31, 62, 52, 51, 19, 45, 14, 47, 6, 5, 43, 44, 60, 13];2847.0
8440.0;[58, 5, 61, 28, 50, 54, 0, 14, 47, 60, 27, 26, 22, 59, 25, 52, 31, 62, 57, 34, 56, 64, 38, 2, 17, 13, 46, 49, 23, 63, 32, 1, 37, 3, 15, 10, 36, 7, 16, 18, 29, 51, 24, 30, 53, 55, 33, 4, 39, 8, 40, 41, 9, 42, 11, 21, 48, 35, 20, 19, 12, 43, 44, 45, 6];3107.0
8421.0;[25, 63, 52, 31, 27, 29, 23, 49, 24, 51, 30, 32, 54, 61, 0, 18, 16, 17, 13, 47, 14, 7, 60, 1, 37, 64, 38, 57, 58, 34, 56, 3, 46, 42, 11, 45, 15, 28, 50, 55, 53, 62, 33, 2, 4, 39, 5, 6, 36, 8, 40, 43, 41, 9, 10, 26, 21, 35, 20, 19, 12, 44, 48, 22, 59];2906.0
9056.0;[38, 39, 42, 11, 45, 37, 2, 4, 32, 30, 53, 54, 28, 61, 18, 16, 17, 13, 36, 8, 10, 60, 15, 27, 26, 29, 1, 3, 0, 14, 47, 7, 40, 41, 44, 12, 35, 46, 43, 9, 20, 21, 63, 55, 33, 64, 34, 31, 62, 52, 51, 24, 25, 22, 23, 48, 49, 59, 19, 5, 6, 57, 58, 56, 50];3128.0
8684.0;[43, 9, 7, 14, 47, 31, 62, 18, 17, 16, 50, 54, 28, 63, 29, 64, 2, 3, 61, 27, 59, 26, 21, 48, 49, 22, 23, 24, 25, 52, 51, 30, 32, 0, 15, 13, 46, 45, 12, 35, 20, 19, 36, 8, 40, 41, 44, 11, 10, 60, 1, 37, 34, 58, 4, 39, 5, 6, 57, 53, 55, 33, 56, 38, 42];2966.0
9068.0;[19, 46, 0, 1, 3, 37, 34, 53, 31, 62, 51, 24, 25, 63, 29, 54, 28, 50, 61, 27, 21, 49, 22, 23, 48, 35, 20, 12, 43, 9, 42, 11, 45, 36, 8, 5, 6, 57, 58, 52, 30, 15, 14, 47, 7, 60, 10, 13, 16, 18, 17, 26, 59, 33, 56, 32, 55, 64, 38, 2, 4, 39, 40, 41, 44];2793.0
9009.0;[0, 57, 58, 3, 50, 29, 52, 30, 54, 56, 51, 24, 25, 36, 9, 15, 28, 26, 19, 46, 14, 47, 7, 10, 42, 12, 22, 59, 61, 1, 37, 64, 38, 34, 55, 33, 2, 4, 6, 39, 5, 8, 40, 41, 43, 44, 11, 45, 60, 13, 31, 62, 53, 32, 27, 21, 48, 23, 35, 20, 49, 63, 18, 17, 16];3399.0
8920.0;[51, 61, 0, 42, 43, 44, 11, 28, 55, 33, 56, 50, 54, 26, 21, 41, 9, 15, 17, 16, 18, 27, 22, 23, 20, 19, 47, 39, 5, 36, 8, 40, 7, 10, 60, 14, 6, 58, 34, 57, 29, 25, 63, 52, 53, 31, 62, 30, 32, 1, 37, 64, 38, 4, 2, 3, 13, 46, 45, 12, 35, 48, 49, 59, 24];3038.0
8660.0;[13, 16, 17, 18, 26, 21, 46, 45, 15, 0, 37, 56, 32, 50, 54, 28, 27, 29, 55, 33, 38, 3, 14, 47, 6, 4, 2, 39, 5, 7, 36, 8, 10, 60, 40, 41, 9, 42, 43, 44, 11, 12, 22, 23, 48, 35, 20, 49, 59, 25, 63, 61, 1, 64, 34, 57, 58, 53, 31, 30, 62, 52, 24, 51, 19];2828.0
9517.0;[51, 24, 19, 10, 36, 40, 41, 9, 8, 6, 4, 1, 37, 64, 56, 22, 59, 25, 63, 62, 52, 30, 33, 54, 15, 13, 17, 16, 18, 0, 61, 27, 26, 55, 53, 31, 32, 42, 43, 44, 11, 12, 35, 49, 23, 48, 21, 20, 46, 45, 7, 57, 58, 34, 38, 2, 3, 60, 14, 47, 39, 5, 28, 50, 29];3087.0
9063.0;[20, 8, 36, 40, 57, 53, 32, 1, 37, 61, 28, 22, 23, 49, 55, 33, 4, 39, 6, 58, 34, 56, 29, 26, 12, 44, 13, 15, 60, 42, 43, 41, 9, 11, 21, 19, 46, 45, 10, 14, 47, 5, 7, 64, 38, 2, 3, 0, 50, 54, 27, 59, 25, 63, 52, 62, 24, 51, 30, 31, 18, 16, 17, 48, 35];3210.0
8538.0;[24, 64, 34, 62, 52, 23, 49, 63, 32, 29, 33, 56, 54, 12, 44, 20, 19, 42, 11, 45, 39, 5, 6, 57, 58, 4, 2, 0, 18, 17, 16, 36, 7, 60, 61, 28, 27, 26, 59, 25, 22, 35, 48, 21, 46, 43, 9, 14, 47, 8, 40, 41, 10, 13, 15, 30, 53, 31, 55, 38, 3, 1, 37, 50, 51];3221.0
9270.0;[41, 15, 26, 12, 35, 20, 60, 61, 55, 33, 38, 2, 3, 0, 50, 51, 30, 24, 19, 42, 9, 8, 7, 13, 16, 18, 17, 28, 27, 59, 25, 22, 23, 49, 63, 29, 48, 21, 46, 45, 43, 44, 11, 10, 1, 37, 56, 64, 34, 57, 31, 62, 52, 53, 32, 54, 14, 47, 6, 58, 4, 39, 5, 36, 40];3022.0
8126.0;[28, 1, 37, 3, 14, 47, 58, 29, 25, 32, 54, 15, 13, 16, 17, 18, 0, 61, 50, 52, 30, 53, 33, 38, 2, 26, 21, 48, 35, 20, 19, 46, 10, 8, 7, 5, 6, 57, 31, 62, 51, 24, 23, 12, 44, 45, 36, 40, 41, 9, 43, 42, 11, 60, 34, 56, 64, 4, 39, 27, 49, 22, 59, 63, 55];2994.0
8327.0;[19, 45, 42, 43, 9, 6, 5, 16, 17, 18, 50, 54, 32, 33, 38, 2, 3, 64, 34, 57, 58, 56, 26, 48, 22, 23, 49, 59, 29, 30, 62, 52, 53, 31, 15, 60, 11, 12, 35, 20, 46, 13, 0, 1, 37, 28, 61, 14, 47, 7, 10, 27, 63, 51, 24, 25, 55, 4, 39, 36, 8, 40, 41, 44, 21];3071.0
9094.0;[15, 55, 33, 56, 32, 29, 51, 24, 49, 22, 23, 59, 25, 26, 12, 35, 20, 48, 21, 19, 45, 36, 8, 7, 10, 60, 13, 16, 17, 18, 50, 54, 61, 1, 37, 64, 2, 3, 0, 27, 63, 62, 52, 30, 53, 31, 28, 46, 14, 47, 5, 6, 58, 57, 34, 38, 4, 39, 40, 44, 11, 42, 43, 9, 41];2669.0
8547.0;[56, 55, 31, 32, 29, 22, 23, 63, 54, 28, 61, 36, 7, 6, 3, 18, 17, 16, 13, 14, 47, 42, 43, 44, 11, 60, 50, 51, 24, 30, 62, 52, 53, 33, 57, 58, 2, 0, 27, 26, 21, 48, 49, 59, 25, 1, 38, 4, 39, 5, 8, 40, 41, 9, 45, 19, 12, 35, 20, 46, 10, 15, 37, 64, 34];3006.0
8678.0;[11, 45, 42, 43, 7, 25, 63, 29, 23, 24, 51, 30, 33, 2, 46, 19, 12, 44, 10, 1, 37, 0, 60, 14, 47, 6, 62, 52, 53, 31, 32, 64, 57, 58, 34, 3, 18, 17, 16, 13, 15, 28, 61, 50, 54, 27, 26, 35, 20, 21, 48, 49, 22, 59, 55, 56, 38, 4, 39, 5, 36, 8, 40, 41, 9];2937.0
8624.0;[26, 29, 32, 28, 61, 18, 17, 15, 16, 13, 12, 43, 8, 36, 40, 41, 9, 44, 11, 42, 45, 14, 6, 39, 5, 7, 47, 10, 60, 50, 54, 27, 19, 46, 1, 37, 64, 57, 58, 34, 56, 38, 2, 4, 3, 0, 30, 53, 31, 62, 52, 51, 24, 25, 63, 55, 33, 22, 23, 35, 20, 21, 48, 49, 59];2671.0
9161.0;[59, 29, 61, 0, 18, 17, 50, 54, 16, 13, 46, 45, 48, 49, 22, 25, 63, 55, 53, 28, 1, 37, 36, 8, 7, 47, 5, 40, 41, 9, 43, 44, 60, 10, 15, 52, 31, 32, 64, 2, 3, 14, 42, 11, 20, 24, 51, 62, 30, 33, 56, 38, 4, 34, 57, 58, 6, 39, 27, 26, 21, 19, 12, 35, 23];3215.0
9246.0;[41, 9, 0, 26, 21, 48, 49, 59, 25, 63, 55, 54, 50, 29, 22, 23, 24, 51, 30, 31, 18, 17, 16, 42, 11, 13, 15, 1, 3, 37, 64, 32, 61, 28, 27, 19, 45, 12, 35, 20, 46, 60, 14, 47, 6, 57, 58, 34, 56, 52, 53, 62, 33, 38, 2, 4, 39, 5, 7, 8, 43, 44, 10, 36, 40];2744.0
9453.0;[2, 42, 43, 8, 40, 9, 60, 10, 13, 30, 31, 32, 52, 62, 53, 57, 58, 4, 6, 39, 5, 15, 0, 61, 28, 18, 16, 17, 27, 26, 23, 22, 59, 25, 63, 54, 1, 37, 3, 50, 29, 51, 24, 46, 12, 44, 45, 14, 47, 7, 36, 41, 11, 20, 19, 21, 35, 48, 49, 55, 33, 56, 34, 64, 38];3022.0
8353.0;[25, 27, 26, 14, 5, 6, 58, 56, 64, 34, 57, 4, 2, 0, 46, 45, 15, 1, 37, 3, 10, 42, 11, 50, 52, 51, 30, 62, 24, 23, 22, 33, 38, 60, 36, 8, 47, 39, 7, 40, 41, 9, 13, 17, 16, 18, 61, 28, 54, 43, 44, 12, 35, 20, 19, 21, 48, 49, 63, 29, 55, 53, 31, 32, 59];3072.0
8203.0;[28, 54, 41, 43, 44, 37, 2, 0, 17, 18, 16, 42, 11, 45, 12, 49, 59, 1, 3, 27, 26, 63, 29, 32, 50, 30, 55, 53, 33, 56, 64, 38, 4, 39, 5, 8, 7, 36, 40, 9, 60, 13, 14, 47, 6, 57, 58, 34, 31, 62, 52, 51, 24, 25, 22, 23, 35, 20, 21, 48, 19, 46, 10, 15, 61];2836.0
8403.0;[8, 60, 13, 15, 1, 39, 40, 5, 6, 4, 38, 2, 3, 37, 19, 20, 59, 29, 18, 17, 16, 46, 21, 48, 49, 23, 35, 12, 41, 9, 42, 43, 44, 11, 45, 22, 24, 51, 25, 27, 26, 63, 33, 56, 64, 34, 57, 58, 32, 54, 28, 50, 52, 53, 31, 62, 30, 55, 61, 0, 14, 47, 7, 10, 36];3080.0
8075.0;[63, 51, 30, 24, 25, 22, 23, 20, 11, 42, 32, 29, 52, 53, 31, 62, 55, 64, 38, 2, 3, 0, 15, 13, 16, 1, 37, 54, 18, 17, 61, 28, 50, 27, 26, 48, 21, 19, 46, 45, 10, 60, 36, 8, 7, 14, 47, 6, 57, 33, 56, 58, 34, 4, 39, 5, 40, 9, 41, 43, 44, 12, 35, 49, 59];2812.0
8599.0;[62, 22, 59, 10, 60, 15, 52, 30, 53, 1, 37, 38, 14, 47, 5, 6, 58, 2, 3, 0, 27, 26, 21, 48, 49, 63, 31, 32, 28, 50, 54, 55, 33, 56, 4, 39, 7, 36, 8, 40, 41, 61, 51, 24, 23, 35, 46, 45, 42, 43, 9, 13, 17, 16, 18, 29, 25, 20, 19, 12, 44, 11, 34, 64, 57];3269.0
8908.0;[44, 42, 43, 13, 17, 16, 18, 28, 27, 26, 19, 10, 61, 22, 59, 63, 29, 55, 33, 39, 7, 5, 6, 58, 4, 2, 3, 37, 50, 54, 52, 30, 53, 31, 32, 0, 14, 47, 41, 11, 20, 49, 23, 35, 46, 45, 36, 8, 40, 9, 60, 15, 1, 38, 34, 56, 64, 57, 62, 51, 24, 25, 21, 48, 12];2964.0
9287.0;[53, 3, 0, 22, 59, 36, 7, 60, 10, 15, 61, 28, 1, 37, 38, 2, 26, 63, 32, 54, 27, 29, 51, 25, 55, 33, 64, 34, 56, 4, 39, 47, 5, 8, 40, 41, 9, 43, 42, 44, 12, 35, 19, 46, 13, 16, 17, 18, 14, 6, 58, 57, 31, 62, 52, 24, 49, 23, 48, 20, 21, 45, 11, 50, 30];3245.0
9442.0;[60, 10, 13, 16, 17, 18, 28, 26, 19, 46, 45, 50, 29, 51, 24, 59, 25, 63, 2, 4, 39, 6, 58, 36, 40, 41, 9, 43, 42, 12, 44, 11, 1, 3, 37, 27, 48, 49, 23, 35, 20, 21, 22, 55, 33, 56, 64, 38, 34, 57, 53, 31, 62, 52, 30, 32, 54, 61, 0, 15, 14, 47, 5, 7, 8];2711.0
8071.0;[37, 2, 50, 29, 25, 63, 55, 64, 34, 57, 33, 56, 38, 4, 39, 5, 7, 36, 40, 8, 41, 9, 43, 15, 61, 1, 3, 0, 46, 42, 11, 20, 19, 45, 10, 60, 13, 16, 17, 18, 14, 47, 6, 58, 32, 54, 27, 48, 21, 22, 49, 59, 24, 23, 35, 12, 44, 28, 26, 52, 31, 62, 51, 30, 53];2875.0
8629.0;[11, 45, 42, 22, 23, 19, 46, 10, 8, 9, 28, 50, 27, 52, 32, 29, 25, 26, 21, 48, 20, 12, 35, 49, 59, 63, 55, 54, 18, 17, 16, 13, 36, 40, 41, 43, 44, 60, 15, 0, 61, 1, 37, 64, 2, 3, 14, 47, 5, 6, 57, 58, 34, 31, 62, 51, 24, 30, 53, 33, 56, 38, 4, 39, 7];2827.0
9571.0;[58, 34, 22, 59, 25, 63, 27, 26, 21, 49, 24, 29, 0, 15, 10, 42, 43, 9, 36, 8, 40, 41, 44, 11, 12, 19, 46, 45, 60, 13, 14, 47, 16, 17, 18, 62, 52, 51, 23, 35, 20, 48, 30, 53, 31, 55, 33, 38, 2, 4, 39, 5, 7, 6, 3, 37, 56, 32, 54, 28, 50, 61, 1, 64, 57];2895.0
8787.0;[26, 63, 55, 31, 54, 43, 9, 27, 21, 20, 19, 42, 44, 11, 10, 60, 0, 1, 3, 37, 64, 34, 56, 32, 29, 30, 53, 62, 52, 24, 51, 36, 40, 8, 41, 15, 18, 16, 17, 14, 47, 6, 58, 4, 39, 5, 7, 13, 46, 45, 12, 35, 48, 23, 49, 22, 59, 25, 33, 38, 57, 2, 61, 28, 50];3007.0
8241.0;[13, 27, 59, 29, 52, 31, 55, 62, 51, 24, 25, 63, 33, 64, 38, 0, 61, 50, 54, 28, 26, 21, 48, 49, 22, 23, 11, 45, 42, 43, 44, 12, 35, 20, 19, 46, 10, 60, 14, 6, 34, 57, 58, 2, 4, 39, 5, 7, 47, 36, 40, 41, 9, 8, 15, 1, 3, 37, 56, 32, 30, 53, 18, 17, 16];2727.0
8998.0;[10, 29, 32, 54, 43, 9, 27, 26, 22, 23, 49, 24, 30, 33, 64, 3, 1, 37, 28, 50, 61, 0, 15, 14, 47, 60, 18, 17, 16, 13, 46, 45, 12, 44, 21, 48, 59, 25, 63, 38, 2, 4, 39, 5, 6, 58, 56, 34, 57, 31, 55, 53, 62, 52, 51, 35, 20, 19, 42, 11, 36, 8, 7, 40, 41];2898.0
8280.0;[39, 5, 7, 36, 8, 40, 41, 42, 43, 9, 61, 27, 22, 59, 63, 54, 1, 37, 2, 3, 0, 29, 53, 31, 55, 33, 56, 64, 38, 4, 57, 58, 34, 62, 51, 24, 20, 21, 48, 49, 23, 35, 12, 44, 11, 45, 10, 15, 18, 28, 50, 52, 30, 32, 25, 26, 19, 46, 60, 16, 17, 13, 47, 14, 6];2679.0
8653.0;[7, 5, 28, 27, 26, 21, 59, 63, 55, 33, 57, 58, 0, 18, 16, 17, 36, 8, 50, 29, 31, 62, 52, 30, 53, 32, 54, 61, 37, 2, 3, 60, 42, 43, 44, 12, 35, 48, 49, 22, 23, 20, 46, 45, 40, 41, 9, 11, 13, 15, 1, 38, 4, 39, 6, 34, 64, 56, 51, 24, 25, 19, 10, 14, 47];2989.0
9566.0;[24, 42, 11, 12, 44, 2, 3, 0, 1, 37, 64, 57, 58, 32, 54, 61, 28, 27, 26, 19, 46, 45, 10, 43, 60, 13, 16, 17, 18, 15, 50, 29, 55, 33, 34, 56, 38, 4, 6, 39, 5, 7, 8, 14, 47, 36, 40, 41, 9, 20, 22, 25, 53, 31, 62, 30, 23, 35, 21, 48, 49, 59, 63, 52, 51];2872.0
9399.0;[36, 7, 61, 1, 37, 0, 15, 60, 10, 13, 17, 16, 18, 28, 50, 52, 51, 24, 29, 55, 33, 64, 34, 38, 3, 14, 47, 40, 41, 9, 8, 5, 58, 56, 25, 22, 23, 42, 43, 44, 11, 12, 35, 49, 59, 63, 54, 2, 4, 39, 6, 57, 53, 31, 62, 30, 32, 27, 26, 21, 48, 20, 19, 46, 45];2791.0
8583.0;[27, 45, 12, 20, 19, 46, 42, 1, 2, 4, 39, 7, 47, 60, 61, 62, 52, 31, 64, 38, 3, 0, 16, 17, 18, 63, 55, 33, 56, 32, 54, 28, 50, 29, 25, 26, 21, 49, 23, 35, 48, 24, 51, 30, 53, 37, 14, 6, 57, 58, 34, 5, 8, 36, 40, 41, 9, 43, 44, 11, 10, 13, 15, 22, 59];3119.0
8911.0;[64, 41, 9, 10, 61, 4, 5, 60, 15, 0, 1, 37, 3, 28, 50, 54, 32, 17, 46, 42, 43, 44, 11, 13, 16, 18, 22, 23, 49, 59, 25, 63, 29, 27, 26, 21, 19, 45, 36, 8, 40, 7, 14, 47, 12, 35, 20, 48, 52, 51, 24, 55, 38, 2, 39, 6, 58, 56, 34, 57, 53, 31, 62, 30, 33];3096.0
8818.0;[10, 60, 29, 25, 63, 55, 33, 56, 52, 30, 53, 62, 31, 50, 54, 28, 59, 26, 46, 7, 47, 39, 27, 21, 48, 35, 20, 1, 37, 42, 43, 44, 11, 45, 12, 9, 15, 0, 18, 61, 64, 38, 2, 3, 17, 16, 13, 14, 5, 6, 57, 58, 4, 34, 32, 51, 24, 23, 49, 22, 19, 36, 40, 41, 8];3131.0
9261.0;[55, 46, 45, 20, 25, 26, 43, 44, 11, 12, 49, 33, 34, 56, 39, 5, 29, 52, 51, 30, 31, 32, 28, 61, 50, 54, 37, 64, 53, 62, 24, 22, 23, 35, 19, 36, 41, 9, 42, 60, 0, 18, 17, 16, 13, 14, 47, 8, 40, 7, 10, 15, 1, 38, 2, 4, 6, 57, 58, 3, 27, 21, 48, 59, 63];3374.0
8947.0;[50, 29, 32, 28, 3, 14, 47, 7, 45, 20, 21, 23, 48, 35, 19, 12, 11, 10, 15, 0, 1, 37, 64, 38, 2, 4, 39, 6, 5, 36, 8, 40, 41, 9, 42, 43, 44, 60, 13, 16, 17, 18, 61, 34, 57, 58, 56, 54, 27, 26, 49, 22, 59, 25, 63, 30, 31, 62, 53, 55, 33, 52, 51, 24, 46];2729.0
9162.0;[59, 25, 63, 55, 33, 32, 29, 19, 46, 45, 40, 44, 49, 23, 48, 35, 20, 13, 16, 17, 50, 54, 37, 3, 42, 11, 36, 8, 7, 61, 27, 21, 12, 43, 9, 41, 60, 10, 15, 1, 38, 2, 4, 56, 64, 34, 53, 31, 62, 52, 51, 24, 30, 18, 0, 14, 47, 39, 5, 6, 57, 58, 28, 26, 22];3042.0
9009.0;[55, 33, 56, 34, 41, 44, 10, 60, 42, 11, 45, 0, 61, 28, 50, 54, 27, 26, 59, 63, 29, 23, 22, 25, 32, 18, 17, 13, 16, 64, 38, 2, 4, 39, 7, 36, 8, 40, 9, 43, 15, 52, 53, 31, 1, 37, 3, 47, 14, 5, 6, 58, 57, 62, 21, 19, 46, 12, 35, 20, 48, 49, 24, 51, 30];3041.0
8895.0;[4, 39, 46, 45, 26, 63, 54, 50, 29, 55, 3, 14, 47, 7, 10, 60, 28, 27, 19, 20, 21, 59, 25, 22, 23, 24, 51, 30, 33, 56, 38, 64, 2, 17, 16, 18, 1, 37, 13, 40, 41, 9, 42, 11, 43, 44, 12, 35, 48, 49, 31, 62, 52, 53, 57, 58, 34, 32, 61, 0, 15, 36, 8, 5, 6];3051.0
9287.0;[27, 48, 35, 20, 19, 7, 5, 6, 58, 56, 54, 61, 28, 37, 38, 2, 3, 15, 46, 45, 0, 1, 64, 34, 57, 53, 32, 26, 21, 12, 43, 44, 60, 13, 16, 17, 18, 50, 30, 31, 62, 52, 24, 51, 23, 49, 59, 22, 25, 63, 29, 55, 33, 4, 39, 36, 8, 40, 41, 9, 42, 11, 10, 14, 47];2812.0
8579.0;[6, 4, 32, 54, 15, 0, 61, 28, 50, 56, 64, 34, 57, 58, 62, 31, 1, 37, 38, 2, 3, 46, 45, 14, 47, 16, 18, 17, 13, 10, 42, 43, 9, 60, 29, 51, 24, 23, 48, 21, 49, 59, 25, 27, 26, 36, 8, 7, 5, 40, 41, 44, 11, 12, 35, 20, 19, 22, 63, 52, 30, 53, 55, 33, 39];2994.0
8641.0;[42, 11, 48, 22, 23, 49, 59, 29, 61, 15, 36, 9, 43, 14, 47, 12, 35, 20, 21, 19, 46, 7, 6, 31, 55, 32, 28, 50, 54, 64, 38, 3, 37, 4, 39, 5, 13, 16, 17, 18, 1, 53, 62, 51, 24, 25, 26, 8, 40, 41, 44, 45, 10, 27, 63, 52, 30, 57, 58, 34, 33, 56, 2, 0, 60];3280.0
9143.0;[2, 3, 0, 1, 37, 15, 60, 36, 44, 21, 20, 46, 13, 16, 18, 17, 28, 61, 50, 54, 64, 34, 56, 38, 14, 47, 7, 11, 12, 35, 48, 22, 24, 51, 30, 53, 57, 58, 4, 39, 5, 6, 32, 25, 23, 49, 59, 26, 19, 45, 42, 43, 9, 8, 40, 41, 10, 27, 63, 29, 62, 52, 31, 55, 33];2881.0
9086.0;[36, 7, 10, 60, 13, 15, 0, 37, 2, 3, 61, 50, 29, 55, 33, 32, 54, 16, 17, 18, 28, 21, 49, 59, 63, 27, 46, 14, 47, 40, 41, 9, 8, 6, 57, 31, 62, 30, 24, 26, 42, 43, 44, 11, 45, 1, 38, 4, 39, 5, 58, 56, 64, 34, 53, 52, 51, 25, 22, 23, 48, 20, 12, 35, 19];3028.0
8766.0;[4, 39, 7, 47, 29, 25, 63, 55, 33, 56, 38, 2, 3, 26, 22, 23, 49, 24, 51, 30, 32, 1, 37, 61, 28, 50, 54, 27, 46, 45, 0, 15, 18, 17, 16, 13, 36, 8, 44, 11, 10, 60, 42, 12, 35, 20, 19, 21, 48, 59, 31, 62, 52, 53, 64, 5, 40, 41, 43, 9, 14, 6, 58, 34, 57];2946.0
8337.0;[31, 33, 56, 14, 47, 16, 17, 18, 61, 28, 54, 64, 38, 2, 27, 26, 21, 48, 49, 22, 59, 23, 25, 63, 55, 34, 4, 39, 5, 8, 40, 41, 42, 43, 9, 6, 57, 58, 62, 52, 51, 24, 12, 44, 11, 3, 1, 37, 35, 20, 19, 60, 10, 13, 46, 45, 36, 7, 15, 0, 50, 32, 29, 30, 53];2968.0
9172.0;[61, 28, 54, 1, 37, 3, 50, 52, 31, 62, 25, 23, 49, 22, 59, 26, 19, 46, 13, 14, 47, 6, 4, 39, 10, 60, 42, 43, 44, 12, 35, 20, 21, 48, 24, 51, 30, 53, 15, 36, 8, 40, 41, 9, 11, 45, 7, 5, 57, 58, 34, 32, 27, 63, 29, 55, 33, 56, 64, 38, 2, 0, 16, 18, 17];2627.0
8860.0;[18, 37, 0, 61, 59, 25, 26, 19, 45, 42, 12, 22, 63, 55, 53, 33, 64, 57, 58, 56, 28, 27, 21, 48, 49, 24, 51, 30, 31, 32, 54, 2, 3, 14, 47, 8, 7, 10, 60, 15, 50, 29, 52, 62, 23, 35, 20, 46, 1, 38, 34, 4, 39, 5, 6, 43, 44, 11, 36, 40, 41, 9, 13, 16, 17];3024.0
9038.0;[34, 56, 64, 38, 27, 22, 24, 25, 23, 35, 60, 10, 36, 8, 42, 11, 50, 52, 51, 30, 31, 62, 32, 54, 1, 2, 3, 37, 48, 20, 19, 46, 45, 12, 43, 44, 15, 0, 61, 28, 18, 17, 16, 13, 6, 57, 58, 4, 39, 5, 7, 40, 41, 9, 14, 47, 26, 21, 49, 59, 63, 29, 55, 53, 33];2948.0
8568.0;[31, 32, 23, 35, 48, 49, 63, 29, 54, 1, 37, 3, 18, 17, 16, 14, 47, 7, 60, 15, 0, 61, 28, 27, 22, 59, 25, 26, 19, 12, 44, 11, 45, 36, 8, 40, 41, 42, 43, 9, 10, 50, 64, 38, 39, 6, 58, 34, 57, 62, 52, 53, 55, 33, 56, 2, 4, 5, 13, 46, 20, 21, 24, 51, 30];2652.0
8787.0;[7, 52, 51, 24, 1, 37, 64, 34, 56, 54, 13, 60, 10, 36, 6, 58, 38, 2, 3, 8, 41, 40, 9, 11, 45, 15, 0, 50, 29, 25, 63, 14, 47, 57, 62, 30, 53, 31, 32, 61, 18, 16, 17, 28, 27, 26, 35, 19, 46, 42, 43, 12, 44, 20, 48, 21, 49, 22, 23, 59, 55, 33, 4, 39, 5];3207.0
8974.0;[30, 54, 28, 27, 26, 63, 55, 33, 56, 25, 23, 49, 57, 39, 7, 47, 36, 8, 40, 41, 9, 10, 42, 43, 44, 11, 13, 15, 0, 61, 1, 37, 3, 14, 5, 6, 58, 34, 32, 22, 59, 29, 52, 53, 31, 62, 24, 21, 48, 35, 20, 19, 46, 45, 12, 60, 64, 38, 2, 4, 17, 16, 18, 50, 51];2923.0
8482.0;[30, 31, 28, 26, 19, 60, 14, 47, 45, 20, 21, 35, 43, 9, 40, 41, 42, 11, 10, 36, 8, 6, 53, 62, 52, 51, 24, 25, 22, 18, 17, 16, 13, 46, 12, 44, 0, 61, 50, 54, 64, 38, 2, 4, 34, 39, 5, 7, 15, 1, 37, 3, 27, 48, 23, 49, 59, 63, 55, 33, 56, 57, 58, 32, 29];3069.0
9202.0;[25, 23, 48, 21, 19, 0, 1, 37, 38, 57, 58, 2, 3, 50, 54, 28, 15, 36, 40, 41, 44, 11, 43, 9, 8, 10, 27, 26, 63, 32, 61, 17, 18, 16, 13, 46, 45, 60, 14, 47, 6, 4, 39, 5, 7, 42, 12, 35, 20, 49, 59, 22, 24, 51, 30, 31, 55, 33, 56, 64, 34, 29, 53, 62, 52];2737.0
8749.0;[25, 36, 7, 15, 61, 28, 26, 63, 29, 55, 53, 33, 56, 2, 0, 16, 18, 17, 50, 52, 51, 24, 30, 31, 62, 32, 54, 64, 38, 3, 37, 8, 40, 9, 42, 43, 13, 27, 19, 46, 10, 60, 1, 34, 57, 58, 14, 47, 5, 6, 4, 39, 41, 44, 11, 45, 12, 35, 20, 48, 21, 49, 22, 23, 59];2880.0
7992.0;[59, 24, 51, 30, 62, 34, 39, 5, 36, 8, 40, 7, 28, 50, 54, 60, 42, 11, 20, 21, 19, 12, 35, 48, 22, 23, 49, 33, 56, 32, 29, 25, 63, 52, 53, 31, 55, 64, 38, 2, 14, 47, 41, 9, 10, 13, 16, 17, 0, 18, 1, 3, 37, 26, 46, 45, 6, 57, 58, 4, 43, 44, 15, 61, 27];3098.0
8507.0;[1, 37, 46, 42, 10, 60, 36, 41, 9, 43, 44, 15, 0, 51, 24, 63, 29, 32, 27, 26, 21, 48, 22, 25, 55, 33, 57, 58, 3, 28, 50, 54, 56, 38, 2, 4, 8, 40, 7, 16, 17, 18, 61, 64, 34, 53, 62, 52, 30, 31, 19, 20, 45, 13, 14, 47, 39, 5, 6, 11, 12, 35, 23, 49, 59];3134.0
8177.0;[23, 49, 56, 38, 2, 0, 61, 28, 18, 17, 16, 13, 43, 9, 11, 21, 48, 46, 45, 20, 19, 42, 10, 60, 15, 27, 26, 63, 29, 1, 37, 64, 3, 14, 6, 39, 5, 7, 47, 36, 8, 40, 41, 44, 12, 35, 24, 51, 55, 33, 34, 4, 57, 58, 62, 52, 30, 53, 31, 32, 54, 50, 59, 25, 22];2972.0
8351.0;[43, 44, 45, 42, 11, 36, 40, 41, 9, 15, 0, 50, 54, 28, 37, 61, 1, 64, 4, 39, 5, 6, 2, 18, 16, 17, 27, 21, 48, 24, 51, 30, 31, 53, 62, 52, 57, 58, 34, 23, 35, 20, 49, 59, 29, 55, 33, 32, 25, 26, 22, 63, 56, 38, 3, 14, 47, 8, 7, 10, 60, 13, 46, 19, 12];2910.0
8725.0;[50, 28, 37, 3, 27, 26, 48, 21, 12, 41, 9, 42, 43, 13, 16, 17, 18, 22, 59, 25, 63, 54, 61, 0, 1, 64, 34, 57, 58, 32, 55, 62, 51, 30, 33, 56, 38, 2, 4, 6, 39, 5, 8, 40, 44, 11, 49, 23, 24, 35, 20, 19, 46, 45, 60, 14, 47, 7, 36, 10, 15, 29, 52, 53, 31];2888.0
8082.0;[20, 59, 63, 52, 30, 31, 1, 64, 34, 53, 62, 33, 38, 2, 3, 37, 27, 46, 45, 15, 0, 18, 17, 16, 50, 51, 24, 25, 26, 48, 21, 23, 49, 22, 29, 55, 56, 32, 28, 54, 61, 14, 47, 7, 60, 13, 36, 8, 6, 57, 58, 4, 39, 5, 10, 42, 43, 9, 40, 41, 44, 11, 19, 12, 35];2832.0
8767.0;[63, 54, 61, 28, 27, 22, 59, 25, 0, 15, 14, 47, 8, 7, 64, 38, 18, 16, 17, 1, 37, 3, 50, 29, 55, 33, 56, 32, 26, 19, 12, 35, 20, 46, 57, 58, 34, 31, 62, 52, 51, 24, 30, 53, 4, 39, 5, 6, 2, 13, 60, 36, 40, 41, 9, 10, 42, 43, 44, 11, 45, 21, 48, 49, 23];2977.0
9164.0;[20, 47, 14, 5, 7, 15, 25, 26, 21, 48, 59, 63, 29, 52, 51, 24, 42, 11, 1, 37, 34, 57, 58, 56, 4, 39, 6, 64, 38, 2, 3, 16, 17, 18, 0, 61, 50, 54, 28, 27, 19, 46, 45, 60, 13, 10, 36, 8, 40, 41, 9, 43, 44, 12, 49, 22, 30, 31, 62, 53, 55, 33, 32, 23, 35];2924.0
8835.0;[35, 19, 46, 36, 8, 24, 23, 49, 63, 55, 57, 58, 4, 39, 13, 45, 10, 7, 6, 5, 42, 11, 1, 37, 3, 14, 47, 40, 41, 9, 43, 60, 15, 50, 29, 52, 31, 62, 51, 30, 53, 33, 64, 38, 34, 56, 32, 54, 28, 61, 2, 0, 16, 17, 18, 27, 22, 59, 25, 26, 12, 44, 20, 21, 48];3001.0
7807.0;[52, 31, 28, 27, 21, 19, 15, 0, 61, 51, 24, 25, 26, 22, 59, 35, 40, 41, 11, 45, 12, 44, 10, 1, 37, 14, 47, 39, 5, 6, 58, 56, 32, 64, 38, 2, 4, 36, 8, 7, 60, 17, 16, 18, 50, 30, 53, 54, 3, 13, 46, 43, 9, 42, 20, 48, 23, 49, 63, 29, 55, 33, 34, 57, 62];3125.0
8624.0;[58, 31, 62, 51, 26, 21, 12, 11, 45, 42, 43, 44, 49, 24, 23, 35, 19, 46, 0, 1, 28, 50, 54, 27, 63, 29, 32, 18, 17, 16, 14, 47, 36, 8, 40, 9, 41, 60, 15, 61, 30, 53, 33, 56, 64, 38, 2, 3, 37, 4, 39, 5, 6, 7, 10, 13, 20, 48, 22, 59, 25, 52, 55, 34, 57];2986.0
8389.0;[20, 19, 34, 4, 39, 14, 47, 5, 6, 57, 58, 32, 29, 55, 64, 3, 15, 0, 18, 61, 28, 27, 26, 63, 53, 54, 21, 48, 49, 59, 25, 33, 56, 38, 2, 46, 45, 60, 10, 42, 11, 22, 23, 35, 12, 44, 43, 9, 8, 7, 36, 40, 41, 13, 16, 17, 1, 37, 50, 30, 31, 62, 52, 51, 24];3010.0
9602.0;[36, 8, 15, 61, 1, 3, 0, 14, 47, 57, 55, 33, 32, 50, 54, 28, 27, 19, 46, 12, 44, 21, 48, 49, 26, 10, 60, 42, 11, 45, 13, 17, 16, 18, 29, 52, 30, 53, 31, 62, 24, 22, 59, 25, 63, 51, 23, 35, 20, 43, 41, 9, 40, 6, 58, 2, 37, 64, 34, 56, 38, 4, 39, 5, 7];2867.0
8976.0;[9, 0, 59, 25, 63, 54, 15, 36, 8, 1, 37, 64, 34, 56, 32, 28, 61, 27, 26, 19, 20, 21, 49, 22, 51, 30, 24, 23, 48, 35, 46, 60, 13, 16, 18, 17, 4, 39, 6, 58, 57, 2, 3, 14, 47, 5, 7, 40, 41, 43, 44, 12, 11, 45, 10, 50, 29, 52, 62, 53, 31, 55, 33, 38, 42];3013.0
8731.0;[37, 34, 64, 38, 2, 0, 61, 28, 26, 24, 25, 22, 23, 48, 41, 9, 40, 6, 57, 58, 29, 52, 53, 31, 62, 51, 30, 32, 50, 54, 27, 63, 55, 33, 56, 4, 39, 36, 8, 7, 10, 13, 16, 17, 18, 46, 45, 42, 11, 43, 44, 12, 35, 20, 21, 49, 59, 19, 60, 1, 3, 14, 47, 5, 15];2877.0
9123.0;[5, 1, 37, 3, 14, 47, 36, 8, 10, 0, 56, 64, 52, 30, 31, 53, 62, 51, 26, 48, 22, 24, 23, 49, 59, 25, 17, 13, 16, 18, 21, 35, 19, 20, 60, 15, 50, 29, 32, 54, 61, 28, 27, 63, 55, 33, 38, 34, 57, 58, 4, 2, 46, 12, 44, 11, 45, 40, 41, 9, 42, 43, 7, 6, 39];3124.0
9148.0;[15, 28, 50, 54, 61, 0, 18, 21, 19, 46, 10, 60, 13, 16, 17, 22, 24, 25, 63, 55, 33, 56, 34, 57, 53, 31, 32, 29, 52, 30, 62, 51, 27, 26, 59, 1, 37, 3, 14, 36, 8, 40, 41, 44, 11, 42, 43, 9, 47, 39, 5, 6, 58, 2, 64, 38, 4, 7, 12, 35, 48, 49, 23, 20, 45];2968.0
9332.0;[46, 20, 25, 63, 29, 26, 21, 48, 59, 34, 56, 50, 54, 52, 53, 62, 31, 32, 18, 17, 45, 12, 35, 19, 14, 47, 0, 61, 28, 27, 22, 23, 49, 24, 51, 30, 55, 33, 64, 38, 2, 3, 1, 37, 39, 6, 58, 57, 4, 5, 8, 7, 36, 40, 41, 9, 42, 43, 44, 11, 60, 10, 15, 16, 13];2933.0
8535.0;[42, 61, 50, 54, 28, 29, 51, 23, 48, 35, 20, 19, 45, 12, 44, 11, 60, 1, 37, 57, 55, 53, 62, 30, 31, 2, 3, 0, 15, 13, 16, 17, 18, 27, 26, 25, 63, 33, 4, 39, 7, 5, 6, 58, 64, 38, 34, 56, 32, 52, 24, 49, 22, 59, 21, 46, 10, 14, 47, 36, 8, 40, 41, 43, 9];2853.0
9174.0;[12, 35, 20, 42, 11, 7, 10, 60, 15, 61, 37, 27, 26, 48, 21, 46, 45, 13, 0, 1, 34, 4, 39, 5, 36, 40, 41, 9, 8, 47, 14, 6, 58, 57, 53, 31, 55, 33, 56, 64, 38, 2, 3, 59, 25, 63, 32, 54, 28, 18, 17, 16, 50, 29, 52, 30, 62, 51, 24, 23, 49, 22, 19, 43, 44];2696.0
8448.0;[15, 40, 41, 50, 29, 22, 59, 25, 63, 55, 33, 46, 45, 20, 49, 23, 51, 24, 26, 36, 8, 0, 1, 37, 4, 39, 7, 5, 6, 58, 56, 34, 57, 53, 31, 62, 52, 30, 32, 14, 47, 13, 16, 17, 18, 61, 27, 48, 21, 35, 19, 12, 44, 11, 42, 43, 9, 10, 60, 28, 54, 64, 38, 2, 3];3018.0
8503.0;[55, 31, 1, 3, 37, 27, 26, 45, 13, 16, 18, 17, 61, 25, 22, 59, 63, 52, 53, 62, 33, 2, 14, 47, 5, 6, 39, 7, 42, 43, 44, 12, 35, 49, 51, 30, 24, 23, 48, 21, 20, 19, 46, 10, 60, 28, 54, 32, 56, 64, 38, 57, 58, 34, 4, 36, 8, 40, 41, 9, 11, 15, 0, 50, 29];2863.0
8999.0;[20, 10, 0, 50, 55, 33, 56, 2, 3, 45, 12, 19, 46, 15, 17, 16, 13, 14, 47, 6, 57, 58, 34, 32, 54, 28, 18, 61, 1, 37, 64, 38, 4, 39, 5, 36, 8, 40, 7, 41, 9, 42, 43, 44, 11, 60, 27, 26, 21, 49, 22, 59, 25, 63, 53, 62, 52, 31, 29, 51, 30, 24, 23, 48, 35];2565.0
8881.0;[2, 5, 60, 13, 16, 18, 17, 61, 64, 38, 3, 1, 37, 26, 19, 12, 44, 11, 45, 10, 15, 52, 31, 62, 53, 54, 28, 50, 25, 59, 63, 29, 23, 35, 20, 46, 14, 47, 7, 8, 27, 21, 48, 49, 22, 24, 51, 30, 55, 33, 4, 39, 6, 57, 58, 34, 56, 32, 36, 40, 41, 9, 42, 43, 0];2939.0
8176.0;[57, 58, 32, 50, 54, 18, 17, 16, 13, 12, 44, 11, 5, 6, 2, 28, 26, 48, 35, 8, 40, 41, 9, 43, 60, 0, 24, 51, 30, 36, 7, 15, 27, 63, 29, 55, 61, 1, 37, 3, 64, 38, 34, 56, 23, 49, 22, 59, 25, 62, 52, 53, 31, 33, 4, 39, 42, 20, 21, 19, 46, 45, 10, 14, 47];3366.0
9037.0;[60, 28, 48, 20, 10, 36, 40, 41, 1, 37, 3, 14, 5, 6, 18, 16, 17, 26, 59, 33, 38, 2, 13, 46, 45, 42, 43, 9, 8, 7, 47, 15, 50, 54, 27, 21, 49, 22, 25, 63, 29, 31, 55, 53, 62, 52, 51, 30, 24, 23, 35, 19, 12, 44, 11, 0, 61, 32, 64, 34, 56, 57, 58, 4, 39];3070.0
8970.0;[41, 9, 27, 26, 22, 63, 55, 34, 57, 3, 15, 10, 11, 19, 49, 59, 25, 29, 31, 62, 52, 30, 53, 36, 8, 5, 6, 58, 4, 39, 60, 13, 46, 45, 42, 43, 44, 12, 35, 20, 21, 48, 23, 24, 51, 33, 56, 64, 38, 2, 0, 16, 18, 17, 50, 54, 32, 28, 61, 1, 37, 14, 47, 7, 40];2874.0
8613.0;[52, 32, 54, 28, 1, 37, 64, 38, 34, 57, 58, 25, 26, 59, 63, 51, 30, 53, 33, 4, 6, 39, 5, 27, 21, 48, 22, 49, 24, 23, 20, 46, 45, 61, 50, 56, 2, 3, 0, 36, 8, 40, 9, 41, 44, 11, 12, 35, 19, 42, 43, 10, 13, 16, 18, 17, 15, 60, 14, 47, 7, 29, 55, 31, 62];2956.0
9316.0;[15, 13, 60, 14, 47, 22, 59, 25, 17, 16, 18, 61, 38, 2, 28, 26, 63, 32, 54, 27, 12, 44, 10, 1, 37, 64, 34, 57, 58, 4, 39, 6, 5, 48, 21, 49, 23, 35, 20, 19, 46, 36, 8, 40, 41, 43, 9, 42, 11, 45, 7, 0, 50, 29, 62, 52, 51, 24, 30, 53, 31, 55, 33, 56, 3];2960.0
8693.0;[6, 58, 4, 5, 43, 44, 49, 51, 24, 25, 63, 32, 28, 0, 36, 8, 7, 60, 10, 40, 41, 9, 61, 27, 26, 23, 48, 21, 19, 46, 15, 37, 3, 14, 47, 11, 12, 35, 20, 45, 42, 13, 16, 18, 17, 22, 59, 29, 52, 30, 53, 31, 62, 55, 2, 50, 54, 1, 34, 57, 33, 56, 64, 38, 39];3134.0
8253.0;[14, 47, 39, 5, 6, 25, 29, 22, 23, 49, 59, 63, 32, 54, 56, 64, 38, 62, 52, 51, 24, 30, 53, 31, 55, 33, 3, 0, 17, 18, 50, 27, 26, 19, 46, 8, 40, 41, 9, 61, 1, 37, 57, 58, 34, 4, 2, 28, 48, 21, 45, 60, 13, 16, 15, 36, 7, 10, 42, 12, 35, 20, 43, 44, 11];2914.0
8376.0;[26, 19, 36, 8, 7, 42, 43, 45, 0, 15, 1, 39, 5, 6, 2, 18, 16, 17, 61, 50, 52, 30, 53, 31, 62, 51, 24, 25, 63, 29, 28, 37, 3, 14, 47, 41, 9, 10, 60, 13, 46, 27, 21, 48, 23, 22, 59, 55, 33, 56, 32, 54, 64, 38, 4, 34, 57, 58, 40, 44, 11, 12, 35, 20, 49];2915.0
8827.0;[48, 20, 21, 59, 28, 50, 54, 27, 26, 63, 18, 17, 16, 13, 46, 42, 11, 36, 40, 44, 12, 35, 49, 22, 25, 19, 45, 43, 41, 9, 8, 5, 7, 47, 39, 6, 56, 32, 1, 37, 57, 58, 4, 34, 53, 31, 55, 33, 64, 38, 3, 2, 14, 60, 10, 15, 0, 61, 29, 52, 30, 62, 51, 24, 23];2914.0
8379.0;[15, 24, 23, 35, 46, 45, 18, 17, 16, 14, 47, 61, 28, 50, 29, 53, 31, 32, 54, 27, 26, 19, 12, 44, 11, 0, 1, 37, 39, 7, 10, 60, 42, 43, 9, 36, 8, 5, 6, 57, 58, 34, 64, 38, 2, 3, 13, 20, 21, 48, 49, 22, 59, 25, 63, 55, 62, 52, 51, 30, 33, 56, 4, 40, 41];2819.0
8312.0;[59, 32, 61, 10, 60, 7, 36, 40, 41, 45, 20, 19, 46, 27, 26, 63, 29, 50, 54, 28, 1, 37, 21, 48, 35, 55, 33, 56, 64, 34, 38, 3, 15, 14, 5, 6, 58, 4, 2, 0, 18, 16, 17, 13, 12, 44, 11, 42, 43, 9, 8, 47, 39, 57, 62, 51, 24, 30, 53, 31, 52, 25, 22, 23, 49];2985.0
8841.0;[32, 34, 56, 10, 42, 20, 51, 24, 25, 22, 59, 46, 45, 36, 8, 40, 37, 4, 39, 5, 7, 60, 1, 63, 29, 55, 33, 64, 38, 2, 3, 0, 15, 13, 16, 18, 17, 50, 54, 61, 28, 27, 26, 48, 21, 49, 23, 35, 19, 12, 43, 44, 11, 41, 9, 14, 47, 6, 57, 58, 52, 62, 30, 53, 31];2980.0
9131.0;[59, 63, 64, 38, 36, 8, 37, 3, 17, 16, 18, 61, 28, 1, 57, 34, 54, 26, 21, 48, 51, 24, 30, 31, 27, 19, 46, 45, 60, 13, 0, 15, 42, 43, 41, 9, 40, 44, 11, 12, 35, 20, 14, 47, 7, 10, 50, 29, 52, 62, 53, 55, 33, 2, 4, 39, 6, 5, 58, 56, 32, 25, 23, 49, 22];3139.0
8989.0;[14, 47, 39, 5, 7, 40, 9, 60, 27, 26, 19, 15, 61, 23, 49, 22, 29, 17, 18, 16, 13, 46, 45, 10, 36, 8, 41, 42, 11, 28, 50, 54, 1, 37, 4, 6, 58, 34, 57, 2, 0, 43, 44, 12, 35, 20, 48, 21, 59, 25, 63, 55, 31, 32, 52, 51, 24, 30, 62, 53, 33, 56, 64, 38, 3];2811.0
9594.0;[6, 25, 19, 46, 50, 54, 64, 34, 31, 62, 15, 10, 43, 44, 45, 48, 20, 21, 29, 38, 2, 3, 0, 27, 26, 63, 61, 1, 37, 57, 58, 41, 9, 42, 11, 12, 35, 49, 22, 23, 59, 51, 24, 30, 32, 18, 17, 16, 13, 28, 52, 53, 55, 33, 56, 4, 39, 5, 7, 36, 8, 40, 60, 14, 47];3358.0
9111.0;[37, 50, 54, 2, 4, 56, 25, 52, 62, 30, 53, 17, 16, 18, 63, 29, 55, 31, 32, 61, 36, 40, 44, 45, 10, 0, 28, 27, 26, 42, 43, 41, 9, 60, 15, 1, 64, 38, 13, 14, 47, 5, 6, 39, 7, 8, 11, 20, 19, 46, 12, 35, 21, 48, 49, 23, 22, 59, 24, 51, 33, 34, 57, 58, 3];3063.0
9059.0;[9, 42, 0, 61, 1, 37, 50, 54, 18, 17, 16, 15, 13, 14, 47, 5, 6, 57, 58, 3, 28, 27, 26, 19, 12, 43, 41, 8, 7, 60, 29, 52, 30, 31, 32, 21, 48, 49, 22, 59, 24, 25, 63, 55, 33, 56, 38, 2, 4, 39, 36, 40, 44, 11, 45, 10, 64, 34, 53, 62, 51, 23, 35, 20, 46];2725.0
9558.0;[10, 30, 53, 31, 62, 23, 35, 11, 45, 60, 14, 36, 40, 41, 9, 13, 16, 18, 17, 61, 49, 22, 59, 25, 63, 29, 52, 51, 24, 26, 19, 46, 12, 44, 15, 0, 1, 37, 50, 55, 33, 56, 54, 64, 38, 3, 2, 4, 39, 6, 57, 58, 34, 32, 28, 27, 21, 48, 20, 42, 43, 8, 7, 47, 5];2836.0
8991.0;[7, 22, 23, 14, 47, 6, 5, 16, 17, 18, 61, 28, 32, 50, 54, 1, 37, 57, 58, 31, 62, 53, 55, 64, 38, 2, 3, 0, 27, 26, 21, 48, 49, 29, 52, 51, 24, 25, 19, 36, 40, 41, 9, 8, 44, 11, 42, 43, 10, 60, 13, 15, 46, 45, 12, 35, 20, 59, 63, 30, 33, 56, 34, 4, 39];3040.0
8692.0;[24, 49, 22, 23, 48, 43, 44, 12, 35, 19, 14, 47, 5, 7, 6, 15, 0, 50, 54, 2, 3, 18, 61, 28, 27, 26, 46, 45, 10, 36, 8, 40, 41, 9, 60, 13, 17, 16, 1, 37, 56, 64, 57, 58, 34, 38, 4, 39, 42, 11, 20, 21, 59, 63, 55, 31, 62, 30, 53, 33, 32, 29, 25, 52, 51];2779.0
8891.0;[35, 16, 17, 18, 38, 2, 3, 0, 1, 37, 64, 62, 51, 24, 25, 27, 26, 19, 46, 36, 8, 40, 60, 28, 21, 20, 48, 49, 63, 29, 30, 32, 14, 47, 7, 10, 11, 12, 41, 9, 42, 43, 44, 45, 13, 15, 61, 50, 54, 52, 53, 31, 55, 33, 4, 39, 5, 6, 57, 58, 34, 56, 22, 59, 23];2951.0
9096.0;[55, 26, 48, 21, 30, 31, 62, 53, 32, 54, 64, 38, 2, 15, 60, 13, 16, 18, 17, 34, 58, 4, 39, 5, 7, 10, 27, 63, 33, 56, 28, 1, 37, 3, 0, 61, 50, 29, 25, 52, 51, 24, 23, 49, 22, 59, 19, 46, 45, 42, 43, 9, 36, 8, 40, 41, 44, 11, 12, 35, 20, 14, 47, 6, 57];2828.0
8635.0;[8, 40, 11, 10, 60, 15, 26, 63, 62, 52, 53, 50, 54, 28, 29, 25, 23, 24, 51, 33, 2, 0, 18, 61, 30, 31, 55, 32, 17, 16, 13, 41, 9, 42, 1, 37, 27, 21, 19, 46, 45, 43, 44, 12, 35, 20, 48, 49, 22, 59, 64, 34, 56, 38, 4, 39, 6, 57, 58, 3, 14, 47, 5, 7, 36];3018.0
8794.0;[44, 11, 59, 51, 24, 25, 63, 54, 0, 43, 41, 9, 42, 45, 60, 15, 61, 50, 29, 30, 32, 28, 1, 37, 64, 38, 34, 4, 2, 3, 18, 17, 16, 13, 14, 47, 39, 10, 36, 7, 5, 6, 58, 57, 62, 52, 53, 31, 55, 33, 56, 27, 26, 19, 12, 35, 20, 21, 49, 22, 23, 48, 46, 8, 40];2814.0
8804.0;[3, 8, 40, 41, 43, 44, 11, 45, 12, 35, 20, 21, 49, 31, 62, 52, 30, 53, 38, 2, 15, 13, 16, 17, 37, 32, 29, 25, 19, 10, 36, 60, 50, 55, 33, 34, 56, 64, 14, 47, 7, 6, 4, 39, 5, 57, 58, 54, 28, 18, 61, 27, 26, 22, 59, 63, 51, 24, 23, 48, 46, 42, 9, 0, 1];3075.0
8104.0;[13, 21, 49, 55, 33, 56, 25, 59, 63, 29, 32, 61, 0, 18, 16, 17, 50, 54, 28, 51, 24, 26, 19, 46, 36, 40, 41, 42, 43, 9, 60, 27, 22, 23, 48, 35, 20, 12, 44, 11, 45, 10, 14, 47, 8, 7, 15, 37, 64, 38, 3, 34, 57, 58, 53, 31, 62, 52, 30, 1, 2, 4, 39, 6, 5];2930.0
8514.0;[21, 35, 19, 13, 46, 20, 48, 22, 63, 55, 31, 62, 53, 28, 50, 51, 24, 23, 49, 59, 25, 37, 3, 0, 15, 60, 8, 36, 40, 41, 9, 42, 11, 12, 44, 45, 43, 10, 14, 47, 5, 6, 32, 54, 61, 1, 4, 34, 57, 58, 56, 64, 29, 52, 30, 33, 38, 2, 39, 7, 16, 18, 17, 27, 26];2918.0
9379.0;[37, 26, 21, 48, 35, 20, 19, 46, 60, 10, 36, 40, 41, 9, 42, 43, 0, 50, 28, 30, 53, 54, 18, 17, 13, 16, 61, 1, 4, 39, 5, 15, 27, 22, 59, 63, 32, 64, 38, 3, 14, 47, 7, 8, 44, 12, 11, 45, 6, 57, 31, 62, 52, 51, 24, 25, 23, 49, 29, 55, 33, 56, 34, 58, 2];2879.0
8166.0;[22, 23, 48, 21, 20, 2, 4, 36, 40, 41, 9, 34, 32, 27, 19, 46, 45, 18, 28, 50, 54, 61, 15, 14, 47, 8, 7, 10, 60, 13, 16, 17, 26, 30, 53, 31, 55, 62, 52, 51, 24, 59, 25, 63, 29, 33, 56, 39, 5, 6, 57, 58, 3, 1, 37, 64, 38, 0, 42, 43, 44, 11, 12, 35, 49];2914.0
8579.0;[34, 4, 56, 64, 57, 31, 55, 33, 32, 50, 54, 37, 3, 27, 22, 25, 26, 45, 60, 8, 7, 10, 43, 9, 42, 12, 44, 11, 15, 0, 18, 16, 17, 28, 21, 48, 49, 59, 63, 29, 52, 30, 53, 62, 51, 24, 23, 35, 20, 19, 46, 36, 40, 41, 14, 47, 5, 13, 61, 1, 38, 2, 39, 6, 58];2723.0
8442.0;[38, 2, 3, 22, 25, 32, 1, 37, 26, 19, 36, 7, 42, 43, 9, 10, 15, 61, 30, 62, 51, 24, 23, 49, 33, 57, 58, 64, 4, 8, 40, 41, 11, 21, 48, 35, 20, 16, 18, 17, 27, 59, 63, 55, 54, 28, 50, 29, 52, 53, 31, 0, 13, 46, 45, 12, 44, 60, 14, 47, 39, 5, 6, 34, 56];3221.0
9041.0;[55, 33, 56, 64, 34, 4, 39, 6, 57, 58, 2, 3, 26, 21, 48, 49, 61, 37, 13, 14, 47, 51, 24, 25, 23, 35, 12, 44, 45, 10, 36, 7, 16, 17, 18, 27, 22, 59, 63, 52, 30, 32, 28, 50, 54, 1, 38, 5, 8, 40, 41, 11, 20, 19, 46, 42, 43, 9, 60, 15, 0, 29, 31, 62, 53];3020.0
8844.0;[59, 63, 53, 62, 23, 49, 22, 35, 42, 11, 50, 29, 25, 12, 44, 45, 19, 46, 10, 36, 8, 3, 1, 37, 64, 34, 56, 32, 52, 24, 51, 30, 31, 54, 17, 16, 18, 61, 28, 26, 48, 20, 21, 47, 5, 6, 57, 55, 33, 38, 2, 4, 58, 39, 7, 40, 41, 43, 9, 60, 13, 14, 15, 0, 27];3270.0
8166.0;[0, 28, 50, 54, 29, 55, 33, 4, 36, 8, 1, 64, 38, 34, 56, 32, 21, 48, 49, 22, 59, 12, 43, 9, 44, 11, 10, 60, 15, 37, 3, 14, 47, 7, 27, 26, 19, 46, 40, 41, 6, 39, 5, 24, 25, 63, 53, 30, 31, 62, 52, 51, 23, 35, 20, 45, 42, 13, 16, 18, 17, 61, 57, 58, 2];3249.0
8256.0;[63, 29, 55, 33, 56, 38, 3, 0, 10, 36, 6, 58, 4, 2, 18, 17, 16, 15, 60, 13, 46, 45, 11, 20, 59, 25, 32, 50, 64, 34, 57, 30, 53, 54, 61, 28, 1, 37, 26, 22, 23, 24, 51, 62, 52, 31, 14, 47, 39, 5, 7, 27, 21, 35, 19, 12, 44, 42, 43, 9, 8, 40, 41, 48, 49];3121.0
9200.0;[60, 61, 28, 50, 56, 64, 38, 34, 57, 55, 53, 31, 62, 52, 32, 1, 37, 54, 0, 15, 13, 14, 47, 6, 58, 24, 51, 30, 33, 2, 3, 18, 17, 16, 36, 8, 40, 41, 9, 42, 43, 44, 12, 35, 48, 49, 23, 20, 19, 46, 45, 11, 27, 26, 21, 22, 59, 63, 29, 25, 4, 39, 5, 7, 10];2766.0
8781.0;[7, 42, 21, 48, 59, 25, 56, 38, 2, 8, 40, 41, 44, 11, 12, 43, 9, 10, 15, 0, 26, 19, 46, 45, 36, 6, 58, 4, 5, 60, 14, 47, 13, 16, 17, 18, 61, 28, 50, 1, 37, 3, 27, 35, 20, 22, 63, 29, 51, 24, 23, 49, 32, 54, 64, 34, 57, 53, 62, 52, 30, 31, 55, 33, 39];3022.0
8951.0;[51, 43, 9, 42, 22, 23, 48, 49, 59, 26, 47, 5, 6, 58, 57, 2, 0, 54, 27, 19, 46, 15, 61, 28, 50, 34, 64, 38, 4, 39, 10, 60, 36, 8, 7, 13, 17, 16, 18, 1, 37, 3, 14, 40, 41, 44, 45, 11, 12, 35, 20, 21, 24, 30, 53, 31, 55, 33, 56, 32, 25, 63, 29, 62, 52];3084.0
8586.0;[32, 28, 61, 50, 51, 24, 35, 20, 10, 37, 64, 57, 34, 56, 19, 45, 42, 43, 47, 6, 58, 22, 23, 59, 29, 18, 16, 17, 27, 26, 52, 30, 53, 54, 1, 2, 3, 14, 13, 46, 12, 44, 60, 15, 0, 55, 31, 62, 33, 38, 4, 39, 5, 7, 36, 40, 8, 41, 9, 11, 48, 21, 49, 25, 63];3359.0
8371.0;[42, 0, 48, 21, 10, 16, 18, 61, 1, 37, 57, 58, 4, 39, 6, 38, 2, 3, 17, 13, 46, 45, 12, 44, 11, 20, 49, 30, 53, 31, 54, 27, 26, 60, 15, 28, 50, 29, 55, 33, 56, 64, 34, 32, 22, 59, 25, 63, 52, 62, 51, 24, 23, 35, 19, 43, 9, 14, 47, 5, 7, 36, 8, 40, 41];2903.0
8721.0;[42, 44, 49, 59, 63, 54, 61, 0, 15, 16, 18, 17, 13, 14, 47, 40, 41, 9, 10, 1, 37, 3, 28, 50, 29, 31, 55, 57, 58, 34, 56, 32, 19, 20, 46, 11, 45, 12, 43, 60, 64, 2, 4, 62, 52, 30, 53, 33, 38, 39, 6, 5, 27, 22, 23, 35, 21, 48, 24, 51, 25, 26, 36, 8, 7];3272.0
9530.0;[24, 43, 9, 0, 52, 51, 30, 28, 27, 21, 48, 19, 10, 60, 13, 15, 50, 29, 25, 63, 32, 54, 16, 17, 18, 1, 37, 38, 2, 4, 39, 36, 8, 40, 41, 7, 57, 31, 55, 33, 56, 64, 3, 61, 26, 22, 59, 23, 49, 35, 20, 46, 42, 11, 45, 12, 44, 14, 47, 5, 6, 58, 34, 53, 62];2978.0
8794.0;[12, 59, 63, 54, 64, 34, 57, 58, 56, 38, 42, 11, 55, 33, 3, 50, 61, 0, 15, 43, 44, 10, 29, 52, 30, 53, 32, 28, 18, 17, 16, 1, 37, 2, 4, 40, 41, 9, 60, 13, 46, 45, 7, 36, 8, 14, 47, 39, 5, 6, 31, 62, 51, 24, 27, 26, 21, 48, 49, 25, 22, 23, 35, 20, 19];3093.0
9048.0;[39, 60, 10, 13, 16, 64, 38, 14, 47, 5, 6, 1, 37, 2, 3, 28, 27, 21, 20, 46, 45, 11, 15, 0, 61, 50, 52, 51, 24, 63, 29, 34, 57, 58, 53, 31, 62, 30, 33, 56, 32, 54, 18, 17, 26, 22, 59, 25, 19, 36, 8, 7, 40, 41, 9, 42, 43, 44, 12, 35, 48, 23, 49, 55, 4];2957.0
9224.0;[2, 60, 13, 16, 17, 18, 0, 15, 61, 50, 54, 64, 34, 57, 58, 4, 56, 26, 59, 25, 63, 32, 28, 1, 3, 37, 39, 36, 41, 44, 12, 9, 42, 43, 14, 47, 6, 5, 8, 40, 7, 10, 27, 48, 21, 35, 20, 19, 46, 11, 45, 22, 23, 49, 29, 55, 53, 31, 62, 52, 51, 24, 30, 33, 38];2824.0
8646.0;[16, 17, 18, 29, 30, 31, 25, 22, 23, 24, 51, 33, 56, 64, 3, 27, 59, 26, 21, 19, 46, 60, 13, 45, 12, 35, 20, 48, 49, 63, 54, 50, 28, 61, 15, 0, 1, 37, 38, 2, 4, 39, 5, 7, 14, 47, 6, 58, 34, 57, 62, 52, 53, 55, 32, 10, 36, 40, 8, 9, 42, 43, 41, 44, 11];2872.0
2564.0;[53, 54, 27, 63, 55, 33, 64, 38, 3, 28, 50, 29, 31, 62, 52, 25, 22, 23, 48, 21, 46, 10, 15, 61, 0, 18, 17, 16, 13, 42, 11, 45, 60, 1, 37, 2, 4, 39, 7, 40, 41, 9, 36, 8, 14, 47, 5, 6, 57, 58, 34, 56, 32, 26, 19, 43, 44, 12, 35, 20, 49, 59, 24, 51, 30]
