ft70
69936.0;[29, 24, 4, 23, 50, 18, 31, 30, 0, 1, 53, 52, 46, 43, 49, 14, 47, 33, 34, 32, 12, 3, 28, 56, 55, 51, 69, 67, 58, 27, 22, 21, 26, 13, 11, 8, 6, 16, 19, 61, 54, 59, 10, 9, 7, 20, 17, 25, 35, 38, 39, 37, 60, 2, 15, 5, 45, 36, 42, 41, 40, 62, 57, 44, 65, 68, 66, 63, 64, 48];45519.0
72321.0;[60, 10, 14, 6, 34, 31, 50, 18, 47, 33, 32, 29, 28, 54, 20, 17, 22, 21, 26, 30, 37, 69, 67, 35, 13, 8, 16, 19, 55, 51, 52, 25, 24, 4, 15, 12, 9, 7, 38, 39, 41, 40, 36, 42, 65, 68, 66, 63, 64, 48, 23, 61, 57, 44, 49, 43, 46, 45, 62, 58, 2, 1, 0, 56, 53, 3, 11, 5, 27, 59];44500.0
72090.0;[52, 56, 36, 42, 41, 40, 58, 27, 22, 21, 24, 50, 18, 19, 55, 53, 25, 2, 28, 51, 46, 45, 35, 39, 37, 38, 69, 48, 43, 34, 32, 30, 29, 13, 12, 14, 10, 9, 49, 47, 33, 31, 62, 61, 54, 20, 17, 60, 59, 57, 44, 68, 65, 67, 63, 66, 64, 0, 1, 26, 6, 16, 15, 4, 23, 5, 11, 8, 7, 3];44154.0
75231.0;[63, 43, 29, 23, 5, 3, 55, 51, 50, 22, 25, 24, 56, 53, 11, 8, 20, 17, 16, 44, 48, 49, 47, 33, 34, 32, 12, 10, 14, 6, 0, 1, 18, 19, 30, 36, 42, 41, 40, 39, 37, 60, 59, 15, 2, 4, 31, 13, 9, 7, 46, 45, 62, 61, 58, 57, 27, 54, 52, 28, 21, 26, 35, 38, 65, 68, 66, 64, 69, 67];42833.0
71170.0;[41, 21, 26, 33, 31, 30, 14, 9, 28, 15, 4, 2, 45, 61, 58, 56, 53, 38, 13, 12, 10, 8, 20, 39, 40, 36, 51, 50, 18, 62, 44, 49, 29, 24, 6, 16, 19, 47, 5, 1, 0, 17, 55, 54, 59, 60, 34, 32, 27, 23, 52, 37, 67, 65, 68, 69, 66, 63, 64, 48, 46, 43, 11, 7, 3, 57, 22, 25, 35, 42];45214.0
72372.0;[7, 60, 61, 59, 57, 23, 51, 50, 18, 16, 15, 19, 25, 3, 6, 20, 17, 5, 4, 22, 21, 26, 46, 45, 62, 58, 56, 53, 54, 52, 37, 65, 68, 34, 32, 1, 0, 27, 24, 29, 12, 10, 14, 2, 28, 55, 44, 49, 47, 33, 31, 30, 39, 41, 40, 36, 42, 63, 66, 64, 69, 67, 48, 43, 11, 8, 35, 38, 13, 9];44479.0
72217.0;[41, 24, 28, 26, 13, 12, 14, 5, 3, 60, 44, 48, 49, 43, 29, 54, 52, 25, 4, 23, 30, 40, 32, 58, 21, 27, 22, 56, 33, 31, 50, 17, 16, 15, 6, 0, 2, 1, 34, 61, 59, 10, 9, 11, 8, 7, 46, 45, 62, 57, 51, 20, 18, 19, 47, 55, 53, 35, 38, 69, 67, 68, 65, 66, 63, 64, 39, 37, 36, 42];43675.0
69894.0;[43, 49, 47, 33, 31, 27, 24, 56, 53, 25, 11, 8, 20, 17, 60, 59, 57, 0, 1, 6, 16, 15, 5, 4, 22, 7, 3, 38, 65, 68, 58, 44, 48, 29, 54, 52, 37, 40, 36, 69, 67, 63, 64, 66, 21, 26, 55, 2, 28, 35, 39, 42, 41, 23, 30, 34, 32, 12, 10, 9, 13, 14, 50, 62, 61, 18, 19, 51, 46, 45];45263.0
70585.0;[43, 28, 54, 59, 57, 51, 46, 67, 63, 65, 68, 19, 30, 39, 41, 37, 35, 42, 40, 36, 5, 4, 2, 23, 31, 58, 56, 50, 33, 32, 27, 15, 7, 34, 1, 0, 45, 29, 14, 13, 12, 10, 9, 11, 8, 20, 17, 22, 25, 24, 3, 60, 44, 49, 47, 55, 16, 18, 62, 61, 53, 52, 21, 26, 6, 38, 69, 66, 64, 48];45086.0
72160.0;[59, 10, 8, 60, 64, 48, 6, 0, 1, 69, 67, 35, 38, 13, 12, 11, 43, 49, 14, 9, 19, 47, 33, 34, 32, 29, 27, 24, 56, 55, 53, 52, 50, 17, 22, 21, 3, 5, 4, 31, 30, 25, 20, 18, 16, 15, 2, 23, 26, 39, 37, 68, 65, 66, 63, 36, 42, 41, 40, 58, 57, 44, 51, 46, 45, 62, 61, 7, 28, 54];45171.0
72861.0;[8, 7, 34, 32, 29, 46, 45, 61, 18, 19, 22, 0, 1, 3, 11, 38, 35, 13, 12, 9, 5, 62, 58, 30, 39, 42, 41, 36, 40, 23, 2, 28, 54, 52, 56, 33, 31, 51, 50, 17, 16, 15, 27, 21, 26, 60, 59, 10, 14, 20, 57, 44, 43, 49, 47, 55, 53, 25, 24, 6, 4, 37, 65, 68, 63, 66, 64, 69, 67, 48];44742.0
71255.0;[10, 20, 17, 5, 6, 60, 61, 54, 52, 50, 38, 36, 51, 19, 57, 23, 15, 2, 1, 0, 55, 29, 27, 21, 24, 33, 31, 30, 42, 41, 40, 62, 58, 56, 53, 3, 28, 26, 9, 7, 18, 16, 11, 13, 59, 4, 22, 25, 35, 39, 37, 69, 68, 67, 65, 66, 64, 63, 48, 43, 49, 14, 8, 46, 45, 34, 32, 44, 47, 12];44584.0
74558.0;[53, 27, 24, 56, 50, 22, 25, 3, 5, 2, 23, 12, 9, 7, 28, 54, 52, 13, 8, 11, 38, 35, 39, 37, 57, 44, 46, 45, 61, 62, 58, 48, 16, 19, 18, 33, 34, 32, 14, 20, 17, 15, 4, 21, 26, 6, 60, 59, 10, 0, 1, 31, 30, 29, 65, 66, 64, 68, 69, 67, 63, 43, 49, 47, 42, 41, 40, 36, 55, 51];44453.0
72469.0;[18, 19, 51, 15, 23, 3, 8, 11, 10, 12, 9, 5, 4, 31, 30, 29, 54, 52, 53, 20, 24, 56, 55, 50, 17, 47, 33, 34, 32, 0, 1, 27, 22, 25, 65, 68, 66, 7, 13, 14, 6, 60, 59, 2, 28, 21, 26, 46, 45, 58, 57, 44, 49, 43, 62, 61, 40, 36, 42, 35, 38, 39, 41, 37, 69, 67, 63, 64, 48, 16];44367.0
70551.0;[59, 10, 16, 19, 47, 62, 58, 26, 13, 12, 11, 2, 4, 22, 21, 24, 6, 60, 44, 49, 35, 68, 65, 66, 28, 54, 52, 25, 30, 34, 32, 27, 53, 38, 39, 37, 69, 67, 63, 64, 40, 36, 42, 41, 0, 1, 23, 61, 57, 56, 33, 5, 3, 50, 17, 55, 51, 46, 45, 48, 43, 29, 9, 8, 20, 18, 31, 15, 7, 14];44731.0
72926.0;[53, 3, 2, 23, 15, 4, 35, 41, 42, 40, 0, 1, 63, 64, 69, 68, 13, 14, 60, 59, 10, 9, 8, 12, 11, 7, 28, 56, 33, 32, 44, 49, 67, 65, 66, 36, 39, 37, 38, 5, 46, 45, 58, 57, 48, 43, 34, 21, 26, 55, 51, 20, 18, 30, 29, 27, 24, 6, 17, 22, 25, 31, 62, 61, 54, 52, 50, 16, 19, 47];45572.0
74766.0;[5, 6, 38, 35, 42, 40, 36, 13, 1, 0, 15, 27, 22, 25, 28, 54, 34, 32, 12, 20, 18, 31, 30, 29, 50, 17, 16, 19, 41, 69, 67, 63, 64, 39, 37, 58, 2, 4, 23, 62, 61, 57, 68, 66, 65, 11, 8, 60, 59, 14, 10, 9, 7, 3, 24, 56, 55, 51, 46, 45, 44, 48, 43, 49, 47, 53, 52, 21, 26, 33];44904.0
69136.0;[66, 29, 23, 55, 17, 22, 21, 24, 3, 46, 62, 58, 57, 44, 48, 43, 34, 61, 53, 26, 56, 33, 15, 27, 25, 7, 14, 4, 2, 28, 54, 51, 50, 52, 0, 1, 5, 6, 16, 19, 47, 49, 20, 18, 31, 30, 36, 42, 41, 40, 45, 68, 65, 38, 39, 37, 35, 13, 12, 10, 9, 11, 8, 60, 59, 32, 69, 67, 63, 64];45203.0
71851.0;[4, 25, 35, 42, 20, 18, 31, 32, 27, 26, 6, 59, 62, 61, 57, 23, 55, 50, 17, 15, 47, 33, 29, 13, 8, 7, 3, 38, 39, 44, 43, 49, 14, 60, 34, 1, 0, 56, 12, 10, 9, 5, 37, 69, 67, 63, 66, 19, 46, 45, 58, 68, 65, 64, 48, 16, 11, 2, 28, 54, 52, 51, 22, 21, 24, 30, 41, 36, 40, 53];46047.0
74160.0;[14, 9, 66, 19, 57, 4, 25, 3, 60, 34, 59, 44, 46, 45, 62, 61, 58, 56, 55, 29, 23, 31, 30, 37, 69, 64, 36, 11, 13, 21, 24, 6, 0, 1, 20, 17, 5, 27, 22, 26, 52, 51, 50, 16, 15, 7, 18, 47, 33, 32, 12, 10, 8, 2, 28, 54, 53, 38, 35, 42, 41, 40, 39, 65, 68, 67, 63, 48, 43, 49];44886.0
74324.0;[40, 14, 2, 4, 15, 11, 5, 53, 33, 34, 32, 27, 22, 21, 54, 52, 55, 51, 18, 31, 30, 37, 69, 65, 68, 36, 42, 38, 35, 13, 8, 0, 1, 6, 16, 19, 58, 28, 26, 46, 45, 44, 67, 63, 41, 24, 56, 50, 20, 17, 25, 7, 3, 60, 59, 62, 61, 57, 23, 29, 12, 10, 9, 66, 64, 48, 43, 49, 47, 39];45231.0
71861.0;[62, 57, 38, 36, 0, 1, 60, 61, 58, 2, 4, 26, 52, 28, 54, 59, 34, 23, 29, 12, 10, 14, 44, 48, 43, 3, 5, 6, 16, 15, 11, 9, 7, 42, 40, 39, 41, 50, 18, 19, 55, 51, 46, 45, 49, 35, 69, 68, 66, 64, 47, 33, 32, 27, 21, 24, 56, 53, 20, 17, 22, 25, 13, 8, 30, 37, 67, 63, 65, 31];45306.0
69199.0;[65, 38, 13, 34, 31, 62, 57, 56, 33, 32, 29, 68, 66, 63, 64, 43, 49, 14, 8, 7, 22, 25, 24, 28, 30, 46, 45, 61, 44, 48, 16, 19, 55, 54, 52, 0, 1, 23, 15, 6, 51, 50, 17, 20, 18, 47, 5, 2, 4, 53, 35, 36, 42, 41, 40, 58, 27, 21, 26, 9, 11, 12, 3, 60, 59, 10, 39, 37, 69, 67];45385.0
68616.0;[17, 23, 61, 44, 26, 6, 15, 27, 24, 4, 22, 46, 48, 16, 47, 55, 51, 18, 19, 25, 13, 11, 43, 49, 14, 10, 12, 63, 64, 21, 33, 31, 9, 5, 53, 20, 39, 36, 37, 69, 67, 65, 68, 66, 8, 7, 3, 30, 34, 32, 29, 58, 57, 38, 35, 42, 41, 40, 45, 62, 59, 60, 2, 0, 1, 28, 54, 52, 56, 50];46312.0
72139.0;[38, 55, 54, 57, 8, 4, 2, 1, 0, 21, 65, 66, 29, 61, 36, 39, 37, 60, 18, 31, 51, 50, 20, 17, 19, 47, 53, 52, 13, 12, 10, 9, 11, 7, 3, 28, 26, 24, 30, 42, 41, 40, 56, 33, 34, 32, 44, 49, 14, 5, 59, 62, 58, 27, 22, 46, 45, 68, 69, 67, 63, 64, 48, 43, 6, 16, 15, 23, 25, 35];45777.0
67055.0;[24, 41, 40, 25, 12, 14, 47, 55, 2, 4, 26, 6, 16, 29, 67, 63, 64, 38, 11, 5, 1, 0, 56, 53, 3, 60, 34, 32, 69, 66, 65, 68, 58, 27, 13, 8, 7, 28, 15, 23, 52, 51, 46, 45, 62, 61, 59, 10, 9, 54, 20, 18, 19, 57, 44, 48, 43, 49, 35, 39, 37, 36, 42, 33, 31, 30, 50, 17, 22, 21];44960.0
72401.0;[35, 69, 67, 56, 55, 13, 8, 11, 3, 60, 44, 27, 22, 25, 34, 32, 29, 14, 5, 53, 38, 39, 37, 68, 66, 65, 63, 64, 48, 43, 49, 47, 54, 57, 23, 31, 62, 61, 16, 15, 4, 2, 28, 52, 46, 45, 58, 21, 26, 6, 20, 17, 51, 50, 18, 19, 0, 1, 40, 36, 42, 41, 24, 59, 10, 12, 9, 7, 33, 30];44485.0
73935.0;[5, 6, 60, 2, 4, 31, 30, 46, 43, 34, 0, 1, 18, 16, 19, 47, 49, 14, 13, 8, 20, 17, 15, 7, 3, 26, 33, 29, 27, 22, 25, 58, 57, 44, 68, 66, 32, 12, 28, 45, 62, 61, 59, 10, 9, 11, 35, 38, 39, 40, 36, 42, 41, 23, 21, 24, 56, 54, 52, 51, 50, 55, 53, 37, 69, 65, 67, 63, 64, 48];44376.0
72678.0;[36, 13, 3, 27, 6, 16, 18, 19, 57, 55, 61, 58, 62, 14, 12, 10, 9, 11, 8, 7, 2, 0, 1, 60, 59, 34, 32, 29, 23, 15, 46, 45, 44, 49, 47, 54, 52, 22, 25, 35, 38, 39, 37, 65, 69, 68, 66, 63, 64, 48, 43, 67, 40, 21, 26, 20, 17, 5, 4, 28, 51, 50, 24, 56, 53, 33, 31, 30, 42, 41];44894.0
69872.0;[42, 24, 56, 50, 63, 64, 21, 26, 53, 5, 6, 28, 30, 29, 27, 22, 23, 55, 51, 38, 35, 3, 20, 17, 2, 1, 0, 4, 54, 52, 11, 43, 49, 47, 33, 31, 62, 61, 44, 48, 16, 19, 25, 13, 8, 34, 32, 41, 40, 39, 37, 60, 59, 57, 58, 12, 14, 10, 9, 7, 18, 15, 46, 45, 68, 66, 69, 67, 65, 36];45007.0
69687.0;[61, 59, 4, 31, 30, 16, 47, 62, 58, 57, 23, 15, 2, 1, 0, 33, 51, 50, 17, 8, 12, 10, 63, 39, 37, 36, 28, 54, 52, 55, 20, 18, 19, 22, 25, 24, 56, 53, 3, 27, 21, 26, 6, 60, 44, 34, 32, 29, 69, 68, 67, 65, 66, 64, 48, 43, 9, 11, 7, 46, 45, 49, 35, 42, 41, 40, 38, 13, 14, 5];44337.0
73330.0;[55, 25, 5, 46, 45, 29, 24, 33, 62, 61, 0, 1, 47, 34, 32, 36, 42, 28, 54, 52, 56, 50, 17, 13, 12, 14, 6, 16, 15, 4, 2, 23, 37, 69, 67, 65, 68, 66, 63, 64, 48, 43, 11, 8, 49, 35, 39, 41, 40, 38, 3, 18, 19, 51, 53, 20, 31, 30, 10, 9, 7, 60, 59, 58, 57, 44, 27, 22, 21, 26];44543.0
72600.0;[66, 53, 55, 50, 16, 54, 52, 51, 46, 45, 49, 32, 40, 39, 37, 60, 34, 5, 4, 22, 25, 13, 8, 11, 3, 38, 69, 65, 67, 63, 48, 43, 29, 28, 21, 24, 56, 12, 10, 9, 7, 20, 17, 57, 44, 27, 14, 6, 0, 1, 18, 19, 47, 33, 62, 61, 59, 58, 15, 2, 23, 31, 30, 26, 35, 42, 41, 36, 64, 68];45072.0
70806.0;[44, 65, 68, 67, 48, 43, 6, 16, 19, 2, 4, 23, 56, 53, 38, 69, 66, 63, 64, 47, 34, 32, 12, 11, 8, 27, 24, 33, 29, 21, 26, 28, 15, 7, 3, 18, 20, 17, 55, 54, 52, 51, 50, 22, 25, 13, 14, 10, 9, 5, 1, 0, 45, 49, 35, 41, 36, 42, 40, 39, 37, 60, 59, 58, 31, 30, 46, 62, 61, 57];43631.0
70584.0;[49, 14, 21, 24, 28, 5, 6, 38, 39, 37, 60, 31, 58, 56, 33, 34, 32, 30, 29, 23, 55, 51, 50, 62, 61, 57, 44, 27, 22, 53, 52, 25, 13, 9, 7, 3, 46, 43, 64, 69, 65, 68, 67, 63, 66, 12, 11, 8, 2, 4, 54, 59, 10, 26, 18, 19, 47, 20, 17, 16, 15, 0, 1, 45, 35, 41, 36, 42, 40, 48];45093.0
75130.0;[60, 48, 16, 2, 28, 26, 6, 15, 53, 38, 36, 42, 20, 18, 19, 47, 29, 65, 66, 64, 40, 45, 43, 62, 61, 59, 10, 9, 13, 8, 4, 22, 21, 24, 56, 12, 14, 17, 5, 11, 7, 34, 32, 0, 1, 54, 52, 25, 3, 57, 27, 23, 55, 51, 50, 33, 31, 30, 46, 58, 44, 49, 35, 41, 68, 69, 67, 63, 39, 37];45941.0
75070.0;[37, 60, 59, 4, 23, 51, 50, 17, 16, 2, 0, 1, 66, 65, 68, 19, 55, 30, 15, 33, 31, 58, 62, 61, 57, 44, 48, 43, 34, 32, 12, 3, 5, 46, 45, 49, 8, 11, 9, 7, 39, 42, 41, 40, 20, 18, 47, 29, 24, 56, 53, 27, 22, 21, 26, 6, 28, 54, 52, 25, 13, 10, 14, 38, 35, 36, 69, 67, 63, 64];44230.0
72123.0;[31, 19, 51, 50, 63, 64, 66, 65, 68, 69, 67, 36, 38, 39, 42, 41, 40, 45, 12, 9, 11, 28, 15, 23, 62, 58, 13, 8, 7, 34, 32, 29, 21, 24, 56, 53, 6, 0, 1, 60, 59, 61, 57, 27, 22, 25, 3, 20, 17, 54, 52, 55, 30, 37, 35, 14, 44, 46, 48, 43, 49, 10, 16, 18, 47, 5, 4, 26, 2, 33];45369.0
72271.0;[48, 43, 6, 19, 57, 44, 59, 10, 12, 14, 2, 38, 39, 40, 62, 58, 13, 8, 7, 20, 17, 29, 24, 27, 22, 25, 3, 60, 42, 41, 50, 18, 47, 33, 31, 30, 34, 32, 0, 1, 5, 4, 23, 55, 61, 9, 11, 16, 15, 56, 54, 52, 21, 26, 28, 35, 36, 37, 67, 69, 65, 68, 64, 63, 66, 53, 51, 46, 45, 49];45189.0
74097.0;[15, 5, 11, 3, 38, 35, 42, 24, 6, 60, 61, 57, 43, 64, 21, 26, 20, 17, 4, 22, 56, 33, 51, 50, 16, 19, 18, 25, 13, 46, 45, 34, 32, 29, 27, 23, 62, 58, 28, 30, 44, 48, 49, 47, 55, 53, 52, 54, 59, 10, 12, 14, 9, 8, 7, 2, 0, 1, 31, 41, 40, 39, 37, 69, 68, 67, 63, 65, 66, 36];45199.0
69727.0;[23, 46, 45, 56, 50, 18, 16, 15, 43, 49, 35, 63, 36, 42, 53, 26, 33, 32, 44, 47, 5, 6, 19, 25, 24, 29, 9, 7, 28, 54, 52, 4, 2, 1, 0, 38, 39, 37, 69, 67, 65, 68, 66, 64, 48, 3, 60, 34, 59, 10, 14, 13, 12, 11, 8, 62, 61, 58, 57, 31, 30, 41, 40, 55, 51, 20, 17, 22, 21, 27];44944.0
69733.0;[68, 66, 36, 40, 45, 49, 8, 20, 39, 37, 57, 44, 48, 0, 1, 5, 4, 29, 12, 10, 9, 28, 51, 46, 43, 6, 60, 61, 59, 33, 34, 32, 27, 24, 18, 16, 15, 2, 22, 25, 35, 42, 41, 23, 3, 31, 62, 58, 56, 53, 11, 13, 19, 47, 50, 17, 54, 52, 21, 26, 55, 30, 7, 14, 38, 65, 69, 67, 63, 64];45968.0
70462.0;[36, 60, 59, 57, 23, 26, 13, 8, 12, 9, 38, 39, 37, 69, 66, 64, 48, 16, 33, 32, 29, 55, 51, 50, 18, 19, 47, 20, 17, 24, 56, 53, 22, 25, 11, 7, 3, 27, 31, 30, 15, 10, 14, 6, 28, 58, 2, 1, 0, 4, 54, 52, 21, 62, 61, 44, 49, 35, 42, 41, 40, 34, 5, 46, 45, 43, 65, 68, 67, 63];44418.0
71038.0;[32, 44, 29, 27, 24, 30, 50, 20, 17, 22, 21, 54, 52, 3, 60, 58, 26, 13, 12, 6, 28, 15, 11, 8, 7, 4, 2, 56, 53, 23, 31, 38, 35, 42, 41, 36, 37, 68, 69, 67, 63, 66, 65, 39, 40, 0, 1, 59, 10, 9, 64, 47, 33, 62, 61, 57, 55, 51, 18, 16, 19, 25, 14, 5, 46, 45, 48, 43, 49, 34];45550.0
70927.0;[43, 22, 21, 33, 34, 32, 41, 40, 31, 30, 36, 39, 37, 14, 11, 8, 20, 18, 17, 16, 19, 51, 53, 25, 24, 56, 55, 50, 62, 58, 26, 13, 46, 45, 61, 54, 52, 57, 44, 49, 47, 0, 1, 29, 12, 10, 9, 7, 3, 60, 59, 28, 15, 27, 23, 5, 6, 2, 4, 38, 35, 42, 69, 65, 66, 64, 68, 67, 63, 48];43918.0
70613.0;[66, 42, 69, 2, 23, 30, 37, 38, 3, 28, 54, 52, 5, 6, 20, 17, 19, 55, 51, 61, 9, 8, 7, 4, 31, 62, 58, 27, 24, 56, 50, 18, 15, 46, 45, 49, 47, 33, 35, 36, 39, 41, 40, 0, 1, 60, 22, 21, 26, 13, 12, 10, 14, 59, 57, 44, 48, 16, 53, 25, 34, 32, 29, 11, 43, 65, 67, 63, 64, 68];45185.0
71736.0;[34, 32, 30, 29, 14, 11, 5, 53, 2, 4, 23, 12, 10, 9, 7, 62, 61, 58, 28, 15, 27, 22, 25, 13, 8, 20, 17, 55, 51, 33, 31, 36, 39, 42, 41, 40, 38, 3, 0, 1, 26, 6, 60, 63, 66, 64, 21, 24, 56, 50, 18, 19, 47, 48, 16, 52, 54, 59, 57, 44, 43, 49, 35, 37, 69, 67, 68, 65, 46, 45];44171.0
71825.0;[48, 43, 59, 18, 5, 4, 35, 39, 37, 10, 9, 22, 21, 27, 26, 55, 25, 20, 17, 16, 19, 51, 50, 52, 13, 14, 60, 61, 36, 42, 41, 40, 38, 11, 3, 28, 34, 32, 62, 58, 24, 6, 0, 1, 56, 53, 2, 23, 15, 47, 33, 31, 30, 29, 12, 8, 7, 54, 57, 44, 68, 66, 65, 67, 63, 64, 69, 46, 45, 49];45129.0
70230.0;[29, 55, 53, 33, 31, 30, 41, 40, 32, 27, 51, 50, 18, 19, 16, 15, 11, 10, 9, 7, 3, 2, 4, 23, 56, 12, 14, 20, 47, 5, 6, 17, 42, 24, 28, 54, 52, 38, 39, 37, 69, 67, 63, 65, 68, 66, 64, 21, 26, 58, 22, 25, 13, 8, 46, 45, 49, 35, 36, 0, 1, 60, 59, 62, 61, 57, 44, 48, 43, 34];43585.0
73186.0;[58, 24, 56, 32, 27, 23, 52, 55, 51, 53, 2, 28, 21, 26, 50, 33, 29, 54, 59, 60, 61, 57, 44, 43, 34, 31, 30, 7, 3, 5, 4, 22, 25, 13, 6, 38, 35, 41, 40, 36, 39, 42, 20, 18, 19, 47, 48, 17, 16, 15, 1, 0, 37, 68, 65, 67, 63, 66, 64, 69, 49, 14, 12, 10, 9, 11, 8, 46, 45, 62];44123.0
72328.0;[15, 5, 6, 24, 65, 68, 58, 2, 8, 7, 3, 30, 39, 40, 50, 52, 54, 44, 48, 49, 29, 61, 53, 25, 35, 37, 60, 59, 18, 19, 47, 34, 1, 0, 4, 28, 21, 26, 33, 31, 32, 27, 23, 55, 51, 20, 17, 22, 14, 10, 9, 12, 11, 43, 69, 67, 63, 66, 64, 42, 41, 36, 38, 13, 46, 45, 62, 57, 56, 16];46156.0
71859.0;[9, 18, 30, 36, 39, 37, 69, 67, 65, 63, 1, 0, 31, 41, 40, 42, 23, 26, 25, 11, 8, 14, 12, 28, 55, 53, 3, 60, 58, 56, 33, 51, 50, 16, 19, 47, 62, 61, 57, 44, 35, 38, 13, 7, 27, 24, 6, 2, 4, 54, 52, 20, 17, 22, 15, 46, 45, 49, 68, 66, 64, 48, 43, 34, 32, 29, 21, 5, 59, 10];45184.0
75168.0;[39, 40, 67, 63, 0, 1, 5, 9, 13, 12, 10, 8, 14, 7, 6, 16, 15, 28, 54, 59, 57, 56, 33, 29, 55, 20, 18, 19, 30, 35, 38, 37, 69, 65, 36, 42, 41, 31, 62, 61, 53, 51, 50, 17, 24, 27, 22, 25, 11, 43, 49, 47, 52, 21, 26, 46, 45, 2, 4, 23, 3, 60, 44, 48, 34, 32, 58, 68, 66, 64];45791.0
75756.0;[56, 53, 2, 4, 23, 26, 31, 30, 46, 43, 49, 14, 5, 27, 22, 21, 24, 45, 62, 61, 59, 10, 9, 7, 28, 35, 36, 42, 41, 40, 38, 13, 6, 0, 1, 19, 55, 54, 52, 51, 50, 17, 25, 3, 60, 58, 57, 44, 48, 16, 15, 11, 8, 12, 20, 18, 47, 33, 34, 32, 29, 39, 37, 69, 67, 63, 65, 68, 66, 64];42718.0
73475.0;[1, 18, 30, 25, 23, 26, 24, 33, 31, 15, 4, 2, 56, 50, 53, 38, 35, 13, 8, 34, 32, 27, 22, 21, 51, 46, 45, 49, 5, 3, 60, 59, 57, 44, 48, 43, 29, 12, 10, 14, 9, 11, 7, 20, 17, 16, 19, 47, 39, 37, 69, 65, 67, 63, 66, 64, 68, 36, 42, 41, 40, 62, 61, 58, 6, 28, 54, 52, 55, 0];42350.0
70869.0;[12, 10, 4, 30, 51, 50, 8, 7, 38, 36, 35, 42, 53, 21, 26, 33, 32, 27, 45, 62, 61, 20, 17, 22, 25, 24, 59, 58, 56, 54, 52, 37, 65, 68, 67, 63, 66, 43, 29, 55, 69, 64, 39, 41, 40, 23, 15, 47, 5, 6, 0, 1, 60, 34, 31, 46, 48, 16, 3, 18, 19, 57, 44, 49, 14, 2, 28, 11, 9, 13];46599.0
75641.0;[5, 3, 6, 2, 4, 15, 11, 49, 47, 46, 45, 68, 65, 16, 19, 44, 48, 43, 31, 30, 34, 32, 27, 22, 21, 26, 24, 33, 51, 56, 53, 38, 39, 40, 20, 18, 62, 61, 58, 13, 8, 7, 28, 54, 52, 50, 17, 25, 35, 42, 41, 23, 55, 29, 12, 10, 14, 9, 0, 1, 60, 59, 57, 69, 67, 63, 66, 64, 36, 37];44812.0
74254.0;[5, 1, 0, 17, 16, 15, 46, 45, 60, 34, 32, 27, 59, 57, 38, 35, 42, 40, 44, 49, 14, 10, 8, 23, 31, 58, 22, 21, 26, 6, 18, 19, 47, 55, 51, 50, 20, 24, 33, 29, 25, 4, 2, 28, 54, 52, 56, 9, 7, 13, 12, 11, 3, 30, 41, 36, 39, 37, 69, 67, 68, 65, 66, 64, 63, 48, 43, 62, 61, 53];43612.0
71773.0;[46, 45, 3, 4, 22, 21, 65, 67, 69, 47, 33, 5, 6, 44, 34, 31, 58, 23, 12, 10, 41, 36, 39, 42, 40, 32, 27, 26, 55, 30, 37, 68, 66, 63, 64, 48, 43, 49, 35, 38, 0, 1, 29, 14, 9, 11, 8, 7, 13, 60, 59, 62, 61, 57, 56, 50, 18, 19, 53, 20, 17, 16, 15, 2, 28, 54, 52, 25, 24, 51];45015.0
69829.0;[35, 38, 39, 40, 10, 9, 11, 5, 59, 62, 61, 57, 58, 13, 12, 14, 49, 47, 50, 53, 3, 60, 44, 48, 46, 45, 43, 55, 51, 20, 17, 16, 15, 7, 27, 22, 25, 28, 54, 52, 18, 24, 34, 32, 29, 65, 68, 67, 63, 66, 19, 8, 23, 56, 33, 31, 30, 36, 42, 41, 37, 69, 64, 21, 26, 6, 0, 1, 2, 4];44519.0
72172.0;[64, 47, 53, 3, 20, 17, 12, 14, 10, 9, 11, 36, 69, 67, 48, 43, 27, 26, 31, 30, 15, 56, 33, 29, 23, 55, 51, 46, 45, 61, 18, 16, 19, 35, 42, 40, 39, 41, 37, 60, 34, 32, 62, 58, 13, 8, 7, 28, 21, 24, 2, 4, 22, 25, 52, 54, 59, 57, 44, 49, 50, 5, 6, 0, 1, 38, 65, 68, 63, 66];44463.0
72263.0;[41, 18, 25, 13, 8, 20, 17, 22, 21, 26, 35, 38, 67, 63, 31, 30, 39, 40, 23, 3, 60, 34, 59, 58, 49, 47, 53, 54, 52, 4, 28, 56, 33, 15, 27, 24, 6, 16, 19, 37, 69, 65, 66, 64, 68, 32, 12, 14, 5, 46, 45, 62, 61, 57, 44, 48, 43, 29, 10, 9, 11, 7, 2, 1, 0, 55, 51, 50, 36, 42];45360.0
74588.0;[69, 68, 66, 37, 35, 13, 8, 12, 65, 67, 38, 39, 40, 36, 42, 41, 1, 0, 15, 28, 62, 61, 23, 26, 6, 16, 51, 50, 33, 31, 30, 60, 59, 10, 9, 7, 20, 18, 47, 5, 11, 14, 63, 64, 21, 19, 17, 22, 25, 24, 56, 55, 53, 3, 52, 46, 45, 58, 2, 4, 54, 57, 44, 49, 48, 43, 34, 32, 29, 27];45475.0
74112.0;[62, 59, 44, 49, 47, 5, 3, 52, 11, 7, 2, 22, 21, 56, 33, 51, 50, 17, 16, 19, 25, 23, 31, 58, 48, 43, 6, 55, 54, 53, 38, 35, 42, 34, 32, 29, 27, 24, 28, 26, 13, 12, 9, 8, 30, 37, 69, 65, 67, 63, 66, 64, 68, 36, 39, 41, 40, 15, 4, 46, 45, 61, 57, 0, 1, 60, 14, 10, 20, 18];44281.0
70003.0;[22, 21, 28, 26, 9, 7, 2, 0, 1, 44, 43, 29, 23, 18, 19, 25, 24, 56, 53, 33, 30, 37, 68, 66, 36, 42, 41, 38, 39, 40, 34, 32, 69, 67, 64, 48, 47, 55, 20, 17, 51, 50, 16, 15, 5, 4, 54, 52, 6, 60, 59, 10, 14, 63, 65, 46, 45, 49, 35, 13, 11, 8, 12, 3, 31, 62, 61, 57, 58, 27];45104.0
70393.0;[47, 34, 32, 58, 31, 30, 36, 42, 41, 40, 23, 51, 61, 54, 53, 20, 17, 16, 4, 26, 55, 29, 12, 10, 14, 1, 0, 38, 35, 39, 37, 13, 9, 7, 3, 60, 2, 56, 33, 15, 11, 8, 46, 45, 62, 59, 57, 44, 27, 22, 25, 24, 50, 18, 19, 5, 6, 28, 52, 21, 65, 68, 67, 63, 69, 66, 64, 48, 43, 49];43717.0
71920.0;[1, 32, 29, 23, 55, 61, 54, 52, 21, 56, 53, 43, 49, 47, 58, 27, 14, 11, 5, 4, 22, 25, 3, 2, 28, 26, 24, 33, 31, 30, 50, 20, 17, 16, 19, 18, 15, 7, 38, 35, 39, 37, 60, 59, 57, 51, 46, 45, 62, 34, 42, 41, 40, 44, 48, 68, 67, 65, 69, 66, 64, 63, 36, 13, 12, 10, 9, 8, 6, 0];44008.0
71759.0;[40, 33, 32, 29, 22, 25, 7, 13, 9, 8, 23, 52, 11, 5, 27, 21, 24, 28, 56, 50, 18, 19, 47, 55, 53, 3, 6, 60, 59, 58, 62, 61, 54, 57, 44, 49, 34, 36, 42, 41, 31, 30, 37, 69, 67, 65, 68, 66, 63, 64, 48, 43, 12, 10, 14, 20, 17, 51, 46, 45, 16, 15, 4, 2, 1, 0, 26, 35, 38, 39];43650.0
71677.0;[64, 40, 21, 26, 50, 18, 57, 44, 47, 33, 29, 54, 52, 13, 14, 36, 42, 41, 24, 59, 10, 0, 1, 11, 12, 8, 7, 20, 17, 16, 23, 15, 9, 5, 6, 4, 31, 62, 61, 60, 48, 43, 49, 35, 38, 69, 67, 63, 66, 19, 55, 51, 53, 27, 22, 25, 3, 2, 28, 34, 32, 30, 46, 45, 58, 56, 39, 37, 68, 65];45676.0
68755.0;[9, 67, 63, 66, 19, 15, 11, 13, 8, 23, 62, 61, 69, 64, 48, 46, 45, 49, 47, 16, 28, 54, 52, 55, 20, 17, 44, 43, 65, 68, 34, 32, 26, 25, 35, 39, 37, 1, 0, 27, 22, 21, 24, 2, 4, 31, 30, 5, 6, 38, 36, 42, 41, 40, 53, 51, 50, 18, 7, 3, 60, 59, 58, 57, 56, 33, 29, 12, 10, 14];45982.0
72231.0;[1, 5, 6, 28, 56, 33, 34, 31, 32, 24, 30, 38, 39, 35, 14, 4, 2, 23, 51, 50, 16, 15, 11, 7, 17, 27, 22, 21, 26, 46, 45, 12, 3, 60, 58, 48, 43, 29, 55, 53, 52, 54, 57, 44, 49, 47, 62, 61, 40, 36, 42, 41, 37, 59, 10, 20, 18, 19, 25, 13, 8, 9, 66, 65, 68, 69, 67, 63, 64, 0];44962.0
72893.0;[63, 66, 36, 13, 17, 19, 51, 50, 16, 15, 11, 8, 4, 31, 30, 29, 9, 7, 20, 18, 47, 33, 59, 58, 57, 44, 23, 2, 1, 0, 55, 53, 38, 39, 42, 41, 40, 45, 62, 61, 54, 52, 25, 3, 60, 34, 32, 27, 22, 21, 24, 56, 12, 10, 14, 5, 28, 26, 46, 43, 6, 64, 48, 49, 35, 37, 69, 65, 68, 67];43590.0
73648.0;[55, 39, 37, 60, 61, 9, 13, 8, 2, 4, 54, 52, 42, 40, 62, 58, 56, 53, 27, 21, 33, 29, 23, 26, 6, 16, 19, 22, 25, 24, 59, 57, 44, 48, 43, 34, 32, 12, 11, 7, 14, 10, 20, 18, 31, 30, 36, 41, 38, 35, 15, 0, 1, 5, 3, 28, 50, 17, 51, 46, 45, 49, 68, 69, 67, 65, 63, 66, 64, 47];43871.0
72616.0;[68, 67, 58, 27, 22, 25, 11, 1, 0, 2, 28, 52, 18, 19, 47, 33, 31, 30, 46, 45, 43, 20, 17, 16, 15, 62, 61, 10, 14, 5, 6, 34, 32, 29, 39, 63, 66, 64, 48, 26, 21, 24, 56, 53, 51, 50, 54, 59, 57, 4, 23, 55, 40, 38, 13, 12, 9, 8, 7, 3, 60, 44, 49, 35, 36, 42, 41, 37, 69, 65];44072.0
73032.0;[37, 60, 58, 24, 65, 67, 63, 66, 19, 30, 29, 23, 62, 59, 10, 4, 33, 32, 27, 22, 21, 26, 55, 13, 9, 54, 52, 51, 46, 45, 61, 40, 36, 39, 42, 12, 14, 2, 1, 3, 20, 17, 25, 5, 6, 0, 56, 53, 38, 35, 69, 64, 68, 34, 16, 15, 11, 8, 7, 28, 57, 44, 48, 43, 49, 47, 50, 18, 31, 41];45478.0
75792.0;[54, 44, 48, 43, 34, 33, 29, 9, 11, 5, 4, 26, 6, 0, 1, 16, 47, 49, 35, 38, 51, 50, 17, 19, 55, 53, 20, 18, 31, 62, 61, 57, 27, 24, 56, 52, 22, 25, 13, 8, 7, 3, 42, 41, 40, 32, 46, 45, 58, 15, 28, 30, 36, 39, 37, 60, 59, 12, 10, 14, 2, 23, 21, 65, 69, 68, 67, 63, 66, 64];44374.0
74615.0;[56, 31, 50, 17, 44, 43, 49, 68, 65, 64, 48, 12, 10, 14, 5, 4, 23, 21, 24, 2, 28, 26, 6, 0, 1, 15, 27, 22, 25, 30, 20, 18, 19, 41, 36, 42, 40, 32, 29, 54, 53, 52, 55, 51, 46, 45, 62, 61, 58, 16, 47, 33, 34, 39, 37, 69, 67, 63, 66, 38, 35, 13, 11, 9, 8, 7, 3, 60, 59, 57];43934.0
70806.0;[68, 66, 53, 3, 30, 50, 20, 17, 5, 1, 0, 56, 42, 41, 36, 37, 2, 4, 28, 21, 26, 6, 11, 8, 7, 58, 57, 44, 23, 61, 18, 19, 35, 38, 13, 12, 9, 16, 15, 47, 33, 31, 62, 59, 60, 34, 32, 27, 22, 25, 24, 65, 67, 63, 64, 48, 43, 29, 55, 54, 52, 51, 46, 45, 49, 14, 10, 40, 39, 69];44662.0
74858.0;[45, 4, 5, 6, 19, 51, 33, 29, 21, 3, 60, 61, 41, 36, 31, 62, 58, 28, 34, 32, 27, 22, 35, 38, 0, 1, 2, 23, 26, 46, 43, 49, 47, 55, 53, 25, 24, 56, 12, 9, 7, 13, 59, 57, 44, 48, 68, 65, 67, 63, 66, 64, 69, 52, 54, 50, 17, 16, 15, 11, 10, 14, 8, 20, 18, 30, 37, 39, 42, 40];45053.0
70809.0;[64, 21, 24, 33, 29, 27, 22, 20, 18, 31, 30, 25, 35, 13, 55, 53, 3, 28, 26, 2, 4, 54, 57, 56, 9, 19, 50, 37, 38, 39, 42, 41, 36, 40, 44, 48, 34, 32, 58, 62, 61, 59, 10, 14, 12, 11, 8, 7, 5, 6, 17, 16, 15, 23, 52, 51, 46, 45, 43, 49, 47, 0, 1, 60, 69, 65, 68, 67, 63, 66];44049.0
71686.0;[58, 15, 5, 3, 11, 7, 28, 55, 61, 57, 27, 22, 40, 38, 13, 14, 21, 26, 24, 56, 33, 51, 50, 53, 54, 52, 25, 23, 12, 10, 16, 19, 18, 31, 30, 34, 32, 29, 9, 8, 20, 17, 47, 46, 45, 6, 4, 2, 0, 1, 60, 44, 49, 35, 42, 41, 36, 39, 37, 69, 67, 65, 68, 66, 63, 64, 48, 43, 62, 59];43088.0
74101.0;[25, 22, 21, 26, 5, 4, 2, 1, 57, 44, 48, 16, 31, 62, 60, 34, 32, 59, 18, 19, 55, 53, 27, 24, 56, 30, 37, 38, 13, 10, 14, 20, 17, 51, 46, 45, 61, 58, 23, 8, 6, 0, 15, 11, 43, 49, 35, 39, 40, 36, 42, 41, 69, 67, 63, 66, 65, 68, 64, 47, 50, 33, 29, 12, 9, 7, 3, 28, 54, 52];43634.0
70448.0;[1, 56, 53, 2, 38, 42, 41, 36, 69, 67, 63, 64, 47, 62, 57, 44, 34, 12, 9, 13, 11, 8, 7, 20, 18, 31, 30, 25, 24, 65, 68, 66, 28, 54, 52, 51, 50, 17, 22, 33, 32, 29, 21, 26, 6, 60, 59, 10, 14, 5, 3, 46, 48, 43, 49, 35, 37, 58, 27, 23, 15, 4, 39, 40, 45, 61, 16, 19, 55, 0];45018.0
70895.0;[66, 57, 23, 55, 2, 1, 0, 38, 39, 41, 37, 40, 34, 31, 30, 29, 11, 7, 13, 62, 61, 53, 21, 26, 24, 6, 16, 15, 5, 4, 28, 56, 33, 32, 27, 59, 58, 25, 3, 60, 44, 46, 45, 43, 49, 14, 12, 10, 9, 8, 20, 17, 22, 68, 65, 64, 48, 47, 50, 18, 19, 51, 35, 36, 42, 54, 52, 69, 67, 63];45025.0
72386.0;[15, 7, 3, 55, 51, 50, 62, 59, 43, 49, 34, 32, 35, 38, 13, 14, 5, 45, 58, 28, 57, 44, 48, 16, 31, 30, 27, 24, 4, 54, 52, 37, 69, 66, 19, 18, 47, 33, 29, 12, 10, 9, 56, 53, 21, 26, 6, 0, 1, 60, 2, 23, 61, 20, 17, 22, 25, 11, 8, 46, 67, 68, 65, 64, 63, 39, 41, 40, 36, 42];45967.0
74600.0;[38, 56, 54, 57, 27, 22, 14, 11, 8, 60, 34, 23, 52, 51, 50, 18, 31, 30, 25, 24, 5, 13, 12, 10, 9, 7, 28, 62, 61, 41, 36, 42, 40, 39, 37, 59, 58, 44, 46, 45, 6, 16, 15, 19, 55, 53, 20, 17, 65, 69, 68, 67, 63, 66, 64, 48, 43, 49, 47, 33, 32, 29, 2, 4, 0, 1, 3, 21, 26, 35];43946.0
72466.0;[64, 26, 33, 51, 46, 45, 6, 20, 17, 13, 9, 5, 59, 58, 56, 53, 3, 60, 31, 62, 61, 37, 67, 63, 66, 65, 68, 19, 30, 12, 10, 14, 2, 4, 54, 57, 44, 48, 43, 49, 47, 50, 18, 16, 15, 11, 8, 7, 28, 34, 32, 29, 23, 52, 21, 24, 27, 22, 25, 35, 40, 36, 42, 41, 55, 0, 1, 38, 39, 69];44571.0
69055.0;[44, 35, 38, 43, 34, 1, 29, 14, 10, 9, 7, 0, 6, 28, 54, 52, 13, 8, 2, 23, 26, 25, 3, 60, 64, 63, 65, 66, 19, 51, 50, 18, 20, 17, 16, 15, 4, 31, 30, 37, 39, 41, 36, 42, 40, 32, 62, 61, 58, 56, 33, 12, 11, 5, 46, 45, 68, 69, 67, 48, 49, 47, 55, 53, 27, 22, 21, 24, 59, 57];44755.0
73756.0;[46, 43, 31, 58, 6, 4, 35, 41, 60, 34, 42, 40, 36, 59, 57, 44, 49, 47, 33, 32, 27, 5, 1, 0, 56, 53, 38, 69, 67, 63, 48, 29, 21, 24, 45, 62, 61, 16, 15, 11, 12, 10, 14, 9, 7, 3, 23, 26, 55, 2, 28, 54, 52, 51, 22, 25, 13, 8, 50, 17, 20, 18, 19, 30, 39, 37, 68, 66, 64, 65];45425.0
72624.0;[24, 26, 55, 29, 21, 35, 36, 13, 8, 12, 11, 57, 44, 23, 61, 59, 62, 58, 28, 54, 52, 56, 53, 3, 5, 27, 14, 10, 9, 7, 4, 33, 60, 2, 1, 0, 15, 38, 39, 37, 69, 42, 41, 40, 20, 18, 31, 30, 34, 32, 46, 45, 68, 66, 65, 67, 63, 64, 48, 43, 6, 16, 19, 47, 49, 51, 50, 17, 22, 25];44851.0
71285.0;[52, 2, 1, 0, 56, 54, 57, 27, 21, 26, 23, 5, 6, 59, 58, 44, 29, 55, 51, 50, 17, 16, 15, 28, 9, 7, 20, 18, 19, 47, 48, 43, 49, 14, 4, 22, 25, 3, 60, 34, 32, 69, 65, 68, 66, 39, 37, 38, 13, 8, 30, 35, 36, 42, 40, 67, 64, 63, 41, 24, 33, 31, 62, 61, 10, 12, 11, 46, 45, 53];44911.0
70470.0;[29, 65, 66, 28, 54, 52, 22, 25, 13, 62, 61, 59, 16, 35, 36, 42, 41, 38, 57, 44, 48, 43, 46, 45, 58, 21, 26, 6, 20, 17, 15, 11, 8, 7, 0, 1, 60, 2, 4, 27, 24, 56, 33, 51, 50, 18, 19, 55, 53, 23, 5, 3, 30, 39, 37, 40, 32, 12, 10, 14, 9, 68, 69, 67, 63, 64, 47, 49, 34, 31];45521.0
68760.0;[48, 43, 6, 59, 31, 62, 61, 57, 44, 65, 66, 29, 13, 14, 21, 24, 56, 12, 10, 9, 11, 8, 49, 47, 54, 52, 38, 35, 39, 37, 60, 7, 28, 3, 18, 19, 51, 50, 55, 53, 2, 1, 0, 20, 17, 16, 15, 5, 4, 22, 25, 30, 36, 42, 41, 40, 69, 67, 63, 64, 68, 58, 27, 23, 33, 34, 32, 26, 46, 45];44984.0
69517.0;[68, 67, 63, 41, 36, 42, 53, 4, 31, 30, 26, 13, 8, 7, 27, 22, 25, 3, 60, 59, 28, 21, 24, 6, 65, 66, 64, 48, 16, 15, 2, 1, 0, 38, 39, 37, 40, 34, 32, 29, 23, 54, 52, 55, 51, 46, 45, 43, 49, 47, 33, 20, 17, 14, 11, 12, 10, 9, 5, 62, 61, 58, 56, 50, 18, 19, 57, 44, 35, 69];44049.0
70249.0;[16, 54, 57, 2, 1, 0, 37, 38, 39, 41, 23, 53, 3, 27, 22, 25, 52, 56, 33, 30, 46, 45, 58, 12, 11, 8, 7, 5, 4, 31, 62, 59, 61, 18, 19, 47, 48, 43, 34, 32, 29, 24, 6, 15, 28, 21, 26, 60, 44, 49, 35, 42, 40, 36, 68, 69, 65, 67, 63, 66, 64, 14, 10, 9, 13, 20, 17, 55, 51, 50];44156.0
72860.0;[49, 35, 38, 39, 14, 13, 8, 7, 27, 24, 56, 54, 52, 50, 53, 25, 5, 3, 18, 62, 61, 58, 28, 26, 23, 15, 2, 4, 59, 60, 63, 64, 68, 67, 43, 6, 0, 1, 20, 17, 22, 21, 55, 51, 46, 45, 48, 16, 19, 47, 33, 31, 30, 34, 32, 29, 12, 10, 9, 11, 41, 37, 69, 65, 66, 36, 42, 40, 57, 44];44417.0
75601.0;[3, 52, 23, 30, 41, 40, 34, 31, 46, 45, 61, 51, 50, 13, 10, 14, 49, 68, 66, 19, 8, 60, 59, 62, 58, 26, 20, 18, 17, 16, 15, 65, 69, 64, 47, 55, 54, 57, 44, 48, 43, 29, 9, 7, 6, 2, 28, 21, 24, 56, 33, 32, 12, 11, 36, 42, 53, 27, 22, 25, 5, 4, 35, 38, 39, 37, 67, 63, 0, 1];46882.0
67790.0;[43, 29, 23, 52, 15, 56, 41, 36, 42, 14, 49, 5, 4, 30, 34, 59, 2, 1, 0, 6, 60, 9, 11, 8, 7, 3, 28, 54, 57, 44, 27, 24, 33, 31, 19, 47, 53, 38, 35, 68, 67, 63, 39, 40, 32, 62, 61, 58, 13, 12, 10, 20, 17, 16, 22, 25, 21, 26, 55, 51, 50, 18, 37, 69, 65, 66, 64, 48, 46, 45];45159.0
73324.0;[38, 36, 42, 41, 21, 26, 2, 4, 52, 13, 8, 7, 60, 59, 58, 56, 33, 31, 30, 50, 19, 57, 22, 25, 24, 3, 5, 6, 34, 32, 29, 55, 51, 46, 45, 44, 47, 49, 35, 39, 37, 40, 62, 61, 69, 67, 65, 68, 66, 63, 64, 48, 43, 27, 23, 15, 0, 1, 20, 18, 17, 16, 11, 12, 14, 10, 9, 28, 54, 53];43679.0
72293.0;[46, 60, 7, 3, 23, 18, 19, 21, 24, 56, 55, 30, 29, 54, 52, 51, 50, 20, 17, 22, 25, 13, 8, 16, 15, 53, 38, 39, 35, 36, 42, 41, 40, 34, 32, 27, 14, 5, 4, 31, 62, 61, 59, 57, 44, 48, 43, 2, 1, 0, 26, 6, 28, 45, 49, 47, 33, 37, 69, 64, 63, 66, 65, 68, 67, 58, 12, 10, 9, 11];43695.0
68820.0;[18, 47, 39, 40, 23, 15, 28, 54, 52, 46, 45, 62, 58, 24, 6, 11, 8, 12, 14, 49, 35, 38, 5, 4, 56, 55, 51, 61, 59, 57, 44, 33, 34, 32, 17, 16, 19, 37, 69, 68, 65, 67, 50, 53, 26, 2, 0, 1, 31, 30, 36, 42, 41, 13, 10, 9, 7, 3, 60, 63, 66, 64, 48, 43, 29, 21, 27, 22, 25, 20];45250.0
70956.0;[52, 51, 50, 53, 3, 46, 45, 64, 39, 37, 60, 21, 26, 6, 16, 19, 61, 57, 44, 48, 49, 35, 36, 5, 4, 24, 59, 10, 14, 2, 1, 18, 47, 33, 34, 32, 29, 12, 8, 20, 17, 25, 23, 31, 62, 58, 27, 22, 0, 56, 55, 30, 15, 11, 43, 65, 68, 69, 67, 63, 66, 42, 41, 40, 38, 13, 9, 7, 28, 54];44314.0
71586.0;[48, 5, 3, 6, 28, 23, 56, 50, 17, 25, 24, 33, 31, 62, 61, 16, 19, 41, 36, 39, 42, 40, 20, 18, 30, 15, 11, 43, 65, 68, 69, 67, 63, 66, 64, 38, 13, 8, 7, 2, 1, 0, 4, 22, 21, 26, 52, 54, 53, 35, 37, 60, 34, 32, 29, 9, 49, 47, 55, 51, 46, 45, 58, 27, 14, 12, 10, 59, 57, 44];43504.0
72662.0;[33, 38, 35, 68, 65, 36, 40, 53, 20, 18, 31, 30, 34, 32, 29, 51, 50, 5, 4, 23, 55, 61, 58, 2, 56, 66, 64, 21, 26, 9, 12, 11, 3, 28, 15, 17, 42, 41, 37, 39, 52, 46, 45, 62, 44, 49, 8, 7, 13, 14, 10, 0, 1, 69, 67, 63, 48, 43, 6, 60, 59, 57, 27, 22, 25, 24, 54, 16, 19, 47];46604.0
69969.0;[9, 7, 13, 11, 8, 12, 10, 20, 18, 31, 30, 15, 27, 26, 6, 44, 49, 47, 33, 32, 46, 45, 48, 43, 29, 54, 52, 22, 25, 24, 4, 23, 2, 0, 1, 5, 16, 19, 50, 17, 28, 62, 57, 56, 55, 51, 53, 3, 38, 35, 39, 40, 36, 42, 41, 37, 60, 59, 34, 61, 58, 21, 65, 69, 68, 67, 63, 66, 64, 14];43832.0
71917.0;[20, 17, 16, 47, 33, 29, 28, 54, 52, 21, 26, 2, 4, 23, 15, 11, 10, 9, 7, 6, 0, 1, 18, 19, 51, 50, 5, 53, 3, 31, 46, 45, 49, 14, 13, 8, 27, 22, 25, 24, 60, 59, 57, 55, 30, 34, 32, 12, 62, 61, 58, 56, 40, 44, 48, 43, 68, 69, 65, 67, 63, 66, 64, 36, 42, 41, 38, 39, 37, 35];43621.0
70719.0;[52, 54, 12, 28, 23, 26, 2, 4, 60, 59, 21, 27, 31, 62, 10, 38, 35, 37, 39, 41, 36, 42, 40, 34, 1, 0, 56, 53, 20, 17, 22, 25, 24, 30, 5, 6, 15, 11, 49, 47, 55, 67, 69, 65, 68, 66, 63, 64, 48, 43, 51, 46, 45, 61, 58, 57, 44, 16, 18, 19, 50, 33, 32, 29, 9, 13, 14, 8, 7, 3];44766.0
72802.0;[11, 8, 40, 23, 18, 47, 53, 20, 17, 16, 15, 28, 30, 29, 24, 60, 58, 27, 9, 7, 6, 2, 4, 56, 33, 31, 62, 61, 59, 10, 12, 14, 5, 1, 0, 55, 51, 46, 45, 34, 32, 22, 21, 26, 54, 52, 50, 19, 25, 3, 57, 44, 48, 43, 49, 35, 39, 69, 67, 63, 64, 36, 42, 41, 37, 65, 68, 66, 38, 13];44035.0
71929.0;[3, 11, 49, 47, 51, 50, 16, 28, 21, 20, 17, 69, 65, 68, 58, 23, 26, 2, 1, 0, 6, 60, 44, 48, 43, 38, 35, 37, 39, 40, 42, 41, 36, 13, 8, 7, 33, 31, 15, 5, 4, 54, 52, 34, 32, 29, 24, 56, 55, 53, 27, 22, 25, 12, 10, 14, 9, 67, 64, 63, 66, 19, 61, 18, 62, 59, 57, 30, 46, 45];45928.0
72075.0;[43, 34, 59, 57, 44, 49, 7, 3, 60, 22, 25, 2, 23, 32, 27, 15, 4, 26, 6, 16, 19, 47, 55, 51, 50, 20, 17, 54, 52, 42, 41, 38, 13, 8, 12, 11, 40, 36, 69, 67, 68, 65, 66, 64, 63, 48, 0, 1, 39, 37, 35, 10, 9, 18, 31, 62, 61, 58, 28, 21, 24, 56, 33, 29, 14, 5, 53, 30, 46, 45];44562.0
71099.0;[0, 38, 39, 24, 56, 16, 47, 53, 35, 40, 29, 23, 21, 26, 54, 52, 55, 51, 46, 45, 58, 28, 15, 4, 27, 22, 33, 31, 30, 50, 17, 5, 3, 60, 59, 62, 61, 57, 44, 34, 32, 11, 12, 10, 9, 7, 42, 41, 36, 37, 68, 69, 67, 65, 63, 66, 64, 48, 43, 6, 20, 18, 19, 25, 13, 8, 49, 14, 2, 1];43731.0
71125.0;[17, 15, 47, 55, 54, 53, 52, 50, 18, 19, 30, 36, 42, 41, 37, 58, 2, 4, 23, 28, 26, 25, 24, 56, 33, 31, 9, 49, 48, 16, 51, 46, 45, 62, 57, 29, 27, 22, 21, 38, 35, 40, 44, 43, 68, 69, 67, 63, 65, 66, 64, 39, 60, 61, 59, 34, 32, 12, 10, 14, 13, 11, 8, 7, 3, 5, 6, 0, 1, 20];44179.0
69451.0;[45, 49, 14, 17, 5, 16, 58, 56, 42, 41, 27, 22, 25, 13, 8, 4, 23, 15, 6, 38, 66, 64, 21, 24, 3, 60, 34, 32, 62, 61, 57, 44, 48, 43, 29, 12, 11, 35, 37, 69, 68, 65, 67, 63, 36, 39, 40, 59, 10, 9, 7, 28, 54, 53, 2, 1, 0, 26, 33, 31, 30, 20, 18, 19, 47, 55, 51, 50, 52, 46];44864.0
72024.0;[68, 17, 31, 30, 47, 48, 43, 49, 62, 58, 6, 0, 1, 60, 59, 2, 28, 12, 14, 5, 35, 67, 63, 66, 65, 64, 21, 26, 53, 51, 18, 19, 40, 36, 42, 41, 13, 10, 9, 7, 3, 57, 44, 46, 45, 61, 33, 34, 32, 29, 23, 56, 54, 52, 55, 50, 16, 15, 27, 22, 25, 11, 8, 20, 24, 4, 38, 39, 37, 69];45471.0
72814.0;[62, 37, 65, 68, 35, 13, 10, 9, 66, 64, 21, 46, 45, 61, 23, 55, 50, 16, 19, 47, 33, 32, 26, 2, 1, 0, 51, 18, 25, 24, 6, 44, 34, 29, 53, 38, 39, 60, 59, 58, 57, 30, 41, 40, 36, 42, 69, 67, 63, 48, 43, 49, 14, 4, 28, 15, 27, 22, 20, 17, 54, 52, 56, 12, 11, 8, 7, 5, 3, 31];46023.0
74045.0;[29, 5, 1, 0, 20, 18, 15, 28, 54, 52, 21, 60, 44, 48, 6, 17, 25, 3, 38, 35, 42, 41, 36, 39, 40, 59, 57, 4, 26, 24, 56, 12, 11, 10, 9, 49, 43, 68, 65, 46, 45, 62, 58, 13, 8, 7, 14, 2, 23, 55, 61, 34, 32, 27, 22, 53, 51, 50, 31, 30, 37, 69, 67, 63, 66, 64, 16, 19, 47, 33];44469.0
69827.0;[31, 29, 53, 3, 60, 66, 64, 48, 16, 47, 43, 49, 50, 18, 37, 38, 35, 13, 14, 10, 8, 20, 17, 5, 1, 0, 26, 6, 51, 19, 55, 30, 15, 11, 7, 2, 4, 28, 54, 52, 46, 45, 62, 61, 58, 59, 57, 44, 34, 23, 21, 65, 68, 69, 67, 63, 36, 39, 42, 41, 40, 32, 12, 9, 27, 22, 25, 24, 56, 33];44499.0
72947.0;[47, 55, 61, 57, 51, 18, 19, 46, 45, 12, 10, 1, 0, 56, 36, 42, 69, 67, 65, 22, 25, 13, 7, 2, 23, 62, 58, 44, 48, 16, 15, 4, 54, 59, 60, 34, 32, 27, 26, 33, 31, 35, 14, 5, 6, 28, 21, 24, 30, 37, 68, 66, 64, 63, 43, 29, 9, 11, 8, 20, 17, 3, 52, 50, 53, 38, 39, 41, 40, 49];45948.0
70717.0;[58, 43, 68, 65, 66, 32, 26, 52, 54, 60, 34, 29, 9, 7, 3, 6, 0, 1, 2, 4, 27, 22, 14, 10, 12, 11, 5, 59, 16, 15, 28, 21, 24, 56, 55, 33, 31, 30, 37, 69, 67, 51, 19, 25, 35, 63, 64, 48, 46, 45, 61, 57, 44, 49, 47, 53, 38, 39, 40, 36, 42, 41, 23, 50, 17, 13, 8, 20, 18, 62];45602.0
74679.0;[9, 7, 56, 55, 29, 21, 24, 2, 28, 26, 13, 8, 68, 67, 65, 4, 33, 34, 32, 30, 50, 18, 19, 53, 38, 39, 37, 58, 25, 3, 27, 22, 5, 6, 0, 1, 60, 59, 16, 15, 11, 46, 45, 61, 54, 57, 23, 52, 51, 20, 17, 12, 10, 14, 63, 66, 64, 69, 48, 47, 43, 31, 62, 44, 49, 35, 36, 42, 41, 40];45515.0
68856.0;[40, 33, 31, 38, 39, 37, 69, 67, 27, 24, 56, 53, 30, 47, 5, 4, 22, 25, 3, 50, 17, 14, 13, 8, 20, 62, 61, 58, 59, 60, 34, 32, 29, 12, 10, 9, 11, 7, 6, 16, 15, 23, 21, 26, 28, 54, 52, 55, 2, 1, 0, 51, 18, 19, 57, 44, 46, 45, 68, 65, 66, 64, 63, 48, 43, 49, 35, 36, 42, 41];43631.0
70986.0;[58, 37, 60, 48, 43, 46, 45, 4, 23, 15, 27, 57, 44, 49, 47, 33, 3, 5, 6, 20, 17, 16, 19, 55, 53, 51, 50, 69, 68, 32, 29, 12, 11, 8, 7, 2, 28, 21, 26, 13, 10, 14, 59, 62, 61, 34, 31, 18, 30, 22, 54, 52, 25, 24, 56, 9, 0, 1, 38, 35, 36, 42, 40, 39, 41, 64, 63, 66, 65, 67];46054.0
70577.0;[3, 6, 28, 26, 55, 31, 30, 29, 14, 13, 59, 57, 23, 62, 58, 2, 1, 0, 33, 34, 32, 12, 10, 9, 11, 8, 20, 18, 19, 17, 25, 24, 56, 53, 51, 46, 45, 43, 49, 35, 39, 40, 36, 42, 41, 60, 61, 44, 27, 22, 21, 5, 4, 38, 37, 69, 65, 66, 64, 68, 67, 63, 48, 47, 54, 52, 50, 16, 15, 7];42859.0
73671.0;[7, 6, 0, 1, 5, 11, 43, 34, 32, 29, 21, 20, 18, 37, 65, 69, 49, 14, 60, 59, 58, 57, 23, 26, 24, 56, 53, 33, 31, 62, 61, 9, 12, 10, 4, 54, 52, 38, 39, 41, 40, 36, 42, 35, 13, 8, 2, 28, 15, 27, 25, 3, 30, 46, 45, 44, 48, 68, 67, 63, 66, 64, 47, 55, 16, 19, 51, 50, 17, 22];44230.0
74359.0;[43, 49, 0, 1, 22, 25, 35, 36, 42, 29, 21, 26, 11, 7, 13, 8, 12, 10, 9, 16, 51, 50, 56, 33, 32, 27, 24, 28, 30, 46, 45, 31, 41, 40, 14, 2, 4, 23, 55, 20, 17, 52, 54, 44, 67, 63, 66, 65, 68, 69, 64, 47, 53, 38, 39, 37, 60, 34, 62, 61, 18, 19, 6, 15, 5, 3, 59, 58, 57, 48];45773.0
68421.0;[69, 66, 64, 63, 65, 68, 67, 58, 26, 21, 24, 56, 53, 27, 22, 25, 3, 60, 59, 16, 15, 5, 14, 10, 9, 13, 8, 7, 2, 28, 54, 52, 50, 33, 31, 30, 34, 32, 41, 40, 36, 0, 1, 18, 19, 55, 51, 46, 45, 43, 6, 20, 17, 47, 62, 61, 57, 4, 23, 29, 12, 11, 44, 48, 49, 35, 42, 38, 39, 37];42965.0
74907.0;[63, 13, 14, 6, 16, 51, 22, 25, 4, 35, 37, 27, 24, 5, 11, 8, 34, 32, 33, 31, 58, 28, 56, 53, 20, 17, 19, 47, 55, 54, 62, 61, 59, 10, 9, 7, 2, 0, 1, 60, 57, 44, 23, 52, 50, 18, 30, 15, 21, 26, 46, 45, 65, 68, 66, 64, 48, 49, 43, 29, 12, 3, 38, 39, 40, 36, 42, 41, 69, 67];44766.0
74084.0;[30, 46, 45, 56, 12, 63, 64, 42, 40, 36, 14, 10, 9, 5, 60, 59, 4, 25, 3, 57, 44, 49, 35, 13, 8, 11, 7, 20, 17, 22, 21, 54, 52, 50, 16, 47, 33, 31, 15, 28, 26, 6, 2, 1, 0, 41, 38, 39, 37, 69, 66, 65, 68, 67, 48, 43, 29, 23, 62, 61, 58, 24, 34, 32, 27, 18, 19, 55, 51, 53];44537.0
70849.0;[34, 31, 51, 50, 18, 30, 16, 15, 23, 2, 28, 5, 6, 4, 33, 32, 27, 65, 67, 63, 19, 41, 40, 36, 42, 35, 13, 12, 11, 8, 49, 47, 46, 45, 62, 61, 38, 39, 37, 69, 66, 64, 68, 58, 22, 21, 26, 59, 57, 44, 48, 43, 29, 55, 54, 52, 24, 56, 53, 20, 17, 25, 3, 7, 14, 10, 9, 0, 1, 60];44272.0
74346.0;[64, 16, 15, 27, 22, 14, 5, 3, 20, 17, 42, 40, 38, 35, 39, 41, 37, 65, 68, 66, 36, 58, 57, 44, 48, 21, 26, 62, 61, 60, 59, 10, 9, 13, 11, 43, 29, 23, 12, 8, 7, 2, 1, 0, 6, 28, 54, 52, 55, 51, 50, 18, 19, 46, 45, 49, 47, 53, 4, 25, 24, 56, 33, 31, 30, 34, 32, 69, 67, 63];43756.0
71420.0;[44, 49, 14, 12, 9, 11, 5, 55, 53, 35, 36, 42, 24, 2, 28, 69, 67, 48, 43, 34, 13, 8, 7, 38, 39, 37, 23, 15, 3, 18, 19, 47, 33, 31, 41, 40, 32, 27, 22, 25, 30, 29, 68, 65, 63, 66, 64, 21, 26, 6, 60, 59, 10, 20, 61, 4, 54, 52, 51, 46, 45, 62, 58, 56, 50, 17, 16, 0, 1, 57];45168.0
75006.0;[63, 40, 44, 49, 47, 48, 43, 29, 24, 6, 16, 19, 57, 27, 22, 25, 4, 2, 1, 0, 21, 26, 55, 51, 18, 46, 45, 62, 59, 11, 7, 56, 33, 31, 30, 50, 17, 20, 5, 3, 60, 34, 32, 58, 23, 37, 35, 38, 39, 42, 41, 69, 66, 64, 36, 14, 8, 61, 53, 54, 52, 13, 12, 10, 9, 28, 15, 65, 68, 67];45374.0
72532.0;[42, 59, 57, 44, 47, 33, 31, 62, 61, 41, 40, 35, 38, 11, 5, 16, 15, 56, 53, 27, 21, 26, 24, 28, 58, 34, 32, 67, 63, 48, 43, 30, 46, 45, 49, 29, 14, 20, 17, 19, 55, 0, 1, 60, 2, 23, 12, 10, 9, 7, 13, 8, 6, 4, 22, 25, 3, 52, 54, 51, 50, 18, 39, 37, 69, 64, 65, 68, 66, 36];44821.0
70071.0;[50, 33, 68, 66, 64, 21, 20, 18, 47, 49, 43, 6, 16, 19, 25, 13, 12, 28, 26, 52, 54, 10, 14, 9, 5, 3, 60, 34, 32, 44, 27, 22, 35, 36, 39, 41, 42, 40, 62, 58, 56, 53, 1, 0, 38, 37, 69, 65, 67, 63, 48, 46, 45, 61, 59, 57, 31, 30, 15, 4, 2, 23, 29, 11, 8, 7, 17, 24, 55, 51];44941.0
70657.0;[4, 21, 26, 11, 43, 49, 47, 55, 33, 34, 32, 31, 30, 29, 2, 23, 52, 28, 54, 57, 44, 48, 20, 18, 19, 51, 46, 45, 62, 61, 58, 56, 53, 38, 13, 12, 14, 68, 65, 69, 67, 63, 64, 66, 36, 42, 40, 39, 37, 35, 41, 50, 17, 16, 15, 27, 22, 25, 24, 6, 0, 1, 60, 59, 10, 9, 8, 7, 3, 5];43099.0
74867.0;[68, 36, 9, 13, 10, 14, 20, 18, 19, 47, 50, 17, 44, 48, 49, 43, 29, 54, 52, 51, 16, 15, 7, 34, 32, 58, 28, 21, 26, 6, 38, 35, 39, 37, 42, 41, 40, 27, 22, 25, 24, 5, 3, 60, 62, 61, 59, 57, 56, 33, 31, 30, 2, 1, 0, 55, 53, 4, 23, 11, 8, 12, 65, 46, 45, 69, 67, 63, 66, 64];45009.0
67290.0;[67, 63, 66, 65, 68, 53, 27, 9, 7, 13, 14, 10, 20, 18, 15, 5, 6, 4, 22, 21, 60, 44, 49, 64, 48, 43, 32, 12, 11, 8, 16, 19, 47, 29, 24, 28, 54, 52, 56, 50, 17, 25, 3, 26, 2, 1, 0, 33, 34, 31, 30, 39, 40, 42, 41, 36, 37, 59, 58, 23, 55, 51, 46, 45, 62, 61, 57, 38, 35, 69];43835.0
70952.0;[37, 34, 1, 0, 27, 24, 40, 38, 35, 13, 8, 23, 56, 55, 53, 11, 7, 2, 22, 21, 26, 9, 12, 10, 16, 15, 5, 46, 45, 68, 67, 58, 57, 44, 49, 14, 60, 59, 4, 42, 41, 69, 65, 63, 66, 64, 48, 43, 29, 51, 50, 17, 19, 47, 33, 32, 6, 20, 18, 31, 62, 61, 54, 52, 25, 3, 28, 30, 36, 39];44844.0
72999.0;[42, 52, 2, 1, 0, 55, 51, 50, 17, 20, 18, 62, 61, 25, 5, 3, 28, 54, 10, 14, 4, 22, 21, 24, 29, 69, 65, 66, 64, 48, 16, 19, 30, 46, 45, 58, 56, 53, 38, 39, 37, 23, 31, 60, 59, 57, 44, 68, 67, 63, 43, 34, 32, 12, 9, 7, 13, 8, 11, 49, 47, 33, 15, 6, 27, 26, 35, 41, 40, 36];44589.0
71319.0;[67, 65, 36, 42, 24, 6, 59, 57, 27, 26, 3, 52, 50, 18, 19, 25, 34, 61, 44, 48, 43, 51, 46, 45, 62, 58, 2, 28, 5, 4, 23, 56, 33, 31, 30, 37, 35, 38, 13, 60, 22, 21, 54, 53, 11, 8, 12, 10, 9, 49, 47, 55, 0, 1, 39, 41, 40, 32, 29, 14, 20, 17, 16, 15, 7, 66, 63, 64, 69, 68];44770.0
70936.0;[39, 23, 28, 54, 14, 4, 25, 24, 56, 55, 16, 15, 11, 13, 8, 46, 45, 61, 41, 40, 36, 42, 20, 17, 5, 53, 52, 51, 50, 18, 19, 47, 60, 34, 32, 30, 63, 66, 64, 68, 69, 65, 67, 57, 44, 48, 49, 43, 29, 33, 31, 62, 58, 59, 10, 12, 9, 7, 3, 27, 22, 21, 26, 6, 2, 1, 0, 38, 35, 37];44435.0
71774.0;[56, 53, 11, 12, 10, 31, 30, 15, 3, 5, 4, 33, 34, 32, 59, 62, 58, 27, 23, 52, 25, 13, 9, 67, 63, 66, 65, 68, 19, 47, 55, 51, 46, 45, 61, 18, 50, 17, 22, 35, 38, 36, 42, 41, 40, 24, 6, 16, 8, 7, 2, 28, 54, 20, 39, 37, 69, 64, 48, 43, 29, 21, 60, 57, 44, 49, 14, 1, 0, 26];45132.0
73865.0;[0, 67, 68, 65, 66, 36, 42, 41, 24, 28, 15, 11, 12, 10, 9, 56, 33, 32, 29, 23, 55, 51, 50, 31, 62, 59, 34, 61, 54, 52, 25, 35, 38, 69, 48, 5, 3, 21, 26, 6, 4, 27, 22, 53, 20, 17, 16, 18, 19, 30, 39, 40, 58, 13, 14, 63, 64, 37, 60, 57, 44, 43, 49, 47, 46, 45, 8, 7, 2, 1];46276.0
71235.0;[50, 65, 63, 48, 6, 2, 28, 5, 4, 23, 26, 24, 56, 33, 31, 62, 61, 58, 15, 7, 13, 8, 34, 32, 44, 47, 43, 49, 35, 40, 36, 69, 67, 38, 39, 37, 57, 55, 16, 54, 52, 53, 20, 17, 42, 41, 68, 66, 64, 21, 60, 59, 18, 19, 51, 46, 45, 3, 30, 29, 12, 10, 9, 11, 1, 0, 27, 22, 25, 14];46036.0
71593.0;[9, 7, 5, 4, 23, 26, 2, 0, 1, 20, 11, 13, 8, 50, 17, 53, 3, 60, 64, 63, 36, 39, 51, 33, 32, 27, 24, 56, 54, 52, 46, 62, 61, 16, 19, 18, 15, 6, 34, 31, 28, 21, 45, 68, 66, 65, 22, 25, 30, 37, 69, 67, 35, 42, 41, 40, 38, 59, 58, 57, 44, 48, 43, 49, 47, 55, 29, 14, 12, 10];46162.0
72214.0;[61, 23, 46, 45, 58, 48, 43, 21, 26, 24, 28, 30, 36, 39, 37, 15, 11, 8, 7, 33, 32, 1, 0, 5, 59, 57, 44, 49, 47, 29, 55, 2, 4, 54, 52, 56, 41, 40, 53, 3, 18, 19, 51, 50, 20, 17, 16, 27, 22, 25, 35, 42, 69, 67, 65, 68, 66, 63, 64, 38, 13, 9, 12, 10, 14, 6, 60, 34, 31, 62];44018.0
73071.0;[50, 13, 11, 59, 57, 56, 16, 15, 53, 27, 21, 26, 33, 30, 39, 37, 60, 44, 22, 25, 24, 2, 4, 35, 42, 41, 40, 20, 17, 19, 18, 31, 62, 58, 23, 5, 46, 45, 61, 9, 7, 3, 28, 54, 52, 38, 36, 69, 67, 65, 68, 66, 63, 64, 48, 49, 14, 10, 43, 34, 32, 29, 12, 8, 6, 0, 1, 47, 55, 51];43803.0
71519.0;[68, 21, 20, 57, 44, 47, 33, 31, 62, 61, 18, 16, 15, 11, 38, 35, 42, 53, 3, 60, 58, 23, 26, 6, 19, 51, 50, 17, 2, 1, 0, 56, 48, 43, 49, 14, 5, 4, 54, 52, 46, 45, 59, 10, 9, 13, 8, 7, 28, 34, 32, 27, 22, 25, 24, 55, 30, 29, 12, 41, 40, 36, 39, 37, 69, 67, 63, 66, 65, 64];44343.0
73480.0;[24, 2, 28, 15, 21, 26, 20, 18, 19, 47, 55, 54, 14, 10, 9, 11, 59, 57, 4, 23, 29, 12, 6, 0, 1, 34, 32, 33, 31, 60, 44, 49, 35, 38, 13, 8, 7, 5, 27, 22, 25, 3, 30, 37, 69, 67, 68, 65, 66, 64, 63, 48, 43, 53, 52, 50, 17, 16, 51, 46, 45, 58, 56, 62, 61, 39, 41, 40, 36, 42];43283.0
70696.0;[45, 5, 4, 39, 41, 40, 34, 33, 32, 30, 16, 47, 29, 12, 10, 9, 0, 1, 38, 13, 7, 3, 50, 17, 24, 56, 53, 54, 52, 25, 14, 63, 66, 65, 68, 67, 69, 64, 48, 6, 20, 18, 19, 44, 43, 49, 35, 42, 36, 37, 60, 59, 58, 28, 15, 11, 8, 2, 23, 31, 62, 61, 57, 27, 22, 21, 26, 55, 51, 46];43896.0
71297.0;[58, 68, 48, 0, 1, 3, 28, 5, 59, 10, 20, 18, 57, 44, 49, 14, 12, 9, 13, 8, 7, 2, 4, 60, 34, 32, 27, 22, 46, 45, 29, 21, 26, 33, 31, 30, 25, 24, 54, 52, 55, 51, 11, 43, 6, 16, 15, 23, 56, 50, 17, 19, 47, 53, 38, 69, 67, 65, 63, 66, 64, 36, 39, 37, 35, 42, 41, 40, 62, 61];44798.0
72400.0;[45, 6, 4, 37, 59, 44, 47, 49, 12, 10, 14, 5, 27, 22, 25, 24, 34, 32, 62, 58, 56, 55, 2, 23, 61, 57, 0, 1, 51, 50, 20, 17, 3, 60, 16, 15, 28, 30, 29, 11, 8, 7, 13, 9, 18, 19, 54, 52, 53, 21, 26, 33, 31, 46, 48, 43, 68, 67, 65, 63, 69, 66, 64, 39, 38, 35, 42, 41, 36, 40];45435.0
72476.0;[8, 51, 46, 45, 3, 27, 34, 32, 56, 53, 11, 12, 10, 14, 5, 26, 33, 31, 30, 15, 7, 28, 21, 35, 42, 41, 36, 40, 44, 29, 9, 16, 19, 47, 62, 61, 20, 18, 50, 17, 22, 25, 13, 59, 58, 24, 6, 0, 1, 60, 2, 4, 23, 52, 54, 57, 55, 38, 39, 37, 68, 69, 67, 65, 66, 64, 63, 48, 43, 49];44781.0
76836.0;[23, 44, 48, 49, 43, 34, 31, 58, 56, 33, 29, 11, 40, 69, 67, 65, 68, 66, 37, 60, 14, 63, 64, 36, 39, 41, 24, 30, 50, 18, 47, 55, 54, 52, 25, 27, 22, 21, 51, 53, 16, 15, 2, 1, 0, 38, 35, 42, 46, 45, 62, 61, 4, 28, 26, 13, 8, 20, 32, 12, 10, 9, 7, 3, 5, 6, 17, 19, 59, 57];45565.0
73963.0;[14, 5, 55, 53, 15, 28, 54, 44, 34, 32, 46, 45, 59, 10, 9, 11, 13, 8, 7, 20, 17, 16, 19, 2, 23, 52, 25, 3, 18, 62, 61, 58, 26, 6, 4, 0, 1, 56, 33, 31, 30, 29, 12, 49, 47, 51, 50, 24, 27, 22, 21, 57, 48, 43, 68, 67, 69, 65, 66, 63, 64, 38, 35, 41, 36, 42, 40, 39, 37, 60];44205.0
72153.0;[62, 58, 57, 48, 11, 8, 16, 19, 25, 22, 21, 27, 24, 2, 0, 1, 61, 54, 52, 55, 20, 17, 14, 10, 43, 31, 30, 51, 50, 38, 35, 39, 42, 41, 37, 59, 4, 23, 56, 53, 26, 28, 15, 5, 3, 18, 47, 33, 34, 32, 46, 45, 68, 67, 63, 65, 66, 36, 40, 29, 12, 9, 7, 13, 6, 60, 44, 49, 64, 69];46134.0
72441.0;[3, 30, 15, 43, 68, 65, 6, 50, 20, 17, 19, 58, 21, 26, 2, 4, 23, 33, 9, 8, 11, 7, 28, 54, 52, 13, 12, 10, 0, 1, 60, 34, 32, 29, 24, 56, 53, 38, 35, 42, 41, 40, 44, 27, 22, 25, 59, 57, 55, 51, 46, 45, 62, 61, 18, 31, 36, 39, 37, 69, 67, 63, 66, 64, 48, 16, 47, 49, 14, 5];43841.0
70947.0;[24, 5, 59, 60, 34, 32, 12, 11, 8, 7, 3, 6, 0, 1, 19, 51, 50, 17, 25, 20, 18, 30, 37, 69, 67, 63, 64, 16, 15, 33, 31, 58, 44, 48, 43, 65, 68, 66, 36, 38, 35, 39, 42, 41, 40, 62, 61, 57, 4, 23, 26, 2, 28, 56, 54, 52, 14, 10, 9, 13, 46, 45, 49, 47, 29, 55, 53, 27, 22, 21];43012.0
69154.0;[45, 61, 25, 5, 27, 23, 26, 6, 11, 7, 28, 54, 52, 56, 50, 57, 44, 48, 16, 19, 51, 69, 64, 38, 13, 49, 43, 68, 67, 65, 63, 66, 36, 35, 15, 4, 2, 0, 1, 18, 47, 55, 53, 20, 17, 22, 21, 24, 33, 31, 30, 39, 37, 42, 41, 40, 62, 59, 58, 34, 32, 29, 12, 3, 60, 14, 10, 9, 8, 46];44938.0
71469.0;[42, 69, 64, 21, 26, 18, 19, 47, 33, 24, 65, 68, 32, 29, 23, 55, 53, 15, 43, 49, 14, 20, 39, 41, 38, 13, 62, 58, 57, 51, 50, 17, 16, 0, 1, 3, 5, 11, 10, 9, 7, 28, 35, 40, 44, 48, 6, 2, 4, 54, 52, 25, 56, 12, 8, 60, 27, 22, 46, 45, 61, 59, 34, 31, 30, 37, 67, 63, 66, 36];46573.0
72070.0;[4, 38, 35, 42, 41, 60, 34, 30, 51, 50, 24, 6, 20, 18, 0, 1, 56, 33, 31, 62, 61, 58, 23, 55, 53, 3, 27, 22, 25, 17, 16, 15, 11, 5, 59, 10, 14, 46, 45, 68, 67, 65, 63, 66, 19, 28, 54, 52, 13, 8, 12, 9, 7, 2, 39, 37, 69, 64, 36, 40, 32, 44, 49, 47, 48, 43, 29, 21, 26, 57];44764.0
72890.0;[58, 23, 20, 18, 19, 14, 10, 12, 9, 28, 21, 56, 54, 52, 13, 11, 8, 7, 1, 0, 26, 5, 6, 16, 15, 2, 4, 29, 67, 63, 65, 43, 46, 45, 62, 61, 53, 51, 50, 17, 22, 25, 3, 60, 59, 57, 44, 27, 24, 30, 41, 36, 42, 40, 34, 32, 38, 35, 39, 37, 69, 68, 66, 64, 48, 49, 47, 55, 33, 31];43826.0
72324.0;[12, 11, 38, 69, 65, 36, 39, 24, 27, 22, 25, 21, 26, 13, 8, 7, 3, 18, 19, 47, 49, 64, 68, 67, 63, 66, 42, 41, 40, 62, 61, 59, 57, 23, 55, 50, 16, 15, 46, 45, 29, 33, 31, 58, 44, 48, 43, 6, 2, 1, 0, 56, 53, 54, 52, 51, 20, 17, 5, 4, 28, 30, 35, 37, 60, 34, 32, 10, 14, 9];44280.0
70306.0;[9, 26, 23, 55, 30, 37, 68, 67, 16, 28, 15, 2, 4, 54, 52, 46, 58, 27, 22, 25, 3, 20, 5, 6, 0, 1, 31, 62, 61, 18, 19, 47, 33, 34, 32, 69, 66, 65, 24, 56, 53, 51, 50, 17, 14, 63, 64, 48, 60, 59, 57, 44, 29, 21, 35, 36, 42, 38, 39, 41, 40, 45, 49, 43, 11, 8, 7, 13, 12, 10];45771.0
74344.0;[60, 59, 21, 26, 54, 52, 5, 11, 43, 6, 28, 62, 61, 58, 24, 56, 9, 7, 2, 23, 53, 20, 17, 19, 55, 33, 34, 32, 29, 3, 30, 41, 40, 35, 42, 57, 44, 49, 47, 69, 67, 63, 36, 51, 50, 18, 31, 68, 65, 66, 64, 46, 45, 48, 16, 15, 4, 27, 22, 25, 13, 8, 12, 10, 14, 0, 1, 38, 39, 37];45772.0
74176.0;[23, 55, 53, 5, 59, 58, 56, 33, 29, 13, 12, 11, 39, 37, 60, 34, 1, 0, 21, 24, 65, 63, 66, 32, 27, 26, 2, 4, 22, 25, 3, 6, 20, 18, 19, 57, 44, 49, 47, 50, 17, 14, 10, 9, 8, 7, 28, 35, 38, 36, 42, 41, 40, 62, 61, 54, 52, 51, 46, 45, 68, 69, 67, 64, 48, 43, 31, 30, 16, 15];43739.0
69635.0;[28, 55, 16, 47, 12, 14, 62, 59, 10, 9, 54, 52, 25, 3, 60, 57, 44, 63, 64, 48, 6, 0, 1, 5, 27, 22, 21, 19, 51, 46, 45, 61, 18, 31, 58, 49, 43, 29, 69, 67, 65, 68, 66, 24, 56, 53, 2, 4, 26, 33, 32, 30, 50, 20, 17, 38, 35, 42, 41, 36, 39, 37, 40, 34, 23, 15, 11, 13, 8, 7];45407.0
72550.0;[37, 7, 3, 8, 20, 18, 19, 50, 52, 34, 31, 30, 17, 5, 27, 22, 23, 55, 53, 51, 46, 45, 49, 47, 58, 21, 26, 2, 28, 54, 57, 4, 25, 35, 36, 42, 41, 24, 56, 33, 32, 12, 14, 10, 9, 13, 62, 61, 59, 16, 15, 6, 0, 1, 69, 67, 65, 64, 68, 66, 63, 60, 44, 48, 43, 29, 11, 40, 38, 39];44751.0
74339.0;[25, 13, 14, 4, 52, 56, 54, 59, 57, 22, 21, 26, 5, 6, 16, 15, 27, 24, 34, 32, 69, 67, 58, 2, 28, 55, 51, 50, 53, 18, 19, 47, 33, 29, 11, 12, 10, 0, 1, 60, 9, 8, 7, 46, 45, 3, 38, 39, 37, 68, 65, 66, 64, 63, 36, 42, 40, 62, 61, 44, 48, 43, 49, 35, 41, 23, 31, 30, 20, 17];44318.0
71645.0;[55, 51, 46, 45, 61, 60, 34, 31, 30, 27, 24, 6, 0, 1, 54, 53, 20, 17, 22, 25, 11, 13, 8, 16, 15, 2, 38, 39, 37, 40, 32, 12, 10, 14, 9, 7, 3, 5, 4, 59, 57, 44, 48, 47, 43, 49, 29, 23, 56, 33, 62, 58, 28, 26, 35, 42, 41, 36, 69, 68, 65, 67, 63, 66, 64, 21, 52, 50, 18, 19];43245.0
71085.0;[13, 68, 65, 4, 0, 1, 5, 59, 58, 44, 47, 55, 53, 52, 54, 57, 29, 12, 10, 9, 7, 3, 11, 41, 40, 36, 42, 24, 6, 38, 39, 37, 60, 2, 28, 21, 26, 51, 50, 17, 16, 15, 23, 56, 33, 31, 62, 61, 34, 32, 27, 22, 14, 8, 20, 18, 30, 46, 45, 43, 49, 35, 69, 67, 63, 66, 64, 48, 19, 25];44319.0
72067.0;[2, 66, 64, 48, 43, 22, 21, 20, 17, 19, 53, 3, 26, 8, 11, 7, 28, 54, 59, 57, 30, 34, 0, 56, 33, 32, 29, 9, 5, 27, 24, 6, 50, 18, 31, 16, 15, 38, 39, 41, 40, 36, 42, 52, 25, 13, 14, 1, 60, 62, 61, 23, 55, 51, 46, 45, 58, 44, 49, 35, 37, 69, 65, 68, 67, 63, 47, 12, 10, 4];46060.0
68372.0;[66, 32, 12, 11, 3, 60, 34, 61, 18, 28, 54, 52, 33, 31, 62, 10, 9, 68, 65, 36, 42, 41, 24, 30, 7, 5, 6, 2, 4, 22, 25, 35, 40, 38, 39, 37, 69, 64, 21, 56, 53, 20, 17, 16, 15, 46, 45, 58, 23, 55, 51, 50, 19, 47, 0, 1, 44, 48, 43, 29, 59, 57, 27, 26, 13, 8, 14, 49, 67, 63];45785.0
69740.0;[46, 45, 21, 26, 6, 44, 48, 43, 49, 47, 62, 59, 10, 20, 17, 19, 18, 31, 30, 15, 7, 28, 52, 13, 60, 61, 9, 8, 4, 54, 53, 37, 40, 29, 11, 12, 3, 65, 69, 67, 68, 66, 64, 63, 0, 1, 38, 35, 39, 42, 41, 36, 14, 5, 27, 22, 25, 24, 56, 55, 51, 50, 16, 33, 34, 32, 58, 57, 2, 23];45226.0
73859.0;[23, 12, 9, 31, 62, 61, 53, 16, 15, 5, 4, 22, 14, 10, 20, 17, 3, 38, 35, 37, 60, 21, 51, 19, 44, 48, 68, 58, 27, 24, 6, 34, 32, 69, 67, 65, 66, 64, 63, 40, 36, 39, 42, 41, 1, 0, 46, 45, 49, 43, 11, 7, 2, 28, 26, 25, 13, 8, 50, 18, 47, 55, 30, 29, 54, 52, 56, 33, 59, 57];45957.0
69948.0;[36, 42, 41, 40, 53, 52, 25, 13, 8, 7, 3, 28, 51, 50, 18, 30, 15, 4, 56, 55, 2, 1, 0, 26, 6, 27, 22, 21, 24, 33, 31, 62, 58, 57, 44, 23, 5, 60, 61, 54, 59, 9, 11, 10, 12, 14, 20, 17, 16, 19, 47, 29, 65, 68, 67, 63, 64, 39, 37, 38, 35, 46, 45, 49, 48, 43, 34, 32, 69, 66];43852.0
70556.0;[44, 49, 47, 39, 38, 11, 43, 6, 28, 26, 55, 29, 54, 52, 21, 24, 56, 53, 15, 23, 51, 46, 45, 50, 17, 8, 14, 20, 5, 3, 33, 31, 62, 61, 16, 18, 19, 65, 68, 66, 63, 64, 48, 34, 32, 27, 22, 25, 13, 12, 10, 9, 7, 30, 35, 36, 42, 41, 40, 0, 1, 60, 59, 57, 58, 2, 4, 37, 69, 67];45431.0
72818.0;[25, 3, 60, 59, 58, 28, 21, 24, 6, 11, 8, 7, 34, 32, 12, 9, 49, 14, 10, 4, 2, 23, 15, 1, 0, 38, 13, 5, 30, 29, 27, 26, 52, 56, 50, 20, 18, 19, 17, 16, 51, 33, 31, 62, 61, 57, 22, 35, 69, 66, 64, 63, 37, 36, 39, 42, 41, 40, 44, 46, 45, 43, 65, 68, 67, 48, 47, 55, 54, 53];44806.0
70036.0;[7, 28, 21, 24, 56, 33, 29, 27, 22, 54, 59, 44, 49, 47, 40, 36, 42, 41, 38, 35, 14, 10, 9, 5, 53, 26, 60, 34, 32, 30, 25, 3, 18, 16, 19, 57, 55, 51, 46, 45, 61, 4, 31, 62, 58, 2, 1, 0, 23, 52, 50, 20, 17, 12, 11, 13, 8, 39, 37, 69, 68, 65, 67, 63, 66, 64, 48, 43, 6, 15];43320.0
71836.0;[7, 50, 18, 19, 17, 24, 56, 54, 53, 38, 13, 8, 20, 5, 3, 60, 40, 42, 41, 23, 55, 29, 12, 9, 45, 62, 61, 16, 51, 46, 65, 68, 58, 15, 28, 21, 26, 35, 67, 63, 66, 36, 59, 10, 14, 49, 47, 33, 32, 22, 25, 4, 2, 1, 0, 57, 44, 27, 52, 34, 31, 30, 39, 37, 69, 64, 48, 43, 6, 11];46947.0
73508.0;[4, 26, 31, 58, 56, 33, 28, 55, 16, 54, 52, 53, 20, 18, 30, 37, 63, 66, 64, 21, 24, 6, 7, 13, 12, 11, 59, 57, 44, 49, 35, 38, 39, 36, 42, 41, 40, 34, 32, 27, 25, 22, 23, 62, 61, 60, 2, 15, 46, 45, 69, 68, 67, 65, 14, 10, 9, 8, 0, 1, 19, 47, 48, 43, 29, 51, 50, 17, 5, 3];45530.0
69576.0;[22, 24, 19, 25, 5, 3, 30, 36, 42, 64, 48, 35, 41, 23, 56, 53, 52, 21, 54, 20, 17, 14, 6, 0, 1, 60, 59, 57, 44, 43, 34, 32, 12, 11, 10, 9, 49, 47, 55, 51, 50, 18, 16, 15, 28, 26, 13, 8, 7, 38, 39, 40, 29, 33, 31, 37, 69, 68, 67, 63, 66, 65, 46, 45, 62, 61, 58, 2, 4, 27];44122.0
70417.0;[51, 50, 19, 25, 57, 58, 27, 26, 46, 45, 49, 48, 43, 14, 20, 18, 16, 11, 8, 39, 41, 23, 55, 30, 37, 15, 17, 5, 4, 22, 21, 24, 6, 34, 32, 29, 28, 54, 52, 2, 1, 0, 56, 33, 31, 62, 61, 59, 10, 9, 7, 13, 12, 3, 60, 44, 47, 53, 38, 35, 42, 40, 36, 69, 64, 68, 65, 67, 63, 66];44329.0
74437.0;[37, 60, 9, 11, 10, 14, 38, 69, 68, 67, 58, 2, 4, 23, 15, 28, 21, 26, 24, 56, 50, 33, 31, 46, 45, 61, 62, 59, 57, 44, 51, 20, 17, 16, 19, 65, 66, 63, 64, 48, 43, 49, 18, 47, 55, 54, 53, 35, 36, 42, 41, 40, 32, 29, 12, 3, 52, 22, 25, 13, 8, 7, 5, 27, 6, 0, 1, 30, 34, 39];44923.0
73122.0;[65, 16, 15, 47, 55, 51, 50, 56, 53, 52, 21, 26, 62, 61, 58, 23, 2, 28, 8, 7, 3, 18, 30, 35, 38, 13, 12, 10, 9, 63, 64, 68, 66, 19, 20, 17, 32, 27, 22, 25, 24, 33, 31, 60, 34, 1, 0, 4, 54, 59, 57, 44, 48, 43, 29, 46, 45, 49, 14, 5, 6, 11, 41, 36, 42, 40, 39, 37, 69, 67];44459.0
71921.0;[2, 27, 24, 16, 51, 56, 53, 38, 35, 40, 44, 43, 29, 21, 26, 5, 6, 0, 1, 31, 58, 57, 4, 33, 15, 23, 62, 61, 59, 34, 32, 46, 45, 67, 69, 65, 68, 66, 64, 63, 48, 11, 8, 12, 28, 54, 52, 55, 50, 17, 22, 25, 13, 10, 9, 7, 3, 20, 18, 30, 42, 41, 36, 39, 37, 60, 19, 47, 49, 14];44389.0
72472.0;[39, 44, 49, 12, 11, 5, 15, 23, 55, 51, 50, 35, 36, 0, 1, 59, 57, 48, 43, 27, 22, 25, 3, 24, 56, 53, 20, 18, 17, 37, 68, 69, 67, 63, 66, 65, 64, 42, 41, 40, 34, 32, 31, 30, 46, 45, 62, 61, 58, 28, 54, 52, 21, 26, 6, 16, 19, 47, 33, 29, 9, 13, 60, 14, 10, 8, 7, 2, 4, 38];44352.0
74807.0;[41, 40, 34, 32, 15, 5, 4, 23, 62, 58, 28, 54, 44, 68, 66, 63, 50, 18, 31, 35, 13, 26, 55, 51, 46, 45, 43, 49, 47, 33, 29, 69, 67, 65, 64, 48, 6, 16, 19, 30, 37, 60, 61, 59, 27, 52, 25, 14, 10, 9, 7, 20, 17, 22, 21, 24, 2, 1, 0, 56, 53, 11, 8, 12, 3, 57, 38, 39, 36, 42];45055.0
69306.0;[56, 42, 69, 67, 65, 10, 9, 7, 1, 0, 33, 31, 62, 61, 25, 21, 26, 40, 36, 15, 19, 55, 53, 2, 4, 30, 50, 18, 47, 48, 16, 11, 13, 8, 60, 59, 58, 57, 44, 49, 35, 38, 39, 41, 37, 68, 66, 63, 64, 43, 29, 24, 23, 5, 6, 28, 54, 20, 17, 51, 46, 45, 34, 32, 27, 22, 14, 12, 3, 52];45650.0
70659.0;[4, 23, 55, 32, 27, 14, 7, 5, 36, 42, 41, 40, 35, 38, 13, 9, 67, 65, 68, 69, 64, 21, 24, 62, 58, 15, 2, 1, 0, 26, 6, 3, 28, 54, 48, 43, 29, 51, 50, 22, 25, 52, 56, 53, 11, 8, 12, 10, 63, 66, 19, 17, 16, 18, 20, 39, 37, 60, 59, 57, 44, 49, 47, 33, 34, 31, 30, 46, 45, 61];45565.0
70798.0;[15, 28, 26, 33, 31, 62, 61, 16, 5, 3, 27, 24, 56, 50, 18, 19, 59, 57, 22, 21, 54, 53, 30, 25, 45, 68, 66, 65, 64, 48, 43, 29, 12, 9, 11, 7, 2, 4, 23, 52, 55, 51, 46, 44, 47, 49, 32, 58, 20, 17, 40, 36, 42, 41, 37, 69, 67, 63, 39, 38, 35, 13, 10, 14, 8, 6, 60, 34, 1, 0];45073.0
73346.0;[49, 14, 11, 3, 38, 39, 41, 40, 34, 32, 43, 68, 66, 64, 37, 60, 7, 13, 5, 4, 28, 26, 55, 50, 53, 23, 21, 24, 56, 54, 52, 51, 59, 57, 44, 6, 16, 18, 19, 30, 29, 12, 10, 9, 8, 46, 45, 62, 61, 58, 2, 1, 0, 15, 27, 22, 25, 20, 17, 47, 33, 31, 35, 36, 42, 69, 65, 67, 63, 48];44325.0
69596.0;[38, 35, 34, 33, 15, 2, 4, 26, 23, 61, 44, 47, 62, 57, 48, 43, 29, 12, 14, 5, 6, 0, 1, 20, 17, 16, 19, 30, 37, 40, 32, 46, 45, 49, 18, 31, 58, 68, 65, 69, 67, 63, 64, 66, 24, 56, 54, 52, 51, 50, 55, 53, 3, 60, 59, 10, 9, 27, 22, 25, 13, 11, 8, 7, 28, 21, 42, 41, 36, 39];45030.0
74569.0;[30, 34, 32, 29, 21, 33, 51, 31, 62, 60, 61, 58, 44, 27, 26, 20, 16, 15, 5, 6, 0, 1, 2, 28, 54, 59, 57, 4, 23, 52, 50, 17, 14, 10, 46, 45, 68, 66, 65, 63, 64, 48, 43, 49, 35, 13, 12, 11, 8, 7, 3, 38, 39, 42, 41, 37, 69, 67, 47, 55, 40, 36, 9, 22, 25, 24, 56, 53, 18, 19];44345.0
73406.0;[23, 5, 6, 16, 18, 62, 58, 39, 40, 36, 15, 2, 0, 1, 34, 32, 30, 50, 33, 31, 9, 7, 3, 60, 61, 59, 4, 26, 35, 68, 66, 19, 25, 20, 17, 22, 21, 28, 54, 57, 38, 13, 11, 8, 12, 10, 14, 49, 47, 55, 51, 46, 45, 44, 27, 24, 56, 53, 52, 42, 41, 37, 69, 67, 65, 64, 63, 48, 43, 29];44804.0
71164.0;[55, 23, 12, 14, 50, 18, 37, 65, 69, 67, 35, 38, 39, 40, 62, 61, 20, 17, 3, 60, 27, 22, 25, 45, 31, 30, 52, 46, 48, 43, 49, 47, 16, 19, 51, 53, 33, 34, 32, 29, 58, 44, 68, 66, 63, 64, 36, 42, 41, 26, 13, 10, 9, 8, 11, 7, 2, 1, 0, 21, 24, 6, 15, 28, 5, 4, 54, 59, 57, 56];45480.0
76444.0;[68, 58, 22, 25, 3, 27, 24, 56, 55, 30, 37, 35, 36, 13, 6, 16, 15, 10, 14, 8, 46, 45, 49, 47, 33, 31, 9, 7, 20, 17, 53, 38, 39, 42, 41, 40, 29, 54, 52, 21, 65, 66, 64, 63, 43, 34, 32, 62, 61, 59, 60, 2, 1, 0, 51, 50, 18, 19, 57, 44, 48, 23, 12, 11, 5, 4, 26, 28, 69, 67];45016.0
73365.0;[40, 39, 64, 48, 16, 59, 57, 44, 49, 47, 55, 29, 23, 54, 52, 34, 32, 58, 68, 66, 36, 51, 50, 33, 6, 17, 5, 3, 60, 2, 0, 1, 26, 21, 24, 27, 22, 25, 20, 18, 19, 30, 15, 4, 53, 11, 8, 7, 13, 12, 10, 14, 9, 28, 56, 38, 35, 42, 41, 37, 69, 65, 67, 63, 43, 31, 46, 45, 62, 61];45629.0
73840.0;[31, 68, 69, 67, 47, 56, 55, 18, 16, 19, 46, 45, 58, 15, 4, 53, 27, 22, 25, 30, 44, 49, 14, 51, 50, 20, 17, 5, 59, 57, 23, 52, 13, 39, 37, 60, 62, 61, 42, 41, 36, 40, 38, 35, 63, 65, 66, 64, 48, 43, 29, 21, 33, 34, 32, 12, 10, 9, 11, 8, 7, 28, 54, 24, 6, 2, 1, 0, 26, 3];45624.0
71567.0;[16, 19, 30, 46, 48, 43, 39, 37, 15, 7, 20, 24, 21, 26, 55, 51, 50, 33, 29, 3, 28, 45, 62, 61, 18, 17, 42, 41, 40, 32, 12, 14, 10, 4, 27, 22, 25, 13, 11, 8, 49, 47, 34, 31, 9, 5, 6, 60, 59, 2, 1, 0, 56, 54, 52, 58, 57, 44, 23, 53, 38, 35, 36, 69, 68, 67, 63, 66, 64, 65];45382.0
72929.0;[25, 3, 5, 11, 8, 12, 65, 67, 58, 24, 56, 54, 59, 57, 44, 43, 34, 32, 27, 55, 51, 33, 31, 30, 50, 18, 19, 47, 29, 21, 26, 6, 0, 1, 60, 2, 28, 52, 23, 62, 61, 53, 20, 17, 16, 15, 4, 35, 36, 42, 41, 40, 39, 37, 38, 13, 7, 46, 45, 68, 66, 63, 64, 69, 48, 49, 14, 10, 9, 22];43648.0
68004.0;[28, 45, 64, 48, 16, 2, 1, 0, 38, 35, 41, 44, 43, 34, 30, 15, 11, 3, 18, 19, 47, 29, 54, 52, 50, 36, 42, 40, 32, 12, 10, 9, 7, 20, 17, 27, 22, 25, 5, 6, 24, 56, 33, 31, 62, 61, 58, 57, 4, 23, 55, 53, 21, 26, 51, 46, 49, 14, 13, 8, 60, 59, 39, 37, 69, 67, 63, 65, 68, 66];45493.0
72923.0;[40, 32, 20, 18, 58, 2, 4, 14, 10, 9, 0, 1, 31, 30, 69, 67, 68, 19, 50, 52, 54, 57, 44, 16, 17, 22, 23, 15, 27, 21, 55, 51, 53, 25, 13, 34, 36, 42, 41, 24, 56, 45, 62, 61, 60, 59, 65, 66, 63, 64, 48, 46, 43, 49, 47, 33, 29, 12, 11, 8, 7, 3, 5, 6, 28, 26, 35, 38, 39, 37];45976.0
70050.0;[7, 3, 6, 16, 28, 30, 46, 45, 61, 58, 15, 2, 1, 0, 56, 53, 20, 17, 5, 4, 54, 52, 23, 62, 59, 10, 14, 63, 66, 32, 27, 22, 35, 37, 65, 68, 64, 36, 21, 26, 57, 44, 48, 43, 49, 47, 33, 31, 60, 34, 42, 40, 39, 41, 69, 67, 38, 13, 8, 11, 51, 50, 18, 19, 25, 24, 55, 29, 12, 9];44899.0
71872.0;[0, 1, 59, 58, 25, 7, 14, 8, 16, 19, 51, 20, 17, 24, 56, 50, 18, 31, 30, 44, 49, 47, 55, 54, 52, 53, 33, 29, 21, 26, 6, 3, 38, 13, 12, 10, 9, 11, 68, 69, 67, 65, 66, 64, 63, 48, 43, 57, 27, 22, 35, 39, 40, 36, 42, 41, 37, 60, 34, 32, 46, 45, 62, 61, 23, 15, 2, 28, 5, 4];43718.0
72141.0;[2, 27, 22, 5, 6, 45, 58, 15, 11, 38, 35, 57, 0, 26, 55, 51, 19, 25, 30, 39, 37, 40, 36, 42, 41, 21, 24, 56, 33, 31, 62, 59, 44, 49, 68, 69, 67, 65, 63, 66, 64, 48, 16, 28, 54, 52, 46, 43, 29, 23, 61, 4, 13, 8, 20, 17, 1, 60, 34, 32, 12, 10, 14, 9, 7, 3, 18, 47, 50, 53];44909.0
72756.0;[44, 23, 61, 16, 35, 38, 66, 64, 36, 14, 49, 47, 33, 31, 62, 59, 10, 9, 5, 53, 21, 24, 4, 2, 15, 11, 8, 7, 56, 50, 18, 19, 0, 1, 26, 13, 12, 52, 54, 57, 27, 58, 28, 30, 41, 42, 40, 34, 32, 29, 55, 51, 46, 45, 3, 20, 17, 22, 25, 39, 37, 69, 65, 68, 67, 63, 48, 43, 6, 60];45812.0
71052.0;[11, 8, 2, 4, 54, 20, 17, 3, 46, 45, 58, 62, 61, 60, 34, 32, 67, 63, 64, 48, 47, 33, 31, 30, 15, 28, 52, 56, 53, 27, 22, 68, 65, 38, 39, 40, 36, 42, 41, 23, 26, 55, 51, 50, 18, 57, 44, 49, 14, 7, 13, 59, 10, 9, 43, 29, 21, 24, 6, 0, 1, 5, 16, 19, 25, 35, 37, 69, 66, 12];45481.0
71163.0;[4, 23, 5, 3, 50, 31, 58, 28, 15, 43, 49, 29, 12, 11, 7, 56, 53, 20, 17, 55, 61, 57, 44, 68, 67, 63, 48, 22, 21, 54, 52, 34, 32, 27, 25, 24, 2, 1, 0, 26, 13, 8, 30, 36, 42, 40, 41, 60, 59, 9, 16, 18, 19, 51, 46, 45, 62, 10, 14, 35, 38, 39, 37, 69, 65, 66, 64, 47, 33, 6];45893.0
71718.0;[26, 55, 42, 41, 68, 65, 3, 28, 30, 50, 19, 18, 31, 62, 34, 69, 67, 35, 38, 13, 14, 5, 22, 25, 20, 17, 2, 1, 0, 15, 11, 8, 12, 10, 9, 7, 66, 63, 64, 48, 43, 6, 16, 51, 46, 45, 61, 59, 58, 57, 4, 54, 52, 23, 56, 53, 27, 24, 33, 32, 44, 49, 47, 40, 36, 39, 37, 60, 29, 21];45612.0
70312.0;[10, 33, 31, 46, 45, 43, 11, 8, 62, 58, 23, 28, 21, 26, 55, 2, 0, 1, 16, 15, 5, 4, 3, 6, 44, 49, 67, 63, 41, 24, 56, 12, 9, 7, 13, 59, 57, 27, 22, 35, 38, 39, 37, 60, 61, 54, 52, 51, 50, 18, 19, 47, 53, 20, 17, 25, 30, 42, 40, 36, 69, 65, 66, 64, 68, 48, 34, 32, 29, 14];45177.0
72214.0;[3, 31, 62, 0, 1, 15, 27, 9, 11, 43, 49, 47, 33, 58, 68, 66, 19, 25, 12, 10, 7, 14, 51, 50, 35, 38, 39, 40, 36, 42, 41, 24, 23, 26, 6, 28, 56, 53, 2, 4, 60, 59, 34, 32, 29, 54, 52, 13, 8, 20, 18, 30, 37, 69, 67, 65, 63, 64, 48, 16, 17, 22, 21, 55, 61, 57, 44, 46, 45, 5];45211.0
74620.0;[21, 10, 9, 51, 50, 46, 45, 5, 4, 0, 1, 60, 59, 57, 27, 24, 33, 34, 31, 30, 35, 38, 39, 37, 6, 16, 15, 23, 26, 13, 20, 17, 22, 25, 29, 69, 68, 66, 65, 67, 63, 64, 48, 43, 44, 49, 14, 12, 11, 8, 7, 3, 18, 19, 47, 55, 53, 54, 52, 2, 56, 42, 41, 36, 40, 32, 62, 61, 58, 28];44076.0
69816.0;[47, 29, 24, 2, 4, 21, 26, 33, 32, 44, 46, 48, 43, 6, 20, 5, 11, 8, 38, 35, 13, 60, 59, 57, 22, 25, 45, 58, 15, 27, 42, 40, 0, 1, 23, 62, 61, 34, 31, 30, 41, 36, 39, 37, 69, 68, 67, 63, 65, 66, 64, 49, 14, 10, 12, 9, 7, 3, 28, 55, 51, 50, 17, 54, 52, 56, 53, 18, 16, 19];44645.0
72319.0;[66, 19, 55, 54, 52, 33, 58, 28, 5, 3, 21, 26, 61, 57, 44, 48, 6, 0, 1, 60, 34, 31, 30, 41, 40, 32, 27, 25, 22, 35, 38, 13, 8, 11, 43, 49, 47, 29, 12, 14, 2, 56, 53, 51, 50, 17, 16, 18, 24, 46, 45, 62, 59, 10, 4, 23, 15, 9, 7, 20, 39, 37, 69, 64, 36, 42, 65, 68, 67, 63];44875.0
72719.0;[0, 5, 36, 40, 34, 23, 55, 47, 48, 43, 51, 20, 17, 22, 25, 21, 26, 6, 16, 15, 11, 8, 7, 13, 10, 9, 12, 38, 35, 39, 42, 41, 37, 60, 62, 61, 59, 58, 57, 44, 49, 14, 18, 19, 50, 33, 32, 29, 27, 24, 56, 53, 3, 28, 54, 52, 46, 45, 68, 69, 67, 63, 66, 64, 65, 31, 30, 4, 2, 1];44135.0
70505.0;[14, 5, 11, 8, 30, 46, 45, 29, 21, 24, 27, 26, 2, 4, 37, 68, 66, 65, 67, 63, 41, 40, 36, 42, 53, 54, 52, 56, 33, 15, 23, 55, 31, 58, 44, 43, 49, 47, 62, 59, 10, 9, 7, 3, 60, 34, 61, 57, 0, 1, 32, 22, 25, 13, 12, 28, 35, 38, 39, 69, 64, 48, 6, 16, 19, 51, 50, 18, 20, 17];44834.0
72724.0;[27, 24, 28, 23, 53, 51, 50, 5, 6, 4, 29, 12, 14, 11, 8, 46, 45, 31, 30, 15, 47, 55, 54, 52, 56, 33, 9, 7, 2, 22, 21, 26, 20, 17, 16, 19, 58, 25, 3, 60, 44, 49, 35, 69, 67, 65, 68, 66, 63, 64, 48, 43, 34, 32, 37, 39, 40, 36, 42, 41, 38, 13, 10, 0, 1, 18, 62, 61, 59, 57];43139.0
73076.0;[18, 0, 1, 2, 23, 26, 35, 41, 68, 65, 64, 47, 52, 56, 55, 20, 5, 3, 33, 29, 51, 46, 45, 49, 43, 6, 44, 67, 63, 48, 12, 14, 17, 16, 15, 27, 22, 25, 13, 11, 8, 60, 59, 10, 9, 7, 28, 30, 50, 31, 62, 61, 58, 21, 24, 34, 32, 57, 4, 54, 53, 38, 36, 42, 40, 39, 37, 69, 66, 19];46078.0
71947.0;[64, 16, 15, 46, 45, 49, 47, 19, 18, 62, 58, 33, 31, 30, 5, 9, 34, 32, 29, 21, 26, 55, 2, 4, 23, 52, 51, 50, 56, 12, 11, 8, 7, 13, 14, 10, 20, 17, 22, 25, 3, 6, 0, 1, 60, 61, 54, 53, 27, 24, 28, 59, 57, 44, 48, 43, 67, 38, 35, 39, 40, 36, 42, 41, 37, 69, 65, 68, 66, 63];43050.0
71313.0;[62, 61, 38, 39, 40, 0, 1, 69, 68, 34, 32, 58, 26, 55, 53, 23, 30, 15, 2, 4, 59, 57, 56, 33, 51, 11, 9, 12, 10, 46, 45, 49, 43, 67, 63, 64, 21, 14, 5, 3, 27, 24, 29, 65, 66, 7, 13, 8, 20, 47, 50, 17, 16, 19, 18, 31, 44, 48, 6, 28, 54, 52, 25, 22, 35, 42, 41, 36, 37, 60];47664.0
70661.0;[62, 61, 59, 58, 57, 23, 2, 1, 0, 56, 53, 25, 24, 20, 18, 16, 19, 47, 48, 43, 6, 38, 39, 40, 32, 27, 22, 21, 33, 31, 30, 51, 50, 17, 8, 68, 69, 67, 63, 66, 64, 65, 46, 45, 49, 14, 10, 9, 11, 36, 42, 41, 37, 35, 13, 7, 28, 54, 52, 15, 5, 4, 26, 55, 29, 12, 3, 60, 44, 34];43632.0
69707.0;[42, 46, 45, 29, 13, 8, 18, 19, 47, 5, 20, 17, 15, 28, 2, 1, 27, 24, 34, 32, 12, 3, 60, 44, 43, 49, 48, 16, 41, 37, 67, 63, 65, 68, 58, 23, 62, 61, 59, 4, 22, 25, 6, 0, 38, 69, 66, 64, 21, 26, 51, 50, 54, 57, 56, 53, 33, 31, 30, 39, 35, 14, 10, 9, 11, 7, 52, 55, 40, 36];46758.0
71441.0;[40, 44, 47, 58, 57, 6, 28, 5, 59, 10, 1, 0, 33, 68, 64, 48, 16, 51, 29, 55, 54, 52, 15, 7, 3, 60, 21, 26, 35, 38, 67, 63, 66, 19, 50, 18, 31, 62, 61, 4, 2, 39, 37, 69, 65, 46, 45, 49, 43, 34, 32, 27, 22, 25, 13, 12, 9, 11, 8, 14, 20, 17, 24, 56, 53, 23, 30, 36, 42, 41];46230.0
72398.0;[36, 13, 9, 11, 8, 7, 3, 60, 59, 57, 51, 46, 45, 27, 22, 23, 15, 2, 4, 28, 54, 20, 18, 17, 16, 19, 42, 41, 40, 29, 21, 24, 6, 0, 1, 26, 33, 31, 62, 61, 58, 44, 48, 43, 67, 63, 66, 64, 47, 49, 34, 32, 12, 10, 14, 5, 30, 50, 56, 53, 52, 55, 25, 35, 38, 39, 37, 69, 65, 68];43241.0
70657.0;[49, 34, 14, 60, 59, 57, 23, 62, 61, 7, 13, 11, 3, 28, 56, 33, 31, 41, 36, 69, 65, 68, 66, 63, 64, 17, 16, 19, 30, 39, 37, 40, 21, 26, 55, 50, 20, 18, 5, 6, 44, 48, 43, 67, 38, 35, 42, 53, 54, 52, 51, 46, 45, 58, 15, 27, 32, 29, 12, 10, 9, 8, 2, 4, 22, 25, 24, 0, 1, 47];45644.0
73546.0;[6, 26, 2, 4, 31, 30, 15, 19, 51, 33, 32, 62, 59, 58, 56, 50, 18, 16, 20, 17, 25, 35, 38, 36, 0, 1, 5, 11, 8, 7, 3, 28, 54, 52, 69, 67, 49, 47, 55, 53, 27, 21, 24, 23, 12, 10, 9, 42, 41, 40, 39, 37, 60, 22, 46, 45, 61, 57, 44, 68, 65, 66, 64, 63, 48, 43, 34, 29, 13, 14];44543.0
72238.0;[46, 6, 16, 19, 2, 33, 29, 55, 54, 52, 51, 50, 18, 62, 61, 57, 58, 27, 22, 21, 24, 56, 53, 69, 64, 0, 26, 9, 7, 20, 17, 25, 13, 12, 10, 14, 5, 1, 60, 59, 8, 11, 3, 30, 36, 42, 41, 40, 45, 34, 31, 32, 44, 48, 43, 4, 23, 15, 28, 35, 38, 39, 37, 67, 63, 66, 65, 68, 49, 47];45741.0
74738.0;[36, 15, 4, 56, 33, 31, 19, 55, 51, 50, 18, 28, 54, 52, 13, 63, 64, 48, 29, 12, 9, 8, 7, 14, 5, 3, 6, 60, 59, 57, 44, 49, 43, 35, 42, 41, 40, 53, 27, 21, 24, 23, 26, 30, 34, 32, 22, 25, 11, 10, 20, 17, 16, 47, 46, 45, 62, 61, 58, 2, 1, 0, 38, 39, 37, 69, 67, 68, 65, 66];43987.0
68037.0;[44, 29, 12, 58, 56, 53, 4, 2, 1, 0, 55, 51, 33, 31, 30, 39, 37, 69, 66, 65, 67, 48, 38, 35, 36, 68, 63, 64, 42, 41, 40, 62, 59, 10, 9, 11, 43, 6, 50, 20, 18, 19, 17, 16, 15, 23, 28, 54, 52, 21, 26, 13, 14, 49, 47, 34, 32, 24, 60, 8, 7, 5, 27, 22, 25, 3, 46, 45, 61, 57];44731.0
73175.0;[47, 36, 42, 21, 24, 33, 34, 32, 29, 58, 57, 30, 15, 2, 28, 26, 5, 6, 17, 22, 25, 3, 60, 44, 27, 23, 55, 51, 46, 45, 49, 68, 67, 63, 16, 54, 52, 50, 13, 12, 8, 7, 20, 18, 31, 35, 41, 40, 14, 10, 9, 11, 1, 0, 56, 53, 38, 39, 37, 69, 65, 66, 64, 48, 43, 62, 61, 59, 4, 19];44929.0
70077.0;[51, 46, 45, 31, 16, 15, 4, 23, 2, 0, 1, 26, 13, 8, 12, 11, 5, 28, 56, 53, 38, 35, 14, 10, 9, 7, 3, 52, 55, 50, 17, 65, 68, 48, 43, 62, 61, 34, 32, 27, 22, 25, 24, 6, 60, 59, 58, 57, 44, 49, 47, 29, 21, 33, 30, 37, 39, 69, 67, 63, 66, 64, 42, 41, 40, 36, 54, 20, 18, 19];43902.0
71462.0;[58, 27, 22, 25, 24, 56, 33, 32, 29, 9, 68, 65, 36, 42, 40, 38, 35, 14, 10, 8, 20, 39, 41, 5, 4, 26, 54, 52, 13, 7, 2, 23, 15, 28, 21, 18, 19, 47, 55, 61, 57, 44, 49, 12, 11, 50, 17, 16, 51, 53, 3, 6, 0, 1, 60, 34, 30, 37, 69, 67, 63, 66, 64, 48, 46, 45, 43, 31, 62, 59];44132.0
74588.0;[55, 42, 41, 27, 22, 25, 29, 23, 8, 11, 47, 33, 32, 12, 3, 6, 16, 15, 7, 13, 10, 9, 18, 31, 30, 37, 69, 66, 64, 65, 68, 67, 63, 48, 43, 34, 36, 35, 38, 39, 40, 45, 62, 61, 58, 56, 50, 20, 17, 19, 51, 53, 2, 1, 0, 26, 60, 44, 49, 14, 5, 4, 21, 24, 28, 54, 52, 46, 59, 57];44393.0
74681.0;[3, 60, 57, 44, 47, 55, 0, 1, 5, 4, 23, 61, 59, 62, 58, 27, 24, 65, 66, 64, 48, 43, 32, 29, 9, 7, 2, 56, 33, 31, 30, 15, 11, 12, 10, 14, 8, 46, 45, 49, 34, 54, 52, 18, 37, 40, 36, 21, 26, 6, 28, 51, 53, 20, 17, 16, 19, 50, 22, 25, 39, 42, 41, 68, 69, 67, 63, 38, 35, 13];45208.0
73323.0;[3, 18, 30, 12, 10, 14, 5, 4, 54, 20, 17, 16, 19, 47, 33, 15, 21, 24, 6, 0, 1, 60, 9, 11, 7, 2, 39, 37, 40, 36, 42, 41, 23, 56, 50, 35, 38, 13, 8, 34, 32, 31, 62, 61, 58, 28, 26, 55, 53, 52, 51, 46, 45, 68, 67, 69, 65, 66, 64, 63, 48, 43, 27, 59, 57, 44, 49, 29, 22, 25];43171.0
75457.0;[26, 19, 37, 59, 31, 30, 50, 5, 3, 60, 18, 16, 15, 27, 21, 24, 56, 33, 34, 14, 12, 10, 9, 11, 8, 7, 6, 0, 1, 2, 4, 38, 39, 41, 40, 32, 29, 23, 61, 57, 44, 48, 43, 49, 47, 55, 51, 53, 20, 17, 22, 54, 52, 13, 46, 45, 62, 58, 25, 35, 36, 42, 69, 68, 65, 67, 63, 66, 64, 28];43442.0
73844.0;[40, 61, 23, 15, 27, 25, 3, 60, 34, 31, 30, 29, 51, 18, 57, 44, 43, 62, 59, 58, 24, 33, 32, 69, 67, 63, 66, 36, 13, 8, 56, 50, 17, 16, 19, 47, 55, 53, 2, 4, 28, 54, 52, 38, 39, 41, 37, 6, 0, 1, 20, 5, 11, 12, 10, 9, 7, 14, 22, 21, 26, 46, 45, 68, 65, 64, 48, 49, 35, 42];45002.0
73051.0;[40, 58, 2, 28, 59, 57, 33, 31, 62, 61, 54, 20, 17, 19, 16, 15, 53, 52, 56, 55, 51, 50, 18, 47, 5, 1, 0, 26, 35, 38, 39, 37, 60, 44, 49, 7, 3, 6, 4, 23, 21, 24, 27, 22, 25, 13, 8, 46, 45, 34, 32, 69, 65, 68, 67, 63, 66, 64, 48, 43, 29, 14, 12, 10, 9, 11, 30, 36, 42, 41];42736.0
73069.0;[28, 39, 37, 59, 4, 23, 52, 25, 35, 38, 13, 46, 45, 68, 65, 67, 63, 66, 24, 30, 34, 32, 0, 1, 15, 11, 7, 3, 60, 61, 36, 42, 41, 40, 69, 64, 48, 43, 6, 17, 12, 10, 14, 5, 53, 21, 26, 29, 9, 8, 16, 19, 55, 54, 57, 44, 49, 47, 33, 27, 22, 56, 51, 50, 20, 18, 31, 62, 58, 2];44947.0
72618.0;[37, 60, 14, 5, 6, 15, 4, 38, 35, 36, 42, 41, 23, 26, 55, 51, 18, 31, 58, 28, 54, 53, 43, 29, 69, 67, 63, 66, 57, 44, 34, 32, 27, 24, 2, 1, 0, 56, 50, 22, 21, 3, 52, 62, 59, 16, 19, 30, 46, 45, 61, 20, 17, 25, 11, 12, 10, 9, 8, 7, 13, 68, 65, 64, 48, 49, 47, 33, 40, 39];45354.0
72654.0;[11, 43, 68, 66, 64, 65, 38, 39, 62, 61, 58, 2, 28, 57, 44, 48, 47, 55, 25, 13, 14, 59, 10, 46, 45, 49, 8, 7, 4, 23, 54, 52, 51, 50, 18, 19, 33, 31, 30, 36, 42, 41, 40, 27, 22, 21, 24, 6, 60, 34, 32, 12, 3, 20, 17, 5, 16, 15, 1, 0, 56, 53, 26, 35, 37, 69, 67, 63, 29, 9];45341.0
73661.0;[24, 38, 39, 40, 62, 58, 27, 14, 49, 47, 55, 16, 15, 6, 7, 2, 22, 25, 13, 8, 20, 18, 31, 61, 54, 53, 3, 60, 44, 43, 34, 32, 29, 28, 56, 33, 35, 36, 42, 41, 23, 5, 4, 26, 52, 46, 45, 68, 66, 59, 57, 51, 50, 17, 19, 30, 37, 69, 67, 65, 64, 63, 48, 12, 9, 11, 10, 0, 1, 21];46022.0
73146.0;[68, 13, 60, 18, 30, 51, 61, 59, 10, 9, 14, 5, 3, 20, 17, 32, 29, 12, 11, 8, 7, 2, 28, 52, 46, 45, 43, 6, 44, 48, 49, 47, 34, 1, 0, 38, 35, 40, 36, 42, 41, 69, 67, 63, 66, 64, 39, 21, 24, 56, 50, 16, 19, 55, 54, 53, 26, 33, 31, 62, 58, 57, 27, 22, 25, 23, 15, 4, 37, 65];44866.0
71950.0;[1, 54, 52, 37, 69, 67, 33, 30, 15, 28, 53, 38, 39, 40, 55, 50, 16, 11, 8, 7, 34, 32, 44, 43, 31, 62, 58, 57, 56, 20, 17, 22, 27, 21, 26, 2, 23, 29, 13, 12, 14, 51, 46, 45, 61, 4, 25, 35, 42, 41, 36, 68, 66, 65, 63, 64, 48, 19, 18, 24, 3, 60, 59, 10, 9, 49, 47, 5, 6, 0];45648.0
73355.0;[20, 17, 3, 28, 55, 16, 15, 2, 1, 0, 5, 4, 33, 31, 46, 45, 61, 53, 25, 24, 6, 44, 48, 43, 49, 35, 14, 10, 9, 7, 38, 39, 40, 32, 27, 23, 56, 54, 52, 51, 18, 19, 47, 62, 59, 60, 58, 57, 22, 21, 26, 30, 37, 69, 68, 67, 65, 66, 64, 63, 41, 36, 42, 34, 29, 13, 12, 8, 11, 50];43733.0
71294.0;[64, 21, 56, 50, 17, 12, 20, 39, 40, 36, 42, 41, 54, 52, 53, 22, 25, 13, 11, 8, 46, 45, 62, 61, 58, 2, 0, 1, 34, 32, 29, 33, 31, 30, 37, 38, 35, 14, 10, 9, 5, 27, 24, 28, 15, 7, 3, 60, 59, 57, 48, 43, 49, 47, 55, 51, 19, 18, 16, 4, 23, 26, 6, 44, 67, 63, 66, 65, 68, 69];43539.0
72705.0;[16, 19, 58, 57, 27, 14, 5, 6, 0, 1, 2, 4, 22, 25, 34, 32, 12, 9, 7, 28, 54, 24, 56, 50, 53, 20, 17, 47, 33, 31, 44, 49, 43, 29, 55, 51, 46, 45, 62, 59, 10, 63, 64, 48, 42, 40, 35, 38, 39, 41, 36, 69, 67, 68, 66, 65, 15, 23, 21, 26, 13, 8, 11, 3, 52, 18, 30, 37, 60, 61];44898.0
70586.0;[0, 1, 23, 15, 28, 62, 59, 10, 14, 51, 50, 56, 53, 38, 39, 42, 40, 29, 54, 52, 55, 30, 20, 18, 31, 58, 57, 44, 49, 47, 5, 4, 13, 12, 9, 8, 11, 7, 2, 21, 26, 33, 41, 36, 69, 67, 63, 34, 32, 27, 22, 25, 35, 37, 60, 61, 16, 19, 17, 24, 6, 3, 46, 45, 43, 65, 68, 66, 64, 48];44669.0
73997.0;[43, 29, 14, 34, 32, 30, 16, 15, 5, 6, 60, 59, 22, 25, 3, 7, 13, 12, 10, 9, 11, 8, 49, 47, 50, 18, 19, 33, 31, 62, 58, 56, 53, 27, 23, 55, 51, 20, 17, 28, 54, 52, 21, 24, 4, 38, 35, 69, 66, 64, 39, 37, 2, 0, 1, 26, 46, 45, 61, 57, 44, 48, 65, 68, 67, 63, 41, 36, 42, 40];44749.0
71968.0;[44, 43, 34, 32, 23, 62, 61, 58, 12, 10, 9, 7, 3, 5, 4, 0, 1, 60, 59, 57, 27, 22, 21, 26, 55, 53, 38, 36, 39, 37, 46, 45, 49, 35, 13, 14, 20, 18, 19, 51, 50, 31, 30, 29, 25, 24, 56, 33, 15, 2, 28, 54, 52, 11, 8, 6, 17, 16, 47, 48, 68, 69, 67, 63, 66, 65, 64, 42, 41, 40];42965.0
71344.0;[9, 11, 16, 51, 53, 21, 10, 14, 50, 31, 62, 58, 2, 28, 59, 57, 55, 30, 8, 7, 27, 22, 35, 38, 42, 40, 29, 23, 15, 4, 0, 1, 60, 44, 49, 47, 5, 6, 3, 20, 18, 19, 17, 25, 24, 56, 33, 41, 36, 39, 37, 67, 63, 66, 65, 69, 68, 64, 48, 43, 34, 32, 26, 46, 45, 61, 54, 52, 13, 12];43915.0
73819.0;[32, 12, 9, 11, 16, 15, 6, 44, 48, 43, 29, 27, 22, 14, 10, 38, 39, 37, 40, 45, 62, 61, 59, 57, 4, 26, 68, 66, 64, 21, 24, 23, 5, 2, 1, 0, 20, 18, 47, 55, 53, 51, 50, 17, 19, 25, 7, 3, 60, 58, 56, 33, 31, 30, 46, 49, 35, 42, 41, 36, 28, 54, 52, 13, 8, 34, 69, 65, 67, 63];45391.0
72778.0;[20, 17, 4, 26, 6, 38, 13, 14, 5, 30, 37, 59, 58, 56, 9, 8, 12, 10, 43, 68, 66, 46, 45, 49, 47, 35, 42, 40, 39, 41, 36, 0, 1, 52, 21, 33, 32, 27, 22, 25, 11, 7, 3, 60, 34, 29, 24, 65, 69, 67, 63, 64, 48, 16, 19, 55, 51, 50, 18, 31, 62, 61, 57, 44, 23, 15, 2, 28, 54, 53];44578.0
72307.0;[20, 57, 43, 31, 33, 51, 50, 17, 16, 19, 25, 24, 56, 69, 67, 65, 36, 42, 41, 40, 38, 39, 37, 35, 13, 11, 9, 8, 7, 3, 6, 60, 34, 32, 29, 27, 22, 21, 26, 2, 23, 15, 0, 1, 59, 58, 28, 12, 10, 14, 5, 4, 46, 45, 62, 61, 54, 52, 18, 30, 44, 68, 66, 64, 63, 48, 49, 47, 55, 53];43744.0
71182.0;[21, 35, 15, 11, 8, 6, 44, 49, 29, 23, 2, 28, 54, 52, 34, 32, 27, 26, 22, 25, 3, 60, 59, 58, 56, 50, 18, 19, 47, 55, 53, 51, 46, 45, 61, 16, 33, 20, 17, 38, 69, 67, 63, 66, 36, 42, 24, 30, 41, 40, 39, 37, 68, 65, 64, 48, 43, 31, 62, 57, 4, 0, 1, 5, 9, 7, 13, 12, 10, 14];44284.0
69954.0;[51, 53, 43, 6, 27, 21, 26, 24, 23, 62, 59, 57, 56, 33, 34, 32, 0, 1, 20, 17, 5, 3, 31, 29, 12, 9, 8, 11, 7, 46, 45, 61, 37, 69, 67, 63, 66, 65, 64, 68, 58, 2, 4, 22, 25, 13, 10, 14, 49, 47, 55, 30, 38, 35, 39, 40, 36, 42, 41, 60, 44, 48, 16, 15, 28, 54, 52, 50, 18, 19];43446.0
72861.0;[56, 33, 34, 31, 30, 27, 22, 25, 16, 19, 17, 21, 26, 24, 6, 15, 7, 14, 10, 0, 1, 39, 37, 65, 66, 64, 69, 67, 63, 36, 42, 41, 40, 35, 38, 13, 8, 20, 18, 62, 61, 58, 57, 3, 60, 59, 44, 48, 43, 29, 68, 32, 12, 9, 11, 5, 4, 23, 52, 51, 46, 45, 49, 47, 55, 50, 54, 53, 2, 28];43996.0
76319.0;[33, 58, 28, 56, 20, 24, 4, 2, 38, 39, 37, 60, 61, 54, 53, 27, 21, 26, 46, 43, 29, 55, 30, 34, 32, 0, 1, 45, 62, 10, 9, 31, 44, 48, 16, 15, 5, 3, 18, 19, 47, 49, 14, 6, 59, 57, 23, 52, 51, 50, 17, 22, 25, 35, 68, 66, 64, 69, 67, 65, 63, 41, 40, 36, 42, 12, 11, 8, 7, 13];45136.0
71153.0;[68, 67, 58, 57, 56, 50, 53, 52, 18, 19, 47, 33, 31, 62, 61, 20, 17, 16, 4, 15, 12, 65, 66, 63, 64, 21, 13, 8, 11, 3, 60, 14, 5, 59, 10, 9, 7, 34, 32, 27, 22, 25, 30, 36, 42, 41, 40, 44, 48, 23, 26, 29, 54, 24, 55, 51, 46, 43, 6, 0, 1, 2, 28, 45, 49, 35, 38, 39, 37, 69];44653.0
72581.0;[12, 7, 22, 25, 11, 13, 14, 5, 4, 33, 51, 53, 20, 17, 2, 1, 0, 38, 42, 41, 40, 29, 23, 62, 61, 58, 57, 27, 24, 56, 54, 52, 21, 26, 60, 44, 48, 43, 49, 47, 50, 18, 19, 55, 30, 3, 6, 28, 59, 10, 9, 8, 16, 15, 46, 45, 34, 32, 31, 35, 36, 39, 37, 69, 67, 63, 64, 68, 65, 66];43453.0
74620.0;[14, 5, 55, 53, 3, 46, 45, 12, 10, 9, 11, 43, 65, 68, 58, 26, 19, 37, 69, 67, 63, 66, 64, 48, 16, 2, 1, 60, 59, 57, 0, 38, 35, 39, 42, 41, 40, 36, 27, 22, 25, 13, 8, 7, 20, 18, 34, 32, 29, 21, 24, 6, 28, 54, 52, 51, 50, 17, 15, 23, 56, 33, 31, 30, 44, 49, 47, 62, 61, 4];44273.0
71506.0;[27, 24, 30, 16, 11, 43, 29, 25, 23, 15, 2, 4, 38, 65, 66, 53, 3, 46, 45, 58, 28, 56, 33, 31, 35, 13, 14, 8, 62, 61, 57, 22, 21, 26, 6, 0, 1, 59, 44, 49, 47, 55, 54, 52, 40, 36, 42, 41, 37, 60, 34, 32, 20, 17, 19, 51, 50, 18, 39, 69, 67, 68, 63, 64, 48, 12, 10, 9, 7, 5];45287.0
71105.0;[42, 41, 24, 27, 26, 6, 3, 65, 64, 48, 43, 59, 57, 23, 62, 61, 36, 40, 44, 49, 47, 33, 31, 13, 14, 12, 10, 9, 11, 8, 7, 20, 18, 16, 15, 46, 45, 58, 2, 1, 0, 56, 53, 22, 21, 60, 34, 32, 29, 28, 54, 52, 25, 5, 4, 37, 69, 67, 63, 66, 68, 19, 51, 50, 17, 55, 30, 35, 38, 39];43973.0
74802.0;[68, 17, 25, 13, 8, 7, 28, 5, 36, 31, 30, 34, 62, 61, 58, 26, 6, 2, 23, 52, 54, 24, 56, 55, 50, 16, 15, 4, 27, 22, 35, 37, 67, 63, 66, 64, 21, 20, 18, 19, 51, 53, 3, 60, 59, 57, 1, 0, 38, 39, 42, 41, 40, 44, 48, 43, 29, 12, 14, 10, 9, 11, 46, 45, 49, 47, 33, 32, 69, 65];44148.0
70437.0;[22, 25, 3, 8, 11, 43, 6, 34, 31, 62, 61, 36, 42, 41, 40, 32, 0, 1, 5, 26, 18, 47, 33, 15, 2, 4, 30, 50, 20, 17, 44, 49, 35, 13, 7, 38, 39, 37, 60, 10, 14, 12, 9, 28, 54, 59, 57, 23, 52, 51, 46, 45, 58, 65, 68, 67, 63, 66, 64, 69, 48, 16, 19, 55, 29, 21, 24, 56, 53, 27];44254.0
71710.0;[47, 5, 6, 52, 69, 66, 32, 44, 48, 43, 65, 68, 67, 63, 64, 21, 24, 56, 33, 62, 58, 57, 38, 39, 37, 35, 13, 12, 11, 8, 7, 20, 61, 53, 27, 22, 25, 3, 60, 59, 10, 14, 9, 28, 54, 50, 17, 16, 15, 4, 23, 31, 30, 36, 42, 41, 40, 55, 51, 46, 45, 49, 34, 29, 2, 1, 0, 26, 18, 19];44472.0
67810.0;[6, 16, 19, 22, 25, 11, 8, 51, 50, 36, 38, 39, 41, 40, 0, 1, 18, 30, 37, 67, 63, 47, 53, 15, 28, 5, 4, 56, 33, 31, 9, 7, 3, 60, 34, 59, 58, 13, 12, 10, 14, 68, 69, 66, 65, 64, 48, 43, 32, 29, 54, 52, 55, 20, 17, 44, 46, 45, 49, 35, 42, 24, 2, 23, 62, 61, 57, 27, 21, 26];45384.0
69132.0;[57, 10, 14, 5, 6, 31, 51, 32, 30, 29, 65, 68, 66, 36, 39, 42, 24, 33, 34, 1, 0, 56, 54, 20, 18, 15, 7, 27, 23, 55, 53, 38, 35, 37, 58, 2, 4, 22, 21, 26, 62, 61, 9, 8, 46, 45, 48, 16, 19, 47, 50, 17, 28, 12, 11, 3, 52, 25, 13, 60, 44, 49, 43, 64, 69, 67, 63, 41, 40, 59];46628.0
72217.0;[66, 25, 24, 27, 22, 23, 12, 14, 10, 9, 28, 26, 6, 20, 17, 16, 15, 3, 60, 59, 58, 56, 55, 51, 53, 38, 13, 8, 62, 61, 57, 44, 49, 35, 39, 42, 41, 40, 36, 11, 7, 46, 45, 64, 48, 43, 29, 21, 54, 52, 50, 18, 19, 47, 5, 4, 2, 1, 0, 33, 34, 32, 31, 30, 37, 68, 69, 67, 65, 63];43665.0
73697.0;[47, 35, 38, 39, 37, 69, 67, 43, 28, 55, 53, 27, 24, 30, 16, 19, 18, 15, 6, 4, 54, 2, 56, 33, 32, 29, 9, 11, 40, 36, 42, 41, 23, 5, 1, 0, 51, 46, 45, 49, 14, 12, 3, 52, 50, 22, 21, 26, 58, 57, 44, 34, 31, 62, 61, 60, 59, 10, 20, 17, 25, 13, 8, 7, 66, 65, 68, 63, 64, 48];44919.0
72938.0;[15, 28, 21, 26, 52, 54, 20, 17, 25, 11, 5, 4, 56, 53, 27, 24, 6, 34, 32, 62, 61, 59, 57, 0, 1, 38, 39, 41, 60, 44, 68, 66, 46, 45, 49, 14, 10, 9, 12, 3, 18, 47, 55, 51, 50, 16, 19, 22, 30, 37, 35, 42, 40, 36, 69, 65, 67, 63, 64, 48, 43, 29, 33, 31, 58, 13, 8, 7, 2, 23];43796.0
74403.0;[21, 26, 6, 2, 28, 57, 38, 39, 40, 36, 34, 59, 10, 13, 12, 14, 8, 46, 45, 61, 53, 3, 60, 44, 48, 47, 33, 32, 22, 20, 17, 25, 4, 54, 52, 18, 19, 55, 29, 23, 62, 58, 56, 9, 7, 27, 24, 16, 51, 50, 31, 30, 15, 0, 1, 5, 11, 43, 49, 35, 37, 69, 67, 63, 66, 65, 68, 64, 42, 41];44544.0
71078.0;[68, 65, 66, 53, 15, 6, 0, 1, 2, 4, 22, 25, 3, 60, 34, 32, 27, 23, 55, 51, 5, 59, 57, 56, 50, 17, 16, 47, 46, 45, 49, 14, 9, 8, 12, 10, 38, 35, 36, 42, 41, 24, 28, 54, 52, 11, 7, 20, 18, 19, 30, 37, 69, 67, 63, 64, 39, 40, 44, 48, 43, 29, 21, 26, 33, 31, 62, 61, 58, 13];43797.0
71441.0;[14, 5, 4, 26, 6, 3, 60, 59, 21, 35, 38, 13, 8, 46, 62, 61, 58, 27, 23, 15, 28, 12, 10, 9, 11, 7, 34, 31, 30, 52, 50, 33, 32, 29, 51, 18, 19, 55, 54, 57, 44, 48, 43, 20, 17, 16, 2, 1, 0, 45, 49, 47, 53, 22, 25, 24, 56, 63, 65, 68, 66, 64, 42, 41, 40, 39, 37, 69, 67, 36];44447.0
72335.0;[38, 13, 20, 18, 30, 39, 41, 37, 69, 64, 21, 26, 19, 17, 16, 0, 1, 29, 12, 10, 9, 11, 2, 23, 56, 33, 31, 62, 58, 25, 34, 59, 57, 44, 49, 43, 47, 55, 51, 50, 54, 52, 42, 35, 36, 40, 32, 27, 24, 28, 15, 46, 45, 68, 66, 65, 67, 63, 48, 5, 4, 22, 14, 8, 7, 3, 6, 60, 61, 53];45099.0
70067.0;[11, 38, 39, 37, 4, 2, 0, 1, 31, 30, 36, 42, 41, 24, 59, 58, 15, 23, 56, 53, 5, 28, 54, 52, 55, 51, 50, 18, 19, 47, 33, 29, 12, 10, 9, 57, 44, 46, 62, 61, 40, 45, 65, 68, 69, 67, 63, 48, 43, 49, 64, 66, 35, 14, 8, 7, 20, 17, 25, 3, 60, 34, 32, 27, 22, 21, 26, 13, 6, 16];44982.0
71431.0;[41, 55, 51, 22, 25, 24, 23, 30, 69, 67, 58, 57, 56, 9, 7, 2, 4, 27, 6, 0, 38, 39, 1, 29, 12, 10, 34, 32, 31, 62, 61, 53, 21, 26, 52, 13, 14, 5, 3, 50, 17, 16, 47, 33, 15, 28, 54, 59, 60, 44, 68, 66, 65, 63, 64, 48, 43, 11, 8, 20, 18, 19, 46, 45, 49, 35, 37, 40, 36, 42];45223.0
70912.0;[40, 24, 30, 39, 37, 3, 50, 5, 6, 4, 26, 55, 51, 31, 62, 10, 14, 63, 66, 65, 68, 67, 36, 42, 52, 56, 53, 38, 35, 69, 64, 48, 16, 18, 19, 21, 27, 22, 46, 45, 58, 57, 2, 1, 0, 33, 34, 32, 12, 9, 11, 43, 49, 47, 29, 28, 54, 20, 17, 25, 13, 8, 7, 60, 61, 59, 44, 23, 15, 41];46033.0
73412.0;[31, 58, 28, 21, 26, 55, 20, 18, 47, 49, 35, 36, 40, 34, 33, 32, 29, 24, 6, 16, 19, 62, 61, 53, 23, 15, 2, 0, 1, 59, 57, 44, 48, 5, 3, 30, 51, 50, 17, 4, 54, 52, 56, 12, 10, 14, 11, 8, 60, 27, 22, 25, 13, 9, 7, 38, 39, 42, 41, 37, 68, 69, 67, 63, 66, 64, 65, 46, 45, 43];43533.0
68942.0;[1, 26, 20, 17, 14, 7, 3, 60, 44, 43, 49, 47, 50, 18, 19, 57, 23, 15, 2, 4, 56, 33, 32, 27, 22, 25, 13, 8, 6, 11, 46, 45, 58, 21, 24, 28, 54, 52, 55, 51, 53, 38, 65, 68, 36, 39, 37, 35, 42, 40, 34, 31, 30, 29, 12, 10, 9, 5, 59, 62, 61, 41, 69, 67, 63, 66, 64, 48, 16, 0];43762.0
72366.0;[17, 24, 6, 0, 56, 33, 34, 32, 12, 60, 44, 48, 49, 47, 19, 18, 30, 15, 5, 3, 27, 22, 35, 36, 59, 57, 42, 41, 40, 31, 62, 61, 4, 25, 13, 11, 8, 7, 14, 10, 9, 66, 64, 21, 26, 28, 55, 50, 16, 54, 52, 51, 46, 45, 58, 38, 39, 37, 69, 68, 67, 65, 63, 43, 29, 23, 53, 2, 1, 20];45492.0
70653.0;[45, 4, 2, 1, 0, 54, 52, 13, 8, 6, 55, 53, 25, 3, 27, 22, 21, 24, 28, 26, 35, 41, 36, 42, 40, 29, 23, 56, 19, 47, 49, 14, 12, 10, 9, 38, 39, 37, 69, 67, 63, 66, 65, 64, 68, 51, 50, 17, 16, 33, 31, 62, 61, 60, 59, 58, 57, 44, 48, 43, 34, 32, 11, 7, 20, 18, 30, 15, 5, 46];43364.0
70904.0;[31, 62, 61, 57, 51, 50, 19, 41, 36, 8, 14, 5, 59, 60, 58, 2, 56, 53, 20, 17, 3, 26, 6, 0, 1, 18, 11, 43, 49, 47, 23, 55, 44, 68, 66, 65, 69, 67, 63, 64, 48, 16, 15, 27, 22, 21, 24, 28, 30, 46, 45, 34, 32, 29, 54, 52, 25, 13, 12, 10, 9, 7, 38, 35, 42, 40, 39, 37, 4, 33];44086.0
68663.0;[31, 52, 69, 65, 3, 38, 39, 37, 14, 10, 9, 7, 2, 1, 0, 62, 59, 57, 27, 13, 11, 5, 6, 4, 42, 41, 36, 40, 23, 55, 51, 50, 33, 34, 32, 12, 20, 17, 25, 24, 56, 54, 53, 16, 15, 46, 45, 61, 58, 22, 21, 26, 28, 30, 47, 29, 8, 60, 44, 48, 43, 49, 35, 64, 68, 67, 63, 66, 19, 18];45601.0
72000.0;[29, 33, 51, 19, 25, 13, 8, 16, 15, 4, 61, 59, 60, 63, 48, 49, 14, 20, 47, 55, 50, 17, 12, 10, 9, 7, 28, 21, 24, 6, 2, 1, 0, 26, 62, 58, 57, 38, 35, 11, 5, 27, 22, 23, 56, 54, 52, 53, 3, 18, 31, 30, 36, 39, 37, 67, 65, 68, 69, 66, 64, 42, 41, 40, 44, 46, 45, 43, 34, 32];44662.0
69837.0;[40, 29, 51, 50, 17, 22, 23, 15, 56, 55, 53, 21, 26, 46, 45, 49, 14, 5, 4, 2, 0, 1, 31, 30, 39, 65, 63, 64, 28, 62, 61, 54, 52, 25, 12, 11, 41, 37, 69, 67, 38, 13, 10, 9, 7, 3, 60, 59, 58, 57, 27, 24, 6, 16, 19, 44, 43, 34, 33, 32, 8, 20, 18, 47, 48, 68, 66, 35, 36, 42];45498.0
72309.0;[2, 28, 56, 54, 57, 23, 15, 47, 49, 11, 8, 7, 22, 21, 24, 59, 4, 26, 35, 38, 13, 14, 6, 50, 33, 31, 62, 61, 18, 19, 25, 34, 32, 29, 12, 10, 9, 5, 3, 30, 51, 46, 45, 68, 69, 58, 27, 52, 42, 41, 36, 39, 37, 40, 55, 53, 20, 17, 16, 0, 1, 60, 44, 65, 67, 63, 66, 64, 48, 43];45019.0
71794.0;[27, 22, 21, 24, 56, 55, 51, 32, 29, 44, 49, 43, 12, 10, 9, 11, 8, 7, 28, 54, 53, 3, 18, 31, 30, 46, 45, 6, 60, 2, 4, 25, 35, 42, 41, 40, 36, 39, 38, 13, 14, 20, 17, 19, 37, 69, 67, 63, 65, 68, 66, 64, 48, 16, 15, 47, 0, 1, 26, 33, 34, 59, 62, 61, 58, 57, 23, 52, 50, 5];43188.0
72645.0;[21, 65, 66, 19, 51, 50, 53, 20, 18, 31, 62, 58, 27, 26, 52, 56, 55, 29, 12, 10, 9, 7, 17, 16, 2, 28, 54, 44, 49, 47, 33, 15, 5, 6, 4, 22, 25, 24, 34, 32, 0, 1, 3, 60, 59, 57, 23, 30, 37, 69, 68, 67, 63, 64, 48, 43, 11, 40, 39, 42, 41, 36, 35, 38, 13, 14, 8, 46, 45, 61];43563.0
73485.0;[37, 60, 14, 5, 6, 38, 42, 41, 40, 50, 16, 4, 27, 26, 54, 52, 13, 12, 10, 9, 28, 55, 2, 23, 15, 46, 43, 31, 62, 61, 58, 57, 44, 49, 34, 32, 29, 22, 25, 20, 17, 19, 51, 45, 68, 66, 65, 63, 64, 21, 24, 56, 53, 33, 35, 36, 69, 67, 48, 47, 0, 1, 59, 8, 11, 7, 3, 18, 30, 39];45546.0
71037.0;[61, 58, 22, 7, 3, 8, 46, 47, 54, 20, 5, 45, 68, 65, 6, 4, 33, 31, 30, 39, 37, 69, 67, 63, 64, 66, 55, 2, 28, 52, 51, 50, 17, 25, 24, 56, 53, 27, 23, 26, 0, 1, 60, 34, 32, 59, 57, 44, 48, 43, 29, 21, 14, 49, 35, 36, 42, 38, 13, 12, 10, 9, 19, 18, 16, 15, 11, 41, 40, 62];46048.0
68682.0;[46, 45, 49, 48, 16, 15, 5, 2, 1, 0, 56, 55, 53, 38, 13, 26, 6, 20, 18, 19, 47, 62, 61, 9, 12, 14, 10, 4, 59, 57, 44, 43, 27, 50, 17, 22, 35, 39, 37, 40, 36, 58, 24, 34, 31, 30, 25, 11, 8, 7, 3, 28, 54, 52, 51, 33, 32, 29, 21, 60, 66, 65, 64, 68, 69, 67, 63, 42, 41, 23];45017.0
71575.0;[34, 1, 0, 4, 54, 38, 13, 8, 49, 47, 53, 2, 23, 52, 51, 46, 45, 62, 57, 56, 50, 19, 18, 31, 29, 12, 63, 64, 16, 11, 10, 9, 61, 58, 24, 33, 32, 27, 26, 25, 14, 5, 6, 55, 30, 41, 40, 36, 42, 20, 17, 22, 21, 28, 15, 7, 3, 60, 59, 44, 35, 39, 37, 69, 65, 68, 66, 67, 48, 43];45428.0
70709.0;[51, 29, 22, 25, 14, 2, 1, 0, 21, 26, 6, 34, 32, 44, 68, 65, 35, 13, 10, 12, 8, 7, 18, 19, 17, 16, 54, 52, 56, 50, 20, 24, 28, 5, 61, 59, 57, 38, 69, 67, 63, 66, 64, 48, 43, 46, 45, 49, 47, 33, 15, 4, 30, 36, 42, 41, 40, 39, 37, 60, 9, 11, 3, 31, 62, 58, 27, 23, 55, 53];44714.0
75500.0;[55, 30, 15, 2, 23, 5, 4, 21, 26, 46, 45, 62, 61, 41, 40, 32, 12, 20, 17, 22, 25, 13, 11, 8, 49, 47, 53, 52, 24, 60, 59, 57, 44, 27, 31, 58, 28, 54, 38, 39, 37, 67, 63, 64, 48, 43, 34, 1, 0, 56, 33, 29, 14, 10, 9, 7, 3, 6, 16, 18, 19, 51, 50, 35, 42, 69, 65, 68, 66, 36];43945.0
72277.0;[22, 25, 24, 33, 32, 29, 12, 63, 64, 21, 56, 50, 18, 47, 48, 49, 43, 59, 10, 14, 9, 11, 31, 30, 52, 54, 57, 44, 16, 2, 4, 28, 26, 13, 8, 7, 17, 19, 55, 51, 46, 45, 62, 61, 58, 27, 6, 38, 35, 42, 40, 36, 0, 1, 60, 34, 23, 15, 5, 3, 20, 39, 41, 37, 69, 68, 67, 65, 66, 53];45228.0
70149.0;[60, 56, 53, 52, 25, 3, 0, 1, 20, 18, 31, 30, 51, 50, 19, 47, 55, 2, 4, 38, 13, 8, 7, 17, 22, 33, 34, 32, 29, 24, 28, 54, 57, 44, 27, 23, 62, 61, 59, 58, 21, 26, 6, 16, 15, 46, 45, 43, 65, 68, 67, 63, 69, 66, 64, 48, 5, 9, 11, 12, 10, 14, 49, 35, 42, 41, 40, 36, 37, 39];43669.0
72490.0;[58, 26, 55, 39, 38, 13, 20, 17, 16, 19, 28, 15, 4, 23, 31, 30, 50, 53, 51, 18, 62, 61, 7, 3, 60, 44, 48, 46, 45, 49, 47, 5, 6, 33, 34, 32, 12, 10, 14, 8, 2, 56, 54, 52, 21, 24, 27, 22, 25, 35, 69, 67, 63, 66, 65, 68, 64, 37, 36, 42, 41, 40, 43, 29, 9, 11, 0, 1, 59, 57];44158.0
73502.0;[23, 62, 61, 57, 22, 21, 26, 33, 31, 30, 50, 18, 47, 48, 43, 49, 35, 42, 41, 40, 36, 37, 60, 34, 32, 20, 17, 16, 19, 13, 14, 11, 8, 46, 45, 58, 25, 5, 6, 0, 1, 15, 4, 59, 44, 27, 24, 56, 55, 29, 12, 10, 9, 7, 2, 28, 54, 52, 51, 53, 3, 38, 65, 69, 67, 68, 63, 66, 64, 39];43039.0
42350.0;[1, 18, 30, 25, 23, 26, 24, 33, 31, 15, 4, 2, 56, 50, 53, 38, 35, 13, 8, 34, 32, 27, 22, 21, 51, 46, 45, 49, 5, 3, 60, 59, 57, 44, 48, 43, 29, 12, 10, 14, 9, 11, 7, 20, 17, 16, 19, 47, 39, 37, 69, 65, 67, 63, 66, 64, 68, 36, 42, 41, 40, 62, 61, 58, 6, 28, 54, 52, 55, 0]
