ftv44
5765.0;[24, 42, 25, 26, 27, 28, 29, 23, 22, 18, 16, 1, 2, 4, 6, 44, 3, 39, 40, 41, 5, 0, 20, 7, 8, 9, 10, 11, 14, 19, 43, 12, 13, 15, 17, 21, 31, 32, 33, 34, 36, 37, 38, 35, 30];2078.0
6579.0;[10, 31, 30, 29, 2, 3, 6, 7, 21, 26, 25, 28, 32, 34, 36, 35, 1, 5, 0, 19, 14, 15, 16, 17, 18, 42, 22, 23, 24, 27, 33, 37, 44, 39, 38, 40, 9, 8, 41, 4, 20, 43, 12, 13, 11];2407.0
6641.0;[9, 10, 19, 31, 32, 27, 26, 42, 24, 23, 22, 0, 2, 38, 35, 33, 34, 36, 37, 3, 4, 5, 20, 11, 43, 12, 13, 15, 30, 25, 28, 29, 18, 16, 17, 14, 21, 1, 44, 40, 39, 41, 6, 7, 8];2288.0
6018.0;[13, 42, 23, 43, 11, 31, 44, 39, 34, 33, 27, 25, 28, 36, 37, 5, 20, 10, 15, 17, 14, 21, 19, 0, 1, 2, 3, 4, 6, 41, 38, 35, 32, 30, 29, 26, 24, 22, 18, 16, 7, 8, 40, 9, 12];2517.0
5983.0;[10, 43, 13, 14, 15, 23, 24, 42, 32, 35, 28, 25, 26, 27, 33, 34, 36, 3, 4, 5, 20, 8, 6, 7, 9, 11, 12, 19, 21, 0, 1, 2, 31, 30, 29, 37, 38, 44, 40, 41, 39, 18, 16, 17, 22];2430.0
5744.0;[8, 40, 36, 37, 39, 38, 35, 31, 0, 1, 2, 30, 29, 24, 42, 23, 22, 19, 21, 32, 28, 25, 26, 27, 33, 34, 44, 4, 5, 14, 15, 16, 17, 18, 13, 12, 3, 41, 6, 10, 43, 11, 20, 7, 9];2219.0
6081.0;[20, 8, 9, 41, 35, 15, 17, 2, 5, 21, 0, 24, 23, 27, 28, 29, 25, 26, 42, 18, 16, 12, 13, 19, 31, 32, 33, 34, 30, 22, 14, 43, 11, 10, 1, 44, 39, 40, 36, 37, 38, 3, 4, 6, 7];2565.0
6112.0;[32, 36, 29, 24, 42, 25, 28, 22, 10, 43, 11, 12, 13, 15, 23, 18, 16, 17, 20, 7, 9, 8, 40, 6, 41, 3, 4, 5, 19, 14, 21, 0, 1, 2, 30, 26, 27, 33, 34, 37, 38, 44, 39, 35, 31];2198.0
6467.0;[32, 36, 37, 39, 40, 41, 38, 35, 31, 2, 5, 0, 1, 44, 3, 4, 19, 18, 16, 17, 14, 10, 15, 24, 25, 27, 33, 34, 28, 29, 26, 42, 23, 22, 21, 20, 9, 8, 6, 7, 43, 11, 12, 13, 30];2266.0
6466.0;[1, 35, 31, 19, 21, 0, 33, 34, 32, 36, 44, 3, 5, 15, 17, 14, 30, 24, 22, 43, 12, 13, 11, 10, 27, 28, 29, 25, 26, 42, 23, 18, 16, 20, 7, 8, 9, 40, 37, 38, 39, 6, 41, 4, 2];2471.0
6099.0;[15, 17, 19, 32, 36, 0, 21, 31, 30, 24, 42, 22, 23, 18, 16, 20, 9, 8, 4, 29, 25, 28, 35, 1, 2, 26, 27, 33, 34, 37, 38, 5, 44, 3, 39, 40, 41, 6, 7, 43, 12, 13, 11, 10, 14];2407.0
6636.0;[22, 44, 3, 4, 5, 31, 32, 33, 34, 35, 19, 21, 0, 30, 25, 26, 42, 23, 18, 16, 17, 43, 11, 12, 13, 15, 14, 1, 2, 20, 7, 9, 8, 40, 39, 27, 28, 36, 37, 38, 6, 41, 10, 29, 24];2354.0
5763.0;[19, 2, 31, 30, 18, 16, 17, 21, 0, 1, 3, 4, 5, 29, 25, 28, 43, 12, 13, 15, 14, 20, 9, 8, 40, 39, 41, 6, 7, 11, 10, 35, 32, 33, 34, 36, 37, 44, 38, 27, 26, 42, 23, 24, 22];2386.0
6170.0;[18, 16, 9, 8, 27, 28, 32, 38, 44, 39, 40, 6, 41, 5, 25, 26, 24, 12, 13, 14, 0, 21, 31, 30, 29, 33, 34, 35, 36, 37, 1, 2, 3, 4, 20, 7, 10, 43, 11, 19, 42, 23, 22, 15, 17];2569.0
5740.0;[8, 1, 2, 5, 0, 21, 14, 15, 17, 19, 31, 30, 29, 44, 40, 39, 32, 36, 34, 35, 28, 25, 26, 22, 20, 7, 11, 10, 43, 13, 12, 16, 18, 42, 23, 24, 27, 33, 37, 38, 3, 4, 41, 6, 9];2283.0
6241.0;[42, 0, 29, 24, 23, 15, 17, 1, 5, 2, 31, 30, 25, 28, 22, 43, 10, 14, 19, 21, 20, 7, 9, 8, 38, 35, 44, 39, 40, 34, 33, 27, 32, 36, 37, 3, 4, 6, 41, 11, 12, 13, 16, 18, 26];2467.0
6585.0;[35, 32, 33, 34, 19, 12, 13, 1, 6, 41, 4, 2, 31, 36, 37, 38, 44, 3, 5, 21, 43, 11, 10, 29, 25, 27, 28, 26, 42, 23, 22, 18, 16, 15, 17, 0, 30, 24, 14, 20, 7, 8, 9, 40, 39];2358.0
6237.0;[31, 15, 17, 21, 1, 6, 43, 11, 12, 13, 16, 22, 18, 42, 23, 27, 33, 34, 35, 36, 37, 44, 3, 4, 5, 2, 0, 19, 10, 14, 20, 7, 9, 8, 40, 41, 39, 38, 30, 29, 24, 26, 25, 28, 32];2231.0
5958.0;[4, 6, 5, 0, 21, 19, 18, 42, 25, 28, 29, 35, 32, 31, 1, 3, 38, 44, 39, 40, 9, 14, 20, 10, 7, 8, 41, 2, 30, 22, 43, 11, 13, 12, 15, 16, 17, 23, 24, 26, 27, 33, 34, 36, 37];2350.0
6231.0;[36, 31, 18, 42, 26, 24, 23, 22, 17, 14, 15, 16, 0, 1, 2, 5, 21, 19, 20, 10, 7, 9, 8, 40, 39, 41, 38, 44, 3, 4, 6, 43, 12, 13, 11, 30, 29, 28, 25, 27, 33, 34, 37, 35, 32];2287.0
6192.0;[11, 29, 36, 31, 19, 21, 32, 35, 12, 13, 20, 9, 8, 40, 39, 41, 4, 5, 0, 1, 2, 30, 18, 42, 22, 23, 26, 24, 28, 25, 27, 33, 34, 37, 38, 44, 3, 6, 7, 10, 16, 17, 15, 14, 43];2508.0
6508.0;[40, 24, 22, 43, 11, 13, 23, 26, 25, 37, 38, 0, 15, 17, 19, 21, 20, 8, 9, 41, 6, 7, 10, 2, 3, 4, 5, 14, 12, 16, 18, 42, 27, 33, 34, 36, 35, 31, 30, 29, 28, 32, 1, 44, 39];2713.0
6153.0;[4, 20, 8, 38, 44, 39, 28, 25, 26, 42, 23, 22, 1, 2, 3, 41, 6, 10, 11, 7, 9, 40, 36, 37, 32, 27, 33, 34, 35, 30, 29, 24, 18, 16, 17, 19, 0, 21, 14, 43, 12, 13, 15, 31, 5];2370.0
6150.0;[41, 6, 39, 38, 35, 30, 29, 22, 14, 21, 0, 2, 31, 1, 5, 20, 43, 12, 13, 11, 10, 32, 28, 36, 19, 17, 15, 18, 16, 42, 23, 24, 26, 25, 27, 33, 34, 4, 7, 9, 8, 40, 37, 44, 3];2400.0
5340.0;[37, 38, 35, 1, 2, 31, 32, 33, 27, 26, 18, 16, 12, 13, 43, 11, 10, 14, 15, 17, 23, 42, 22, 21, 0, 29, 34, 19, 20, 7, 8, 9, 39, 40, 41, 6, 44, 3, 4, 5, 30, 24, 25, 28, 36];2425.0
5805.0;[29, 44, 4, 0, 1, 39, 38, 5, 2, 35, 32, 33, 34, 27, 28, 36, 37, 3, 41, 6, 43, 11, 10, 20, 7, 9, 8, 40, 25, 26, 24, 22, 18, 42, 23, 15, 12, 13, 16, 17, 14, 19, 21, 31, 30];2299.0
5642.0;[31, 38, 39, 40, 41, 24, 22, 20, 14, 1, 2, 4, 5, 44, 3, 6, 8, 9, 7, 10, 11, 36, 37, 35, 32, 28, 25, 27, 33, 34, 43, 12, 13, 19, 21, 0, 30, 29, 26, 42, 23, 15, 17, 18, 16];2564.0
6274.0;[17, 21, 19, 1, 4, 5, 2, 0, 32, 28, 35, 31, 30, 29, 36, 37, 44, 39, 40, 38, 3, 41, 6, 9, 7, 43, 11, 12, 13, 20, 8, 34, 33, 27, 25, 26, 42, 23, 22, 24, 14, 10, 15, 18, 16];2297.0
6430.0;[24, 22, 21, 0, 19, 16, 18, 42, 23, 25, 28, 32, 20, 9, 8, 40, 39, 36, 37, 38, 41, 6, 7, 12, 13, 43, 11, 10, 14, 15, 17, 31, 30, 29, 26, 27, 33, 34, 35, 5, 1, 2, 44, 3, 4];2360.0
6029.0;[41, 0, 29, 22, 14, 21, 19, 42, 23, 24, 27, 33, 34, 36, 37, 35, 1, 2, 20, 43, 11, 13, 15, 12, 16, 18, 17, 10, 7, 9, 8, 40, 44, 3, 39, 38, 4, 5, 31, 30, 25, 26, 28, 32, 6];2366.0
5947.0;[10, 30, 29, 23, 24, 22, 21, 31, 36, 37, 3, 4, 5, 15, 17, 43, 13, 14, 19, 0, 1, 2, 20, 11, 12, 16, 18, 42, 26, 25, 27, 28, 32, 33, 34, 35, 9, 8, 40, 41, 39, 38, 44, 6, 7];2342.0
6844.0;[6, 21, 0, 3, 4, 5, 31, 30, 29, 25, 26, 42, 12, 13, 15, 17, 23, 22, 18, 16, 24, 27, 28, 33, 34, 36, 37, 38, 20, 8, 40, 9, 7, 10, 43, 11, 14, 19, 32, 35, 1, 2, 44, 39, 41];2326.0
6766.0;[22, 31, 30, 29, 33, 27, 26, 42, 24, 25, 28, 32, 35, 1, 2, 21, 14, 15, 18, 16, 7, 9, 8, 40, 39, 5, 20, 10, 19, 0, 44, 34, 36, 37, 38, 3, 4, 6, 41, 43, 11, 12, 13, 17, 23];2355.0
6453.0;[35, 33, 34, 27, 26, 24, 14, 19, 0, 30, 22, 18, 16, 43, 12, 13, 11, 21, 31, 36, 37, 3, 41, 6, 7, 10, 15, 17, 1, 2, 44, 4, 5, 32, 28, 29, 25, 42, 23, 20, 9, 8, 40, 39, 38];2394.0
6259.0;[6, 39, 35, 31, 32, 28, 25, 27, 34, 36, 37, 7, 10, 11, 16, 18, 24, 42, 23, 22, 14, 20, 8, 9, 4, 5, 21, 43, 12, 13, 15, 17, 19, 1, 2, 38, 44, 3, 0, 30, 29, 26, 33, 40, 41];2432.0
6007.0;[42, 23, 7, 10, 19, 15, 17, 24, 22, 18, 16, 14, 43, 11, 12, 13, 21, 0, 31, 30, 29, 25, 27, 28, 37, 38, 32, 33, 34, 36, 5, 20, 9, 8, 39, 40, 41, 1, 2, 44, 3, 4, 6, 35, 26];2322.0
5885.0;[13, 44, 4, 21, 0, 31, 29, 33, 34, 27, 28, 32, 35, 1, 2, 20, 43, 11, 10, 9, 8, 6, 7, 19, 15, 23, 25, 26, 42, 18, 16, 17, 36, 37, 39, 40, 41, 38, 3, 5, 30, 24, 22, 14, 12];2577.0
6163.0;[3, 4, 5, 20, 9, 8, 35, 31, 32, 27, 28, 22, 18, 16, 19, 21, 0, 30, 29, 25, 26, 42, 24, 23, 14, 43, 12, 11, 13, 15, 17, 33, 34, 36, 37, 38, 44, 39, 40, 41, 6, 7, 10, 1, 2];2218.0
6550.0;[21, 0, 31, 24, 23, 43, 10, 25, 28, 35, 32, 36, 37, 38, 40, 34, 33, 27, 26, 42, 20, 9, 8, 6, 7, 11, 12, 13, 15, 17, 19, 30, 29, 22, 18, 16, 14, 1, 44, 39, 3, 4, 41, 5, 2];2502.0
5567.0;[5, 38, 35, 32, 28, 26, 42, 23, 10, 9, 44, 3, 21, 19, 0, 1, 31, 2, 30, 29, 22, 18, 16, 14, 20, 8, 40, 39, 41, 6, 7, 43, 11, 12, 13, 15, 17, 24, 25, 27, 33, 34, 36, 37, 4];2251.0
6065.0;[17, 0, 32, 35, 31, 44, 3, 5, 20, 9, 8, 41, 28, 26, 42, 23, 22, 15, 14, 19, 1, 2, 4, 6, 7, 10, 43, 11, 12, 13, 21, 30, 25, 27, 33, 36, 37, 38, 39, 40, 34, 29, 24, 18, 16];2288.0
6148.0;[23, 27, 37, 38, 32, 33, 34, 36, 3, 20, 10, 7, 43, 11, 13, 28, 25, 26, 24, 22, 14, 15, 17, 19, 2, 5, 31, 30, 29, 35, 21, 0, 1, 44, 40, 39, 41, 4, 6, 8, 9, 12, 16, 18, 42];2518.0
6366.0;[32, 1, 6, 39, 38, 28, 29, 42, 22, 14, 0, 21, 19, 43, 11, 12, 15, 13, 10, 7, 8, 40, 41, 5, 2, 31, 30, 27, 33, 36, 34, 18, 16, 17, 23, 24, 26, 25, 37, 44, 3, 4, 20, 9, 35];2617.0
6477.0;[10, 14, 20, 8, 9, 7, 43, 11, 12, 13, 15, 19, 21, 1, 2, 5, 0, 31, 30, 29, 25, 26, 42, 22, 18, 16, 17, 23, 24, 27, 28, 35, 32, 33, 34, 36, 37, 44, 39, 38, 3, 40, 41, 6, 4];1936.0
6221.0;[23, 22, 13, 20, 7, 10, 43, 11, 12, 16, 17, 19, 28, 25, 26, 24, 14, 0, 44, 39, 36, 37, 38, 3, 41, 6, 9, 8, 40, 34, 32, 35, 31, 30, 29, 27, 33, 1, 2, 5, 4, 21, 15, 18, 42];2392.0
6392.0;[0, 26, 42, 18, 13, 11, 12, 16, 17, 15, 14, 43, 10, 20, 9, 8, 40, 39, 35, 30, 29, 25, 28, 32, 37, 38, 31, 22, 23, 24, 27, 33, 34, 36, 41, 6, 7, 19, 21, 1, 2, 44, 3, 4, 5];2248.0
6875.0;[41, 2, 29, 36, 37, 38, 6, 10, 43, 11, 12, 13, 14, 7, 8, 40, 39, 32, 33, 34, 35, 27, 28, 24, 18, 16, 31, 30, 25, 26, 42, 23, 22, 21, 1, 44, 3, 4, 5, 0, 19, 15, 17, 20, 9];2384.0
6114.0;[0, 5, 20, 10, 14, 19, 21, 36, 37, 31, 30, 22, 15, 1, 2, 4, 6, 7, 9, 8, 40, 41, 39, 38, 44, 3, 34, 35, 32, 28, 33, 27, 29, 24, 25, 26, 42, 23, 43, 11, 12, 13, 17, 18, 16];2284.0
6534.0;[5, 0, 17, 23, 20, 10, 19, 14, 43, 11, 12, 13, 21, 31, 1, 2, 39, 44, 3, 4, 6, 41, 7, 9, 8, 40, 32, 33, 34, 36, 37, 38, 35, 28, 29, 30, 22, 15, 16, 18, 42, 24, 25, 26, 27];2320.0
5256.0;[24, 42, 27, 33, 34, 31, 20, 10, 7, 9, 8, 40, 41, 39, 38, 32, 36, 37, 35, 30, 22, 18, 16, 19, 1, 2, 4, 6, 44, 3, 5, 0, 21, 43, 11, 12, 13, 14, 15, 17, 23, 28, 29, 25, 26];2195.0
5869.0;[1, 2, 5, 0, 21, 31, 32, 34, 35, 30, 29, 25, 26, 28, 36, 3, 6, 7, 10, 14, 19, 15, 23, 24, 22, 18, 16, 17, 42, 27, 33, 37, 44, 39, 40, 9, 8, 41, 38, 4, 20, 43, 11, 12, 13];2291.0
6058.0;[32, 18, 42, 22, 0, 21, 12, 13, 14, 19, 23, 24, 25, 36, 37, 44, 40, 39, 28, 26, 27, 33, 34, 43, 11, 10, 31, 30, 29, 15, 16, 17, 20, 7, 9, 8, 41, 4, 5, 1, 2, 3, 6, 38, 35];2538.0
5688.0;[3, 19, 21, 39, 44, 4, 6, 41, 5, 0, 29, 25, 28, 32, 1, 2, 20, 43, 12, 11, 13, 15, 16, 17, 18, 42, 23, 24, 22, 14, 10, 7, 9, 8, 40, 37, 38, 35, 31, 30, 26, 27, 33, 34, 36];2244.0
5914.0;[26, 43, 11, 7, 9, 40, 34, 36, 39, 5, 0, 31, 32, 27, 33, 37, 38, 35, 30, 29, 24, 23, 22, 15, 13, 17, 14, 44, 3, 4, 19, 21, 1, 2, 20, 8, 41, 6, 10, 12, 16, 18, 42, 25, 28];2528.0
6502.0;[13, 30, 29, 22, 18, 16, 17, 15, 19, 21, 33, 27, 26, 42, 23, 14, 20, 9, 8, 40, 41, 6, 7, 10, 43, 11, 0, 31, 1, 2, 44, 39, 34, 36, 37, 38, 3, 4, 5, 35, 32, 28, 25, 24, 12];2262.0
6028.0;[29, 22, 18, 42, 23, 21, 0, 1, 2, 38, 35, 28, 26, 24, 14, 19, 20, 10, 15, 25, 27, 34, 36, 37, 4, 5, 31, 30, 32, 33, 40, 8, 9, 7, 43, 11, 12, 13, 16, 17, 44, 3, 6, 41, 39];2577.0
6375.0;[2, 5, 0, 20, 7, 10, 19, 21, 3, 6, 14, 15, 17, 22, 23, 24, 32, 33, 27, 28, 29, 12, 13, 44, 40, 34, 36, 37, 38, 39, 35, 31, 30, 25, 26, 42, 18, 16, 43, 11, 9, 8, 41, 4, 1];2466.0
6036.0;[7, 15, 22, 24, 25, 27, 33, 37, 38, 41, 40, 34, 31, 30, 18, 16, 17, 14, 0, 2, 44, 39, 35, 29, 26, 42, 23, 28, 32, 36, 3, 4, 6, 43, 11, 10, 12, 13, 19, 21, 1, 5, 20, 8, 9];2418.0
6285.0;[3, 6, 10, 0, 1, 2, 20, 7, 8, 41, 4, 5, 31, 30, 29, 22, 23, 24, 25, 27, 33, 34, 35, 28, 26, 42, 18, 16, 17, 15, 14, 21, 44, 39, 40, 9, 43, 11, 12, 13, 19, 32, 36, 37, 38];2144.0
6317.0;[17, 20, 10, 12, 13, 16, 18, 42, 23, 27, 33, 31, 14, 43, 11, 21, 4, 5, 30, 29, 28, 25, 26, 24, 22, 19, 0, 1, 2, 38, 35, 32, 34, 36, 37, 44, 3, 6, 41, 39, 40, 9, 8, 7, 15];2314.0
5555.0;[7, 14, 15, 23, 22, 0, 39, 38, 35, 31, 1, 2, 21, 19, 43, 10, 11, 16, 17, 12, 13, 20, 9, 8, 40, 6, 41, 44, 5, 30, 29, 24, 18, 42, 25, 26, 27, 28, 32, 33, 34, 36, 37, 3, 4];2312.0
6552.0;[22, 9, 7, 8, 4, 0, 1, 31, 2, 5, 20, 10, 43, 11, 16, 17, 14, 12, 13, 21, 19, 15, 18, 42, 23, 28, 30, 29, 25, 27, 33, 34, 36, 37, 38, 44, 3, 39, 40, 6, 41, 35, 32, 26, 24];2243.0
6606.0;[33, 34, 4, 6, 41, 5, 1, 2, 0, 43, 13, 24, 25, 26, 28, 29, 30, 36, 37, 38, 8, 40, 39, 35, 32, 31, 44, 3, 21, 19, 14, 15, 18, 42, 22, 20, 7, 9, 10, 11, 12, 16, 17, 23, 27];2601.0
5707.0;[31, 33, 34, 26, 42, 14, 12, 16, 17, 15, 18, 25, 27, 28, 24, 23, 22, 43, 11, 13, 20, 8, 9, 40, 35, 1, 2, 5, 30, 29, 32, 36, 37, 38, 44, 3, 4, 6, 41, 39, 7, 10, 19, 21, 0];2394.0
6496.0;[4, 2, 44, 3, 5, 20, 10, 21, 19, 14, 12, 13, 0, 1, 29, 26, 25, 27, 28, 32, 33, 34, 35, 31, 30, 24, 42, 23, 22, 18, 16, 15, 17, 43, 11, 7, 9, 8, 6, 41, 40, 36, 37, 39, 38];2060.0
6260.0;[21, 15, 17, 14, 43, 19, 1, 5, 20, 11, 10, 7, 9, 8, 27, 42, 18, 16, 12, 13, 0, 31, 33, 34, 35, 32, 28, 30, 29, 24, 25, 26, 23, 22, 2, 44, 3, 41, 6, 39, 40, 36, 37, 38, 4];2485.0
6174.0;[3, 5, 20, 8, 41, 4, 0, 31, 30, 24, 22, 19, 1, 2, 39, 35, 28, 32, 36, 37, 38, 6, 7, 9, 40, 29, 26, 42, 25, 27, 33, 34, 21, 10, 43, 11, 12, 13, 15, 16, 17, 18, 23, 14, 44];2520.0
5782.0;[33, 36, 34, 37, 38, 4, 5, 0, 1, 2, 15, 18, 16, 17, 44, 3, 39, 35, 31, 30, 29, 14, 20, 10, 7, 9, 8, 40, 41, 6, 43, 11, 12, 13, 25, 27, 28, 26, 42, 24, 23, 22, 19, 21, 32];2374.0
5903.0;[41, 38, 0, 31, 24, 23, 12, 13, 11, 9, 8, 40, 34, 36, 35, 32, 27, 33, 37, 3, 4, 6, 7, 10, 43, 14, 19, 21, 1, 2, 5, 20, 30, 29, 22, 18, 16, 15, 17, 42, 26, 25, 28, 44, 39];2480.0
6031.0;[34, 31, 1, 6, 41, 5, 2, 39, 38, 35, 32, 27, 28, 29, 24, 25, 26, 42, 22, 23, 19, 21, 20, 15, 16, 18, 12, 13, 17, 14, 43, 11, 10, 7, 8, 9, 40, 36, 37, 44, 3, 4, 0, 30, 33];2205.0
6377.0;[13, 29, 24, 26, 25, 27, 28, 35, 31, 1, 2, 5, 19, 20, 9, 7, 14, 21, 32, 33, 34, 36, 3, 4, 41, 6, 8, 39, 40, 37, 38, 44, 0, 30, 42, 23, 22, 18, 16, 17, 15, 43, 11, 10, 12];2271.0
5742.0;[22, 8, 40, 39, 41, 6, 9, 14, 15, 17, 19, 21, 20, 7, 10, 43, 11, 16, 18, 12, 13, 32, 33, 27, 34, 1, 2, 44, 38, 3, 35, 30, 29, 25, 28, 36, 37, 4, 5, 0, 31, 26, 42, 23, 24];2456.0
6392.0;[32, 35, 31, 2, 5, 0, 1, 3, 6, 7, 10, 30, 25, 26, 22, 23, 24, 27, 33, 34, 28, 29, 14, 20, 9, 8, 38, 44, 39, 40, 41, 4, 21, 19, 43, 11, 12, 13, 17, 15, 16, 18, 42, 36, 37];2424.0
6274.0;[30, 22, 18, 16, 29, 36, 44, 3, 6, 35, 27, 28, 32, 37, 38, 39, 40, 33, 34, 1, 2, 20, 43, 11, 10, 7, 9, 8, 41, 4, 5, 25, 26, 24, 42, 23, 15, 17, 12, 13, 14, 19, 21, 0, 31];2406.0
6108.0;[15, 20, 10, 1, 44, 39, 38, 35, 31, 21, 12, 13, 17, 14, 30, 29, 24, 42, 23, 18, 16, 2, 6, 41, 32, 36, 37, 3, 4, 5, 0, 19, 43, 11, 7, 8, 9, 40, 34, 33, 27, 28, 25, 26, 22];2416.0
5902.0;[14, 20, 10, 19, 21, 1, 5, 0, 30, 32, 35, 31, 2, 38, 44, 3, 4, 6, 41, 7, 8, 9, 11, 12, 13, 15, 17, 43, 16, 18, 42, 23, 25, 26, 33, 36, 37, 39, 40, 34, 27, 28, 29, 24, 22];2187.0
6154.0;[12, 13, 19, 44, 3, 34, 35, 31, 21, 0, 1, 2, 6, 9, 7, 10, 20, 8, 41, 39, 40, 33, 27, 28, 24, 18, 16, 15, 17, 32, 36, 37, 38, 4, 5, 30, 29, 25, 26, 42, 23, 22, 14, 43, 11];2294.0
6398.0;[39, 34, 35, 29, 24, 18, 16, 44, 3, 4, 6, 7, 14, 20, 8, 9, 40, 41, 5, 30, 22, 43, 10, 11, 12, 13, 21, 0, 31, 32, 27, 33, 36, 37, 38, 28, 25, 26, 42, 23, 15, 17, 19, 1, 2];2417.0
5871.0;[37, 38, 3, 4, 5, 29, 24, 22, 19, 20, 7, 14, 15, 17, 43, 12, 13, 11, 10, 21, 0, 1, 2, 35, 32, 28, 25, 26, 27, 42, 23, 18, 16, 31, 30, 33, 34, 44, 41, 6, 9, 8, 39, 40, 36];2243.0
6336.0;[7, 10, 21, 1, 39, 37, 38, 44, 31, 24, 22, 20, 9, 8, 40, 41, 5, 0, 30, 29, 27, 28, 25, 26, 42, 32, 36, 33, 34, 35, 14, 43, 11, 12, 13, 15, 23, 18, 16, 17, 19, 2, 3, 4, 6];2443.0
5449.0;[6, 41, 16, 18, 13, 12, 0, 44, 3, 39, 38, 35, 31, 30, 24, 26, 42, 23, 22, 15, 17, 14, 19, 21, 20, 7, 10, 43, 11, 9, 8, 40, 4, 5, 1, 2, 32, 34, 33, 27, 29, 25, 28, 36, 37];2359.0
5599.0;[17, 15, 30, 29, 24, 22, 14, 21, 0, 1, 31, 25, 26, 42, 23, 20, 7, 9, 8, 41, 6, 4, 2, 44, 3, 5, 19, 10, 43, 11, 12, 13, 39, 40, 34, 35, 32, 27, 33, 36, 37, 38, 28, 18, 16];2359.0
6592.0;[21, 2, 5, 0, 1, 44, 39, 38, 29, 24, 20, 10, 43, 11, 9, 41, 3, 4, 6, 7, 8, 40, 36, 33, 34, 27, 28, 22, 18, 12, 16, 17, 15, 13, 14, 19, 32, 37, 35, 31, 30, 25, 26, 42, 23];2519.0
6224.0;[44, 41, 6, 33, 34, 36, 35, 30, 22, 20, 7, 8, 9, 40, 39, 38, 5, 43, 12, 13, 15, 17, 11, 10, 19, 0, 1, 2, 3, 4, 14, 16, 18, 24, 42, 23, 21, 31, 29, 25, 26, 27, 28, 32, 37];2457.0
6166.0;[11, 12, 39, 38, 35, 36, 37, 6, 41, 1, 2, 30, 25, 26, 27, 33, 34, 0, 19, 21, 20, 7, 9, 8, 40, 44, 3, 4, 5, 31, 32, 28, 29, 24, 42, 23, 22, 18, 16, 17, 15, 13, 14, 10, 43];2126.0
6343.0;[29, 44, 4, 21, 0, 1, 2, 39, 41, 6, 14, 19, 31, 35, 28, 32, 34, 36, 33, 27, 26, 25, 24, 42, 23, 22, 18, 16, 17, 43, 10, 7, 9, 8, 40, 37, 38, 3, 5, 20, 11, 12, 13, 15, 30];2304.0
6365.0;[28, 33, 34, 31, 19, 21, 0, 1, 44, 41, 4, 6, 39, 35, 42, 23, 22, 18, 16, 17, 43, 10, 11, 12, 15, 13, 14, 32, 36, 37, 38, 3, 5, 2, 20, 7, 9, 8, 40, 30, 29, 24, 25, 26, 27];2215.0
6069.0;[14, 0, 26, 25, 27, 28, 29, 22, 8, 40, 33, 34, 35, 1, 4, 6, 7, 43, 11, 12, 13, 20, 9, 41, 39, 3, 5, 2, 30, 24, 42, 23, 18, 16, 15, 17, 19, 21, 31, 32, 36, 37, 38, 44, 10];2414.0
6238.0;[12, 13, 15, 18, 16, 44, 39, 35, 32, 31, 1, 3, 41, 6, 9, 7, 17, 14, 21, 0, 2, 30, 29, 25, 26, 42, 23, 24, 22, 8, 40, 33, 34, 27, 28, 36, 37, 38, 4, 5, 19, 20, 10, 43, 11];2343.0
6286.0;[15, 23, 22, 19, 44, 3, 40, 39, 38, 35, 5, 20, 8, 9, 7, 11, 10, 0, 31, 32, 34, 33, 27, 28, 36, 37, 30, 29, 24, 25, 26, 42, 18, 16, 17, 14, 21, 1, 2, 4, 41, 6, 43, 12, 13];2312.0
5698.0;[10, 14, 1, 2, 44, 4, 6, 11, 12, 16, 18, 42, 22, 15, 17, 20, 7, 9, 8, 40, 34, 35, 32, 0, 21, 19, 43, 13, 23, 24, 28, 26, 25, 27, 33, 36, 37, 41, 39, 38, 3, 5, 31, 30, 29];2327.0
6105.0;[11, 14, 19, 23, 22, 16, 18, 42, 24, 27, 28, 36, 37, 39, 38, 33, 34, 35, 5, 43, 12, 13, 15, 17, 20, 9, 8, 40, 41, 30, 29, 25, 26, 32, 31, 0, 21, 1, 2, 44, 3, 4, 6, 7, 10];2365.0
6368.0;[34, 36, 35, 31, 15, 17, 19, 20, 10, 13, 21, 0, 1, 2, 32, 28, 25, 26, 27, 33, 37, 3, 4, 5, 30, 29, 18, 12, 16, 23, 24, 42, 22, 14, 43, 11, 7, 9, 8, 6, 41, 38, 44, 40, 39];2303.0
6010.0;[28, 29, 32, 35, 36, 37, 38, 25, 26, 23, 43, 11, 12, 13, 16, 17, 19, 21, 2, 31, 30, 24, 22, 18, 42, 15, 20, 9, 7, 10, 14, 0, 1, 44, 5, 3, 4, 6, 8, 41, 39, 40, 34, 33, 27];2352.0
5937.0;[4, 5, 21, 20, 40, 39, 35, 15, 18, 16, 17, 1, 44, 3, 0, 31, 32, 33, 36, 34, 37, 38, 41, 6, 8, 9, 10, 7, 14, 43, 11, 12, 13, 30, 29, 24, 27, 28, 25, 26, 42, 23, 22, 19, 2];2425.0
6455.0;[10, 19, 21, 31, 0, 30, 29, 24, 18, 42, 26, 25, 28, 32, 1, 39, 40, 36, 34, 35, 27, 33, 37, 38, 44, 3, 6, 9, 8, 41, 4, 2, 5, 20, 7, 11, 12, 13, 16, 15, 17, 23, 22, 14, 43];2221.0
6413.0;[8, 11, 0, 38, 44, 39, 35, 30, 22, 15, 13, 17, 19, 32, 37, 3, 4, 5, 31, 29, 28, 26, 24, 23, 14, 1, 2, 40, 41, 6, 7, 10, 43, 12, 16, 18, 42, 25, 27, 33, 36, 34, 21, 20, 9];2628.0
6634.0;[3, 6, 7, 9, 40, 35, 32, 27, 33, 34, 36, 37, 0, 10, 43, 11, 12, 13, 16, 15, 17, 19, 21, 31, 30, 29, 25, 28, 26, 23, 24, 18, 42, 22, 14, 20, 8, 41, 4, 5, 2, 1, 39, 38, 44];2216.0
6066.0;[18, 42, 23, 22, 14, 20, 8, 9, 7, 10, 11, 13, 0, 1, 44, 3, 41, 6, 40, 39, 38, 35, 32, 27, 26, 24, 19, 21, 31, 33, 34, 36, 37, 4, 5, 2, 30, 25, 28, 29, 15, 17, 43, 12, 16];2222.0
5750.0;[23, 24, 42, 22, 19, 39, 38, 35, 20, 10, 43, 14, 1, 44, 3, 4, 5, 2, 31, 30, 29, 26, 25, 27, 28, 36, 37, 40, 6, 41, 7, 8, 9, 11, 12, 13, 15, 17, 21, 0, 32, 33, 34, 18, 16];2417.0
6143.0;[24, 23, 22, 17, 14, 19, 21, 15, 13, 7, 8, 40, 34, 33, 31, 30, 29, 32, 36, 37, 6, 9, 41, 39, 38, 35, 0, 1, 2, 44, 3, 4, 5, 20, 43, 11, 10, 12, 16, 18, 42, 25, 27, 28, 26];2259.0
6203.0;[17, 1, 2, 39, 38, 44, 3, 5, 18, 16, 36, 34, 35, 31, 42, 23, 22, 14, 21, 19, 20, 9, 8, 40, 41, 6, 10, 0, 30, 29, 32, 28, 24, 25, 26, 27, 33, 37, 4, 7, 12, 13, 43, 11, 15];2489.0
6731.0;[9, 40, 31, 1, 4, 7, 12, 13, 15, 14, 43, 10, 11, 29, 32, 34, 33, 27, 24, 22, 18, 16, 17, 2, 5, 0, 21, 30, 25, 28, 36, 37, 38, 44, 3, 6, 41, 39, 35, 26, 42, 23, 19, 20, 8];2515.0
6309.0;[14, 30, 29, 37, 44, 40, 9, 7, 10, 43, 11, 13, 12, 15, 17, 19, 21, 0, 2, 31, 1, 5, 20, 8, 39, 38, 3, 4, 6, 41, 36, 34, 32, 35, 33, 27, 28, 22, 23, 24, 25, 26, 42, 18, 16];2234.0
6459.0;[25, 32, 31, 30, 29, 26, 24, 22, 23, 19, 0, 21, 36, 37, 38, 39, 41, 7, 9, 8, 40, 34, 33, 27, 28, 35, 1, 44, 3, 4, 6, 5, 2, 20, 10, 14, 43, 11, 12, 13, 15, 16, 17, 18, 42];2224.0
6339.0;[43, 14, 19, 21, 0, 29, 25, 26, 20, 7, 10, 31, 30, 27, 33, 34, 28, 15, 17, 44, 39, 3, 41, 9, 8, 40, 38, 35, 32, 36, 37, 4, 6, 11, 12, 13, 5, 1, 2, 24, 42, 23, 22, 18, 16];2670.0
6022.0;[28, 6, 7, 19, 0, 1, 44, 40, 9, 8, 41, 35, 31, 23, 22, 15, 14, 2, 5, 20, 10, 21, 32, 33, 36, 34, 37, 39, 38, 3, 4, 43, 11, 12, 13, 16, 17, 30, 29, 24, 18, 42, 26, 27, 25];2705.0
6564.0;[23, 8, 6, 41, 5, 2, 44, 39, 40, 38, 35, 32, 36, 37, 28, 18, 16, 12, 13, 20, 9, 7, 10, 43, 11, 19, 21, 26, 25, 27, 33, 34, 31, 22, 15, 17, 14, 1, 3, 4, 0, 30, 29, 24, 42];2519.0
6342.0;[23, 25, 27, 26, 28, 32, 33, 34, 36, 35, 19, 43, 11, 12, 13, 14, 15, 17, 18, 16, 20, 10, 7, 9, 8, 3, 4, 6, 41, 39, 40, 37, 38, 44, 5, 1, 2, 30, 29, 22, 21, 0, 31, 24, 42];2131.0
5687.0;[6, 7, 10, 5, 35, 33, 27, 28, 22, 23, 15, 19, 21, 0, 31, 32, 36, 34, 1, 2, 44, 3, 41, 4, 39, 40, 37, 38, 30, 29, 24, 25, 26, 42, 18, 16, 17, 14, 43, 11, 12, 13, 20, 9, 8];2291.0
5982.0;[24, 22, 21, 0, 1, 2, 44, 3, 41, 6, 7, 10, 19, 18, 16, 15, 17, 20, 9, 8, 40, 30, 29, 26, 25, 42, 23, 14, 43, 11, 12, 13, 4, 5, 31, 32, 33, 34, 36, 37, 39, 38, 35, 27, 28];2277.0
6359.0;[42, 1, 2, 5, 20, 19, 21, 30, 23, 24, 25, 28, 36, 37, 38, 39, 44, 3, 4, 0, 31, 29, 32, 35, 41, 6, 7, 10, 12, 13, 15, 17, 22, 18, 16, 14, 43, 11, 9, 8, 40, 34, 33, 27, 26];2323.0
6654.0;[13, 31, 24, 23, 25, 28, 33, 27, 26, 42, 14, 19, 20, 8, 9, 38, 35, 1, 39, 40, 34, 21, 15, 17, 18, 16, 43, 10, 7, 0, 32, 36, 37, 44, 3, 4, 6, 41, 2, 5, 30, 29, 22, 11, 12];2589.0
5826.0;[0, 31, 1, 2, 41, 6, 8, 9, 40, 37, 38, 39, 44, 3, 4, 5, 20, 7, 11, 10, 19, 21, 30, 36, 34, 35, 33, 27, 26, 25, 32, 28, 29, 24, 42, 23, 22, 43, 12, 13, 15, 17, 18, 16, 14];2093.0
6336.0;[43, 12, 13, 44, 3, 4, 0, 21, 19, 20, 14, 28, 25, 26, 42, 18, 16, 15, 17, 23, 22, 24, 27, 33, 34, 35, 31, 1, 2, 5, 30, 29, 32, 36, 37, 38, 39, 40, 41, 6, 8, 9, 7, 11, 10];2127.0
6190.0;[18, 42, 23, 4, 5, 0, 31, 26, 25, 27, 30, 29, 24, 22, 14, 19, 21, 20, 8, 9, 7, 10, 43, 12, 16, 17, 15, 13, 11, 1, 2, 44, 3, 41, 6, 39, 40, 33, 34, 36, 37, 38, 35, 32, 28];2237.0
5723.0;[25, 26, 27, 28, 18, 16, 1, 44, 4, 5, 2, 30, 29, 22, 19, 20, 7, 8, 40, 36, 37, 15, 17, 21, 0, 35, 31, 24, 42, 23, 14, 10, 43, 11, 12, 13, 9, 38, 3, 41, 6, 39, 33, 34, 32];2630.0
6375.0;[10, 1, 44, 4, 7, 42, 23, 19, 21, 14, 43, 11, 12, 13, 0, 30, 29, 24, 22, 18, 16, 15, 17, 32, 28, 25, 26, 27, 33, 34, 31, 2, 5, 20, 9, 8, 40, 39, 35, 36, 37, 38, 3, 41, 6];2352.0
6732.0;[11, 12, 13, 15, 17, 2, 3, 41, 6, 10, 14, 21, 30, 29, 36, 1, 5, 0, 19, 20, 9, 8, 40, 39, 38, 35, 31, 24, 22, 23, 43, 16, 18, 42, 26, 25, 28, 32, 27, 33, 34, 37, 44, 4, 7];2346.0
5994.0;[33, 28, 32, 26, 42, 23, 22, 18, 16, 8, 9, 7, 12, 13, 14, 21, 44, 3, 4, 5, 0, 20, 43, 11, 15, 17, 36, 37, 38, 6, 10, 19, 1, 2, 41, 39, 40, 34, 35, 31, 30, 29, 24, 25, 27];2388.0
6039.0;[5, 0, 21, 15, 17, 7, 9, 8, 30, 29, 25, 26, 24, 22, 14, 19, 20, 10, 43, 11, 12, 13, 36, 37, 38, 44, 3, 40, 39, 41, 6, 4, 31, 32, 34, 33, 27, 42, 18, 16, 23, 28, 35, 1, 2];2473.0
6882.0;[12, 19, 36, 37, 35, 32, 33, 34, 31, 1, 9, 8, 40, 2, 44, 41, 6, 39, 38, 3, 4, 5, 0, 24, 23, 22, 18, 16, 17, 15, 13, 14, 21, 30, 29, 27, 28, 25, 26, 42, 20, 7, 10, 43, 11];2301.0
6113.0;[0, 31, 33, 34, 43, 10, 21, 30, 29, 27, 28, 25, 26, 42, 23, 22, 24, 20, 7, 9, 8, 40, 44, 3, 39, 35, 32, 36, 37, 38, 41, 6, 11, 12, 15, 13, 18, 16, 17, 14, 19, 1, 2, 4, 5];2278.0
5655.0;[25, 33, 36, 37, 38, 4, 0, 1, 2, 5, 44, 3, 41, 6, 7, 12, 16, 17, 18, 24, 42, 23, 22, 10, 43, 11, 13, 15, 14, 21, 31, 30, 32, 35, 19, 20, 9, 8, 40, 39, 34, 27, 28, 29, 26];2264.0
6760.0;[19, 0, 36, 37, 5, 20, 8, 32, 28, 29, 22, 9, 41, 4, 6, 38, 3, 44, 39, 40, 34, 33, 27, 25, 26, 42, 18, 13, 11, 10, 7, 43, 12, 16, 17, 14, 21, 1, 2, 35, 31, 30, 24, 23, 15];2636.0
6178.0;[5, 21, 14, 15, 25, 32, 36, 33, 27, 28, 30, 29, 24, 22, 23, 26, 42, 18, 16, 17, 20, 8, 9, 40, 37, 38, 41, 6, 7, 11, 10, 43, 13, 12, 19, 0, 1, 44, 3, 4, 2, 39, 34, 35, 31];2398.0
6164.0;[2, 39, 31, 30, 36, 37, 38, 3, 0, 21, 19, 18, 16, 23, 28, 32, 35, 44, 4, 5, 20, 10, 43, 11, 12, 13, 14, 7, 9, 8, 41, 6, 40, 34, 33, 27, 29, 25, 26, 24, 42, 22, 15, 17, 1];2322.0
6710.0;[41, 12, 13, 19, 21, 44, 39, 38, 3, 0, 31, 35, 32, 33, 34, 1, 2, 4, 5, 20, 10, 14, 30, 29, 24, 27, 28, 25, 26, 42, 22, 23, 15, 17, 18, 16, 43, 11, 7, 8, 9, 40, 36, 37, 6];2314.0
6515.0;[25, 35, 31, 0, 19, 20, 8, 9, 7, 10, 11, 14, 43, 12, 13, 21, 32, 36, 34, 37, 38, 4, 15, 18, 16, 17, 1, 2, 5, 44, 3, 6, 41, 39, 40, 33, 27, 28, 30, 29, 26, 24, 42, 22, 23];2282.0
6579.0;[40, 37, 35, 28, 25, 32, 33, 27, 26, 10, 7, 9, 0, 31, 30, 29, 24, 42, 23, 22, 18, 16, 15, 17, 19, 21, 1, 2, 4, 6, 41, 39, 38, 44, 34, 36, 3, 5, 43, 11, 12, 13, 14, 20, 8];2294.0
6360.0;[0, 39, 6, 41, 7, 19, 1, 2, 31, 33, 34, 36, 37, 32, 35, 30, 29, 23, 24, 25, 27, 28, 26, 42, 22, 18, 12, 13, 15, 16, 17, 14, 20, 43, 11, 10, 9, 8, 40, 38, 44, 3, 4, 5, 21];2162.0
6599.0;[1, 2, 5, 3, 41, 39, 38, 44, 4, 0, 21, 19, 30, 32, 33, 27, 26, 24, 42, 28, 29, 22, 18, 15, 16, 17, 23, 25, 36, 37, 6, 10, 14, 43, 11, 12, 13, 20, 7, 9, 8, 40, 34, 35, 31];2275.0
6204.0;[6, 39, 44, 3, 5, 19, 20, 9, 40, 35, 30, 42, 23, 22, 24, 28, 32, 36, 37, 38, 4, 10, 43, 11, 12, 13, 15, 17, 18, 16, 14, 21, 0, 1, 31, 29, 25, 26, 27, 33, 34, 2, 7, 8, 41];2257.0
5843.0;[24, 27, 33, 21, 0, 31, 30, 43, 12, 16, 17, 15, 13, 11, 10, 9, 37, 44, 3, 6, 41, 4, 5, 2, 1, 39, 38, 35, 32, 28, 29, 22, 18, 42, 14, 19, 20, 7, 8, 40, 36, 34, 25, 26, 23];2462.0
5620.0;[29, 24, 23, 15, 17, 31, 38, 44, 3, 4, 0, 21, 20, 8, 6, 41, 39, 40, 33, 34, 36, 37, 35, 32, 18, 42, 26, 25, 27, 28, 22, 14, 43, 11, 10, 9, 7, 12, 13, 16, 19, 1, 5, 2, 30];2375.0
6484.0;[38, 4, 5, 1, 44, 3, 2, 32, 28, 27, 33, 34, 35, 31, 30, 29, 36, 0, 21, 19, 14, 17, 20, 7, 9, 8, 40, 39, 41, 6, 10, 43, 11, 12, 13, 15, 16, 18, 42, 22, 23, 24, 26, 25, 37];2136.0
5698.0;[7, 1, 2, 40, 37, 38, 39, 25, 28, 32, 35, 31, 36, 44, 20, 17, 18, 16, 4, 5, 29, 26, 42, 24, 23, 22, 14, 15, 13, 43, 11, 10, 8, 9, 12, 19, 0, 21, 30, 27, 33, 34, 3, 41, 6];2836.0
6305.0;[6, 4, 19, 43, 11, 12, 0, 1, 2, 20, 8, 9, 7, 10, 29, 32, 34, 35, 36, 44, 39, 40, 41, 5, 31, 30, 25, 26, 42, 23, 24, 28, 27, 33, 37, 38, 22, 14, 15, 13, 18, 16, 17, 21, 3];2573.0
6152.0;[16, 17, 37, 3, 0, 21, 31, 2, 29, 14, 43, 12, 15, 13, 1, 44, 39, 38, 4, 5, 19, 20, 11, 10, 7, 8, 9, 40, 41, 6, 32, 28, 25, 26, 27, 33, 34, 35, 36, 30, 24, 42, 23, 22, 18];2456.0
6371.0;[8, 26, 24, 22, 23, 10, 15, 17, 14, 21, 0, 4, 6, 41, 39, 31, 30, 29, 32, 35, 1, 2, 5, 19, 43, 11, 12, 13, 16, 18, 42, 25, 27, 28, 33, 34, 36, 37, 44, 40, 38, 3, 20, 9, 7];2398.0
6391.0;[20, 9, 8, 40, 34, 27, 33, 21, 19, 14, 43, 13, 15, 17, 22, 18, 28, 29, 31, 1, 44, 39, 35, 32, 36, 37, 38, 5, 2, 3, 4, 41, 6, 7, 10, 11, 12, 16, 0, 30, 24, 25, 26, 42, 23];2456.0
6280.0;[14, 44, 3, 39, 27, 28, 36, 37, 38, 35, 32, 33, 34, 20, 8, 40, 41, 0, 21, 19, 12, 13, 15, 17, 18, 16, 10, 9, 7, 43, 11, 1, 2, 6, 4, 5, 31, 30, 29, 24, 25, 26, 42, 23, 22];2371.0
6006.0;[17, 18, 16, 23, 24, 26, 42, 22, 19, 0, 21, 32, 36, 37, 3, 4, 6, 2, 5, 20, 7, 10, 43, 11, 12, 13, 1, 44, 40, 9, 8, 41, 39, 38, 31, 30, 29, 25, 28, 27, 33, 34, 35, 14, 15];2202.0
5952.0;[1, 2, 20, 9, 7, 19, 21, 32, 36, 3, 4, 5, 15, 18, 16, 23, 24, 28, 25, 26, 27, 33, 34, 37, 39, 38, 31, 30, 29, 42, 22, 43, 12, 13, 11, 10, 14, 17, 0, 44, 41, 6, 8, 40, 35];2473.0
6707.0;[36, 33, 34, 35, 31, 1, 5, 20, 7, 10, 11, 2, 44, 3, 39, 41, 6, 8, 9, 14, 19, 21, 40, 37, 38, 4, 0, 30, 22, 23, 18, 16, 17, 43, 12, 13, 15, 42, 24, 26, 27, 28, 29, 25, 32];2353.0
6264.0;[29, 15, 17, 20, 7, 10, 42, 23, 25, 26, 27, 33, 34, 37, 38, 5, 14, 43, 11, 12, 13, 32, 36, 35, 0, 31, 30, 24, 22, 18, 16, 19, 21, 1, 2, 9, 8, 40, 44, 3, 4, 6, 41, 39, 28];2433.0
5680.0;[24, 22, 31, 32, 36, 44, 5, 0, 15, 17, 21, 19, 14, 43, 11, 13, 29, 25, 28, 3, 4, 1, 2, 20, 9, 8, 40, 39, 35, 30, 26, 27, 33, 34, 37, 38, 41, 6, 7, 10, 12, 16, 18, 42, 23];2391.0
6171.0;[37, 4, 0, 19, 15, 12, 13, 43, 11, 10, 1, 5, 44, 3, 38, 33, 34, 35, 30, 24, 23, 25, 27, 28, 29, 14, 20, 7, 9, 8, 40, 32, 26, 42, 22, 18, 16, 17, 21, 31, 2, 6, 41, 39, 36];2393.0
5591.0;[41, 4, 2, 3, 5, 21, 0, 31, 30, 22, 20, 43, 10, 11, 12, 13, 16, 17, 15, 14, 19, 1, 44, 39, 38, 28, 29, 24, 23, 18, 42, 25, 26, 27, 33, 34, 35, 32, 36, 37, 6, 7, 9, 8, 40];2124.0
6173.0;[6, 7, 8, 40, 35, 32, 31, 30, 15, 13, 19, 21, 0, 1, 2, 14, 43, 11, 10, 9, 41, 5, 20, 12, 16, 17, 25, 28, 29, 22, 18, 42, 23, 24, 26, 27, 33, 34, 36, 37, 38, 44, 39, 3, 4];2246.0
6494.0;[35, 0, 19, 20, 8, 33, 27, 28, 18, 12, 13, 16, 17, 15, 21, 5, 2, 4, 6, 41, 9, 7, 43, 11, 10, 14, 31, 32, 36, 37, 38, 3, 30, 29, 25, 26, 24, 42, 23, 22, 1, 44, 39, 40, 34];2477.0
6316.0;[1, 2, 27, 28, 33, 34, 0, 21, 19, 17, 14, 15, 13, 11, 10, 43, 12, 20, 7, 9, 8, 40, 39, 44, 3, 4, 6, 41, 5, 30, 18, 16, 32, 36, 37, 38, 35, 31, 29, 25, 26, 24, 42, 23, 22];2346.0
6416.0;[2, 0, 19, 14, 43, 11, 12, 13, 31, 38, 44, 3, 39, 41, 4, 5, 35, 32, 28, 42, 23, 18, 16, 20, 9, 8, 40, 34, 30, 29, 22, 15, 17, 24, 25, 26, 27, 33, 36, 37, 6, 10, 7, 21, 1];2355.0
6579.0;[30, 24, 26, 42, 22, 18, 16, 9, 8, 40, 38, 35, 1, 21, 19, 0, 31, 32, 36, 37, 44, 39, 41, 6, 7, 10, 14, 43, 11, 12, 2, 3, 4, 5, 20, 13, 15, 17, 23, 28, 29, 25, 27, 33, 34];2341.0
6409.0;[1, 2, 30, 29, 27, 33, 34, 36, 37, 39, 40, 41, 4, 5, 20, 10, 19, 21, 0, 38, 44, 3, 6, 35, 32, 25, 28, 26, 42, 8, 9, 7, 14, 31, 24, 23, 22, 18, 13, 15, 16, 17, 43, 11, 12];2404.0
6101.0;[6, 41, 7, 10, 19, 31, 32, 26, 42, 25, 27, 33, 34, 36, 4, 1, 2, 5, 0, 15, 18, 16, 17, 14, 43, 11, 12, 13, 21, 39, 35, 28, 30, 29, 24, 22, 23, 20, 9, 8, 40, 37, 38, 44, 3];2288.0
6442.0;[16, 17, 20, 8, 9, 7, 10, 43, 11, 12, 13, 1, 6, 41, 40, 39, 34, 33, 27, 26, 25, 28, 32, 35, 2, 5, 14, 19, 21, 0, 29, 24, 36, 37, 38, 44, 3, 4, 31, 30, 18, 42, 23, 22, 15];2238.0
5835.0;[40, 37, 35, 32, 33, 34, 36, 44, 3, 39, 38, 30, 25, 28, 24, 23, 22, 14, 19, 20, 8, 41, 4, 29, 18, 42, 26, 27, 10, 7, 9, 12, 16, 17, 15, 43, 11, 13, 21, 0, 31, 1, 5, 2, 6];2559.0
5837.0;[29, 18, 16, 42, 23, 22, 19, 21, 31, 30, 36, 37, 38, 3, 4, 41, 6, 7, 12, 13, 15, 17, 20, 9, 8, 39, 40, 34, 44, 5, 14, 43, 10, 11, 0, 1, 2, 35, 32, 33, 27, 28, 25, 26, 24];2344.0
6496.0;[39, 44, 3, 41, 35, 32, 28, 26, 42, 18, 16, 17, 11, 12, 20, 8, 40, 34, 33, 27, 30, 29, 22, 31, 5, 0, 21, 19, 14, 43, 13, 1, 2, 4, 6, 9, 7, 10, 15, 23, 24, 25, 36, 37, 38];2394.0
6433.0;[39, 40, 4, 6, 41, 7, 10, 15, 17, 18, 16, 19, 32, 33, 34, 35, 36, 37, 38, 3, 5, 0, 31, 30, 29, 24, 23, 25, 27, 28, 26, 42, 22, 14, 20, 8, 9, 43, 11, 12, 13, 21, 1, 2, 44];2088.0
6117.0;[40, 9, 10, 42, 26, 25, 28, 29, 32, 27, 33, 34, 36, 37, 35, 0, 21, 20, 8, 7, 31, 30, 24, 23, 22, 18, 16, 43, 11, 12, 13, 14, 19, 15, 17, 1, 4, 6, 41, 39, 38, 3, 5, 2, 44];2315.0
6285.0;[15, 17, 31, 25, 27, 28, 30, 29, 44, 4, 6, 41, 40, 34, 35, 32, 33, 36, 37, 38, 39, 3, 1, 5, 2, 0, 21, 19, 20, 43, 11, 10, 8, 9, 7, 13, 14, 12, 16, 18, 42, 23, 26, 24, 22];2332.0
6604.0;[23, 14, 21, 19, 0, 20, 10, 1, 5, 31, 29, 32, 28, 26, 24, 25, 27, 33, 34, 35, 2, 4, 6, 7, 9, 8, 40, 36, 37, 38, 44, 3, 41, 39, 30, 22, 17, 15, 13, 11, 43, 12, 16, 18, 42];2228.0
6051.0;[5, 20, 7, 8, 9, 1, 2, 6, 41, 4, 0, 15, 12, 13, 17, 18, 16, 43, 11, 10, 30, 29, 24, 42, 23, 22, 14, 19, 21, 31, 26, 25, 27, 28, 35, 32, 33, 34, 36, 37, 44, 39, 40, 38, 3];2180.0
6635.0;[25, 26, 27, 41, 6, 10, 43, 11, 12, 0, 1, 4, 5, 2, 38, 44, 3, 39, 40, 35, 33, 34, 36, 37, 20, 8, 9, 7, 13, 15, 17, 22, 18, 16, 14, 19, 21, 31, 32, 28, 30, 29, 24, 42, 23];2323.0
6241.0;[35, 31, 0, 19, 42, 23, 27, 28, 32, 30, 29, 22, 18, 16, 17, 15, 13, 12, 1, 4, 5, 2, 33, 34, 44, 3, 39, 36, 37, 38, 41, 6, 8, 9, 7, 43, 11, 10, 14, 21, 25, 26, 24, 20, 40];2620.0
5859.0;[10, 1, 2, 31, 33, 34, 27, 26, 42, 14, 20, 8, 6, 7, 9, 11, 12, 13, 29, 36, 37, 3, 4, 5, 0, 30, 24, 25, 28, 32, 44, 39, 40, 41, 38, 35, 21, 19, 15, 23, 22, 18, 16, 17, 43];2500.0
5930.0;[8, 6, 41, 10, 12, 13, 32, 28, 1, 2, 31, 30, 29, 27, 33, 34, 35, 0, 20, 7, 9, 36, 37, 44, 40, 39, 38, 3, 4, 5, 15, 17, 14, 21, 19, 43, 11, 16, 18, 42, 25, 26, 24, 23, 22];2521.0
6200.0;[13, 39, 41, 4, 5, 20, 10, 21, 19, 14, 43, 11, 0, 29, 32, 35, 31, 30, 22, 9, 8, 40, 36, 37, 38, 44, 1, 2, 3, 6, 7, 15, 16, 17, 27, 33, 34, 28, 25, 26, 24, 42, 23, 18, 12];2559.0
5968.0;[25, 32, 31, 4, 5, 2, 21, 19, 0, 1, 44, 3, 6, 41, 39, 40, 34, 36, 37, 38, 10, 43, 11, 12, 13, 15, 30, 29, 24, 26, 42, 23, 22, 18, 16, 17, 14, 20, 7, 9, 8, 35, 33, 27, 28];2163.0
6142.0;[19, 43, 12, 16, 0, 33, 34, 31, 30, 15, 17, 18, 42, 25, 26, 27, 28, 32, 1, 2, 5, 21, 20, 10, 7, 11, 13, 29, 36, 37, 44, 3, 4, 6, 9, 8, 40, 41, 39, 38, 35, 24, 23, 22, 14];2425.0
5984.0;[42, 0, 3, 41, 6, 15, 16, 17, 31, 33, 34, 37, 38, 39, 35, 30, 29, 24, 23, 22, 19, 21, 1, 2, 4, 5, 25, 26, 27, 28, 32, 36, 44, 7, 10, 43, 11, 12, 13, 14, 20, 8, 40, 9, 18];2597.0
6275.0;[17, 1, 30, 22, 23, 24, 25, 28, 35, 31, 29, 36, 37, 5, 2, 44, 3, 4, 6, 7, 10, 43, 11, 14, 0, 21, 19, 15, 12, 13, 20, 9, 8, 40, 41, 38, 39, 32, 33, 34, 27, 26, 42, 18, 16];2235.0
6031.0;[3, 16, 17, 18, 26, 25, 27, 33, 37, 4, 7, 10, 19, 21, 31, 30, 29, 24, 42, 23, 22, 14, 0, 2, 5, 20, 43, 12, 1, 39, 38, 35, 32, 28, 15, 13, 11, 9, 8, 41, 6, 40, 34, 36, 44];2538.0
5816.0;[35, 31, 30, 24, 23, 22, 14, 20, 8, 41, 4, 5, 2, 0, 21, 15, 13, 12, 10, 43, 11, 7, 9, 40, 34, 33, 36, 37, 38, 32, 29, 27, 28, 25, 26, 42, 18, 16, 17, 19, 1, 44, 3, 6, 39];2240.0
5690.0;[42, 43, 11, 12, 13, 10, 9, 6, 41, 39, 31, 23, 24, 22, 14, 21, 19, 20, 7, 8, 40, 38, 1, 30, 29, 25, 26, 28, 27, 33, 34, 35, 32, 36, 37, 44, 3, 4, 5, 2, 0, 15, 16, 17, 18];2279.0
6164.0;[32, 2, 19, 18, 42, 14, 9, 8, 40, 34, 35, 1, 44, 39, 33, 27, 22, 15, 13, 21, 0, 31, 30, 29, 36, 37, 38, 3, 6, 41, 4, 5, 20, 7, 10, 43, 11, 12, 16, 17, 23, 24, 25, 26, 28];2375.0
6576.0;[32, 28, 26, 25, 3, 41, 4, 1, 2, 5, 0, 21, 19, 31, 36, 37, 38, 44, 39, 35, 30, 29, 22, 42, 23, 24, 27, 33, 34, 20, 11, 10, 8, 9, 40, 6, 7, 15, 18, 16, 17, 14, 43, 12, 13];2463.0
6393.0;[32, 29, 26, 27, 33, 34, 20, 9, 7, 21, 0, 1, 19, 14, 12, 13, 43, 11, 16, 18, 42, 23, 22, 15, 17, 10, 8, 40, 6, 41, 39, 44, 3, 4, 5, 2, 36, 37, 38, 35, 31, 30, 24, 25, 28];2290.0
6250.0;[8, 9, 5, 31, 1, 2, 35, 32, 36, 34, 33, 27, 28, 37, 4, 20, 7, 10, 19, 0, 44, 3, 6, 41, 39, 40, 38, 24, 22, 21, 30, 29, 25, 26, 42, 18, 23, 15, 16, 17, 14, 43, 12, 13, 11];2469.0
6093.0;[42, 23, 0, 1, 2, 5, 44, 3, 41, 39, 6, 7, 8, 9, 40, 37, 38, 20, 11, 10, 21, 31, 33, 34, 35, 30, 29, 24, 22, 15, 17, 27, 28, 32, 36, 4, 19, 14, 43, 12, 13, 16, 18, 25, 26];2473.0
5938.0;[20, 9, 35, 30, 18, 16, 7, 8, 40, 41, 6, 4, 5, 44, 3, 38, 39, 34, 36, 37, 24, 23, 14, 43, 12, 1, 2, 25, 26, 42, 11, 10, 19, 21, 0, 31, 32, 33, 27, 28, 29, 22, 13, 15, 17];2752.0
6223.0;[15, 17, 24, 25, 28, 32, 35, 3, 6, 43, 11, 12, 13, 20, 7, 8, 9, 10, 1, 2, 4, 5, 14, 19, 21, 31, 30, 27, 33, 34, 36, 37, 38, 44, 39, 40, 41, 0, 29, 26, 42, 23, 22, 18, 16];2176.0
6719.0;[11, 16, 0, 32, 28, 24, 14, 19, 21, 31, 30, 29, 22, 18, 42, 26, 34, 36, 9, 8, 40, 39, 44, 3, 41, 4, 5, 1, 2, 6, 7, 10, 12, 13, 15, 17, 23, 25, 27, 33, 37, 38, 35, 20, 43];2504.0
6648.0;[4, 5, 20, 7, 29, 32, 36, 3, 6, 41, 35, 1, 2, 19, 21, 0, 31, 30, 23, 24, 18, 16, 15, 17, 43, 11, 12, 13, 10, 14, 33, 27, 28, 25, 26, 42, 22, 8, 9, 39, 40, 34, 37, 38, 44];2482.0
6284.0;[34, 2, 5, 15, 23, 24, 42, 18, 16, 17, 0, 31, 36, 37, 20, 7, 8, 40, 9, 43, 11, 12, 13, 19, 30, 29, 32, 28, 25, 26, 27, 22, 10, 14, 21, 1, 44, 39, 38, 3, 4, 6, 41, 35, 33];2440.0
6338.0;[34, 31, 0, 21, 1, 44, 3, 4, 2, 5, 20, 15, 17, 23, 25, 36, 37, 38, 32, 28, 22, 18, 16, 19, 14, 29, 24, 42, 43, 12, 13, 11, 10, 7, 8, 9, 6, 41, 39, 40, 35, 30, 26, 27, 33];2425.0
6320.0;[24, 15, 12, 13, 17, 14, 21, 0, 29, 36, 37, 38, 44, 31, 30, 22, 19, 1, 2, 5, 20, 11, 16, 18, 42, 23, 27, 33, 34, 3, 4, 6, 43, 10, 7, 9, 8, 40, 39, 41, 35, 32, 28, 25, 26];2357.0
6395.0;[14, 32, 36, 4, 6, 38, 35, 33, 27, 28, 18, 16, 43, 10, 19, 21, 1, 2, 44, 39, 34, 37, 3, 20, 7, 8, 9, 40, 41, 5, 0, 30, 24, 23, 22, 11, 12, 13, 15, 17, 31, 29, 25, 26, 42];2494.0
5854.0;[35, 31, 3, 5, 19, 21, 0, 1, 2, 44, 39, 40, 41, 4, 30, 29, 27, 28, 32, 36, 33, 34, 37, 38, 6, 15, 16, 17, 18, 42, 25, 26, 24, 22, 23, 14, 20, 7, 10, 43, 11, 12, 13, 9, 8];2322.0
5901.0;[2, 4, 7, 8, 41, 6, 15, 17, 18, 16, 43, 11, 12, 13, 0, 33, 34, 32, 26, 42, 23, 24, 22, 20, 9, 40, 35, 1, 5, 31, 30, 29, 25, 27, 28, 36, 37, 44, 39, 38, 3, 10, 14, 19, 21];2409.0
5774.0;[7, 8, 5, 0, 21, 19, 15, 24, 23, 22, 1, 2, 44, 3, 39, 41, 4, 6, 40, 9, 10, 11, 13, 17, 31, 30, 29, 25, 26, 28, 32, 33, 27, 34, 36, 37, 38, 35, 43, 12, 16, 18, 42, 14, 20];2420.0
6166.0;[26, 24, 0, 1, 39, 34, 36, 37, 38, 44, 3, 4, 6, 15, 16, 17, 21, 32, 33, 27, 18, 42, 23, 22, 14, 20, 7, 9, 8, 40, 41, 35, 31, 2, 5, 19, 10, 43, 11, 12, 13, 30, 29, 25, 28];2392.0
5370.0;[17, 18, 42, 23, 28, 30, 29, 32, 36, 37, 4, 5, 2, 35, 31, 20, 10, 43, 14, 19, 21, 0, 1, 3, 39, 38, 44, 40, 34, 33, 27, 25, 26, 24, 22, 9, 8, 41, 6, 7, 11, 13, 15, 12, 16];2251.0
6414.0;[8, 0, 31, 32, 36, 37, 38, 3, 41, 39, 40, 34, 44, 4, 6, 10, 14, 19, 33, 27, 26, 42, 22, 18, 16, 43, 11, 12, 13, 17, 15, 21, 30, 29, 24, 23, 25, 28, 35, 1, 2, 5, 20, 7, 9];2290.0
6209.0;[24, 35, 31, 0, 1, 44, 38, 32, 28, 29, 22, 21, 19, 15, 17, 14, 20, 8, 40, 39, 41, 5, 2, 30, 25, 26, 27, 33, 34, 36, 37, 3, 4, 6, 9, 10, 7, 43, 11, 12, 13, 16, 18, 42, 23];2179.0
5743.0;[28, 37, 41, 39, 38, 35, 19, 0, 21, 29, 24, 25, 26, 42, 23, 22, 18, 16, 17, 14, 1, 5, 2, 31, 30, 27, 33, 34, 36, 44, 3, 4, 6, 7, 10, 43, 11, 12, 13, 15, 20, 9, 8, 40, 32];2133.0
6149.0;[18, 16, 17, 20, 43, 11, 12, 13, 14, 15, 23, 22, 24, 28, 30, 29, 26, 42, 25, 27, 33, 34, 36, 37, 38, 35, 31, 21, 19, 0, 1, 2, 4, 5, 44, 3, 39, 40, 41, 6, 10, 7, 9, 8, 32];2199.0
6845.0;[25, 26, 42, 11, 10, 19, 21, 20, 9, 7, 15, 17, 14, 2, 44, 3, 4, 0, 31, 22, 18, 16, 43, 12, 13, 1, 5, 39, 6, 41, 8, 40, 32, 33, 34, 36, 37, 38, 35, 30, 24, 23, 27, 28, 29];2449.0
6727.0;[10, 21, 0, 31, 36, 37, 38, 3, 41, 6, 8, 9, 30, 24, 14, 43, 11, 12, 13, 42, 23, 22, 18, 16, 17, 15, 19, 2, 44, 40, 39, 32, 28, 29, 25, 27, 26, 33, 34, 35, 1, 4, 5, 20, 7];2366.0
5854.0;[37, 5, 0, 32, 36, 34, 35, 15, 17, 18, 26, 42, 22, 43, 12, 13, 21, 31, 30, 29, 1, 2, 19, 20, 10, 14, 44, 39, 40, 41, 38, 3, 4, 6, 8, 9, 7, 11, 16, 23, 24, 25, 28, 27, 33];2560.0
6735.0;[15, 18, 16, 17, 43, 11, 12, 13, 10, 14, 31, 32, 28, 26, 24, 42, 23, 22, 7, 8, 40, 9, 41, 6, 1, 2, 30, 29, 25, 27, 33, 34, 35, 36, 37, 44, 3, 39, 38, 4, 5, 0, 19, 21, 20];2189.0
5962.0;[11, 9, 5, 0, 43, 12, 15, 16, 17, 14, 10, 19, 21, 31, 29, 27, 28, 24, 22, 20, 7, 8, 40, 1, 2, 35, 32, 33, 36, 37, 38, 44, 3, 41, 4, 6, 39, 34, 30, 25, 26, 42, 23, 18, 13];2475.0
6066.0;[2, 31, 0, 1, 3, 4, 5, 20, 19, 21, 30, 29, 24, 23, 22, 43, 10, 7, 8, 9, 11, 12, 13, 15, 17, 14, 16, 18, 42, 26, 25, 27, 33, 34, 36, 44, 39, 38, 35, 28, 32, 37, 40, 41, 6];2189.0
6157.0;[13, 1, 5, 20, 8, 40, 36, 24, 42, 23, 22, 44, 3, 39, 34, 35, 28, 29, 32, 31, 2, 21, 0, 30, 25, 26, 27, 33, 37, 38, 4, 6, 41, 9, 7, 15, 18, 16, 17, 14, 19, 10, 43, 11, 12];2485.0
5725.0;[9, 10, 21, 19, 14, 43, 11, 16, 0, 31, 33, 36, 44, 3, 41, 39, 34, 35, 30, 32, 28, 25, 26, 27, 29, 22, 12, 13, 15, 17, 18, 42, 24, 23, 20, 8, 40, 37, 38, 4, 5, 1, 2, 6, 7];2393.0
5681.0;[28, 32, 36, 6, 41, 39, 34, 33, 27, 26, 42, 23, 15, 17, 19, 21, 24, 22, 18, 16, 10, 43, 11, 12, 13, 20, 7, 9, 8, 40, 37, 38, 44, 3, 35, 30, 29, 14, 1, 2, 4, 5, 0, 31, 25];2294.0
6011.0;[14, 15, 23, 24, 36, 37, 35, 32, 33, 34, 31, 30, 25, 28, 29, 22, 0, 1, 44, 3, 20, 8, 40, 27, 26, 42, 10, 7, 9, 39, 38, 4, 6, 41, 5, 2, 21, 19, 18, 16, 17, 43, 12, 13, 11];2555.0
6660.0;[9, 8, 35, 27, 28, 29, 12, 13, 23, 24, 26, 42, 25, 36, 44, 3, 41, 4, 6, 43, 11, 10, 21, 0, 31, 32, 33, 34, 37, 38, 30, 22, 18, 16, 15, 17, 14, 20, 7, 19, 1, 2, 5, 39, 40];2539.0
5632.0;[35, 33, 27, 28, 44, 39, 41, 6, 7, 19, 0, 32, 36, 4, 20, 11, 10, 1, 2, 5, 43, 12, 13, 15, 17, 23, 22, 24, 25, 26, 42, 18, 16, 14, 21, 31, 30, 29, 34, 37, 3, 9, 8, 40, 38];2471.0
5869.0;[15, 13, 29, 24, 22, 23, 43, 11, 30, 25, 26, 42, 18, 16, 17, 14, 20, 8, 39, 40, 33, 34, 35, 4, 5, 21, 0, 19, 1, 2, 31, 27, 28, 32, 36, 37, 38, 44, 3, 41, 6, 9, 7, 10, 12];2379.0
5701.0;[19, 21, 14, 43, 16, 22, 18, 42, 23, 24, 26, 25, 28, 36, 4, 5, 20, 7, 10, 11, 12, 13, 15, 17, 32, 37, 38, 3, 1, 2, 0, 31, 30, 29, 27, 33, 34, 35, 44, 39, 40, 9, 8, 41, 6];2265.0
6202.0;[2, 44, 3, 5, 0, 21, 32, 28, 25, 26, 27, 37, 38, 4, 20, 9, 8, 11, 12, 16, 17, 14, 19, 30, 29, 22, 18, 42, 23, 24, 36, 39, 41, 6, 7, 10, 43, 13, 15, 1, 40, 33, 34, 35, 31];2406.0
5934.0;[1, 3, 41, 39, 0, 15, 17, 14, 20, 7, 10, 43, 11, 12, 13, 2, 44, 4, 5, 21, 19, 22, 23, 24, 27, 33, 34, 37, 38, 32, 28, 26, 42, 18, 16, 31, 30, 29, 25, 36, 6, 8, 9, 40, 35];2500.0
6312.0;[24, 7, 9, 40, 38, 3, 1, 2, 5, 20, 8, 4, 0, 31, 25, 28, 32, 35, 21, 19, 42, 23, 22, 15, 14, 10, 43, 11, 12, 13, 16, 17, 18, 26, 27, 33, 34, 36, 37, 44, 6, 41, 39, 30, 29];2465.0
6066.0;[16, 23, 14, 11, 10, 20, 7, 9, 8, 6, 41, 4, 21, 19, 43, 12, 13, 30, 29, 24, 22, 15, 17, 0, 1, 31, 33, 34, 36, 37, 3, 5, 2, 44, 39, 40, 38, 35, 32, 28, 25, 26, 27, 42, 18];2233.0
6144.0;[35, 0, 31, 25, 28, 22, 20, 9, 8, 6, 7, 10, 15, 17, 14, 19, 21, 1, 2, 4, 5, 23, 24, 42, 18, 16, 43, 11, 12, 13, 30, 29, 26, 27, 33, 34, 32, 36, 37, 38, 44, 3, 40, 41, 39];2289.0
6094.0;[41, 35, 33, 34, 31, 21, 0, 1, 2, 30, 42, 23, 22, 24, 3, 4, 5, 43, 11, 12, 13, 15, 18, 16, 17, 20, 9, 8, 6, 7, 10, 19, 14, 29, 25, 26, 27, 28, 32, 36, 44, 39, 40, 37, 38];2403.0
5986.0;[21, 39, 36, 34, 30, 29, 24, 14, 20, 7, 10, 9, 8, 40, 41, 38, 35, 1, 2, 5, 19, 43, 16, 18, 25, 27, 33, 37, 44, 3, 4, 6, 11, 12, 13, 15, 17, 0, 31, 32, 28, 26, 42, 23, 22];2418.0
6036.0;[10, 15, 18, 42, 22, 21, 31, 1, 2, 30, 29, 28, 26, 23, 24, 25, 27, 33, 34, 44, 6, 7, 9, 8, 40, 41, 39, 35, 32, 36, 37, 38, 3, 4, 5, 0, 19, 12, 16, 17, 14, 43, 11, 13, 20];2123.0
6335.0;[15, 16, 17, 23, 22, 18, 13, 41, 6, 7, 14, 20, 8, 9, 10, 43, 11, 12, 19, 31, 0, 1, 2, 44, 39, 40, 36, 34, 35, 33, 27, 28, 30, 29, 42, 24, 26, 25, 32, 37, 38, 3, 4, 5, 21];2311.0
5961.0;[40, 38, 32, 37, 44, 20, 8, 41, 4, 0, 31, 33, 34, 35, 21, 15, 23, 24, 26, 27, 30, 29, 22, 18, 12, 13, 16, 17, 42, 25, 28, 36, 3, 6, 7, 9, 43, 11, 10, 14, 19, 1, 5, 2, 39];2546.0
5752.0;[10, 31, 36, 37, 4, 6, 44, 3, 5, 0, 21, 19, 18, 16, 2, 38, 35, 30, 29, 26, 42, 23, 25, 27, 33, 9, 8, 41, 39, 40, 34, 32, 28, 24, 22, 11, 12, 13, 14, 1, 20, 15, 17, 43, 7];2677.0
6081.0;[21, 14, 43, 12, 13, 15, 17, 11, 10, 32, 33, 34, 35, 1, 2, 5, 20, 7, 9, 8, 40, 39, 38, 6, 41, 4, 0, 31, 30, 22, 18, 16, 19, 29, 25, 26, 42, 23, 24, 27, 28, 36, 37, 44, 3];2123.0
5750.0;[17, 15, 18, 16, 44, 3, 6, 41, 0, 31, 32, 33, 34, 36, 37, 38, 39, 40, 35, 27, 26, 42, 23, 10, 43, 13, 14, 19, 21, 1, 4, 5, 2, 29, 24, 25, 28, 20, 7, 8, 9, 11, 12, 30, 22];2590.0
6223.0;[30, 29, 24, 22, 14, 19, 21, 43, 12, 11, 13, 15, 20, 10, 7, 9, 8, 6, 41, 40, 33, 34, 36, 37, 38, 4, 5, 0, 32, 35, 31, 44, 3, 39, 27, 28, 25, 26, 42, 23, 18, 16, 17, 1, 2];2211.0
5884.0;[37, 4, 29, 22, 18, 12, 16, 14, 21, 31, 30, 26, 24, 42, 23, 1, 2, 5, 19, 20, 8, 9, 7, 15, 17, 43, 10, 11, 13, 0, 39, 38, 44, 3, 6, 41, 40, 34, 35, 33, 27, 25, 28, 32, 36];2438.0
5684.0;[38, 6, 8, 41, 5, 0, 15, 16, 18, 42, 23, 22, 19, 21, 14, 43, 12, 13, 17, 24, 25, 28, 36, 4, 20, 11, 10, 7, 9, 31, 1, 2, 44, 3, 39, 40, 34, 35, 32, 30, 29, 26, 27, 33, 37];2402.0
6535.0;[26, 24, 0, 1, 2, 39, 40, 37, 38, 4, 5, 21, 20, 8, 9, 10, 15, 18, 16, 17, 19, 31, 30, 29, 32, 33, 34, 27, 42, 23, 22, 44, 3, 41, 6, 7, 11, 12, 13, 14, 43, 36, 35, 28, 25];2471.0
6379.0;[15, 17, 8, 40, 9, 7, 0, 28, 29, 36, 34, 35, 1, 5, 20, 10, 11, 16, 18, 14, 43, 12, 13, 21, 31, 30, 24, 25, 26, 42, 23, 22, 19, 2, 44, 39, 38, 32, 27, 33, 37, 3, 4, 41, 6];2558.0
6437.0;[23, 24, 22, 31, 32, 35, 1, 5, 21, 20, 7, 9, 8, 40, 37, 38, 3, 4, 41, 6, 11, 10, 0, 30, 29, 18, 16, 43, 12, 13, 15, 17, 14, 19, 2, 44, 39, 36, 33, 34, 27, 28, 25, 26, 42];2223.0
5582.0;[2, 38, 30, 29, 35, 31, 1, 5, 0, 14, 43, 16, 18, 42, 24, 32, 36, 28, 25, 26, 27, 33, 34, 10, 11, 12, 13, 15, 17, 23, 22, 19, 21, 20, 7, 8, 9, 40, 37, 3, 41, 6, 39, 44, 4];2402.0
7054.0;[28, 30, 24, 23, 27, 33, 34, 6, 9, 8, 41, 5, 20, 7, 0, 1, 35, 32, 29, 22, 19, 15, 18, 16, 17, 14, 43, 12, 13, 11, 10, 21, 44, 39, 40, 36, 37, 38, 3, 4, 2, 31, 25, 26, 42];2479.0
6165.0;[11, 10, 16, 18, 42, 26, 25, 27, 33, 34, 1, 2, 31, 0, 21, 19, 15, 17, 30, 32, 36, 37, 3, 4, 5, 20, 9, 8, 41, 6, 39, 38, 44, 40, 35, 28, 29, 24, 22, 23, 43, 12, 13, 14, 7];2267.0
6132.0;[7, 29, 35, 6, 41, 4, 0, 5, 1, 2, 38, 44, 3, 20, 12, 13, 15, 17, 19, 14, 43, 11, 10, 8, 40, 39, 28, 24, 42, 23, 22, 18, 16, 21, 31, 30, 33, 34, 27, 26, 25, 32, 36, 37, 9];2614.0
6572.0;[17, 15, 10, 14, 19, 32, 36, 35, 12, 13, 21, 0, 31, 1, 2, 6, 41, 4, 5, 20, 43, 11, 7, 8, 9, 40, 34, 30, 29, 24, 26, 25, 27, 33, 37, 44, 3, 39, 38, 28, 42, 23, 22, 18, 16];2333.0
6123.0;[3, 5, 30, 29, 24, 25, 33, 27, 28, 26, 42, 22, 18, 16, 23, 32, 36, 34, 37, 4, 20, 12, 13, 31, 38, 35, 0, 15, 17, 19, 1, 2, 21, 14, 43, 11, 10, 7, 9, 8, 40, 6, 41, 39, 44];2416.0
6064.0;[38, 44, 3, 4, 24, 28, 35, 39, 41, 6, 1, 2, 5, 21, 19, 14, 10, 15, 17, 18, 16, 43, 11, 12, 13, 0, 31, 30, 29, 25, 26, 42, 23, 22, 20, 7, 9, 8, 40, 34, 33, 27, 32, 36, 37];2179.0
5864.0;[22, 19, 44, 3, 9, 8, 40, 32, 25, 27, 42, 14, 0, 30, 29, 24, 43, 10, 11, 12, 13, 15, 18, 16, 17, 20, 7, 21, 1, 5, 2, 31, 33, 34, 36, 4, 6, 41, 39, 37, 38, 35, 28, 26, 23];2577.0
5902.0;[7, 10, 19, 21, 31, 30, 32, 36, 37, 6, 41, 38, 44, 3, 39, 40, 8, 9, 16, 18, 42, 23, 27, 33, 34, 35, 28, 29, 25, 26, 24, 22, 0, 1, 2, 5, 4, 43, 11, 14, 15, 17, 12, 13, 20];2317.0
6574.0;[10, 2, 44, 39, 33, 34, 32, 36, 37, 4, 19, 18, 16, 17, 21, 0, 1, 5, 30, 29, 14, 43, 11, 12, 13, 15, 23, 25, 26, 24, 42, 22, 20, 9, 8, 40, 38, 35, 31, 27, 28, 3, 41, 6, 7];2501.0
6511.0;[32, 28, 44, 3, 4, 0, 31, 30, 29, 18, 16, 1, 5, 20, 10, 11, 21, 19, 14, 43, 12, 13, 17, 24, 26, 42, 23, 22, 15, 2, 41, 6, 7, 9, 8, 40, 34, 36, 37, 38, 39, 35, 33, 27, 25];2393.0
6076.0;[7, 8, 9, 10, 15, 18, 16, 17, 1, 2, 4, 5, 29, 25, 27, 28, 24, 22, 43, 11, 12, 13, 0, 30, 26, 42, 23, 14, 19, 21, 20, 40, 35, 31, 32, 33, 34, 36, 37, 44, 39, 38, 3, 41, 6];2276.0
6731.0;[2, 38, 44, 3, 4, 6, 41, 7, 15, 23, 24, 27, 33, 34, 35, 28, 29, 32, 1, 5, 19, 20, 10, 14, 21, 0, 31, 30, 25, 26, 42, 22, 18, 16, 17, 43, 12, 13, 11, 8, 9, 40, 39, 36, 37];2268.0
5894.0;[40, 33, 27, 15, 13, 12, 38, 35, 28, 25, 26, 32, 31, 0, 1, 2, 44, 3, 6, 4, 5, 43, 11, 10, 14, 19, 21, 20, 7, 9, 41, 39, 34, 36, 37, 30, 29, 24, 42, 23, 22, 18, 16, 17, 8];2511.0
6005.0;[27, 32, 35, 0, 31, 30, 25, 28, 29, 14, 43, 11, 12, 13, 19, 21, 1, 4, 5, 2, 44, 39, 38, 36, 37, 3, 41, 6, 10, 15, 16, 17, 18, 42, 26, 24, 23, 22, 20, 7, 9, 8, 40, 34, 33];2203.0
6428.0;[42, 23, 15, 17, 1, 2, 44, 38, 3, 5, 20, 12, 16, 18, 13, 14, 43, 11, 10, 7, 9, 8, 40, 37, 4, 6, 41, 39, 36, 34, 35, 31, 30, 24, 22, 19, 21, 0, 29, 32, 33, 27, 28, 25, 26];2152.0
6054.0;[39, 7, 15, 13, 43, 11, 12, 1, 2, 0, 19, 21, 22, 18, 16, 17, 42, 23, 24, 26, 27, 28, 32, 41, 6, 9, 8, 40, 33, 34, 36, 37, 38, 3, 4, 5, 20, 10, 14, 31, 30, 29, 25, 35, 44];2415.0
6577.0;[35, 42, 23, 24, 28, 36, 44, 6, 41, 4, 1, 2, 31, 32, 33, 34, 37, 3, 5, 21, 19, 43, 11, 12, 13, 14, 10, 15, 22, 18, 16, 17, 30, 29, 25, 26, 27, 0, 20, 7, 8, 9, 40, 39, 38];2395.0
6200.0;[16, 19, 0, 40, 39, 35, 31, 32, 27, 28, 29, 30, 22, 21, 1, 44, 3, 2, 5, 20, 9, 8, 10, 43, 14, 33, 34, 36, 37, 38, 41, 4, 6, 7, 11, 12, 13, 17, 15, 23, 25, 26, 24, 42, 18];2477.0
6384.0;[1, 2, 40, 39, 38, 35, 31, 20, 10, 14, 19, 21, 30, 36, 37, 41, 6, 7, 9, 8, 32, 28, 29, 22, 15, 43, 11, 12, 13, 16, 17, 18, 42, 23, 26, 24, 25, 33, 27, 34, 44, 3, 4, 5, 0];2348.0
6319.0;[38, 36, 35, 0, 31, 30, 24, 25, 26, 20, 8, 41, 39, 4, 5, 29, 27, 28, 1, 2, 44, 3, 6, 7, 10, 16, 18, 42, 23, 22, 15, 17, 21, 32, 33, 34, 19, 14, 43, 12, 13, 11, 9, 40, 37];2653.0
6337.0;[44, 3, 10, 15, 17, 14, 30, 29, 35, 19, 21, 20, 43, 11, 8, 40, 6, 9, 7, 12, 16, 18, 27, 33, 34, 36, 37, 39, 41, 4, 2, 5, 0, 31, 32, 28, 25, 26, 42, 23, 24, 22, 13, 1, 38];2522.0
5775.0;[29, 18, 42, 19, 4, 6, 41, 5, 43, 11, 13, 10, 21, 0, 30, 25, 28, 22, 15, 14, 1, 2, 44, 3, 20, 7, 8, 40, 9, 12, 16, 17, 23, 24, 26, 27, 33, 34, 36, 37, 38, 39, 32, 35, 31];2513.0
5809.0;[21, 3, 4, 6, 41, 0, 42, 23, 14, 19, 20, 8, 9, 10, 1, 44, 39, 40, 36, 37, 38, 7, 43, 12, 13, 11, 32, 28, 29, 24, 25, 26, 27, 33, 34, 35, 2, 5, 31, 30, 22, 18, 16, 17, 15];2482.0
5908.0;[35, 21, 19, 43, 11, 15, 17, 44, 3, 4, 5, 20, 10, 23, 24, 22, 18, 16, 14, 0, 29, 27, 33, 34, 36, 37, 38, 40, 9, 8, 39, 41, 6, 7, 12, 13, 1, 2, 31, 30, 26, 42, 25, 28, 32];2408.0
5862.0;[16, 10, 29, 30, 32, 28, 22, 14, 21, 31, 1, 5, 2, 0, 19, 20, 7, 9, 8, 40, 41, 44, 39, 35, 33, 34, 36, 37, 38, 3, 4, 6, 43, 11, 12, 13, 15, 17, 23, 24, 25, 26, 27, 42, 18];2228.0
6754.0;[41, 7, 19, 0, 35, 32, 28, 29, 25, 26, 27, 33, 37, 44, 3, 5, 21, 14, 43, 10, 9, 8, 40, 34, 36, 39, 38, 4, 20, 11, 12, 13, 15, 16, 18, 42, 24, 23, 31, 30, 22, 17, 1, 2, 6];2419.0
5971.0;[14, 3, 4, 29, 34, 35, 28, 25, 26, 42, 24, 23, 18, 16, 20, 10, 7, 9, 8, 40, 36, 37, 32, 27, 33, 5, 1, 2, 44, 39, 38, 41, 6, 11, 19, 21, 0, 31, 30, 22, 15, 17, 43, 12, 13];2478.0
5951.0;[38, 4, 5, 15, 17, 14, 20, 9, 8, 40, 41, 6, 7, 10, 43, 11, 12, 13, 19, 21, 30, 29, 24, 23, 22, 1, 2, 44, 3, 39, 35, 31, 0, 16, 18, 42, 27, 33, 34, 32, 28, 25, 26, 36, 37];2190.0
5809.0;[23, 24, 27, 28, 22, 17, 20, 7, 10, 29, 32, 36, 33, 34, 37, 4, 5, 21, 19, 14, 43, 11, 8, 9, 15, 16, 18, 12, 13, 0, 1, 2, 44, 3, 41, 6, 40, 39, 38, 35, 31, 30, 25, 26, 42];2318.0
6251.0;[36, 35, 30, 26, 27, 33, 37, 4, 6, 41, 39, 38, 0, 31, 29, 19, 14, 43, 10, 21, 1, 2, 5, 20, 9, 8, 40, 44, 3, 7, 11, 12, 16, 17, 13, 15, 18, 42, 22, 23, 24, 25, 28, 32, 34];2319.0
5926.0;[2, 5, 4, 20, 10, 12, 36, 32, 33, 34, 37, 39, 38, 35, 28, 30, 29, 24, 22, 23, 15, 13, 43, 11, 7, 9, 8, 40, 44, 3, 6, 41, 25, 27, 26, 42, 18, 16, 17, 14, 19, 21, 0, 31, 1];2346.0
6067.0;[8, 31, 29, 22, 15, 17, 16, 18, 26, 42, 24, 23, 20, 7, 10, 0, 30, 25, 27, 33, 37, 3, 6, 41, 40, 34, 32, 28, 14, 19, 21, 1, 2, 39, 38, 35, 36, 44, 4, 5, 43, 12, 13, 11, 9];2637.0
5905.0;[18, 16, 1, 2, 20, 10, 29, 23, 24, 25, 28, 35, 32, 33, 27, 34, 36, 37, 38, 44, 3, 4, 6, 41, 5, 0, 21, 31, 30, 26, 42, 22, 43, 12, 13, 14, 19, 39, 40, 9, 8, 7, 11, 15, 17];2320.0
5477.0;[9, 12, 13, 14, 19, 15, 17, 18, 16, 31, 30, 34, 35, 1, 5, 2, 32, 33, 27, 28, 36, 37, 3, 4, 7, 10, 43, 11, 21, 0, 29, 25, 26, 42, 24, 22, 23, 20, 8, 41, 6, 38, 44, 39, 40];2388.0
6073.0;[18, 16, 21, 0, 12, 13, 31, 29, 33, 34, 36, 37, 25, 26, 27, 28, 32, 1, 5, 2, 44, 3, 41, 39, 40, 38, 4, 6, 35, 30, 24, 42, 23, 22, 14, 15, 17, 43, 11, 10, 20, 8, 9, 7, 19];2368.0
5861.0;[30, 22, 10, 11, 32, 28, 27, 29, 42, 23, 24, 25, 36, 44, 39, 40, 41, 6, 4, 5, 20, 15, 17, 1, 2, 31, 21, 0, 19, 14, 43, 12, 13, 16, 18, 26, 33, 34, 37, 38, 3, 7, 8, 9, 35];2650.0
6248.0;[21, 0, 30, 29, 25, 28, 32, 34, 36, 37, 38, 35, 31, 1, 39, 40, 33, 27, 26, 42, 24, 22, 18, 16, 23, 2, 44, 3, 4, 5, 19, 14, 12, 13, 15, 17, 20, 8, 41, 6, 7, 9, 43, 11, 10];2215.0
6142.0;[4, 5, 20, 10, 21, 19, 42, 23, 22, 15, 14, 43, 7, 9, 8, 40, 41, 6, 38, 35, 32, 28, 29, 26, 25, 27, 33, 37, 44, 39, 36, 34, 30, 24, 18, 16, 17, 31, 1, 2, 0, 11, 12, 13, 3];2384.0
6238.0;[40, 9, 12, 13, 15, 17, 19, 21, 1, 39, 35, 32, 37, 38, 29, 28, 25, 26, 27, 33, 34, 36, 3, 4, 20, 10, 0, 31, 30, 24, 14, 43, 11, 16, 18, 42, 23, 22, 5, 2, 44, 41, 6, 7, 8];2370.0
6107.0;[7, 0, 30, 29, 36, 37, 38, 35, 28, 22, 15, 17, 19, 21, 1, 2, 5, 20, 8, 40, 39, 44, 3, 4, 24, 23, 14, 43, 10, 11, 12, 13, 31, 32, 33, 34, 27, 25, 26, 42, 18, 16, 41, 6, 9];2500.0
6081.0;[4, 30, 32, 0, 31, 33, 34, 35, 28, 29, 24, 22, 17, 15, 16, 18, 42, 23, 25, 27, 26, 19, 21, 20, 7, 8, 9, 10, 14, 43, 11, 12, 13, 39, 40, 36, 37, 38, 6, 41, 5, 1, 2, 44, 3];2404.0
6158.0;[9, 15, 23, 27, 37, 20, 10, 21, 33, 34, 36, 44, 40, 39, 38, 3, 4, 6, 41, 7, 43, 11, 12, 13, 24, 25, 26, 42, 18, 16, 17, 19, 1, 2, 5, 0, 31, 30, 29, 35, 32, 28, 22, 14, 8];2622.0
6651.0;[2, 20, 12, 13, 17, 21, 0, 19, 43, 11, 10, 14, 31, 1, 35, 32, 28, 29, 30, 22, 8, 9, 7, 15, 16, 18, 42, 23, 24, 25, 26, 27, 33, 3, 41, 6, 39, 40, 34, 36, 37, 38, 44, 4, 5];2258.0
6591.0;[11, 14, 1, 2, 0, 21, 20, 8, 9, 7, 10, 15, 23, 27, 33, 35, 19, 43, 12, 13, 16, 17, 31, 32, 36, 3, 4, 5, 30, 29, 24, 22, 18, 42, 26, 25, 28, 44, 39, 40, 34, 37, 38, 41, 6];2510.0
6082.0;[17, 2, 35, 0, 31, 30, 32, 34, 36, 37, 38, 41, 6, 7, 8, 39, 28, 29, 24, 42, 23, 25, 26, 27, 33, 40, 9, 12, 13, 20, 43, 11, 10, 15, 22, 14, 1, 44, 3, 4, 5, 21, 19, 18, 16];2500.0
5711.0;[14, 0, 3, 41, 11, 10, 7, 9, 38, 28, 24, 25, 26, 42, 23, 22, 19, 21, 2, 5, 20, 8, 40, 37, 32, 36, 44, 39, 30, 29, 27, 33, 34, 35, 31, 18, 16, 15, 17, 1, 4, 6, 43, 12, 13];2636.0
6497.0;[37, 38, 39, 5, 0, 25, 28, 31, 1, 2, 44, 3, 4, 21, 19, 30, 29, 32, 36, 35, 22, 18, 16, 17, 14, 20, 43, 12, 11, 10, 9, 8, 40, 41, 6, 7, 13, 15, 23, 24, 42, 26, 27, 33, 34];2334.0
6025.0;[20, 7, 8, 37, 38, 44, 39, 35, 31, 1, 5, 2, 4, 0, 15, 17, 14, 21, 19, 43, 11, 12, 16, 18, 42, 23, 25, 26, 28, 32, 36, 3, 41, 6, 9, 40, 34, 33, 27, 30, 29, 24, 22, 10, 13];2300.0
6335.0;[23, 25, 33, 27, 28, 32, 35, 1, 2, 38, 44, 39, 40, 34, 36, 37, 3, 4, 5, 30, 29, 24, 22, 18, 13, 12, 16, 17, 14, 15, 19, 20, 8, 9, 41, 6, 7, 10, 43, 11, 21, 0, 31, 26, 42];2168.0
6001.0;[35, 24, 22, 17, 15, 12, 13, 20, 7, 9, 8, 40, 41, 6, 10, 14, 19, 31, 32, 27, 28, 33, 34, 36, 37, 38, 4, 5, 2, 43, 11, 30, 29, 25, 26, 42, 23, 18, 16, 21, 0, 1, 44, 3, 39];2254.0
6271.0;[32, 29, 15, 17, 31, 30, 25, 26, 42, 24, 27, 28, 36, 4, 6, 7, 9, 10, 12, 16, 18, 13, 43, 11, 21, 0, 19, 23, 22, 14, 20, 8, 40, 33, 34, 37, 3, 5, 2, 1, 44, 41, 39, 38, 35];2487.0
6119.0;[12, 14, 1, 6, 7, 21, 0, 19, 20, 9, 8, 40, 41, 44, 39, 38, 35, 32, 29, 24, 22, 23, 34, 36, 37, 3, 4, 5, 2, 31, 30, 25, 28, 33, 27, 26, 42, 18, 16, 17, 15, 13, 11, 10, 43];2252.0
6386.0;[3, 39, 35, 31, 0, 21, 2, 6, 41, 4, 5, 22, 23, 24, 25, 28, 36, 37, 38, 44, 40, 34, 33, 27, 26, 42, 20, 8, 9, 7, 10, 14, 43, 11, 12, 13, 15, 18, 16, 17, 19, 30, 29, 32, 1];2267.0
6590.0;[2, 31, 32, 28, 36, 39, 40, 38, 3, 0, 21, 1, 44, 4, 5, 20, 43, 11, 16, 17, 15, 29, 22, 18, 42, 23, 24, 25, 37, 41, 6, 8, 9, 7, 12, 13, 10, 14, 19, 30, 26, 27, 33, 34, 35];2465.0
6166.0;[20, 9, 41, 4, 21, 19, 0, 1, 2, 31, 29, 25, 28, 32, 34, 36, 35, 30, 22, 10, 11, 12, 13, 15, 17, 14, 43, 16, 18, 42, 23, 24, 26, 27, 33, 37, 38, 44, 3, 6, 7, 8, 40, 39, 5];2170.0
6076.0;[13, 21, 29, 25, 39, 40, 44, 3, 4, 2, 5, 20, 10, 19, 0, 31, 1, 38, 35, 30, 22, 18, 42, 23, 27, 28, 26, 24, 43, 11, 16, 17, 15, 14, 33, 34, 32, 36, 37, 41, 6, 7, 8, 9, 12];2602.0
6572.0;[21, 19, 12, 13, 4, 5, 20, 43, 11, 15, 17, 23, 24, 28, 32, 36, 6, 7, 8, 9, 10, 14, 31, 30, 29, 27, 33, 34, 37, 3, 41, 40, 39, 38, 44, 35, 25, 26, 42, 22, 18, 16, 0, 1, 2];2414.0
6422.0;[10, 16, 18, 42, 22, 14, 21, 31, 32, 35, 6, 8, 40, 34, 33, 27, 26, 23, 24, 25, 28, 36, 37, 3, 4, 41, 39, 38, 44, 5, 43, 11, 12, 13, 15, 17, 19, 0, 1, 2, 30, 29, 20, 7, 9];2366.0
6218.0;[5, 43, 11, 13, 19, 31, 30, 32, 33, 27, 26, 25, 28, 29, 22, 15, 17, 20, 7, 10, 12, 16, 18, 42, 24, 23, 14, 21, 0, 1, 2, 44, 34, 35, 36, 37, 38, 4, 6, 41, 9, 8, 40, 39, 3];2208.0
6587.0;[0, 21, 37, 38, 5, 2, 20, 13, 12, 16, 17, 15, 18, 42, 25, 26, 27, 33, 34, 31, 30, 29, 24, 22, 23, 19, 1, 44, 3, 4, 6, 14, 43, 11, 10, 7, 9, 8, 40, 41, 39, 28, 32, 36, 35];2339.0
6342.0;[21, 39, 40, 9, 8, 17, 23, 24, 28, 35, 32, 36, 5, 0, 20, 10, 43, 12, 13, 31, 30, 29, 25, 26, 27, 33, 34, 37, 38, 1, 2, 44, 3, 4, 41, 6, 7, 11, 15, 16, 18, 42, 22, 14, 19];2351.0
6179.0;[8, 5, 0, 1, 2, 44, 3, 4, 32, 36, 37, 38, 39, 40, 41, 6, 7, 11, 12, 13, 17, 15, 16, 18, 42, 31, 30, 29, 22, 23, 24, 28, 26, 25, 27, 33, 34, 35, 21, 43, 10, 14, 19, 20, 9];2154.0
5786.0;[22, 19, 21, 15, 17, 9, 41, 39, 29, 25, 36, 37, 35, 30, 24, 18, 16, 14, 12, 13, 20, 10, 0, 31, 1, 44, 3, 4, 5, 2, 6, 43, 11, 7, 8, 40, 38, 32, 33, 34, 27, 28, 26, 42, 23];2522.0
5780.0;[24, 25, 26, 42, 23, 22, 19, 43, 11, 12, 13, 31, 30, 29, 27, 28, 32, 36, 37, 38, 44, 39, 40, 9, 8, 7, 21, 1, 2, 20, 10, 14, 15, 18, 16, 17, 0, 33, 34, 35, 3, 4, 6, 41, 5];2206.0
6194.0;[35, 32, 25, 28, 15, 17, 1, 44, 40, 9, 10, 19, 23, 22, 14, 21, 0, 30, 29, 26, 24, 20, 8, 7, 43, 11, 12, 13, 16, 18, 42, 27, 33, 34, 37, 39, 38, 3, 4, 6, 41, 2, 5, 31, 36];2568.0
6109.0;[19, 0, 29, 25, 28, 31, 21, 20, 8, 39, 38, 44, 41, 6, 7, 15, 13, 11, 10, 9, 40, 34, 35, 36, 37, 3, 4, 5, 1, 2, 30, 32, 33, 27, 26, 42, 22, 18, 16, 17, 23, 24, 14, 43, 12];2371.0
5770.0;[42, 28, 25, 27, 35, 32, 33, 37, 9, 8, 39, 40, 34, 36, 38, 44, 4, 5, 0, 21, 19, 31, 30, 29, 22, 20, 7, 10, 14, 15, 17, 1, 2, 3, 41, 6, 43, 11, 12, 13, 16, 18, 23, 24, 26];2336.0
1936.0;[10, 14, 20, 8, 9, 7, 43, 11, 12, 13, 15, 19, 21, 1, 2, 5, 0, 31, 30, 29, 25, 26, 42, 22, 18, 16, 17, 23, 24, 27, 28, 35, 32, 33, 34, 36, 37, 44, 39, 38, 3, 40, 41, 6, 4]
