ftv47
6062.0;[23, 2, 28, 8, 11, 37, 38, 0, 1, 9, 10, 36, 14, 34, 13, 46, 19, 44, 15, 35, 45, 39, 21, 41, 43, 42, 29, 30, 31, 5, 33, 27, 3, 25, 47, 26, 22, 40, 12, 32, 6, 24, 4, 20, 16, 18, 17, 7];2998.0
7202.0;[12, 11, 17, 34, 13, 32, 6, 8, 0, 25, 1, 37, 38, 20, 16, 39, 47, 24, 4, 3, 10, 18, 45, 19, 21, 40, 26, 28, 29, 30, 5, 31, 9, 33, 27, 2, 43, 42, 41, 22, 44, 15, 46, 36, 35, 14, 7, 23];2756.0
6020.0;[6, 31, 10, 45, 16, 7, 23, 35, 34, 9, 27, 28, 2, 8, 11, 0, 41, 43, 1, 25, 47, 26, 42, 22, 39, 21, 40, 20, 13, 46, 36, 14, 15, 19, 44, 37, 38, 18, 17, 12, 32, 33, 3, 24, 4, 29, 30, 5];2640.0
6437.0;[43, 41, 19, 44, 21, 47, 26, 22, 40, 1, 10, 11, 8, 9, 33, 27, 18, 36, 15, 45, 20, 0, 25, 42, 28, 3, 24, 4, 29, 30, 5, 7, 23, 35, 16, 17, 34, 13, 46, 14, 39, 38, 37, 12, 32, 31, 6, 2];2526.0
6496.0;[43, 41, 42, 28, 24, 4, 29, 3, 47, 26, 1, 0, 25, 9, 33, 37, 40, 22, 20, 38, 10, 11, 8, 7, 23, 12, 32, 31, 30, 5, 6, 18, 17, 46, 36, 14, 16, 13, 34, 35, 19, 44, 15, 45, 39, 21, 27, 2];2581.0
7426.0;[7, 31, 5, 10, 39, 47, 42, 8, 32, 6, 11, 45, 20, 38, 37, 0, 25, 41, 43, 22, 34, 23, 24, 4, 3, 29, 30, 9, 33, 27, 28, 2, 44, 19, 21, 40, 26, 1, 18, 13, 46, 36, 14, 15, 35, 16, 17, 12];2679.0
6601.0;[2, 1, 25, 31, 30, 5, 10, 46, 16, 17, 36, 15, 18, 12, 32, 11, 8, 6, 24, 4, 29, 7, 23, 13, 34, 35, 14, 45, 20, 37, 38, 0, 40, 47, 22, 44, 19, 39, 21, 26, 41, 43, 42, 9, 27, 28, 3, 33];2549.0
7670.0;[16, 13, 34, 12, 32, 37, 39, 19, 44, 21, 40, 1, 9, 6, 24, 10, 8, 11, 0, 25, 47, 26, 42, 22, 41, 43, 2, 28, 3, 33, 27, 4, 30, 29, 31, 5, 7, 23, 35, 14, 15, 45, 20, 38, 18, 17, 46, 36];2341.0
6818.0;[17, 34, 35, 13, 46, 21, 42, 29, 30, 25, 15, 16, 45, 20, 39, 44, 19, 11, 8, 10, 18, 36, 14, 23, 32, 24, 3, 4, 6, 37, 38, 12, 7, 31, 5, 0, 47, 26, 1, 33, 9, 27, 28, 2, 43, 41, 22, 40];2974.0
7096.0;[45, 37, 38, 25, 33, 3, 6, 24, 4, 18, 17, 13, 35, 15, 44, 19, 39, 21, 46, 36, 14, 34, 29, 30, 5, 31, 7, 23, 12, 32, 8, 10, 11, 0, 47, 41, 43, 42, 22, 40, 26, 1, 9, 27, 28, 2, 20, 16];2593.0
7503.0;[14, 6, 10, 18, 12, 32, 24, 4, 29, 30, 23, 34, 13, 35, 16, 17, 7, 31, 5, 3, 8, 11, 0, 25, 26, 42, 21, 40, 47, 22, 41, 43, 20, 38, 37, 45, 39, 1, 9, 27, 28, 33, 2, 19, 44, 15, 46, 36];2646.0
6880.0;[26, 44, 19, 39, 21, 40, 37, 20, 38, 11, 33, 3, 8, 34, 13, 32, 6, 24, 4, 29, 30, 5, 31, 10, 18, 17, 36, 16, 12, 7, 23, 46, 14, 35, 15, 45, 0, 1, 9, 27, 28, 2, 42, 25, 22, 41, 43, 47];2549.0
6886.0;[47, 19, 44, 38, 8, 6, 4, 29, 36, 34, 24, 30, 5, 11, 37, 40, 15, 35, 16, 45, 20, 18, 17, 13, 12, 32, 10, 0, 25, 1, 9, 33, 27, 3, 31, 7, 23, 46, 14, 39, 21, 26, 42, 28, 2, 43, 22, 41];2888.0
6420.0;[31, 3, 6, 0, 25, 34, 35, 15, 16, 17, 37, 38, 26, 42, 41, 44, 19, 11, 8, 10, 9, 27, 28, 2, 43, 1, 33, 24, 4, 29, 30, 5, 23, 13, 46, 36, 14, 45, 39, 21, 47, 22, 40, 20, 18, 12, 32, 7];2534.0
6564.0;[26, 1, 46, 36, 23, 12, 7, 5, 31, 30, 29, 3, 33, 24, 4, 6, 8, 11, 37, 39, 21, 20, 18, 17, 16, 45, 38, 0, 25, 47, 42, 9, 27, 28, 2, 41, 43, 22, 19, 44, 15, 35, 14, 34, 13, 32, 10, 40];2498.0
6936.0;[2, 1, 9, 33, 27, 38, 37, 46, 14, 18, 17, 36, 15, 16, 20, 45, 47, 41, 43, 42, 28, 3, 10, 0, 25, 22, 19, 44, 39, 21, 40, 26, 11, 8, 6, 29, 30, 5, 31, 7, 23, 34, 13, 35, 12, 32, 24, 4];2660.0
6866.0;[18, 12, 32, 7, 23, 45, 43, 22, 42, 1, 31, 30, 5, 3, 6, 10, 0, 25, 37, 38, 11, 8, 9, 33, 27, 28, 24, 4, 29, 2, 41, 19, 44, 15, 17, 46, 36, 14, 13, 34, 35, 39, 21, 47, 26, 40, 20, 16];2463.0
7251.0;[38, 24, 6, 0, 1, 25, 44, 19, 18, 17, 12, 31, 9, 27, 28, 3, 33, 2, 42, 10, 11, 8, 32, 35, 15, 16, 45, 39, 21, 47, 26, 22, 41, 43, 4, 29, 30, 5, 7, 23, 34, 13, 46, 36, 14, 37, 40, 20];2642.0
6620.0;[14, 23, 6, 8, 11, 25, 47, 22, 41, 20, 37, 38, 12, 7, 5, 31, 10, 0, 1, 24, 29, 30, 45, 39, 19, 44, 21, 40, 26, 9, 27, 28, 46, 36, 15, 16, 32, 3, 4, 33, 2, 43, 42, 18, 17, 13, 34, 35];2849.0
7190.0;[24, 33, 43, 19, 44, 0, 25, 1, 37, 13, 34, 35, 14, 45, 20, 38, 40, 47, 22, 41, 39, 21, 26, 28, 2, 42, 9, 27, 3, 7, 23, 12, 31, 4, 29, 30, 5, 10, 8, 11, 18, 46, 36, 15, 16, 17, 32, 6];2617.0
6973.0;[43, 31, 5, 0, 37, 38, 18, 12, 7, 23, 34, 35, 14, 15, 45, 19, 44, 20, 25, 47, 26, 42, 1, 8, 11, 24, 3, 4, 29, 30, 6, 10, 39, 21, 40, 22, 41, 16, 17, 46, 36, 13, 32, 9, 33, 27, 28, 2];2599.0
7120.0;[35, 45, 20, 38, 37, 18, 13, 34, 23, 12, 32, 29, 30, 6, 10, 8, 11, 0, 25, 9, 33, 3, 36, 16, 39, 19, 44, 15, 17, 7, 31, 5, 24, 4, 27, 28, 2, 43, 42, 41, 22, 21, 40, 47, 26, 1, 46, 14];2427.0
6596.0;[6, 10, 0, 25, 1, 37, 18, 14, 15, 16, 17, 12, 32, 27, 28, 2, 43, 22, 41, 44, 19, 20, 38, 46, 36, 23, 7, 31, 24, 4, 3, 29, 30, 5, 13, 34, 35, 45, 39, 21, 47, 40, 26, 42, 11, 8, 9, 33];2433.0
6524.0;[13, 34, 46, 36, 14, 35, 16, 23, 7, 31, 8, 11, 25, 1, 9, 27, 3, 6, 18, 45, 17, 12, 32, 24, 4, 33, 2, 44, 15, 20, 0, 41, 43, 22, 39, 19, 21, 40, 47, 26, 42, 28, 29, 30, 5, 10, 37, 38];2611.0
7150.0;[4, 18, 34, 35, 15, 32, 8, 11, 0, 25, 31, 5, 37, 45, 39, 20, 38, 47, 41, 43, 40, 26, 9, 33, 3, 29, 30, 7, 23, 13, 46, 36, 14, 16, 17, 12, 6, 27, 28, 2, 42, 22, 44, 19, 21, 1, 10, 24];2750.0
6474.0;[12, 24, 29, 30, 17, 46, 14, 45, 20, 0, 25, 1, 4, 5, 31, 7, 23, 34, 13, 35, 15, 16, 38, 37, 18, 36, 47, 26, 42, 9, 27, 28, 33, 3, 6, 10, 39, 19, 44, 21, 22, 41, 2, 43, 40, 11, 8, 32];2875.0
7211.0;[8, 11, 25, 1, 37, 34, 13, 46, 45, 16, 39, 21, 40, 33, 9, 3, 4, 24, 29, 27, 28, 2, 41, 44, 19, 15, 17, 36, 14, 35, 23, 7, 31, 5, 30, 10, 0, 47, 26, 42, 43, 22, 20, 38, 18, 12, 32, 6];2564.0
7853.0;[29, 30, 5, 8, 11, 18, 12, 9, 2, 43, 22, 41, 19, 44, 6, 24, 4, 33, 27, 28, 3, 7, 23, 35, 34, 13, 46, 36, 14, 15, 20, 38, 37, 17, 32, 31, 0, 25, 1, 10, 16, 45, 39, 21, 40, 47, 26, 42];2634.0
6680.0;[0, 25, 41, 44, 15, 45, 16, 13, 34, 32, 31, 5, 6, 37, 18, 17, 46, 36, 39, 21, 47, 26, 22, 42, 1, 10, 24, 29, 30, 4, 3, 33, 8, 11, 9, 27, 28, 2, 43, 40, 20, 12, 7, 23, 35, 14, 19, 38];2539.0
6460.0;[44, 35, 15, 12, 32, 31, 30, 29, 2, 22, 41, 43, 40, 1, 25, 9, 24, 4, 3, 37, 38, 18, 36, 14, 23, 7, 5, 10, 46, 16, 45, 39, 21, 20, 17, 34, 13, 6, 0, 47, 26, 42, 28, 33, 27, 8, 11, 19];2907.0
7146.0;[0, 18, 17, 24, 4, 29, 30, 5, 31, 8, 11, 13, 46, 36, 39, 21, 47, 22, 40, 26, 25, 1, 10, 7, 23, 34, 12, 32, 6, 9, 33, 27, 3, 28, 2, 41, 43, 42, 20, 16, 14, 35, 15, 45, 44, 19, 37, 38];2436.0
6868.0;[21, 17, 12, 32, 3, 33, 2, 19, 44, 41, 43, 16, 45, 20, 38, 0, 25, 8, 11, 34, 35, 23, 7, 31, 5, 6, 9, 27, 28, 24, 4, 29, 30, 10, 37, 22, 40, 47, 26, 42, 1, 18, 13, 46, 36, 14, 15, 39];2646.0
6704.0;[43, 28, 6, 32, 24, 3, 47, 26, 42, 9, 33, 27, 0, 1, 25, 18, 17, 45, 16, 44, 19, 20, 37, 38, 13, 34, 46, 36, 35, 14, 15, 23, 12, 7, 31, 4, 29, 30, 5, 8, 11, 10, 39, 21, 40, 22, 41, 2];2607.0
6106.0;[6, 10, 25, 18, 17, 12, 37, 19, 44, 15, 39, 41, 43, 20, 16, 13, 32, 4, 24, 29, 30, 5, 8, 11, 38, 0, 28, 2, 1, 46, 36, 14, 45, 21, 26, 42, 22, 40, 47, 9, 33, 27, 3, 34, 35, 23, 7, 31];2968.0
7267.0;[33, 23, 34, 39, 19, 44, 15, 16, 13, 46, 36, 35, 14, 12, 7, 31, 27, 28, 4, 29, 30, 5, 10, 11, 8, 32, 6, 24, 3, 2, 43, 42, 22, 41, 21, 47, 40, 26, 1, 0, 25, 37, 18, 17, 45, 20, 38, 9];2504.0
6182.0;[33, 27, 37, 38, 20, 19, 44, 35, 15, 39, 22, 42, 41, 43, 2, 28, 10, 11, 8, 24, 3, 4, 29, 30, 5, 31, 7, 23, 46, 16, 45, 21, 40, 47, 26, 1, 18, 17, 36, 14, 13, 34, 12, 32, 6, 0, 25, 9];2530.0
6731.0;[8, 32, 7, 23, 12, 6, 24, 29, 30, 4, 46, 36, 14, 15, 34, 35, 16, 45, 47, 41, 22, 44, 19, 39, 21, 40, 26, 42, 2, 43, 20, 38, 11, 37, 18, 17, 13, 31, 5, 10, 0, 25, 1, 9, 33, 27, 28, 3];2500.0
7216.0;[32, 47, 26, 1, 17, 46, 36, 21, 40, 35, 14, 45, 39, 44, 15, 16, 24, 3, 6, 10, 37, 0, 25, 9, 33, 27, 11, 8, 30, 31, 5, 4, 29, 2, 28, 41, 43, 22, 42, 19, 20, 38, 18, 13, 34, 12, 7, 23];2814.0
6645.0;[36, 15, 19, 44, 20, 9, 24, 4, 33, 27, 28, 6, 46, 14, 16, 17, 12, 5, 31, 30, 29, 3, 2, 43, 22, 41, 42, 0, 25, 1, 10, 11, 8, 32, 7, 23, 34, 13, 35, 45, 39, 21, 40, 47, 26, 37, 38, 18];2459.0
7062.0;[31, 6, 8, 11, 10, 37, 21, 40, 38, 17, 36, 35, 45, 0, 25, 2, 43, 42, 26, 1, 47, 22, 41, 39, 44, 19, 20, 16, 12, 7, 23, 34, 13, 32, 9, 27, 28, 29, 30, 5, 4, 3, 24, 33, 18, 46, 14, 15];2799.0
7236.0;[19, 44, 45, 39, 0, 25, 1, 8, 32, 24, 4, 6, 10, 37, 38, 11, 9, 33, 29, 30, 23, 35, 14, 34, 46, 36, 15, 16, 21, 41, 43, 42, 22, 40, 47, 26, 20, 18, 17, 13, 12, 7, 31, 5, 3, 27, 28, 2];2554.0
6830.0;[23, 22, 43, 42, 28, 4, 3, 24, 29, 30, 31, 5, 6, 11, 8, 0, 25, 1, 47, 26, 18, 34, 35, 14, 13, 46, 36, 45, 21, 40, 20, 37, 38, 10, 9, 33, 27, 2, 41, 39, 19, 44, 15, 16, 17, 12, 32, 7];2389.0
6956.0;[6, 4, 42, 40, 47, 26, 41, 21, 37, 38, 46, 36, 23, 7, 31, 10, 0, 25, 1, 9, 27, 28, 3, 33, 2, 43, 22, 17, 13, 34, 35, 14, 15, 16, 12, 24, 29, 30, 5, 8, 11, 32, 18, 45, 39, 44, 19, 20];2705.0
5947.0;[38, 37, 40, 20, 17, 13, 12, 32, 0, 25, 24, 4, 8, 11, 18, 34, 23, 7, 31, 27, 28, 3, 29, 30, 5, 6, 10, 39, 21, 47, 26, 42, 22, 43, 46, 36, 14, 35, 1, 9, 33, 2, 41, 19, 44, 15, 16, 45];2741.0
6141.0;[16, 45, 17, 7, 23, 39, 21, 26, 1, 25, 22, 40, 20, 38, 9, 33, 3, 10, 0, 47, 42, 37, 18, 34, 13, 46, 36, 35, 14, 24, 29, 30, 6, 11, 8, 12, 32, 31, 5, 4, 27, 28, 2, 43, 41, 19, 44, 15];2674.0
7085.0;[7, 12, 32, 6, 24, 30, 31, 5, 4, 29, 25, 1, 27, 3, 37, 38, 0, 47, 26, 41, 19, 44, 15, 39, 21, 40, 20, 45, 16, 17, 13, 34, 35, 10, 11, 8, 9, 33, 2, 42, 28, 43, 22, 18, 46, 36, 14, 23];2689.0
7012.0;[36, 41, 43, 22, 40, 20, 15, 16, 35, 14, 45, 0, 25, 47, 1, 18, 13, 34, 23, 32, 9, 33, 27, 3, 6, 8, 11, 37, 38, 17, 12, 7, 31, 29, 30, 5, 10, 19, 44, 39, 21, 26, 28, 24, 4, 2, 42, 46];2770.0
6757.0;[31, 5, 6, 0, 25, 38, 37, 39, 21, 40, 20, 16, 45, 19, 44, 46, 36, 7, 30, 29, 2, 42, 13, 23, 34, 35, 14, 15, 22, 41, 43, 47, 26, 1, 9, 33, 27, 28, 24, 4, 3, 8, 10, 11, 18, 17, 12, 32];2630.0
7068.0;[33, 3, 2, 42, 20, 39, 38, 11, 10, 8, 32, 0, 25, 37, 46, 36, 16, 12, 9, 27, 28, 41, 43, 13, 34, 35, 14, 15, 45, 44, 19, 21, 26, 1, 47, 22, 40, 18, 17, 7, 23, 31, 30, 5, 6, 24, 4, 29];2756.0
6693.0;[1, 10, 11, 46, 36, 14, 15, 16, 45, 39, 22, 40, 47, 42, 20, 38, 0, 25, 37, 18, 17, 12, 32, 9, 33, 27, 2, 28, 24, 4, 29, 41, 43, 19, 44, 23, 7, 31, 5, 30, 6, 3, 8, 13, 34, 35, 21, 26];2608.0
6637.0;[45, 11, 13, 35, 16, 18, 17, 19, 44, 39, 21, 0, 25, 47, 22, 40, 20, 38, 37, 46, 36, 14, 12, 32, 8, 10, 24, 30, 29, 31, 5, 6, 9, 33, 3, 27, 4, 2, 28, 41, 43, 42, 26, 1, 7, 23, 34, 15];2763.0
6992.0;[15, 12, 8, 11, 10, 9, 2, 41, 19, 44, 21, 40, 28, 3, 24, 4, 33, 27, 43, 22, 42, 32, 7, 23, 31, 30, 5, 6, 29, 37, 0, 1, 25, 20, 38, 18, 46, 36, 16, 45, 39, 47, 26, 17, 13, 34, 35, 14];2697.0
6647.0;[32, 31, 5, 33, 2, 44, 19, 10, 11, 8, 24, 3, 13, 34, 35, 16, 20, 38, 37, 0, 25, 1, 9, 27, 4, 29, 30, 7, 23, 46, 36, 14, 45, 39, 21, 41, 43, 42, 22, 47, 40, 26, 28, 6, 18, 15, 17, 12];2705.0
6393.0;[25, 42, 22, 41, 19, 44, 15, 17, 9, 27, 28, 2, 43, 40, 20, 13, 46, 36, 14, 39, 21, 47, 26, 1, 11, 8, 6, 10, 37, 38, 18, 12, 32, 31, 3, 33, 24, 4, 29, 30, 5, 7, 23, 34, 35, 16, 45, 0];2372.0
7175.0;[34, 16, 18, 17, 12, 13, 35, 15, 45, 21, 30, 5, 4, 33, 2, 43, 20, 39, 19, 44, 41, 42, 1, 25, 9, 27, 28, 24, 29, 3, 8, 32, 7, 31, 6, 10, 0, 47, 22, 40, 26, 37, 38, 11, 46, 36, 14, 23];2717.0
6789.0;[5, 12, 32, 40, 20, 17, 36, 47, 26, 1, 10, 11, 0, 25, 37, 38, 18, 34, 13, 46, 14, 24, 4, 6, 9, 33, 27, 28, 2, 8, 7, 23, 35, 45, 19, 44, 15, 16, 39, 21, 41, 43, 22, 42, 3, 29, 30, 31];2747.0
6525.0;[28, 2, 41, 43, 19, 44, 0, 1, 25, 9, 27, 33, 3, 6, 37, 34, 13, 35, 15, 16, 20, 38, 10, 24, 4, 29, 30, 5, 31, 7, 23, 46, 36, 14, 12, 32, 8, 11, 18, 17, 45, 39, 21, 40, 47, 26, 22, 42];2378.0
5993.0;[43, 42, 1, 8, 10, 11, 18, 12, 6, 32, 7, 31, 5, 29, 30, 36, 14, 15, 35, 16, 17, 34, 23, 13, 46, 45, 47, 26, 22, 40, 41, 44, 19, 39, 21, 20, 37, 38, 0, 25, 9, 33, 27, 28, 24, 4, 3, 2];2472.0
6602.0;[8, 11, 45, 20, 38, 0, 25, 1, 10, 37, 18, 46, 36, 35, 16, 14, 23, 34, 13, 32, 24, 4, 3, 2, 39, 21, 26, 22, 41, 43, 42, 40, 47, 19, 44, 15, 17, 12, 7, 31, 5, 33, 9, 27, 28, 29, 30, 6];2395.0
6394.0;[8, 10, 11, 9, 33, 3, 4, 27, 28, 43, 20, 18, 17, 46, 36, 14, 23, 32, 24, 29, 30, 5, 2, 41, 19, 44, 15, 16, 45, 38, 26, 6, 31, 7, 35, 39, 21, 40, 47, 22, 42, 1, 0, 25, 37, 34, 13, 12];2683.0
7508.0;[33, 2, 22, 41, 43, 42, 7, 31, 5, 8, 11, 37, 38, 0, 20, 19, 39, 21, 40, 47, 26, 1, 25, 9, 27, 28, 6, 10, 18, 45, 44, 15, 14, 35, 16, 17, 34, 13, 46, 36, 23, 12, 32, 24, 29, 30, 4, 3];2386.0
6954.0;[16, 18, 45, 19, 44, 15, 17, 13, 32, 8, 11, 0, 25, 37, 38, 34, 35, 23, 12, 7, 31, 4, 33, 27, 28, 2, 42, 22, 41, 43, 40, 47, 26, 1, 9, 3, 24, 29, 30, 5, 6, 10, 39, 21, 20, 46, 36, 14];2295.0
6967.0;[17, 13, 32, 10, 38, 40, 47, 22, 18, 7, 23, 34, 35, 45, 20, 37, 39, 21, 26, 8, 11, 0, 25, 1, 9, 33, 27, 28, 24, 4, 29, 3, 2, 41, 43, 42, 19, 44, 15, 46, 36, 14, 16, 12, 30, 31, 5, 6];2559.0
6355.0;[44, 12, 9, 3, 10, 8, 11, 37, 38, 0, 25, 1, 18, 31, 30, 5, 7, 23, 46, 14, 35, 15, 17, 36, 34, 13, 32, 6, 24, 4, 29, 33, 27, 28, 2, 39, 21, 41, 43, 40, 47, 26, 42, 22, 20, 16, 45, 19];2574.0
7609.0;[11, 8, 32, 7, 5, 31, 10, 37, 41, 43, 22, 17, 13, 16, 45, 44, 19, 20, 38, 0, 25, 18, 46, 36, 35, 14, 15, 39, 21, 28, 33, 9, 27, 24, 4, 29, 30, 3, 2, 42, 40, 47, 26, 1, 34, 23, 12, 6];2663.0
6593.0;[40, 47, 9, 2, 44, 15, 20, 38, 25, 1, 6, 24, 4, 3, 18, 17, 14, 35, 23, 7, 31, 33, 27, 8, 11, 37, 26, 42, 34, 13, 12, 32, 0, 22, 41, 43, 28, 29, 30, 5, 10, 46, 36, 16, 45, 39, 19, 21];2933.0
6475.0;[20, 28, 3, 24, 9, 33, 27, 14, 35, 21, 47, 40, 26, 1, 18, 17, 34, 13, 32, 6, 10, 8, 11, 0, 25, 37, 38, 46, 36, 23, 12, 7, 31, 5, 4, 29, 30, 2, 43, 42, 41, 22, 19, 39, 44, 15, 16, 45];2688.0
7004.0;[32, 6, 29, 30, 37, 46, 36, 38, 18, 17, 13, 34, 35, 14, 23, 12, 7, 31, 5, 10, 9, 33, 3, 24, 4, 2, 41, 44, 15, 16, 45, 19, 20, 0, 25, 27, 28, 43, 22, 42, 39, 21, 40, 47, 26, 1, 11, 8];2499.0
6476.0;[8, 11, 0, 25, 26, 42, 28, 2, 19, 44, 15, 45, 39, 21, 40, 47, 22, 41, 43, 20, 37, 38, 18, 17, 36, 14, 16, 35, 34, 13, 46, 23, 12, 32, 9, 27, 29, 30, 7, 31, 5, 1, 10, 6, 24, 4, 33, 3];2370.0
7078.0;[26, 9, 2, 43, 42, 29, 30, 5, 10, 38, 37, 17, 12, 24, 4, 3, 6, 8, 11, 0, 1, 18, 13, 34, 23, 15, 19, 44, 21, 40, 41, 22, 46, 36, 35, 14, 16, 45, 39, 20, 33, 27, 28, 32, 7, 31, 25, 47];2832.0
6921.0;[4, 29, 35, 14, 39, 21, 40, 9, 33, 11, 8, 32, 24, 30, 5, 6, 10, 18, 17, 46, 36, 19, 44, 15, 16, 45, 37, 26, 42, 1, 0, 25, 47, 41, 43, 22, 20, 38, 13, 34, 23, 12, 7, 31, 3, 27, 2, 28];2617.0
6747.0;[5, 35, 16, 33, 2, 28, 6, 8, 11, 46, 36, 14, 34, 13, 7, 23, 12, 32, 31, 0, 25, 26, 42, 22, 41, 43, 19, 44, 20, 37, 38, 18, 17, 15, 45, 39, 21, 40, 47, 1, 10, 9, 27, 24, 4, 29, 3, 30];2605.0
7109.0;[7, 5, 29, 30, 34, 35, 14, 12, 9, 27, 33, 2, 42, 28, 24, 4, 3, 6, 8, 11, 17, 32, 31, 10, 0, 1, 25, 26, 39, 19, 44, 15, 16, 45, 21, 40, 47, 22, 41, 43, 20, 37, 38, 18, 13, 46, 36, 23];2588.0
7363.0;[32, 7, 35, 38, 18, 17, 31, 4, 3, 33, 24, 29, 30, 5, 6, 8, 11, 0, 25, 1, 37, 10, 9, 27, 28, 2, 19, 44, 15, 16, 45, 20, 39, 21, 40, 22, 41, 43, 42, 47, 26, 34, 13, 46, 36, 14, 23, 12];2418.0
6805.0;[10, 18, 13, 23, 34, 14, 35, 45, 20, 11, 8, 24, 4, 37, 38, 40, 26, 1, 9, 3, 33, 27, 28, 2, 41, 43, 42, 17, 12, 32, 6, 29, 30, 5, 46, 36, 19, 39, 21, 0, 25, 47, 22, 44, 15, 16, 7, 31];2734.0
6161.0;[3, 31, 5, 12, 32, 7, 23, 34, 35, 45, 39, 26, 1, 37, 38, 18, 16, 17, 13, 46, 36, 14, 15, 19, 44, 21, 40, 20, 11, 8, 9, 24, 4, 29, 30, 6, 10, 0, 25, 47, 22, 41, 43, 42, 28, 33, 27, 2];2330.0
6871.0;[24, 4, 38, 20, 17, 32, 3, 2, 22, 26, 1, 10, 8, 11, 37, 18, 34, 35, 16, 45, 39, 21, 40, 0, 25, 47, 41, 43, 42, 28, 29, 30, 5, 31, 6, 9, 33, 27, 7, 23, 13, 46, 36, 14, 15, 19, 44, 12];2623.0
6518.0;[8, 37, 38, 28, 2, 41, 43, 42, 1, 0, 25, 47, 26, 22, 20, 39, 19, 44, 15, 16, 45, 21, 40, 9, 33, 27, 10, 18, 46, 36, 35, 14, 23, 7, 5, 31, 11, 17, 13, 34, 12, 32, 24, 29, 30, 4, 3, 6];2415.0
6550.0;[7, 35, 15, 17, 9, 33, 27, 29, 30, 23, 34, 46, 36, 14, 38, 11, 37, 16, 45, 44, 19, 20, 22, 41, 39, 21, 40, 26, 42, 1, 10, 8, 31, 5, 6, 0, 25, 47, 28, 24, 4, 3, 2, 43, 18, 13, 12, 32];2837.0
6620.0;[6, 12, 32, 8, 11, 18, 45, 39, 19, 44, 15, 14, 23, 13, 34, 35, 16, 0, 25, 1, 9, 27, 3, 24, 29, 30, 10, 37, 38, 17, 46, 36, 21, 47, 22, 40, 26, 42, 41, 20, 7, 31, 5, 4, 33, 2, 43, 28];2677.0
6527.0;[31, 34, 13, 32, 6, 18, 45, 0, 1, 17, 12, 9, 27, 33, 28, 3, 2, 19, 44, 15, 16, 38, 37, 26, 41, 43, 42, 10, 11, 8, 4, 24, 29, 30, 5, 25, 47, 22, 39, 21, 40, 20, 46, 36, 35, 14, 23, 7];2920.0
7211.0;[23, 32, 6, 17, 19, 11, 8, 10, 0, 37, 38, 40, 47, 26, 1, 25, 9, 2, 41, 43, 22, 42, 44, 15, 16, 45, 39, 21, 20, 18, 12, 7, 31, 4, 33, 27, 28, 3, 24, 29, 30, 5, 46, 36, 35, 14, 34, 13];2502.0
6759.0;[21, 31, 5, 47, 22, 41, 2, 43, 19, 44, 20, 38, 18, 17, 45, 40, 26, 42, 28, 3, 24, 29, 4, 30, 0, 1, 25, 11, 10, 6, 8, 32, 7, 23, 35, 15, 14, 16, 46, 36, 13, 34, 12, 9, 33, 27, 37, 39];2829.0
6321.0;[3, 31, 7, 23, 32, 6, 8, 11, 0, 25, 1, 34, 35, 15, 16, 9, 33, 27, 37, 38, 17, 12, 24, 4, 29, 30, 5, 47, 26, 42, 28, 2, 20, 18, 13, 46, 36, 14, 45, 39, 21, 40, 22, 41, 43, 19, 44, 10];2753.0
6759.0;[12, 33, 27, 6, 7, 31, 4, 3, 37, 26, 9, 24, 29, 30, 5, 8, 11, 18, 17, 46, 14, 45, 39, 21, 20, 38, 36, 23, 34, 13, 32, 10, 0, 1, 25, 47, 42, 28, 2, 43, 40, 22, 41, 19, 44, 15, 35, 16];2685.0
6465.0;[43, 20, 46, 14, 16, 26, 42, 32, 7, 31, 5, 6, 8, 11, 17, 13, 12, 10, 37, 38, 0, 25, 1, 9, 24, 4, 29, 30, 23, 34, 35, 45, 39, 40, 47, 22, 18, 36, 15, 19, 44, 21, 28, 3, 33, 27, 2, 41];2783.0
6536.0;[47, 28, 31, 7, 23, 12, 6, 8, 32, 34, 35, 14, 15, 16, 17, 45, 20, 37, 22, 42, 2, 43, 41, 44, 19, 39, 21, 40, 26, 11, 10, 9, 33, 27, 24, 29, 30, 5, 4, 3, 0, 1, 25, 18, 13, 46, 36, 38];2590.0
6476.0;[38, 47, 22, 40, 45, 16, 17, 13, 46, 36, 14, 35, 15, 19, 44, 39, 21, 26, 9, 27, 28, 2, 43, 41, 42, 11, 8, 32, 7, 31, 5, 33, 3, 24, 4, 29, 30, 6, 10, 0, 1, 25, 20, 18, 34, 23, 12, 37];2398.0
6768.0;[25, 1, 9, 3, 5, 6, 0, 17, 13, 12, 32, 8, 10, 11, 37, 18, 46, 36, 21, 40, 20, 38, 33, 27, 28, 2, 41, 43, 22, 42, 19, 44, 15, 16, 24, 4, 29, 30, 31, 7, 23, 34, 35, 14, 45, 39, 47, 26];2509.0
6302.0;[28, 2, 43, 40, 17, 12, 32, 0, 47, 26, 1, 25, 11, 8, 29, 30, 5, 31, 7, 23, 35, 14, 34, 13, 46, 22, 41, 42, 3, 6, 37, 39, 44, 19, 20, 38, 18, 36, 15, 16, 45, 21, 10, 24, 4, 33, 9, 27];2689.0
6962.0;[19, 20, 8, 11, 37, 38, 1, 9, 3, 6, 10, 17, 12, 7, 23, 46, 36, 16, 0, 25, 13, 34, 32, 24, 4, 29, 31, 30, 5, 35, 14, 15, 21, 47, 26, 41, 42, 33, 27, 28, 2, 43, 22, 40, 18, 45, 39, 44];2739.0
6910.0;[15, 17, 32, 8, 11, 18, 21, 40, 20, 25, 22, 41, 43, 42, 1, 10, 0, 37, 38, 13, 34, 35, 16, 39, 47, 26, 2, 28, 9, 33, 27, 24, 3, 4, 29, 30, 5, 31, 6, 7, 23, 12, 46, 36, 14, 45, 19, 44];2502.0
7123.0;[5, 7, 23, 35, 26, 42, 28, 3, 2, 4, 10, 0, 25, 20, 38, 18, 12, 32, 6, 31, 8, 11, 34, 13, 46, 45, 39, 19, 44, 21, 47, 22, 40, 41, 43, 1, 9, 33, 27, 37, 36, 14, 15, 16, 17, 24, 29, 30];2803.0
6744.0;[35, 16, 47, 3, 6, 10, 37, 0, 25, 22, 39, 19, 44, 15, 45, 20, 38, 17, 36, 21, 26, 1, 11, 8, 9, 33, 27, 28, 2, 41, 43, 42, 40, 18, 34, 13, 46, 14, 23, 12, 32, 31, 4, 24, 29, 30, 5, 7];2580.0
6928.0;[16, 45, 37, 38, 11, 8, 10, 0, 25, 1, 9, 33, 27, 2, 47, 26, 40, 12, 32, 7, 23, 46, 36, 15, 39, 21, 41, 43, 42, 28, 3, 24, 4, 30, 29, 5, 31, 6, 22, 19, 44, 20, 18, 17, 13, 34, 35, 14];2408.0
7327.0;[23, 12, 29, 30, 5, 42, 28, 24, 4, 2, 43, 22, 20, 38, 37, 18, 46, 36, 16, 45, 10, 9, 33, 27, 3, 6, 32, 7, 31, 8, 11, 0, 47, 41, 21, 40, 26, 1, 25, 17, 35, 14, 39, 19, 44, 15, 13, 34];2607.0
7185.0;[35, 14, 41, 43, 12, 32, 6, 24, 4, 29, 3, 8, 11, 10, 18, 45, 20, 38, 37, 0, 9, 33, 27, 28, 2, 1, 25, 47, 26, 39, 21, 40, 42, 22, 19, 44, 15, 16, 17, 46, 36, 23, 7, 30, 31, 5, 13, 34];2587.0
6390.0;[3, 6, 31, 5, 0, 47, 26, 1, 25, 12, 7, 23, 35, 14, 16, 45, 20, 38, 18, 36, 15, 19, 44, 10, 24, 4, 29, 30, 8, 11, 37, 39, 21, 40, 17, 46, 34, 13, 32, 9, 33, 27, 2, 41, 43, 22, 42, 28];2478.0
6849.0;[5, 40, 26, 1, 18, 36, 13, 32, 24, 4, 6, 10, 8, 11, 37, 38, 0, 25, 47, 22, 20, 46, 16, 17, 12, 9, 33, 27, 31, 7, 23, 34, 35, 14, 15, 45, 39, 19, 44, 21, 41, 43, 42, 2, 28, 3, 29, 30];2595.0
6682.0;[44, 17, 46, 36, 23, 32, 10, 8, 6, 24, 29, 4, 3, 33, 18, 12, 7, 31, 30, 5, 13, 34, 35, 45, 39, 21, 47, 9, 27, 28, 2, 42, 41, 43, 22, 40, 26, 1, 0, 25, 20, 38, 11, 37, 16, 14, 15, 19];2515.0
6963.0;[14, 32, 31, 6, 10, 11, 19, 44, 15, 17, 12, 9, 27, 24, 29, 30, 5, 18, 46, 36, 16, 45, 38, 37, 40, 22, 41, 43, 2, 28, 3, 33, 4, 0, 25, 47, 26, 42, 20, 39, 21, 1, 8, 7, 23, 13, 34, 35];2679.0
6725.0;[25, 37, 17, 15, 19, 44, 38, 11, 10, 18, 12, 32, 24, 4, 27, 28, 2, 29, 30, 46, 36, 14, 23, 34, 13, 35, 16, 45, 20, 9, 33, 3, 8, 7, 31, 5, 6, 0, 47, 41, 43, 22, 42, 40, 39, 21, 26, 1];2660.0
6465.0;[27, 0, 40, 20, 10, 6, 11, 8, 32, 24, 29, 30, 37, 38, 18, 46, 36, 14, 35, 16, 45, 39, 19, 44, 15, 17, 34, 13, 23, 12, 7, 31, 5, 4, 2, 41, 43, 1, 25, 47, 22, 21, 26, 42, 28, 3, 9, 33];2407.0
6467.0;[31, 7, 23, 46, 14, 45, 19, 44, 15, 35, 16, 17, 13, 34, 12, 32, 6, 8, 11, 37, 38, 27, 28, 42, 22, 20, 0, 25, 9, 33, 3, 2, 41, 43, 47, 26, 1, 24, 29, 30, 5, 18, 36, 39, 21, 40, 10, 4];2696.0
6455.0;[10, 35, 15, 20, 37, 38, 18, 12, 7, 31, 8, 11, 0, 25, 1, 46, 36, 14, 16, 45, 17, 13, 34, 23, 32, 24, 4, 29, 30, 5, 2, 42, 22, 40, 47, 26, 41, 43, 44, 19, 39, 21, 28, 33, 9, 27, 3, 6];2503.0
7170.0;[27, 6, 32, 7, 31, 37, 16, 17, 13, 34, 35, 15, 45, 39, 20, 38, 11, 8, 24, 4, 29, 30, 5, 10, 0, 41, 44, 19, 21, 47, 9, 28, 2, 43, 22, 42, 40, 26, 1, 25, 18, 46, 36, 14, 23, 12, 3, 33];2510.0
7007.0;[23, 46, 21, 40, 19, 39, 44, 15, 32, 29, 30, 5, 6, 10, 37, 26, 42, 28, 2, 18, 17, 36, 14, 45, 16, 12, 7, 31, 9, 33, 27, 4, 3, 24, 8, 11, 0, 1, 25, 47, 22, 41, 43, 20, 38, 13, 34, 35];2715.0
6843.0;[10, 6, 8, 11, 37, 39, 21, 9, 33, 2, 42, 40, 47, 20, 38, 12, 34, 13, 46, 14, 16, 18, 17, 36, 15, 44, 19, 0, 25, 32, 31, 5, 24, 29, 30, 4, 3, 27, 28, 7, 23, 35, 45, 22, 41, 43, 26, 1];2694.0
6748.0;[3, 29, 37, 38, 47, 19, 44, 34, 13, 23, 33, 9, 27, 28, 2, 22, 17, 12, 7, 31, 5, 30, 0, 1, 25, 20, 18, 46, 36, 14, 35, 15, 16, 45, 39, 21, 40, 26, 41, 43, 42, 10, 11, 8, 32, 6, 24, 4];2590.0
6580.0;[15, 44, 19, 0, 47, 28, 2, 41, 43, 42, 22, 20, 13, 35, 16, 45, 39, 21, 40, 26, 1, 25, 37, 38, 10, 9, 3, 33, 27, 4, 7, 23, 46, 36, 34, 12, 32, 24, 29, 30, 5, 31, 6, 8, 11, 18, 17, 14];2437.0
7138.0;[46, 25, 47, 22, 40, 1, 31, 30, 5, 0, 26, 42, 28, 3, 33, 24, 4, 29, 2, 41, 43, 9, 27, 10, 11, 37, 38, 18, 36, 35, 14, 15, 45, 39, 19, 44, 21, 20, 16, 17, 13, 12, 32, 6, 8, 7, 23, 34];2631.0
6928.0;[10, 18, 17, 34, 35, 16, 45, 44, 15, 12, 32, 9, 3, 6, 46, 36, 14, 0, 25, 37, 19, 39, 21, 40, 47, 1, 8, 11, 26, 42, 22, 41, 43, 20, 38, 13, 23, 7, 31, 33, 27, 28, 2, 24, 4, 29, 30, 5];2627.0
6432.0;[10, 42, 22, 21, 26, 27, 28, 2, 41, 43, 40, 18, 17, 46, 36, 23, 12, 32, 30, 5, 6, 9, 33, 3, 24, 4, 29, 8, 11, 37, 38, 0, 1, 25, 47, 20, 16, 45, 39, 19, 44, 15, 35, 14, 13, 34, 7, 31];2476.0
7120.0;[2, 42, 8, 11, 39, 21, 20, 18, 13, 35, 16, 45, 47, 41, 43, 40, 26, 22, 19, 44, 15, 17, 12, 32, 24, 4, 29, 3, 6, 10, 38, 37, 0, 1, 25, 9, 33, 30, 5, 31, 7, 23, 46, 36, 14, 34, 27, 28];2609.0
6542.0;[9, 27, 2, 40, 26, 1, 18, 17, 12, 6, 11, 8, 32, 34, 23, 7, 31, 10, 37, 0, 25, 47, 22, 39, 44, 19, 20, 38, 13, 46, 36, 14, 35, 15, 16, 45, 21, 41, 43, 42, 28, 33, 3, 24, 4, 29, 30, 5];2396.0
6359.0;[37, 19, 39, 21, 20, 35, 16, 45, 44, 15, 41, 42, 0, 25, 9, 8, 11, 10, 18, 17, 34, 13, 12, 7, 23, 46, 36, 14, 32, 6, 31, 5, 30, 29, 3, 24, 4, 33, 27, 28, 2, 43, 22, 40, 47, 26, 1, 38];2570.0
6864.0;[32, 27, 28, 10, 35, 16, 45, 17, 34, 13, 6, 9, 33, 24, 4, 0, 25, 1, 29, 30, 5, 8, 11, 39, 21, 47, 22, 40, 20, 38, 37, 26, 42, 18, 46, 36, 14, 23, 7, 31, 3, 2, 41, 43, 19, 44, 15, 12];2837.0
7216.0;[24, 4, 25, 26, 1, 27, 28, 3, 2, 41, 43, 42, 9, 33, 17, 34, 13, 35, 14, 23, 12, 32, 7, 31, 5, 29, 30, 10, 18, 46, 36, 15, 39, 21, 40, 38, 0, 47, 22, 20, 16, 45, 44, 19, 37, 11, 8, 6];2616.0
6751.0;[33, 11, 37, 38, 0, 47, 41, 43, 42, 28, 3, 6, 8, 32, 46, 36, 14, 16, 45, 20, 39, 10, 31, 5, 4, 27, 2, 22, 26, 1, 25, 18, 17, 13, 34, 12, 24, 29, 30, 7, 23, 35, 15, 44, 19, 21, 40, 9];2649.0
6671.0;[35, 14, 20, 38, 37, 10, 27, 28, 0, 25, 9, 33, 41, 21, 40, 22, 19, 44, 15, 16, 17, 12, 7, 31, 30, 5, 24, 4, 29, 3, 2, 43, 42, 11, 8, 32, 6, 18, 45, 39, 47, 26, 1, 13, 34, 23, 46, 36];2613.0
6548.0;[44, 24, 4, 46, 16, 20, 31, 5, 8, 11, 13, 34, 23, 12, 32, 33, 27, 6, 18, 17, 36, 14, 21, 40, 22, 38, 37, 0, 25, 47, 26, 1, 10, 9, 2, 41, 43, 42, 28, 3, 29, 30, 7, 35, 15, 45, 39, 19];2924.0
7179.0;[8, 11, 0, 47, 26, 1, 25, 9, 3, 4, 33, 27, 2, 28, 37, 17, 34, 13, 46, 45, 39, 44, 19, 38, 18, 36, 14, 35, 15, 16, 21, 41, 43, 42, 22, 40, 20, 10, 6, 24, 29, 30, 5, 7, 23, 12, 32, 31];2431.0
6589.0;[46, 36, 9, 33, 8, 11, 26, 1, 0, 25, 38, 37, 19, 44, 15, 45, 20, 4, 3, 27, 28, 2, 41, 43, 18, 17, 12, 7, 23, 34, 35, 14, 16, 32, 31, 5, 6, 24, 29, 30, 10, 47, 22, 42, 39, 21, 40, 13];2754.0
7246.0;[11, 17, 34, 35, 0, 9, 33, 27, 10, 37, 38, 18, 12, 32, 6, 3, 2, 28, 29, 30, 31, 5, 7, 23, 13, 46, 36, 14, 20, 41, 43, 22, 19, 44, 15, 16, 45, 39, 21, 40, 47, 26, 42, 1, 25, 24, 4, 8];2521.0
6533.0;[19, 44, 20, 34, 35, 15, 16, 39, 21, 38, 17, 12, 32, 24, 3, 4, 6, 18, 13, 7, 23, 10, 0, 47, 26, 25, 1, 11, 8, 29, 30, 31, 5, 41, 43, 22, 40, 46, 36, 14, 45, 37, 9, 33, 27, 28, 2, 42];2841.0
5959.0;[16, 20, 38, 37, 18, 17, 12, 7, 23, 35, 32, 6, 24, 4, 29, 27, 30, 5, 31, 9, 33, 2, 42, 39, 21, 26, 28, 3, 8, 10, 11, 0, 1, 25, 34, 13, 46, 36, 14, 45, 40, 47, 41, 43, 22, 19, 44, 15];2460.0
6560.0;[27, 28, 37, 39, 21, 22, 40, 20, 38, 11, 8, 0, 25, 9, 33, 2, 41, 43, 47, 26, 42, 1, 10, 18, 46, 36, 14, 16, 17, 12, 31, 5, 6, 24, 29, 30, 7, 23, 34, 35, 15, 45, 19, 44, 13, 32, 4, 3];2495.0
6644.0;[38, 26, 40, 20, 15, 16, 17, 7, 31, 29, 30, 5, 10, 18, 46, 36, 14, 45, 39, 21, 47, 22, 19, 44, 0, 25, 13, 34, 35, 23, 12, 32, 6, 33, 2, 41, 43, 42, 1, 9, 27, 28, 24, 4, 3, 8, 11, 37];2420.0
6958.0;[37, 0, 6, 10, 8, 11, 13, 46, 45, 21, 40, 47, 1, 25, 26, 42, 22, 41, 43, 20, 39, 19, 44, 15, 34, 12, 7, 23, 35, 14, 32, 31, 5, 9, 27, 2, 28, 33, 3, 24, 4, 29, 30, 18, 17, 36, 16, 38];2567.0
6829.0;[25, 38, 0, 27, 28, 42, 22, 41, 44, 19, 47, 1, 10, 24, 3, 6, 18, 34, 35, 15, 17, 12, 32, 9, 33, 2, 43, 20, 45, 16, 13, 46, 36, 14, 23, 7, 31, 4, 29, 30, 5, 8, 11, 37, 39, 21, 40, 26];2668.0
6584.0;[22, 40, 26, 28, 31, 5, 11, 37, 38, 20, 18, 17, 13, 24, 29, 30, 6, 10, 0, 25, 8, 9, 33, 27, 7, 23, 12, 32, 4, 3, 2, 43, 41, 42, 1, 46, 36, 14, 34, 35, 15, 45, 16, 39, 19, 44, 21, 47];2628.0
7466.0;[38, 18, 12, 32, 7, 31, 8, 11, 10, 24, 29, 4, 30, 5, 47, 42, 22, 21, 40, 26, 1, 9, 33, 27, 28, 6, 13, 46, 36, 45, 20, 37, 0, 25, 17, 39, 44, 15, 16, 34, 35, 14, 23, 3, 2, 43, 41, 19];2685.0
6992.0;[18, 17, 32, 10, 11, 8, 6, 31, 7, 12, 13, 46, 36, 20, 38, 0, 25, 22, 41, 43, 40, 47, 1, 37, 39, 19, 44, 15, 16, 14, 23, 34, 35, 45, 21, 26, 42, 2, 28, 27, 3, 24, 29, 30, 5, 4, 9, 33];2548.0
6181.0;[46, 16, 18, 36, 14, 17, 39, 21, 10, 6, 31, 7, 34, 23, 35, 15, 45, 38, 0, 25, 47, 26, 1, 8, 11, 42, 22, 41, 44, 19, 37, 12, 32, 24, 29, 30, 5, 4, 3, 9, 33, 27, 28, 2, 43, 40, 20, 13];2660.0
6666.0;[47, 44, 21, 40, 31, 5, 4, 33, 46, 36, 14, 13, 12, 32, 6, 18, 17, 19, 20, 37, 38, 26, 42, 22, 41, 43, 24, 29, 30, 7, 23, 34, 35, 15, 16, 45, 39, 1, 25, 11, 10, 8, 9, 27, 2, 28, 3, 0];2886.0
6744.0;[44, 19, 7, 5, 3, 6, 31, 30, 29, 33, 2, 41, 43, 42, 22, 40, 47, 20, 38, 0, 10, 8, 11, 17, 46, 36, 14, 45, 21, 26, 1, 25, 18, 13, 35, 15, 16, 34, 23, 12, 32, 9, 27, 28, 24, 4, 37, 39];2591.0
7106.0;[27, 2, 25, 34, 35, 15, 40, 22, 20, 37, 38, 31, 5, 8, 32, 7, 23, 14, 16, 45, 39, 19, 44, 21, 26, 28, 3, 29, 30, 6, 24, 4, 10, 11, 0, 47, 41, 43, 42, 1, 18, 17, 13, 46, 36, 12, 33, 9];2770.0
6846.0;[44, 15, 14, 35, 16, 40, 20, 11, 7, 31, 4, 3, 33, 9, 27, 28, 6, 46, 36, 23, 12, 32, 24, 29, 30, 5, 8, 10, 0, 47, 22, 42, 1, 25, 38, 37, 18, 17, 34, 13, 45, 39, 21, 26, 2, 43, 41, 19];2635.0
6346.0;[45, 28, 2, 3, 10, 38, 35, 16, 18, 32, 31, 6, 0, 25, 8, 11, 37, 40, 20, 21, 26, 1, 9, 33, 27, 24, 4, 29, 30, 5, 47, 41, 43, 42, 22, 39, 19, 44, 15, 17, 12, 7, 23, 34, 13, 46, 36, 14];2651.0
7085.0;[20, 16, 17, 7, 31, 5, 23, 12, 2, 43, 22, 41, 25, 1, 32, 6, 10, 9, 33, 27, 8, 11, 18, 45, 39, 21, 40, 47, 26, 42, 28, 3, 4, 24, 29, 30, 0, 37, 38, 13, 34, 46, 36, 14, 35, 15, 44, 19];2599.0
6794.0;[14, 38, 26, 1, 8, 11, 9, 33, 27, 28, 2, 43, 22, 47, 41, 42, 3, 32, 12, 7, 23, 46, 15, 19, 44, 0, 25, 10, 6, 31, 5, 24, 4, 29, 30, 17, 45, 39, 21, 40, 20, 37, 18, 13, 34, 35, 16, 36];2599.0
6840.0;[29, 10, 18, 17, 45, 21, 41, 43, 9, 33, 8, 11, 26, 1, 38, 37, 13, 46, 36, 14, 35, 23, 34, 7, 31, 30, 5, 0, 25, 47, 40, 22, 20, 39, 19, 44, 15, 16, 12, 32, 6, 27, 28, 3, 2, 42, 24, 4];2684.0
6680.0;[12, 8, 11, 10, 9, 27, 28, 2, 43, 42, 46, 36, 14, 15, 16, 32, 6, 3, 18, 35, 45, 38, 1, 33, 24, 4, 29, 30, 5, 31, 0, 25, 37, 39, 19, 44, 21, 40, 47, 26, 41, 22, 20, 17, 7, 23, 34, 13];2650.0
6838.0;[42, 28, 3, 38, 18, 13, 23, 34, 35, 14, 45, 20, 17, 12, 32, 24, 4, 6, 0, 25, 47, 26, 11, 8, 9, 2, 41, 43, 1, 46, 36, 7, 31, 33, 27, 29, 30, 5, 10, 37, 40, 39, 19, 44, 15, 16, 21, 22];2745.0
6967.0;[13, 47, 42, 10, 8, 11, 0, 25, 16, 17, 7, 31, 29, 30, 5, 6, 9, 27, 28, 2, 41, 19, 44, 15, 35, 14, 23, 12, 32, 24, 4, 33, 3, 43, 22, 20, 38, 37, 46, 36, 45, 39, 21, 40, 26, 1, 18, 34];2651.0
7028.0;[2, 19, 44, 15, 41, 43, 39, 21, 40, 47, 26, 22, 42, 1, 0, 25, 32, 6, 8, 11, 9, 27, 28, 3, 37, 38, 18, 17, 46, 36, 23, 7, 31, 30, 5, 12, 13, 34, 35, 14, 16, 45, 20, 10, 24, 4, 29, 33];2524.0
6709.0;[43, 42, 28, 3, 0, 25, 17, 46, 36, 13, 34, 15, 16, 14, 45, 20, 37, 38, 12, 32, 10, 6, 8, 11, 18, 7, 23, 35, 47, 26, 1, 33, 9, 27, 24, 29, 30, 5, 31, 4, 2, 41, 19, 44, 39, 21, 22, 40];2711.0
7179.0;[15, 32, 6, 8, 13, 46, 36, 14, 34, 31, 5, 0, 1, 25, 20, 38, 37, 11, 24, 4, 10, 18, 17, 12, 29, 30, 9, 33, 7, 23, 35, 16, 45, 39, 21, 26, 40, 47, 22, 43, 42, 28, 3, 27, 2, 41, 19, 44];2778.0
6262.0;[21, 20, 38, 0, 1, 9, 27, 30, 31, 5, 33, 41, 40, 14, 15, 12, 10, 8, 32, 7, 23, 35, 16, 18, 17, 45, 19, 44, 11, 25, 47, 26, 42, 28, 3, 6, 24, 4, 29, 2, 43, 22, 37, 34, 13, 46, 36, 39];2785.0
7050.0;[26, 9, 3, 33, 41, 40, 16, 45, 44, 19, 20, 18, 17, 32, 6, 8, 10, 11, 37, 38, 39, 21, 1, 24, 4, 29, 30, 5, 7, 23, 46, 36, 14, 35, 15, 34, 13, 12, 31, 27, 28, 2, 43, 22, 42, 0, 25, 47];2644.0
6342.0;[14, 35, 0, 47, 22, 20, 11, 8, 24, 30, 5, 4, 29, 31, 6, 10, 9, 33, 3, 27, 28, 2, 43, 41, 44, 15, 16, 45, 19, 39, 21, 40, 26, 42, 1, 25, 37, 38, 18, 17, 34, 13, 12, 32, 7, 23, 46, 36];2267.0
5892.0;[45, 41, 43, 22, 42, 28, 2, 3, 24, 4, 10, 37, 0, 25, 1, 9, 27, 33, 17, 14, 34, 12, 7, 23, 35, 20, 38, 40, 11, 8, 32, 31, 29, 30, 5, 6, 18, 13, 46, 36, 16, 39, 21, 47, 26, 19, 44, 15];2724.0
6457.0;[6, 8, 11, 46, 36, 7, 31, 3, 33, 10, 37, 38, 22, 42, 20, 16, 45, 39, 21, 40, 26, 9, 27, 24, 4, 29, 30, 5, 0, 1, 25, 18, 34, 23, 12, 13, 35, 14, 47, 28, 2, 41, 43, 19, 44, 15, 17, 32];2737.0
7424.0;[46, 42, 22, 20, 38, 0, 29, 30, 6, 10, 24, 4, 3, 8, 11, 37, 18, 36, 23, 12, 32, 7, 31, 5, 35, 14, 45, 39, 19, 21, 40, 26, 1, 25, 47, 9, 33, 27, 28, 2, 43, 41, 44, 15, 16, 17, 34, 13];2599.0
6756.0;[42, 33, 27, 28, 2, 43, 20, 38, 37, 0, 34, 35, 15, 45, 47, 26, 1, 25, 18, 17, 13, 12, 7, 23, 32, 6, 9, 3, 24, 4, 29, 30, 10, 46, 36, 14, 16, 31, 5, 8, 11, 22, 41, 44, 19, 39, 21, 40];2601.0
6455.0;[7, 31, 9, 33, 27, 8, 11, 45, 20, 38, 0, 25, 19, 44, 15, 46, 14, 34, 13, 23, 12, 32, 6, 24, 29, 30, 5, 4, 3, 2, 41, 43, 18, 36, 35, 16, 39, 21, 22, 40, 47, 26, 1, 42, 28, 10, 37, 17];2622.0
6884.0;[39, 8, 6, 10, 37, 38, 22, 40, 18, 17, 32, 31, 5, 19, 44, 21, 1, 9, 4, 3, 33, 27, 28, 2, 43, 41, 42, 0, 25, 47, 26, 11, 36, 16, 45, 20, 24, 29, 30, 7, 23, 35, 14, 15, 34, 12, 13, 46];3016.0
7021.0;[16, 27, 28, 3, 18, 17, 45, 39, 20, 38, 9, 33, 6, 8, 32, 31, 5, 11, 47, 22, 19, 44, 15, 12, 7, 23, 34, 13, 46, 36, 14, 21, 40, 26, 42, 2, 41, 43, 1, 24, 4, 29, 30, 10, 0, 25, 37, 35];2767.0
6923.0;[15, 35, 34, 23, 32, 9, 33, 40, 20, 38, 18, 46, 36, 45, 39, 21, 41, 43, 22, 42, 28, 3, 8, 11, 37, 14, 16, 17, 13, 12, 7, 31, 30, 5, 6, 24, 4, 29, 10, 0, 1, 25, 47, 26, 27, 2, 44, 19];2685.0
6589.0;[33, 10, 13, 46, 45, 19, 44, 15, 35, 14, 34, 23, 32, 4, 3, 27, 28, 2, 42, 17, 36, 16, 39, 21, 40, 20, 38, 37, 18, 12, 7, 31, 5, 6, 24, 29, 30, 8, 11, 0, 25, 22, 47, 41, 43, 26, 1, 9];2479.0
6920.0;[42, 12, 32, 6, 0, 25, 37, 38, 39, 21, 13, 34, 35, 16, 45, 20, 18, 17, 14, 23, 46, 36, 15, 19, 44, 41, 43, 22, 40, 47, 26, 1, 11, 10, 8, 33, 9, 27, 28, 3, 24, 29, 30, 7, 31, 5, 4, 2];2562.0
6868.0;[15, 19, 20, 11, 8, 24, 29, 30, 5, 18, 45, 39, 21, 40, 10, 31, 7, 23, 34, 35, 14, 16, 17, 13, 46, 36, 12, 32, 6, 4, 3, 33, 9, 27, 28, 2, 22, 41, 43, 42, 0, 25, 47, 26, 1, 37, 38, 44];2443.0
6972.0;[10, 11, 37, 38, 20, 39, 19, 44, 15, 45, 21, 40, 26, 1, 25, 47, 22, 41, 43, 42, 2, 28, 24, 29, 30, 5, 31, 0, 18, 17, 12, 7, 23, 34, 13, 46, 36, 14, 35, 16, 9, 33, 27, 4, 3, 8, 32, 6];2204.0
6892.0;[19, 44, 15, 13, 46, 36, 23, 7, 31, 5, 6, 24, 4, 10, 37, 38, 8, 11, 0, 25, 29, 30, 9, 27, 2, 41, 43, 22, 40, 20, 34, 35, 14, 16, 18, 17, 12, 32, 45, 39, 21, 47, 26, 28, 3, 33, 42, 1];2681.0
7084.0;[47, 22, 14, 16, 45, 20, 24, 4, 29, 30, 5, 6, 32, 34, 35, 39, 21, 9, 3, 33, 10, 8, 11, 37, 38, 18, 13, 46, 36, 23, 27, 28, 2, 43, 40, 26, 42, 41, 19, 44, 15, 17, 12, 7, 31, 0, 25, 1];2765.0
6243.0;[33, 10, 37, 38, 18, 34, 35, 47, 22, 39, 19, 44, 15, 23, 7, 31, 5, 27, 28, 2, 41, 43, 42, 26, 1, 0, 25, 11, 8, 6, 24, 4, 3, 29, 30, 13, 46, 36, 14, 16, 45, 21, 40, 20, 17, 12, 32, 9];2496.0
6358.0;[22, 44, 15, 35, 14, 16, 17, 34, 23, 32, 0, 25, 37, 39, 19, 20, 38, 10, 6, 29, 30, 5, 7, 31, 9, 33, 27, 2, 41, 43, 40, 1, 47, 26, 42, 28, 3, 24, 4, 8, 11, 18, 12, 13, 46, 36, 45, 21];2487.0
6780.0;[4, 18, 13, 34, 32, 27, 28, 41, 2, 43, 22, 40, 38, 37, 44, 19, 11, 8, 6, 10, 0, 25, 1, 17, 12, 31, 5, 30, 7, 23, 35, 15, 16, 46, 36, 14, 45, 20, 39, 21, 47, 26, 42, 9, 33, 24, 29, 3];2743.0
6215.0;[0, 17, 24, 29, 30, 5, 31, 12, 32, 10, 25, 47, 26, 28, 33, 2, 41, 43, 34, 35, 14, 15, 16, 45, 22, 42, 1, 9, 27, 3, 4, 6, 8, 11, 37, 39, 21, 40, 20, 38, 18, 7, 23, 13, 46, 36, 44, 19];2771.0
6445.0;[1, 33, 30, 5, 10, 37, 38, 24, 4, 29, 6, 8, 11, 9, 27, 2, 41, 44, 19, 20, 18, 17, 32, 12, 34, 35, 15, 16, 47, 43, 22, 0, 25, 26, 42, 28, 3, 31, 7, 23, 13, 46, 36, 14, 45, 39, 21, 40];2677.0
7133.0;[17, 18, 13, 46, 36, 24, 4, 6, 0, 25, 1, 47, 22, 41, 43, 42, 38, 20, 16, 14, 15, 12, 32, 8, 10, 9, 33, 3, 27, 2, 28, 29, 30, 31, 5, 7, 34, 23, 35, 45, 39, 19, 44, 21, 40, 26, 11, 37];2666.0
6971.0;[34, 13, 32, 9, 33, 27, 28, 4, 3, 0, 18, 17, 45, 39, 21, 47, 26, 1, 25, 22, 40, 42, 20, 37, 38, 11, 8, 10, 6, 24, 29, 2, 43, 41, 19, 44, 15, 46, 36, 14, 35, 16, 12, 31, 5, 30, 7, 23];2408.0
6242.0;[44, 15, 16, 17, 9, 33, 27, 28, 18, 34, 13, 46, 36, 45, 39, 21, 47, 22, 41, 43, 42, 40, 26, 1, 11, 0, 25, 12, 32, 31, 5, 6, 8, 7, 23, 35, 14, 20, 37, 38, 10, 24, 29, 30, 4, 3, 2, 19];2463.0
6732.0;[8, 32, 13, 34, 23, 7, 31, 37, 38, 12, 6, 11, 10, 0, 25, 9, 33, 2, 41, 42, 28, 4, 29, 43, 22, 40, 20, 18, 35, 14, 15, 16, 17, 46, 36, 45, 39, 19, 44, 21, 47, 26, 1, 27, 24, 30, 5, 3];2607.0
6508.0;[18, 45, 0, 25, 13, 34, 35, 21, 47, 26, 1, 8, 11, 10, 41, 2, 43, 22, 42, 40, 20, 38, 37, 39, 19, 44, 15, 17, 32, 6, 24, 30, 5, 9, 33, 27, 28, 3, 4, 29, 31, 7, 23, 12, 46, 36, 14, 16];2473.0
6490.0;[5, 46, 36, 14, 15, 47, 26, 22, 38, 18, 17, 39, 21, 41, 43, 1, 0, 25, 44, 19, 20, 8, 11, 10, 37, 16, 12, 32, 6, 31, 7, 23, 13, 34, 35, 45, 40, 42, 28, 2, 9, 33, 27, 3, 24, 4, 29, 30];2735.0
6695.0;[23, 46, 14, 47, 26, 37, 38, 39, 21, 40, 1, 6, 31, 5, 44, 19, 11, 10, 9, 27, 3, 18, 36, 17, 12, 13, 34, 35, 15, 16, 45, 20, 0, 25, 24, 29, 30, 4, 33, 2, 43, 22, 41, 42, 28, 8, 32, 7];2891.0
6327.0;[31, 5, 7, 23, 34, 13, 35, 21, 40, 20, 0, 26, 1, 25, 37, 38, 10, 9, 27, 28, 3, 4, 33, 2, 41, 43, 19, 44, 15, 46, 36, 14, 16, 45, 39, 47, 22, 42, 11, 8, 18, 17, 12, 32, 6, 24, 29, 30];2324.0
6867.0;[18, 12, 32, 24, 3, 27, 28, 11, 36, 35, 14, 45, 20, 38, 37, 15, 16, 17, 21, 40, 47, 26, 22, 42, 1, 8, 7, 31, 10, 0, 25, 13, 46, 23, 34, 4, 29, 30, 5, 6, 9, 33, 2, 43, 41, 39, 44, 19];2733.0
6931.0;[31, 5, 0, 1, 36, 14, 15, 16, 45, 21, 40, 22, 39, 19, 44, 23, 12, 32, 10, 25, 26, 9, 24, 4, 33, 27, 2, 42, 28, 6, 8, 11, 37, 38, 18, 17, 34, 35, 13, 46, 20, 47, 41, 43, 3, 29, 30, 7];2774.0
6863.0;[27, 2, 1, 18, 17, 45, 20, 38, 37, 47, 42, 28, 29, 30, 5, 24, 4, 0, 25, 26, 10, 11, 8, 9, 3, 6, 31, 46, 36, 12, 32, 7, 23, 13, 34, 35, 14, 16, 40, 41, 43, 22, 44, 15, 19, 39, 21, 33];2756.0
6501.0;[32, 13, 46, 36, 15, 38, 37, 39, 21, 40, 20, 18, 17, 12, 6, 24, 4, 3, 29, 30, 0, 25, 47, 26, 1, 10, 9, 27, 28, 23, 34, 35, 14, 7, 31, 5, 33, 2, 41, 43, 42, 22, 16, 45, 19, 44, 11, 8];2613.0
6314.0;[34, 46, 15, 12, 32, 42, 28, 3, 4, 24, 29, 30, 6, 9, 33, 27, 2, 41, 43, 22, 40, 20, 38, 17, 36, 23, 7, 31, 5, 0, 25, 37, 45, 19, 44, 39, 21, 47, 26, 1, 10, 8, 11, 18, 14, 35, 16, 13];2479.0
6836.0;[34, 6, 9, 3, 8, 11, 37, 20, 38, 45, 16, 46, 36, 14, 15, 44, 19, 39, 21, 40, 47, 22, 41, 0, 25, 26, 1, 10, 7, 31, 5, 30, 24, 4, 29, 28, 2, 43, 42, 18, 35, 23, 12, 32, 33, 27, 17, 13];2798.0
6994.0;[39, 21, 47, 26, 1, 25, 0, 37, 38, 24, 4, 3, 29, 30, 7, 23, 34, 13, 46, 16, 36, 14, 35, 45, 41, 43, 22, 40, 20, 19, 44, 15, 18, 17, 12, 32, 31, 5, 6, 8, 11, 10, 33, 9, 27, 28, 2, 42];2362.0
7000.0;[32, 6, 10, 25, 1, 11, 8, 33, 3, 24, 4, 45, 39, 21, 40, 38, 37, 0, 47, 19, 44, 20, 30, 31, 5, 29, 2, 41, 43, 22, 26, 9, 27, 28, 42, 18, 46, 36, 14, 35, 15, 16, 17, 13, 34, 7, 23, 12];2695.0
6828.0;[10, 35, 14, 23, 12, 32, 6, 8, 11, 0, 25, 1, 39, 21, 47, 22, 40, 26, 28, 2, 43, 42, 9, 33, 27, 41, 44, 15, 46, 36, 16, 45, 19, 20, 37, 38, 18, 17, 34, 13, 7, 31, 5, 3, 24, 29, 4, 30];2508.0
7453.0;[3, 10, 34, 35, 44, 15, 16, 32, 6, 8, 11, 0, 25, 41, 43, 22, 42, 40, 20, 38, 37, 18, 17, 12, 7, 23, 13, 46, 36, 14, 45, 39, 19, 21, 1, 9, 24, 4, 29, 30, 5, 31, 33, 27, 2, 47, 26, 28];2485.0
6431.0;[21, 41, 43, 1, 8, 11, 25, 20, 16, 17, 45, 39, 19, 44, 32, 31, 30, 5, 6, 10, 0, 47, 26, 42, 22, 40, 38, 37, 18, 46, 36, 34, 13, 12, 24, 29, 4, 33, 9, 27, 2, 28, 3, 7, 23, 35, 14, 15];2602.0
7013.0;[31, 5, 24, 29, 41, 21, 20, 38, 47, 22, 26, 42, 8, 11, 37, 16, 45, 39, 19, 44, 0, 25, 1, 9, 32, 6, 10, 18, 13, 34, 23, 12, 7, 30, 4, 3, 33, 27, 28, 2, 43, 40, 17, 46, 36, 35, 14, 15];2729.0
6961.0;[14, 15, 43, 42, 8, 11, 10, 37, 20, 38, 18, 17, 12, 32, 0, 25, 1, 9, 27, 28, 3, 7, 23, 46, 36, 16, 45, 39, 21, 47, 22, 40, 26, 6, 24, 29, 30, 31, 5, 4, 33, 2, 41, 44, 19, 13, 34, 35];2543.0
6660.0;[42, 28, 6, 0, 25, 41, 43, 22, 20, 16, 45, 39, 19, 44, 21, 40, 47, 26, 1, 18, 32, 24, 4, 46, 36, 14, 15, 17, 12, 31, 5, 29, 30, 7, 23, 34, 35, 13, 9, 2, 3, 33, 27, 8, 11, 10, 37, 38];2752.0
5892.0;[13, 23, 32, 4, 29, 30, 11, 37, 18, 45, 47, 22, 26, 20, 39, 21, 40, 38, 12, 7, 31, 5, 6, 24, 3, 27, 28, 8, 0, 25, 1, 10, 9, 33, 2, 42, 41, 43, 19, 44, 15, 35, 16, 17, 46, 36, 14, 34];2485.0
7069.0;[39, 21, 22, 41, 43, 42, 1, 10, 24, 30, 29, 5, 31, 7, 12, 32, 37, 38, 20, 11, 8, 0, 25, 47, 40, 26, 9, 27, 33, 2, 28, 4, 3, 6, 14, 35, 45, 19, 44, 15, 18, 17, 34, 23, 13, 46, 36, 16];2590.0
6417.0;[45, 11, 8, 32, 10, 37, 38, 0, 25, 17, 36, 14, 15, 19, 44, 41, 28, 24, 4, 3, 33, 29, 30, 5, 31, 7, 23, 12, 2, 43, 42, 1, 9, 27, 6, 18, 13, 34, 35, 39, 21, 40, 47, 26, 22, 20, 46, 16];2693.0
6166.0;[7, 35, 19, 44, 39, 21, 47, 26, 1, 25, 11, 10, 8, 9, 27, 18, 17, 12, 32, 6, 0, 42, 28, 24, 3, 4, 33, 2, 43, 22, 40, 41, 20, 16, 34, 23, 13, 46, 36, 14, 15, 45, 37, 38, 29, 30, 31, 5];2747.0
6691.0;[17, 6, 10, 42, 40, 14, 35, 45, 19, 20, 38, 37, 12, 7, 31, 5, 9, 33, 8, 11, 46, 36, 23, 34, 13, 32, 24, 3, 4, 29, 30, 0, 25, 47, 22, 41, 39, 21, 26, 1, 27, 28, 2, 43, 44, 15, 16, 18];2785.0
6252.0;[22, 42, 9, 27, 28, 2, 4, 33, 3, 10, 11, 8, 6, 31, 0, 25, 20, 21, 40, 47, 26, 1, 37, 38, 18, 17, 46, 36, 12, 32, 24, 29, 30, 5, 7, 23, 34, 13, 45, 39, 19, 44, 15, 16, 35, 14, 41, 43];2530.0
6881.0;[5, 10, 17, 36, 45, 37, 38, 1, 9, 33, 27, 18, 34, 13, 12, 32, 6, 24, 29, 30, 4, 3, 39, 21, 41, 43, 42, 28, 2, 22, 40, 20, 8, 11, 0, 25, 47, 26, 19, 44, 15, 16, 46, 14, 35, 23, 7, 31];2618.0
6852.0;[27, 34, 13, 24, 4, 2, 20, 37, 38, 18, 17, 15, 19, 44, 0, 47, 26, 42, 28, 3, 6, 10, 45, 39, 21, 40, 22, 41, 43, 1, 25, 46, 36, 14, 35, 16, 12, 7, 23, 32, 31, 5, 29, 30, 11, 8, 9, 33];2756.0
7131.0;[11, 47, 26, 42, 41, 43, 40, 20, 18, 17, 34, 13, 46, 16, 36, 14, 45, 39, 21, 1, 24, 3, 10, 37, 38, 0, 25, 22, 19, 44, 15, 35, 23, 12, 32, 7, 31, 5, 9, 33, 27, 28, 2, 4, 29, 30, 6, 8];2307.0
7172.0;[31, 6, 34, 35, 13, 46, 19, 44, 15, 16, 45, 20, 0, 25, 1, 37, 38, 10, 8, 11, 18, 36, 14, 17, 39, 21, 26, 32, 7, 23, 12, 24, 4, 2, 41, 43, 22, 40, 47, 42, 28, 9, 33, 27, 3, 29, 30, 5];2543.0
6788.0;[36, 15, 17, 32, 37, 38, 22, 40, 16, 45, 39, 21, 28, 2, 42, 41, 43, 44, 19, 20, 11, 8, 0, 47, 26, 1, 25, 10, 9, 24, 4, 33, 27, 29, 30, 3, 6, 31, 5, 18, 12, 7, 23, 34, 13, 35, 14, 46];2654.0
6780.0;[44, 41, 43, 42, 46, 36, 0, 28, 2, 24, 4, 29, 30, 31, 5, 37, 38, 11, 8, 10, 9, 27, 18, 12, 32, 3, 33, 6, 7, 23, 34, 14, 45, 39, 19, 21, 47, 26, 1, 25, 22, 40, 20, 16, 17, 13, 35, 15];2874.0
6674.0;[16, 45, 17, 32, 24, 8, 11, 10, 1, 0, 25, 26, 9, 33, 2, 41, 43, 42, 44, 19, 4, 29, 3, 27, 28, 37, 38, 18, 34, 23, 13, 46, 36, 35, 14, 15, 12, 7, 30, 31, 5, 6, 47, 22, 39, 21, 40, 20];2722.0
6964.0;[27, 0, 25, 1, 10, 11, 8, 32, 12, 24, 29, 30, 5, 18, 46, 36, 14, 23, 7, 31, 33, 2, 43, 28, 3, 4, 6, 37, 38, 20, 47, 22, 41, 19, 44, 15, 34, 13, 35, 16, 17, 45, 39, 21, 40, 26, 42, 9];2561.0
6773.0;[3, 6, 10, 0, 25, 20, 11, 8, 32, 37, 38, 18, 45, 39, 19, 44, 15, 17, 46, 36, 16, 12, 7, 23, 34, 13, 35, 14, 21, 26, 1, 9, 27, 24, 29, 30, 31, 5, 4, 33, 2, 43, 41, 22, 40, 47, 42, 28];2329.0
6760.0;[33, 3, 6, 9, 27, 2, 0, 25, 18, 17, 35, 14, 13, 34, 46, 36, 38, 20, 39, 19, 44, 15, 16, 45, 21, 26, 1, 10, 31, 7, 23, 12, 32, 8, 11, 37, 22, 41, 43, 42, 40, 47, 28, 29, 30, 5, 24, 4];2503.0
6865.0;[21, 22, 40, 20, 18, 12, 24, 4, 29, 30, 11, 8, 32, 35, 15, 16, 17, 13, 46, 36, 14, 34, 23, 7, 31, 5, 3, 33, 2, 41, 43, 42, 47, 26, 1, 9, 27, 28, 6, 10, 0, 25, 37, 38, 45, 19, 39, 44];2378.0
7127.0;[10, 11, 8, 32, 24, 2, 43, 40, 16, 45, 20, 39, 19, 44, 21, 26, 1, 9, 6, 0, 25, 37, 38, 17, 13, 35, 14, 34, 23, 12, 7, 31, 29, 30, 5, 47, 22, 41, 42, 28, 33, 27, 4, 3, 18, 46, 36, 15];2715.0
6693.0;[20, 16, 45, 39, 47, 28, 2, 42, 1, 25, 18, 17, 12, 32, 9, 33, 27, 7, 31, 23, 34, 35, 14, 13, 46, 36, 15, 21, 41, 43, 22, 40, 38, 11, 8, 0, 26, 10, 6, 3, 24, 4, 29, 30, 5, 37, 44, 19];2658.0
6654.0;[5, 22, 41, 20, 38, 17, 36, 35, 45, 39, 19, 44, 21, 26, 1, 0, 25, 10, 9, 3, 8, 32, 31, 7, 23, 34, 46, 14, 15, 16, 33, 27, 2, 43, 40, 47, 42, 28, 24, 4, 6, 11, 37, 18, 13, 12, 29, 30];2756.0
6939.0;[21, 47, 43, 42, 22, 40, 18, 45, 26, 1, 7, 23, 32, 6, 3, 24, 4, 29, 30, 31, 5, 8, 11, 37, 38, 20, 44, 15, 16, 17, 13, 46, 36, 14, 35, 34, 12, 10, 0, 25, 33, 9, 27, 28, 2, 41, 19, 39];2489.0
6749.0;[0, 1, 9, 3, 4, 33, 27, 10, 13, 34, 35, 16, 17, 6, 8, 11, 25, 37, 18, 45, 21, 47, 26, 22, 38, 40, 20, 39, 19, 44, 15, 46, 36, 14, 23, 12, 32, 7, 31, 2, 41, 43, 42, 28, 24, 29, 30, 5];2544.0
7001.0;[14, 24, 4, 37, 44, 19, 38, 0, 25, 1, 17, 13, 23, 34, 35, 15, 45, 20, 16, 12, 10, 11, 8, 9, 2, 43, 28, 3, 6, 32, 7, 31, 5, 33, 27, 29, 30, 47, 26, 42, 22, 41, 39, 21, 40, 18, 46, 36];2812.0
6126.0;[1, 32, 46, 14, 7, 31, 6, 37, 17, 13, 34, 23, 12, 9, 33, 27, 10, 18, 36, 35, 45, 19, 44, 15, 16, 38, 47, 26, 41, 2, 43, 42, 22, 40, 20, 39, 21, 28, 29, 30, 5, 24, 4, 3, 8, 11, 0, 25];2715.0
7668.0;[43, 22, 47, 26, 1, 9, 33, 27, 4, 29, 30, 31, 5, 7, 35, 14, 45, 25, 41, 42, 28, 3, 34, 13, 23, 32, 6, 8, 11, 10, 0, 37, 38, 18, 17, 46, 36, 15, 19, 44, 39, 21, 40, 20, 16, 12, 24, 2];2590.0
6795.0;[28, 2, 6, 8, 11, 18, 13, 46, 36, 15, 17, 24, 3, 0, 25, 9, 33, 27, 35, 14, 16, 45, 39, 47, 22, 41, 43, 42, 40, 26, 1, 4, 29, 30, 7, 23, 34, 12, 32, 31, 5, 10, 37, 38, 20, 19, 44, 21];2725.0
6757.0;[7, 23, 13, 34, 12, 8, 32, 9, 2, 22, 41, 43, 20, 38, 1, 0, 25, 19, 44, 21, 40, 42, 28, 3, 33, 27, 6, 10, 11, 37, 18, 46, 36, 14, 17, 35, 15, 16, 45, 39, 47, 26, 24, 4, 29, 30, 31, 5];2536.0
7086.0;[5, 7, 31, 2, 28, 6, 37, 38, 0, 1, 10, 8, 11, 45, 39, 19, 44, 17, 46, 36, 34, 35, 14, 15, 16, 21, 40, 26, 25, 47, 41, 43, 42, 22, 20, 18, 13, 23, 12, 32, 9, 33, 27, 3, 24, 4, 29, 30];2388.0
6532.0;[38, 10, 9, 2, 41, 43, 28, 4, 29, 37, 19, 44, 15, 35, 14, 13, 34, 8, 11, 0, 1, 25, 18, 12, 32, 6, 24, 3, 33, 27, 30, 5, 31, 7, 23, 46, 36, 16, 47, 26, 42, 22, 40, 39, 21, 20, 17, 45];2678.0
6582.0;[29, 30, 6, 25, 47, 1, 34, 13, 46, 36, 14, 17, 18, 45, 19, 44, 15, 16, 39, 21, 40, 26, 24, 5, 31, 10, 0, 20, 38, 37, 11, 8, 7, 35, 23, 12, 32, 9, 2, 22, 41, 43, 42, 28, 3, 33, 27, 4];2641.0
6629.0;[12, 7, 31, 47, 22, 16, 45, 20, 39, 21, 40, 26, 9, 33, 27, 28, 2, 41, 43, 42, 1, 10, 8, 11, 0, 25, 18, 17, 32, 24, 29, 30, 5, 46, 36, 19, 44, 15, 34, 13, 4, 3, 6, 37, 38, 35, 14, 23];2658.0
6539.0;[44, 21, 40, 38, 18, 13, 34, 35, 17, 45, 39, 26, 42, 28, 24, 4, 29, 7, 23, 12, 46, 36, 14, 15, 16, 19, 20, 9, 27, 3, 30, 31, 5, 8, 10, 0, 1, 25, 37, 11, 32, 6, 33, 2, 43, 47, 41, 22];2659.0
6907.0;[24, 29, 2, 41, 43, 42, 3, 33, 27, 8, 11, 0, 1, 9, 30, 5, 31, 7, 23, 32, 6, 39, 21, 40, 28, 4, 10, 19, 44, 20, 37, 38, 18, 13, 34, 35, 15, 45, 25, 47, 26, 22, 16, 17, 46, 36, 14, 12];2827.0
6852.0;[28, 2, 47, 26, 46, 15, 17, 31, 5, 39, 21, 40, 20, 37, 10, 4, 29, 30, 0, 1, 25, 18, 36, 14, 16, 38, 9, 27, 6, 13, 34, 35, 45, 44, 19, 11, 8, 32, 7, 23, 12, 24, 3, 33, 43, 22, 41, 42];3123.0
6736.0;[8, 11, 9, 33, 3, 24, 4, 27, 28, 2, 6, 10, 0, 47, 22, 26, 1, 25, 12, 32, 29, 30, 18, 13, 34, 46, 36, 14, 19, 44, 15, 16, 45, 39, 21, 40, 41, 43, 42, 20, 37, 38, 17, 35, 23, 7, 31, 5];2453.0
6774.0;[1, 25, 19, 44, 21, 26, 10, 8, 11, 37, 38, 40, 47, 20, 35, 15, 18, 17, 31, 5, 34, 13, 46, 36, 14, 16, 45, 39, 22, 41, 43, 42, 24, 4, 29, 30, 9, 33, 27, 2, 28, 3, 7, 23, 12, 32, 6, 0];2623.0
6386.0;[21, 40, 38, 25, 1, 8, 11, 0, 47, 22, 43, 42, 3, 6, 10, 37, 19, 44, 15, 16, 45, 20, 17, 12, 9, 33, 27, 31, 7, 23, 34, 35, 13, 32, 24, 4, 29, 30, 5, 18, 46, 36, 14, 39, 26, 28, 2, 41];2660.0
6296.0;[37, 38, 18, 13, 46, 36, 35, 14, 23, 34, 7, 31, 5, 6, 8, 11, 10, 17, 12, 32, 26, 42, 28, 2, 41, 43, 19, 44, 15, 16, 45, 39, 21, 40, 9, 33, 27, 24, 4, 29, 30, 3, 0, 25, 1, 47, 22, 20];2304.0
6909.0;[1, 37, 38, 30, 5, 31, 6, 9, 41, 43, 22, 19, 44, 15, 17, 13, 12, 7, 23, 34, 35, 14, 32, 8, 11, 0, 25, 47, 42, 10, 24, 4, 29, 3, 33, 27, 28, 2, 20, 18, 46, 36, 16, 45, 39, 21, 40, 26];2451.0
6435.0;[10, 6, 0, 26, 42, 8, 11, 25, 37, 20, 38, 40, 47, 41, 43, 22, 2, 28, 29, 30, 5, 18, 17, 13, 34, 23, 46, 36, 14, 39, 21, 1, 9, 27, 24, 4, 3, 33, 31, 7, 12, 32, 35, 19, 44, 15, 16, 45];2813.0
6488.0;[12, 24, 29, 2, 41, 43, 10, 32, 7, 23, 15, 19, 44, 6, 31, 5, 30, 4, 3, 8, 11, 37, 39, 21, 26, 1, 18, 13, 35, 14, 16, 45, 20, 38, 25, 9, 33, 27, 28, 0, 47, 42, 22, 40, 17, 46, 36, 34];2758.0
6996.0;[31, 5, 25, 12, 32, 6, 10, 18, 17, 13, 34, 7, 23, 35, 15, 41, 43, 22, 26, 28, 24, 4, 33, 2, 42, 19, 44, 20, 0, 1, 9, 27, 29, 30, 3, 8, 11, 37, 38, 46, 36, 14, 16, 45, 39, 21, 40, 47];2713.0
6759.0;[37, 39, 21, 26, 1, 11, 8, 9, 33, 3, 10, 18, 34, 13, 46, 36, 14, 35, 16, 17, 45, 20, 38, 25, 0, 27, 28, 2, 43, 42, 22, 41, 40, 47, 19, 44, 15, 23, 12, 32, 7, 31, 24, 4, 29, 30, 5, 6];2313.0
6714.0;[35, 14, 39, 21, 9, 2, 28, 24, 29, 30, 6, 10, 37, 19, 44, 15, 45, 16, 18, 17, 13, 46, 36, 41, 43, 42, 22, 40, 47, 26, 1, 0, 25, 32, 31, 5, 4, 3, 33, 27, 8, 11, 38, 20, 12, 7, 23, 34];2548.0
7257.0;[20, 38, 37, 18, 17, 45, 21, 47, 41, 43, 22, 26, 0, 25, 1, 11, 39, 19, 44, 15, 16, 6, 10, 8, 32, 13, 46, 36, 35, 14, 34, 23, 12, 7, 31, 9, 33, 27, 28, 3, 29, 30, 5, 24, 4, 2, 42, 40];2322.0
6612.0;[35, 23, 32, 29, 27, 28, 2, 40, 17, 46, 36, 15, 14, 16, 45, 39, 19, 44, 21, 20, 12, 7, 31, 30, 5, 6, 8, 11, 25, 22, 41, 43, 42, 9, 33, 3, 24, 4, 10, 0, 47, 26, 1, 37, 38, 18, 34, 13];2487.0
7490.0;[24, 6, 47, 22, 40, 20, 19, 44, 23, 7, 31, 9, 33, 2, 26, 1, 0, 25, 8, 11, 10, 37, 38, 46, 36, 14, 35, 15, 16, 45, 39, 21, 41, 43, 42, 28, 4, 29, 30, 5, 3, 27, 18, 17, 34, 13, 12, 32];2610.0
7003.0;[23, 35, 16, 21, 47, 26, 1, 10, 6, 24, 4, 29, 3, 27, 28, 2, 40, 20, 37, 38, 18, 17, 34, 13, 12, 32, 8, 11, 0, 25, 22, 41, 43, 42, 19, 44, 15, 45, 39, 9, 33, 30, 5, 31, 7, 46, 36, 14];2377.0
6876.0;[42, 1, 9, 27, 0, 25, 6, 29, 30, 5, 10, 11, 14, 16, 20, 38, 17, 46, 36, 45, 37, 47, 26, 28, 3, 24, 4, 33, 2, 43, 22, 18, 13, 34, 23, 12, 7, 31, 8, 32, 35, 15, 19, 44, 39, 21, 40, 41];2734.0
6205.0;[32, 10, 18, 36, 35, 45, 40, 47, 44, 15, 19, 39, 21, 20, 37, 38, 0, 25, 31, 5, 3, 4, 33, 9, 27, 28, 2, 41, 43, 42, 22, 26, 1, 11, 8, 6, 24, 29, 30, 7, 23, 46, 14, 16, 17, 13, 34, 12];2434.0
6702.0;[17, 13, 46, 36, 34, 35, 14, 16, 39, 21, 37, 38, 45, 20, 0, 25, 1, 11, 8, 6, 10, 18, 12, 7, 23, 32, 31, 9, 27, 2, 42, 41, 43, 22, 40, 47, 26, 28, 29, 30, 5, 24, 4, 3, 33, 19, 44, 15];2466.0
6324.0;[18, 45, 11, 8, 9, 33, 27, 3, 7, 23, 12, 25, 1, 13, 46, 15, 16, 31, 5, 6, 0, 22, 47, 26, 42, 28, 2, 41, 43, 19, 44, 21, 40, 20, 39, 37, 38, 17, 36, 14, 35, 34, 32, 24, 29, 4, 30, 10];2841.0
6833.0;[18, 17, 32, 9, 33, 27, 3, 29, 5, 10, 44, 19, 47, 26, 1, 8, 11, 37, 38, 0, 25, 41, 43, 42, 22, 28, 2, 6, 24, 4, 30, 31, 7, 35, 14, 34, 23, 12, 13, 46, 36, 15, 16, 45, 39, 21, 40, 20];2461.0
6555.0;[15, 0, 1, 25, 22, 40, 47, 26, 42, 10, 18, 45, 39, 11, 8, 9, 33, 29, 30, 31, 5, 37, 19, 44, 21, 20, 38, 17, 35, 16, 12, 6, 24, 4, 3, 27, 28, 2, 41, 43, 32, 7, 23, 34, 13, 46, 36, 14];2596.0
6944.0;[34, 13, 6, 10, 18, 12, 32, 27, 28, 2, 42, 1, 37, 38, 11, 8, 24, 4, 29, 30, 31, 5, 3, 0, 25, 47, 26, 22, 20, 16, 45, 39, 21, 9, 33, 41, 43, 40, 17, 46, 36, 14, 19, 44, 15, 35, 7, 23];2677.0
7304.0;[32, 24, 4, 6, 46, 14, 45, 21, 20, 18, 12, 7, 31, 29, 30, 5, 0, 1, 9, 33, 27, 2, 43, 42, 28, 3, 8, 11, 37, 38, 36, 35, 23, 10, 25, 26, 40, 47, 22, 41, 39, 19, 44, 15, 16, 17, 13, 34];2616.0
6533.0;[28, 3, 33, 6, 10, 18, 17, 13, 46, 20, 0, 25, 9, 27, 2, 47, 26, 22, 41, 43, 42, 1, 37, 38, 8, 11, 32, 31, 30, 5, 24, 4, 29, 12, 7, 23, 34, 35, 14, 15, 16, 36, 45, 19, 44, 39, 21, 40];2532.0
6406.0;[2, 44, 19, 20, 10, 8, 11, 37, 38, 26, 28, 4, 3, 6, 0, 25, 18, 17, 15, 45, 16, 39, 21, 9, 33, 27, 43, 22, 40, 47, 41, 42, 1, 31, 30, 5, 7, 23, 13, 46, 36, 14, 35, 34, 12, 32, 24, 29];2702.0
6861.0;[42, 43, 11, 8, 33, 3, 24, 4, 29, 30, 10, 25, 47, 22, 40, 39, 21, 20, 0, 1, 9, 27, 28, 2, 41, 44, 15, 12, 32, 31, 5, 6, 18, 46, 36, 16, 17, 34, 13, 7, 23, 14, 35, 45, 19, 38, 37, 26];2628.0
6612.0;[29, 4, 14, 15, 19, 44, 13, 34, 32, 10, 47, 22, 20, 37, 38, 6, 31, 30, 5, 0, 25, 18, 39, 21, 40, 26, 42, 1, 9, 33, 2, 41, 43, 28, 3, 27, 17, 46, 36, 23, 12, 7, 35, 16, 45, 11, 8, 24];3001.0
6583.0;[6, 24, 29, 43, 42, 28, 30, 5, 31, 4, 3, 10, 18, 46, 36, 14, 35, 15, 16, 17, 45, 39, 44, 19, 0, 25, 12, 7, 23, 13, 34, 32, 9, 33, 27, 2, 41, 20, 37, 38, 21, 40, 47, 22, 26, 1, 11, 8];2537.0
6536.0;[23, 35, 15, 16, 32, 9, 33, 27, 2, 28, 4, 3, 24, 29, 30, 37, 39, 19, 44, 21, 38, 17, 12, 7, 5, 31, 6, 8, 10, 11, 0, 1, 25, 47, 40, 26, 41, 43, 42, 22, 20, 18, 46, 36, 14, 45, 13, 34];2423.0
6870.0;[4, 2, 43, 22, 42, 28, 7, 31, 25, 1, 18, 17, 45, 37, 38, 40, 47, 26, 11, 10, 8, 6, 24, 3, 0, 41, 44, 19, 39, 21, 20, 16, 13, 34, 46, 36, 15, 35, 14, 23, 12, 32, 9, 33, 27, 29, 30, 5];2605.0
7124.0;[28, 3, 29, 0, 47, 22, 16, 45, 20, 11, 8, 7, 31, 30, 5, 6, 37, 38, 18, 17, 19, 44, 15, 35, 14, 13, 34, 46, 36, 23, 12, 32, 9, 2, 43, 42, 41, 39, 21, 40, 26, 25, 1, 10, 24, 4, 33, 27];2463.0
6430.0;[8, 32, 27, 3, 24, 4, 6, 11, 10, 22, 41, 47, 26, 42, 13, 34, 35, 15, 44, 19, 20, 17, 7, 23, 12, 37, 38, 39, 21, 40, 18, 46, 36, 14, 16, 45, 0, 25, 1, 9, 33, 2, 43, 28, 29, 30, 5, 31];2743.0
6946.0;[42, 12, 13, 34, 35, 47, 22, 20, 38, 46, 36, 16, 37, 0, 1, 25, 18, 17, 45, 21, 40, 26, 9, 28, 2, 41, 39, 19, 44, 15, 14, 23, 7, 31, 5, 6, 10, 11, 8, 32, 24, 29, 30, 4, 27, 3, 33, 43];2741.0
6619.0;[3, 4, 29, 7, 23, 35, 20, 10, 9, 27, 28, 2, 44, 15, 16, 45, 19, 39, 21, 22, 40, 26, 1, 0, 25, 37, 38, 47, 41, 43, 42, 8, 11, 18, 17, 13, 46, 36, 14, 34, 12, 32, 24, 30, 31, 5, 6, 33];2462.0
6803.0;[6, 47, 26, 41, 19, 20, 0, 25, 1, 10, 8, 11, 38, 37, 39, 44, 15, 7, 31, 5, 4, 29, 2, 43, 22, 18, 17, 36, 14, 35, 34, 23, 12, 32, 9, 27, 33, 24, 30, 13, 46, 16, 45, 21, 40, 42, 28, 3];2679.0
6234.0;[18, 34, 13, 46, 36, 14, 23, 12, 7, 31, 30, 5, 0, 47, 26, 42, 41, 43, 1, 9, 33, 27, 28, 2, 4, 3, 24, 29, 6, 37, 38, 20, 25, 10, 11, 8, 32, 35, 16, 17, 15, 45, 39, 21, 40, 22, 44, 19];2439.0
7095.0;[43, 1, 17, 13, 46, 36, 14, 16, 45, 21, 40, 28, 33, 9, 27, 4, 30, 29, 2, 39, 19, 44, 15, 34, 35, 23, 7, 31, 5, 6, 10, 25, 47, 22, 20, 38, 37, 18, 12, 32, 24, 3, 8, 11, 0, 26, 42, 41];2523.0
6752.0;[44, 20, 0, 10, 11, 8, 6, 9, 33, 27, 4, 3, 24, 37, 38, 34, 35, 15, 17, 14, 16, 18, 12, 32, 29, 30, 5, 31, 23, 7, 13, 46, 36, 45, 39, 21, 40, 26, 42, 28, 2, 43, 22, 1, 25, 47, 41, 19];2547.0
7107.0;[39, 21, 40, 20, 4, 3, 7, 23, 29, 30, 31, 5, 11, 37, 38, 12, 32, 10, 0, 1, 9, 2, 43, 42, 25, 47, 26, 8, 6, 24, 33, 27, 28, 22, 41, 44, 19, 18, 17, 13, 34, 46, 36, 14, 35, 15, 16, 45];2650.0
7134.0;[36, 15, 18, 17, 12, 6, 9, 43, 42, 22, 26, 47, 1, 0, 25, 10, 8, 3, 24, 29, 30, 4, 33, 27, 28, 2, 41, 19, 44, 23, 34, 35, 14, 16, 45, 39, 21, 40, 20, 38, 11, 32, 7, 31, 5, 37, 13, 46];2471.0
6861.0;[12, 34, 13, 46, 36, 15, 44, 19, 20, 11, 8, 47, 26, 1, 24, 4, 31, 7, 23, 32, 6, 9, 33, 27, 28, 2, 3, 29, 30, 5, 10, 0, 25, 22, 41, 43, 42, 18, 35, 14, 16, 45, 39, 21, 40, 38, 37, 17];2422.0
6365.0;[35, 20, 37, 47, 26, 19, 44, 38, 8, 11, 17, 45, 39, 21, 41, 43, 1, 9, 27, 18, 13, 46, 36, 14, 15, 16, 12, 32, 31, 5, 6, 10, 0, 25, 22, 40, 42, 2, 28, 33, 3, 24, 4, 29, 30, 7, 23, 34];2601.0
6705.0;[1, 17, 12, 37, 39, 19, 20, 11, 32, 7, 31, 8, 10, 0, 25, 38, 18, 34, 35, 23, 9, 27, 28, 4, 3, 6, 24, 29, 30, 5, 33, 2, 43, 42, 22, 41, 44, 15, 16, 36, 14, 13, 46, 45, 21, 40, 26, 47];2714.0
7522.0;[5, 30, 6, 0, 25, 36, 23, 12, 37, 47, 26, 41, 42, 1, 10, 8, 9, 33, 27, 28, 2, 43, 22, 18, 46, 45, 39, 21, 40, 16, 17, 13, 34, 35, 14, 15, 19, 44, 20, 38, 11, 32, 24, 3, 4, 29, 7, 31];2583.0
6833.0;[47, 11, 32, 7, 23, 12, 24, 3, 6, 0, 45, 39, 19, 21, 26, 1, 10, 8, 31, 30, 5, 4, 29, 33, 41, 43, 20, 38, 37, 34, 13, 46, 36, 35, 14, 44, 15, 16, 18, 17, 9, 27, 28, 2, 42, 22, 40, 25];2708.0
7449.0;[47, 41, 42, 1, 38, 0, 25, 37, 16, 14, 15, 19, 44, 21, 40, 26, 11, 8, 32, 7, 31, 5, 29, 30, 4, 3, 33, 24, 6, 10, 17, 46, 36, 45, 39, 20, 18, 13, 34, 35, 23, 12, 9, 27, 28, 2, 43, 22];2455.0
6650.0;[14, 35, 24, 3, 45, 39, 47, 42, 28, 29, 30, 4, 0, 25, 20, 38, 17, 34, 13, 32, 31, 5, 37, 46, 15, 16, 12, 7, 23, 6, 8, 11, 10, 9, 27, 33, 2, 41, 43, 22, 19, 44, 21, 40, 26, 1, 18, 36];2905.0
7036.0;[7, 23, 14, 15, 17, 12, 32, 4, 3, 0, 26, 25, 1, 18, 34, 35, 45, 11, 8, 24, 29, 30, 5, 31, 13, 46, 36, 16, 6, 9, 33, 27, 28, 2, 43, 42, 22, 47, 41, 19, 20, 44, 39, 21, 40, 37, 38, 10];2752.0
6336.0;[6, 38, 17, 13, 35, 14, 34, 23, 7, 31, 5, 37, 39, 19, 44, 15, 46, 36, 16, 45, 42, 2, 28, 4, 29, 30, 47, 26, 1, 10, 8, 11, 0, 25, 20, 21, 40, 22, 41, 43, 9, 33, 27, 3, 24, 18, 12, 32];2705.0
6850.0;[23, 32, 10, 17, 35, 16, 19, 20, 38, 37, 47, 26, 0, 25, 1, 24, 3, 4, 6, 8, 11, 18, 12, 7, 31, 29, 30, 5, 9, 33, 27, 28, 2, 43, 42, 46, 36, 14, 45, 39, 21, 40, 22, 41, 44, 15, 13, 34];2517.0
6761.0;[34, 35, 15, 14, 16, 45, 38, 11, 8, 7, 31, 5, 4, 24, 29, 30, 9, 33, 27, 28, 3, 2, 41, 43, 42, 1, 18, 46, 36, 23, 12, 32, 6, 10, 0, 25, 37, 39, 21, 40, 47, 26, 22, 19, 44, 20, 17, 13];2245.0
6823.0;[13, 46, 36, 32, 27, 28, 2, 3, 24, 37, 39, 21, 40, 41, 43, 42, 22, 19, 44, 15, 12, 6, 8, 10, 11, 0, 25, 9, 33, 4, 29, 31, 30, 5, 7, 23, 34, 35, 14, 16, 45, 20, 38, 47, 26, 1, 18, 17];2449.0
6444.0;[16, 39, 38, 37, 18, 17, 46, 14, 45, 0, 25, 10, 6, 31, 7, 23, 34, 13, 35, 15, 19, 44, 21, 40, 47, 22, 26, 1, 9, 33, 24, 4, 3, 27, 28, 2, 41, 43, 42, 20, 12, 32, 29, 30, 5, 8, 11, 36];2455.0
7409.0;[1, 25, 37, 38, 0, 42, 22, 20, 23, 12, 2, 41, 43, 40, 47, 26, 27, 28, 24, 9, 33, 8, 32, 7, 31, 5, 29, 30, 4, 3, 6, 10, 11, 19, 44, 15, 18, 17, 13, 34, 35, 46, 36, 14, 16, 45, 39, 21];2610.0
6630.0;[29, 3, 6, 24, 4, 11, 18, 13, 34, 46, 36, 16, 45, 0, 25, 17, 12, 32, 10, 1, 9, 33, 27, 28, 2, 43, 22, 40, 20, 38, 35, 14, 15, 23, 7, 31, 30, 5, 8, 37, 39, 19, 44, 21, 47, 26, 42, 41];2522.0
6675.0;[25, 47, 22, 40, 20, 8, 32, 24, 29, 30, 5, 6, 10, 11, 43, 42, 9, 33, 27, 37, 38, 18, 45, 39, 19, 21, 26, 28, 2, 41, 44, 15, 46, 36, 14, 16, 17, 13, 35, 34, 23, 12, 7, 31, 4, 3, 0, 1];2567.0
6748.0;[1, 0, 25, 37, 16, 45, 38, 40, 20, 39, 21, 26, 42, 28, 27, 3, 24, 4, 10, 18, 17, 12, 32, 6, 29, 31, 30, 5, 11, 13, 34, 35, 19, 44, 41, 22, 47, 9, 33, 2, 43, 8, 7, 23, 46, 36, 14, 15];2874.0
7186.0;[26, 1, 0, 25, 17, 46, 36, 23, 12, 6, 24, 4, 29, 42, 22, 19, 44, 11, 32, 7, 31, 2, 41, 43, 38, 18, 13, 34, 35, 45, 39, 20, 37, 14, 15, 16, 21, 40, 47, 28, 3, 9, 33, 27, 30, 5, 8, 10];2807.0
6700.0;[9, 27, 28, 2, 41, 43, 40, 26, 8, 32, 35, 14, 23, 34, 12, 7, 31, 6, 10, 18, 17, 13, 46, 36, 16, 45, 39, 21, 47, 30, 5, 24, 4, 29, 3, 33, 42, 22, 19, 44, 15, 0, 25, 1, 37, 38, 20, 11];2563.0
6937.0;[46, 36, 14, 45, 20, 0, 1, 25, 40, 37, 38, 18, 13, 34, 23, 12, 27, 28, 2, 44, 19, 39, 21, 41, 43, 42, 22, 47, 26, 32, 7, 31, 5, 30, 6, 10, 9, 33, 24, 4, 29, 3, 8, 11, 17, 35, 15, 16];2464.0
6460.0;[25, 17, 12, 0, 47, 26, 1, 11, 8, 37, 44, 19, 20, 38, 10, 29, 30, 31, 5, 18, 34, 13, 46, 36, 14, 35, 15, 16, 45, 39, 21, 40, 22, 41, 43, 42, 3, 7, 23, 32, 6, 24, 4, 9, 33, 27, 28, 2];2538.0
6654.0;[40, 26, 37, 38, 34, 13, 23, 12, 32, 6, 8, 9, 27, 28, 33, 3, 24, 4, 10, 18, 45, 19, 44, 20, 17, 46, 36, 14, 15, 35, 16, 39, 21, 47, 22, 41, 42, 1, 0, 25, 11, 7, 31, 30, 5, 29, 2, 43];2470.0
5802.0;[41, 43, 35, 14, 15, 16, 45, 9, 33, 29, 30, 5, 31, 7, 23, 34, 13, 32, 10, 8, 11, 39, 21, 40, 17, 12, 6, 24, 4, 3, 0, 25, 1, 27, 28, 2, 42, 19, 44, 20, 38, 37, 47, 26, 18, 46, 36, 22];2827.0
7209.0;[22, 28, 33, 3, 24, 4, 6, 0, 1, 10, 9, 27, 29, 30, 37, 18, 45, 19, 44, 39, 21, 40, 47, 26, 42, 25, 20, 38, 11, 8, 32, 7, 23, 35, 14, 15, 34, 13, 46, 36, 16, 17, 12, 31, 5, 2, 41, 43];2449.0
7018.0;[33, 10, 0, 28, 2, 44, 15, 45, 11, 8, 18, 17, 36, 14, 35, 46, 16, 12, 32, 7, 23, 13, 34, 31, 5, 27, 3, 24, 4, 29, 30, 6, 37, 38, 20, 19, 39, 21, 47, 26, 42, 22, 41, 43, 40, 25, 1, 9];2681.0
7106.0;[6, 31, 10, 45, 44, 19, 20, 0, 25, 9, 27, 11, 8, 7, 23, 47, 22, 41, 43, 42, 1, 37, 38, 39, 21, 26, 28, 3, 24, 29, 30, 5, 4, 33, 2, 40, 18, 46, 36, 15, 16, 17, 13, 35, 14, 34, 12, 32];2748.0
6635.0;[5, 30, 6, 10, 17, 46, 36, 14, 23, 32, 2, 43, 20, 24, 29, 4, 3, 33, 9, 27, 28, 8, 11, 37, 0, 47, 22, 41, 39, 21, 40, 26, 42, 1, 25, 38, 18, 13, 34, 35, 16, 45, 19, 44, 15, 12, 7, 31];2506.0
6171.0;[30, 5, 7, 23, 34, 13, 12, 32, 31, 4, 3, 6, 9, 33, 27, 28, 2, 43, 41, 42, 1, 10, 0, 25, 22, 40, 20, 11, 37, 38, 36, 45, 19, 44, 15, 16, 46, 14, 35, 18, 17, 39, 21, 47, 26, 8, 24, 29];2354.0
7829.0;[21, 41, 43, 38, 37, 35, 14, 16, 20, 18, 13, 34, 32, 8, 6, 31, 30, 5, 4, 29, 11, 0, 1, 25, 40, 47, 26, 10, 9, 27, 28, 3, 24, 33, 2, 42, 22, 39, 19, 44, 15, 17, 12, 7, 23, 46, 36, 45];2560.0
6546.0;[34, 38, 0, 25, 1, 10, 37, 16, 45, 20, 24, 30, 5, 18, 17, 46, 36, 35, 14, 23, 12, 32, 4, 29, 33, 3, 6, 39, 19, 21, 40, 47, 26, 42, 11, 8, 7, 31, 9, 27, 28, 2, 41, 43, 22, 44, 15, 13];2672.0
6767.0;[8, 18, 17, 13, 34, 32, 6, 24, 4, 33, 27, 2, 41, 43, 42, 20, 14, 16, 45, 19, 44, 15, 46, 36, 35, 23, 12, 7, 31, 29, 30, 5, 11, 37, 38, 22, 40, 39, 21, 47, 26, 28, 3, 10, 0, 25, 1, 9];2489.0
7059.0;[13, 46, 45, 20, 38, 0, 9, 33, 3, 27, 2, 42, 18, 36, 34, 24, 4, 29, 30, 5, 31, 10, 37, 39, 21, 40, 47, 26, 1, 25, 12, 32, 7, 23, 35, 15, 19, 44, 22, 41, 43, 28, 6, 8, 11, 14, 16, 17];2695.0
6388.0;[1, 25, 37, 38, 17, 34, 13, 46, 36, 14, 45, 39, 21, 40, 26, 8, 24, 29, 30, 5, 6, 4, 27, 28, 2, 42, 22, 20, 16, 7, 31, 11, 18, 19, 44, 15, 35, 23, 12, 32, 9, 33, 3, 10, 0, 41, 43, 47];2514.0
6548.0;[8, 11, 10, 0, 25, 37, 19, 44, 15, 43, 22, 41, 2, 42, 1, 18, 17, 13, 34, 35, 16, 45, 39, 21, 40, 20, 12, 7, 23, 46, 36, 14, 32, 24, 4, 29, 30, 5, 31, 38, 47, 26, 9, 33, 27, 28, 3, 6];2470.0
7382.0;[42, 22, 38, 10, 8, 11, 18, 17, 35, 16, 0, 25, 1, 9, 33, 27, 28, 6, 37, 45, 39, 19, 44, 15, 21, 41, 43, 40, 47, 26, 20, 12, 32, 7, 23, 46, 36, 14, 34, 13, 31, 24, 4, 29, 30, 5, 3, 2];2585.0
2204.0;[10, 11, 37, 38, 20, 39, 19, 44, 15, 45, 21, 40, 26, 1, 25, 47, 22, 41, 43, 42, 2, 28, 24, 29, 30, 5, 31, 0, 18, 17, 12, 7, 23, 34, 13, 46, 36, 14, 35, 16, 9, 33, 27, 4, 3, 8, 32, 6]
