ry48p
50433.0;[15, 40, 1, 3, 25, 28, 21, 7, 37, 39, 10, 22, 31, 38, 20, 12, 46, 19, 42, 16, 26, 18, 5, 45, 32, 13, 24, 4, 47, 41, 9, 34, 44, 23, 33, 2, 11, 14, 35, 43, 6, 17, 29, 36, 27, 30, 8, 0];19976.0
54299.0;[24, 4, 47, 38, 31, 23, 41, 20, 16, 42, 29, 19, 46, 10, 22, 12, 13, 39, 14, 27, 26, 36, 18, 5, 43, 30, 8, 0, 15, 40, 28, 1, 25, 3, 34, 44, 9, 33, 2, 21, 7, 37, 6, 17, 35, 45, 32, 11];19342.0
47882.0;[14, 27, 29, 5, 17, 35, 43, 30, 45, 32, 11, 22, 33, 40, 15, 21, 2, 13, 12, 38, 31, 20, 46, 16, 26, 42, 18, 36, 6, 19, 10, 28, 1, 3, 25, 34, 44, 9, 41, 23, 4, 47, 24, 8, 7, 0, 37, 39];18383.0
55932.0;[5, 39, 2, 40, 4, 9, 34, 44, 23, 31, 38, 20, 11, 14, 10, 24, 12, 46, 19, 32, 45, 0, 15, 21, 7, 37, 43, 30, 8, 33, 47, 41, 3, 25, 1, 28, 13, 22, 17, 35, 6, 27, 26, 18, 16, 42, 36, 29];19024.0
57240.0;[28, 40, 33, 4, 47, 38, 12, 24, 39, 8, 29, 42, 16, 26, 18, 36, 5, 27, 17, 43, 30, 37, 7, 0, 15, 21, 2, 13, 22, 10, 14, 11, 32, 45, 35, 6, 19, 46, 20, 31, 41, 23, 9, 34, 44, 25, 3, 1];17034.0
55709.0;[33, 11, 32, 45, 16, 42, 14, 22, 13, 4, 47, 24, 12, 10, 39, 0, 8, 15, 21, 7, 37, 43, 30, 19, 46, 20, 31, 23, 9, 44, 34, 38, 29, 5, 26, 18, 36, 27, 6, 17, 35, 2, 40, 28, 1, 3, 25, 41];20526.0
59669.0;[42, 18, 36, 27, 17, 6, 43, 30, 37, 2, 13, 12, 46, 20, 19, 39, 14, 10, 22, 38, 31, 23, 9, 44, 34, 3, 25, 41, 1, 21, 7, 0, 8, 15, 40, 33, 28, 4, 47, 24, 11, 32, 45, 35, 29, 5, 16, 26];17472.0
64499.0;[21, 40, 15, 0, 8, 39, 14, 27, 29, 36, 5, 43, 35, 6, 17, 45, 32, 11, 22, 13, 28, 1, 47, 24, 12, 10, 7, 37, 30, 42, 16, 18, 26, 19, 20, 46, 38, 31, 23, 9, 44, 34, 3, 25, 41, 4, 33, 2];17989.0
59509.0;[29, 46, 31, 38, 20, 27, 17, 39, 2, 40, 28, 41, 23, 9, 34, 44, 3, 25, 1, 4, 47, 24, 12, 10, 14, 11, 19, 32, 45, 35, 43, 30, 8, 7, 0, 15, 21, 33, 13, 22, 37, 6, 5, 36, 18, 16, 26, 42];18617.0
58360.0;[9, 26, 18, 36, 27, 14, 39, 8, 0, 37, 43, 17, 19, 46, 20, 24, 12, 11, 32, 45, 10, 22, 2, 33, 4, 41, 1, 28, 40, 15, 21, 7, 30, 35, 6, 5, 16, 42, 29, 13, 47, 38, 31, 23, 44, 34, 25, 3];20597.0
49241.0;[19, 46, 20, 31, 38, 12, 13, 24, 4, 1, 3, 25, 34, 44, 23, 39, 8, 43, 30, 14, 22, 33, 40, 28, 41, 9, 47, 42, 16, 26, 18, 29, 36, 5, 6, 27, 17, 35, 37, 7, 0, 15, 21, 2, 10, 11, 45, 32];19230.0
57408.0;[38, 47, 24, 4, 34, 44, 23, 29, 42, 16, 26, 19, 46, 20, 31, 41, 9, 3, 25, 1, 28, 33, 0, 8, 39, 14, 30, 45, 32, 11, 10, 12, 13, 22, 2, 21, 40, 15, 7, 37, 43, 6, 17, 35, 27, 36, 18, 5];20821.0
58985.0;[24, 12, 46, 19, 32, 15, 40, 28, 1, 25, 3, 9, 34, 44, 23, 41, 31, 38, 20, 11, 43, 17, 35, 6, 45, 14, 10, 22, 13, 47, 4, 33, 2, 21, 7, 0, 39, 8, 37, 30, 27, 5, 16, 26, 18, 36, 42, 29];18171.0
51142.0;[24, 13, 33, 0, 8, 39, 14, 35, 6, 43, 30, 37, 7, 15, 21, 2, 11, 10, 22, 12, 20, 46, 19, 32, 45, 17, 27, 29, 36, 5, 26, 18, 16, 42, 40, 28, 1, 25, 3, 9, 34, 44, 23, 41, 4, 47, 38, 31];17335.0
53556.0;[2, 21, 39, 45, 42, 29, 5, 6, 17, 35, 43, 14, 11, 32, 46, 20, 12, 24, 13, 47, 38, 31, 22, 10, 19, 16, 26, 18, 36, 27, 30, 37, 8, 7, 0, 15, 40, 4, 41, 23, 9, 44, 34, 3, 25, 1, 28, 33];17549.0
56567.0;[35, 6, 27, 36, 5, 37, 7, 0, 15, 40, 28, 1, 47, 38, 29, 16, 42, 18, 26, 19, 46, 31, 23, 9, 34, 44, 3, 25, 41, 4, 33, 2, 21, 39, 14, 10, 22, 24, 13, 20, 12, 32, 11, 8, 45, 30, 43, 17];18836.0
55690.0;[46, 19, 16, 26, 18, 5, 36, 27, 14, 11, 33, 28, 1, 47, 24, 13, 22, 2, 40, 15, 21, 0, 7, 37, 43, 30, 8, 39, 10, 12, 31, 23, 44, 34, 3, 9, 25, 41, 4, 38, 20, 42, 29, 35, 6, 17, 45, 32];18397.0
48233.0;[5, 27, 32, 45, 14, 11, 39, 8, 43, 17, 35, 47, 41, 4, 33, 40, 2, 10, 22, 13, 24, 31, 38, 20, 12, 46, 19, 16, 26, 18, 36, 42, 6, 30, 37, 7, 0, 15, 21, 28, 1, 3, 25, 9, 34, 44, 23, 29];19846.0
58410.0;[33, 40, 15, 0, 8, 39, 10, 11, 14, 45, 35, 6, 43, 30, 37, 7, 21, 2, 24, 12, 46, 20, 38, 31, 23, 9, 34, 44, 25, 41, 3, 1, 28, 47, 4, 13, 32, 17, 27, 26, 18, 16, 42, 36, 5, 29, 19, 22];17856.0
49575.0;[28, 33, 24, 12, 46, 19, 11, 32, 45, 0, 8, 39, 2, 13, 22, 10, 14, 30, 43, 17, 35, 6, 27, 29, 36, 42, 16, 26, 18, 5, 37, 7, 15, 21, 40, 3, 25, 34, 44, 9, 41, 23, 47, 31, 38, 20, 4, 1];17659.0
53883.0;[20, 11, 45, 32, 27, 36, 42, 16, 26, 18, 5, 29, 30, 8, 39, 14, 10, 24, 4, 47, 31, 38, 23, 41, 9, 34, 44, 25, 3, 1, 28, 33, 40, 13, 12, 22, 2, 21, 15, 7, 0, 37, 43, 35, 6, 17, 19, 46];17084.0
53406.0;[25, 41, 33, 39, 45, 32, 5, 16, 42, 34, 44, 2, 7, 0, 37, 6, 27, 17, 30, 14, 11, 46, 20, 24, 12, 22, 10, 13, 47, 4, 1, 28, 40, 15, 21, 8, 43, 35, 18, 26, 36, 29, 19, 31, 38, 23, 9, 3];22908.0
52426.0;[41, 4, 47, 29, 5, 20, 31, 38, 12, 10, 14, 11, 46, 19, 32, 35, 6, 17, 43, 39, 22, 13, 24, 33, 40, 2, 8, 0, 30, 27, 36, 18, 16, 26, 42, 45, 37, 7, 15, 21, 28, 1, 3, 25, 34, 44, 23, 9];19670.0
55586.0;[0, 10, 22, 13, 33, 39, 8, 37, 45, 14, 11, 46, 19, 32, 17, 6, 27, 29, 5, 42, 16, 26, 18, 36, 35, 43, 30, 15, 40, 28, 41, 34, 44, 25, 1, 3, 9, 23, 47, 31, 38, 20, 12, 24, 4, 2, 21, 7];17858.0
53506.0;[22, 15, 21, 0, 7, 37, 27, 26, 18, 16, 42, 29, 11, 33, 40, 28, 1, 3, 34, 44, 9, 23, 47, 4, 25, 41, 38, 31, 20, 19, 32, 45, 35, 36, 5, 6, 17, 43, 30, 46, 12, 24, 13, 10, 14, 8, 39, 2];19310.0
53526.0;[8, 15, 2, 24, 12, 13, 10, 22, 46, 19, 32, 42, 16, 26, 18, 5, 6, 17, 27, 36, 29, 35, 43, 30, 39, 0, 7, 21, 33, 40, 28, 1, 41, 25, 3, 34, 44, 9, 23, 47, 4, 31, 38, 20, 11, 14, 45, 37];17218.0
58023.0;[41, 4, 47, 38, 20, 14, 30, 45, 32, 11, 46, 19, 43, 17, 6, 27, 5, 16, 26, 18, 36, 42, 29, 35, 37, 8, 0, 7, 21, 15, 2, 40, 1, 28, 33, 24, 13, 39, 10, 22, 12, 31, 23, 9, 44, 34, 3, 25];17317.0
54695.0;[7, 30, 43, 14, 0, 8, 39, 24, 38, 20, 10, 22, 13, 12, 46, 19, 6, 17, 35, 27, 29, 36, 5, 26, 18, 16, 42, 31, 23, 9, 34, 44, 3, 1, 25, 28, 41, 47, 4, 33, 40, 2, 11, 32, 45, 37, 15, 21];18986.0
60270.0;[24, 13, 39, 14, 22, 2, 33, 4, 47, 38, 20, 10, 11, 32, 45, 30, 27, 36, 5, 26, 18, 16, 42, 29, 19, 46, 31, 23, 3, 25, 34, 44, 9, 41, 28, 1, 40, 15, 21, 7, 8, 0, 37, 43, 6, 17, 35, 12];18241.0
52573.0;[11, 14, 39, 2, 21, 15, 40, 33, 13, 12, 20, 46, 19, 32, 27, 29, 36, 35, 43, 30, 37, 8, 7, 0, 45, 42, 16, 26, 18, 5, 6, 17, 10, 22, 4, 28, 41, 1, 3, 25, 34, 9, 44, 23, 31, 38, 47, 24];17660.0
51439.0;[7, 15, 21, 40, 2, 11, 10, 22, 31, 23, 47, 38, 20, 24, 13, 12, 46, 19, 32, 45, 30, 14, 39, 8, 37, 43, 6, 17, 27, 36, 5, 26, 18, 16, 42, 29, 35, 28, 1, 3, 25, 34, 44, 9, 41, 4, 33, 0];18078.0
55858.0;[19, 32, 11, 14, 37, 39, 10, 24, 13, 22, 15, 21, 40, 1, 41, 28, 33, 2, 45, 35, 6, 17, 27, 5, 16, 26, 18, 36, 42, 29, 43, 30, 7, 0, 8, 46, 20, 12, 38, 31, 4, 47, 23, 9, 3, 25, 34, 44];19199.0
54004.0;[6, 45, 12, 44, 34, 22, 10, 11, 14, 32, 30, 27, 17, 19, 46, 20, 31, 38, 47, 4, 33, 21, 0, 8, 39, 2, 13, 24, 28, 41, 23, 9, 3, 25, 1, 40, 15, 7, 37, 43, 35, 29, 5, 36, 18, 26, 16, 42];20682.0
56918.0;[31, 20, 38, 47, 4, 33, 45, 32, 11, 22, 13, 24, 12, 10, 46, 19, 29, 42, 16, 26, 18, 36, 5, 43, 30, 39, 2, 15, 21, 7, 8, 0, 37, 6, 17, 35, 27, 14, 40, 28, 1, 41, 44, 34, 3, 25, 9, 23];18340.0
51025.0;[5, 14, 11, 32, 45, 19, 46, 3, 25, 1, 2, 15, 21, 7, 0, 37, 8, 30, 39, 10, 22, 12, 31, 4, 47, 24, 13, 33, 40, 28, 41, 9, 34, 44, 23, 38, 20, 43, 35, 6, 27, 17, 29, 36, 18, 26, 16, 42];19688.0
55946.0;[2, 13, 39, 14, 10, 22, 12, 31, 38, 47, 24, 20, 46, 19, 32, 45, 11, 8, 37, 43, 30, 28, 1, 25, 3, 34, 44, 9, 41, 23, 4, 33, 40, 21, 15, 0, 7, 6, 27, 36, 18, 5, 29, 42, 16, 26, 17, 35];19034.0
55759.0;[35, 43, 39, 24, 13, 12, 32, 45, 42, 29, 36, 6, 17, 27, 19, 46, 20, 31, 38, 47, 4, 1, 3, 25, 34, 44, 9, 23, 41, 28, 40, 33, 8, 37, 5, 16, 26, 18, 30, 7, 0, 15, 21, 2, 22, 10, 11, 14];18607.0
58060.0;[23, 33, 0, 8, 39, 14, 32, 10, 22, 13, 28, 41, 4, 47, 31, 38, 24, 12, 20, 46, 19, 42, 29, 36, 16, 26, 18, 5, 45, 21, 2, 11, 43, 35, 6, 17, 27, 30, 37, 7, 15, 40, 1, 25, 3, 9, 34, 44];18738.0
53827.0;[3, 25, 24, 14, 6, 5, 16, 26, 18, 36, 42, 29, 27, 17, 35, 19, 46, 20, 12, 13, 10, 22, 2, 21, 7, 33, 47, 4, 28, 1, 41, 23, 9, 34, 44, 31, 38, 11, 32, 45, 37, 43, 30, 39, 8, 0, 15, 40];19331.0
56282.0;[41, 9, 25, 3, 1, 28, 40, 15, 7, 37, 43, 30, 14, 11, 42, 29, 35, 34, 44, 23, 31, 38, 20, 46, 12, 24, 22, 39, 10, 19, 32, 6, 27, 36, 16, 26, 18, 5, 17, 45, 8, 0, 21, 2, 33, 13, 47, 4];20080.0
51755.0;[12, 19, 46, 20, 31, 23, 44, 34, 41, 47, 4, 13, 33, 40, 2, 21, 10, 22, 0, 8, 37, 39, 11, 14, 32, 45, 6, 27, 36, 42, 16, 18, 26, 29, 5, 17, 35, 43, 30, 7, 15, 28, 1, 25, 3, 9, 38, 24];18325.0
52950.0;[6, 27, 18, 26, 36, 20, 38, 47, 4, 28, 40, 33, 2, 21, 15, 0, 8, 7, 37, 43, 17, 35, 45, 32, 14, 10, 22, 24, 13, 12, 46, 19, 16, 42, 29, 5, 11, 31, 23, 9, 44, 34, 3, 25, 41, 1, 39, 30];19426.0
57986.0;[41, 4, 13, 2, 21, 15, 8, 7, 0, 37, 30, 43, 6, 17, 45, 32, 19, 46, 39, 14, 11, 35, 27, 42, 16, 26, 18, 5, 29, 36, 20, 31, 38, 47, 24, 12, 10, 22, 33, 40, 28, 1, 3, 25, 34, 9, 44, 23];17573.0
55143.0;[44, 23, 20, 46, 19, 11, 33, 28, 1, 3, 9, 31, 16, 42, 6, 17, 39, 2, 40, 15, 21, 27, 26, 18, 5, 29, 36, 35, 43, 30, 7, 0, 37, 8, 45, 32, 14, 10, 22, 12, 13, 24, 38, 47, 4, 41, 25, 34];19801.0
54949.0;[34, 42, 29, 32, 11, 39, 8, 0, 1, 41, 38, 20, 46, 19, 36, 16, 26, 18, 5, 14, 22, 4, 28, 47, 24, 13, 33, 2, 40, 15, 21, 7, 37, 30, 43, 6, 35, 27, 17, 45, 10, 12, 31, 23, 9, 25, 3, 44];21555.0
56567.0;[29, 42, 46, 31, 38, 24, 12, 2, 45, 37, 7, 0, 30, 35, 43, 6, 27, 36, 16, 26, 18, 5, 17, 19, 20, 4, 47, 9, 25, 3, 1, 33, 40, 15, 21, 8, 39, 14, 32, 11, 10, 22, 13, 28, 41, 34, 44, 23];20806.0
52896.0;[11, 13, 4, 47, 38, 10, 14, 39, 8, 0, 37, 43, 30, 6, 17, 35, 27, 32, 45, 19, 46, 31, 44, 34, 3, 25, 9, 23, 24, 12, 22, 2, 7, 21, 15, 40, 33, 28, 1, 41, 20, 29, 36, 42, 16, 26, 18, 5];19735.0
58313.0;[32, 45, 11, 14, 10, 22, 13, 33, 28, 4, 47, 24, 12, 38, 31, 23, 9, 3, 25, 34, 44, 41, 1, 40, 21, 15, 7, 0, 8, 37, 30, 39, 2, 20, 46, 19, 6, 29, 5, 16, 26, 42, 18, 36, 27, 17, 35, 43];17561.0
51063.0;[12, 10, 22, 45, 35, 29, 5, 20, 38, 3, 25, 1, 28, 33, 13, 24, 2, 21, 40, 15, 7, 0, 8, 39, 14, 11, 37, 43, 30, 17, 6, 27, 36, 18, 26, 42, 16, 32, 19, 46, 31, 23, 9, 34, 44, 41, 4, 47];19138.0
56433.0;[17, 30, 39, 2, 33, 13, 10, 14, 11, 8, 0, 15, 21, 7, 37, 43, 19, 46, 20, 22, 12, 24, 38, 31, 4, 47, 23, 44, 34, 3, 9, 25, 1, 41, 28, 40, 32, 45, 35, 6, 5, 18, 16, 26, 42, 29, 36, 27];18050.0
52524.0;[39, 14, 18, 5, 11, 33, 40, 15, 8, 35, 29, 19, 46, 20, 9, 44, 34, 25, 3, 1, 28, 24, 12, 13, 22, 2, 21, 0, 7, 37, 43, 30, 45, 32, 6, 17, 27, 36, 16, 26, 42, 31, 23, 41, 47, 4, 38, 10];20673.0
54198.0;[13, 45, 16, 26, 18, 36, 42, 29, 5, 6, 27, 17, 35, 43, 30, 14, 22, 12, 10, 11, 32, 19, 46, 20, 31, 38, 47, 4, 24, 33, 2, 39, 0, 8, 37, 7, 21, 15, 40, 28, 1, 3, 25, 9, 34, 44, 23, 41];17262.0
50685.0;[0, 2, 46, 19, 32, 45, 35, 43, 30, 37, 7, 15, 21, 40, 1, 4, 28, 33, 13, 12, 22, 39, 14, 10, 20, 38, 31, 41, 23, 9, 3, 25, 34, 44, 47, 24, 11, 42, 16, 26, 36, 18, 5, 29, 27, 6, 17, 8];18589.0
54583.0;[29, 8, 33, 13, 10, 39, 14, 22, 2, 21, 7, 37, 27, 36, 16, 26, 18, 5, 43, 0, 15, 40, 28, 1, 3, 25, 41, 4, 47, 24, 12, 11, 32, 45, 30, 17, 35, 6, 19, 46, 20, 38, 9, 34, 44, 23, 31, 42];20241.0
59396.0;[13, 24, 38, 47, 4, 33, 40, 15, 21, 7, 0, 8, 37, 30, 45, 32, 27, 17, 35, 43, 14, 11, 46, 20, 12, 10, 22, 2, 39, 6, 5, 36, 18, 26, 16, 42, 29, 19, 31, 23, 9, 34, 44, 25, 3, 41, 1, 28];17363.0
57486.0;[16, 42, 5, 39, 2, 21, 22, 13, 24, 12, 10, 14, 27, 36, 18, 26, 29, 35, 45, 32, 19, 46, 11, 8, 0, 37, 7, 30, 43, 6, 17, 15, 40, 33, 28, 1, 41, 23, 44, 9, 34, 3, 25, 4, 47, 38, 31, 20];19332.0
49053.0;[1, 3, 41, 10, 6, 27, 17, 45, 32, 30, 8, 39, 14, 11, 33, 40, 2, 21, 15, 7, 0, 37, 43, 5, 18, 26, 36, 16, 42, 29, 35, 19, 46, 20, 9, 25, 34, 44, 23, 31, 38, 12, 22, 24, 13, 47, 4, 28];19053.0
55314.0;[39, 33, 47, 23, 9, 31, 38, 4, 28, 41, 34, 44, 25, 3, 1, 40, 2, 15, 21, 7, 37, 8, 0, 13, 24, 20, 22, 12, 10, 14, 43, 6, 17, 35, 27, 36, 18, 26, 16, 42, 5, 29, 19, 46, 11, 32, 45, 30];18712.0
51439.0;[8, 39, 14, 11, 46, 10, 22, 12, 13, 24, 4, 47, 31, 38, 20, 16, 42, 29, 19, 32, 45, 37, 6, 27, 26, 18, 5, 36, 17, 35, 43, 30, 7, 0, 21, 15, 40, 2, 33, 28, 1, 41, 3, 25, 34, 44, 9, 23];18084.0
58089.0;[16, 46, 22, 2, 21, 15, 8, 29, 5, 14, 39, 40, 4, 47, 24, 12, 13, 10, 11, 32, 19, 20, 38, 31, 23, 9, 44, 34, 3, 25, 1, 41, 28, 33, 0, 7, 37, 30, 45, 43, 35, 6, 17, 27, 36, 18, 26, 42];18902.0
58389.0;[5, 11, 33, 13, 24, 4, 41, 9, 44, 34, 47, 38, 20, 22, 12, 10, 32, 45, 37, 7, 0, 8, 17, 26, 18, 16, 42, 29, 35, 19, 46, 31, 23, 25, 3, 1, 28, 40, 2, 15, 21, 39, 14, 30, 43, 6, 27, 36];19087.0
52349.0;[5, 4, 28, 41, 47, 38, 20, 46, 19, 43, 30, 37, 8, 2, 24, 12, 10, 22, 13, 33, 39, 14, 11, 32, 45, 0, 7, 21, 15, 40, 1, 25, 34, 3, 9, 44, 23, 31, 17, 27, 42, 36, 29, 35, 6, 16, 26, 18];20362.0
51353.0;[41, 23, 31, 38, 47, 24, 29, 5, 17, 19, 46, 12, 20, 11, 32, 45, 14, 0, 8, 39, 10, 22, 13, 4, 1, 28, 33, 37, 6, 27, 26, 18, 16, 42, 36, 35, 43, 30, 7, 15, 21, 2, 40, 3, 25, 34, 44, 9];19272.0
54122.0;[34, 19, 32, 17, 45, 14, 10, 11, 46, 20, 24, 13, 39, 0, 15, 21, 22, 12, 38, 31, 23, 9, 25, 41, 47, 4, 33, 2, 7, 37, 30, 6, 27, 18, 26, 16, 42, 29, 5, 36, 35, 43, 8, 40, 28, 1, 3, 44];19539.0
53900.0;[31, 38, 23, 44, 34, 41, 4, 33, 39, 8, 43, 17, 45, 21, 15, 40, 2, 11, 32, 19, 46, 20, 12, 24, 13, 22, 10, 0, 7, 37, 30, 35, 6, 27, 5, 16, 26, 18, 36, 42, 29, 14, 28, 1, 25, 3, 9, 47];18871.0
51126.0;[32, 45, 15, 40, 33, 2, 21, 7, 0, 8, 37, 39, 22, 13, 28, 1, 25, 3, 34, 44, 38, 20, 46, 19, 26, 18, 16, 42, 29, 5, 36, 27, 17, 6, 35, 43, 30, 14, 10, 12, 31, 23, 41, 9, 47, 4, 24, 11];18529.0
54497.0;[23, 41, 28, 1, 4, 47, 31, 38, 20, 42, 16, 26, 5, 43, 39, 10, 22, 13, 24, 12, 46, 14, 11, 32, 45, 37, 7, 15, 21, 40, 33, 2, 0, 8, 30, 35, 6, 17, 27, 18, 36, 29, 19, 44, 34, 3, 25, 9];18638.0
59847.0;[23, 38, 12, 46, 20, 31, 41, 25, 3, 1, 28, 13, 22, 2, 21, 8, 43, 17, 35, 27, 32, 45, 14, 39, 10, 24, 47, 4, 33, 40, 15, 7, 0, 37, 30, 6, 5, 36, 18, 26, 16, 42, 29, 19, 11, 9, 34, 44];19583.0
59016.0;[23, 41, 47, 31, 38, 11, 21, 7, 0, 8, 37, 30, 43, 6, 16, 26, 42, 29, 27, 32, 19, 46, 20, 12, 24, 13, 22, 10, 14, 45, 35, 36, 18, 5, 17, 39, 2, 15, 33, 40, 4, 28, 1, 25, 3, 34, 44, 9];18052.0
52648.0;[38, 20, 10, 22, 46, 19, 27, 36, 5, 6, 17, 45, 32, 14, 39, 8, 15, 21, 40, 1, 3, 25, 28, 33, 11, 26, 18, 16, 42, 29, 35, 43, 30, 37, 7, 0, 2, 13, 24, 12, 31, 23, 9, 34, 44, 41, 47, 4];18406.0
50697.0;[30, 7, 15, 21, 0, 8, 45, 42, 29, 36, 35, 43, 6, 17, 19, 46, 20, 31, 38, 12, 10, 11, 14, 37, 39, 2, 9, 44, 34, 3, 25, 1, 28, 4, 41, 23, 47, 24, 13, 22, 33, 40, 32, 27, 5, 16, 26, 18];19129.0
51752.0;[31, 38, 42, 16, 29, 5, 43, 30, 39, 24, 47, 4, 33, 2, 21, 22, 12, 46, 20, 11, 32, 45, 37, 8, 0, 7, 15, 40, 28, 1, 13, 10, 14, 35, 6, 17, 27, 36, 18, 26, 19, 23, 9, 44, 34, 25, 3, 41];20571.0
56169.0;[14, 10, 15, 21, 7, 0, 8, 39, 45, 32, 11, 19, 46, 20, 12, 31, 38, 24, 13, 4, 47, 28, 1, 25, 3, 44, 34, 9, 41, 23, 33, 40, 2, 22, 42, 16, 26, 36, 18, 5, 29, 27, 17, 35, 6, 43, 30, 37];17417.0
53621.0;[12, 24, 4, 34, 44, 25, 3, 1, 28, 33, 8, 37, 43, 30, 7, 0, 10, 13, 22, 2, 21, 40, 15, 39, 14, 11, 45, 6, 27, 36, 5, 17, 35, 29, 42, 16, 26, 18, 32, 19, 46, 23, 9, 41, 47, 38, 31, 20];19040.0
54544.0;[46, 12, 24, 47, 4, 33, 2, 21, 7, 8, 45, 30, 37, 43, 35, 29, 5, 11, 22, 13, 10, 39, 14, 0, 15, 40, 28, 1, 3, 25, 34, 44, 9, 41, 23, 31, 38, 20, 19, 32, 17, 6, 27, 36, 42, 16, 26, 18];18059.0
57522.0;[14, 11, 13, 24, 12, 31, 38, 20, 46, 19, 32, 45, 16, 42, 18, 26, 36, 35, 6, 43, 30, 8, 0, 15, 40, 33, 2, 21, 7, 37, 39, 10, 22, 4, 28, 1, 25, 3, 34, 44, 23, 9, 41, 47, 29, 5, 27, 17];18295.0
49896.0;[13, 2, 39, 14, 45, 32, 10, 22, 46, 19, 26, 18, 16, 42, 29, 12, 24, 47, 4, 1, 28, 33, 40, 15, 21, 7, 0, 8, 37, 43, 30, 6, 17, 35, 27, 36, 5, 11, 20, 38, 31, 23, 9, 34, 44, 3, 25, 41];18306.0
56790.0;[30, 6, 17, 45, 37, 7, 0, 8, 39, 14, 32, 11, 10, 24, 31, 4, 47, 28, 33, 2, 13, 12, 22, 21, 15, 40, 1, 25, 3, 34, 44, 9, 41, 23, 38, 20, 46, 19, 27, 29, 5, 42, 16, 26, 18, 36, 35, 43];17393.0
57460.0;[32, 45, 47, 38, 20, 43, 30, 7, 0, 8, 37, 39, 14, 11, 10, 22, 33, 13, 24, 12, 35, 6, 17, 27, 5, 16, 26, 18, 36, 42, 29, 19, 46, 31, 23, 9, 34, 44, 25, 3, 1, 41, 4, 28, 40, 15, 21, 2];18509.0
59205.0;[23, 41, 4, 47, 33, 21, 2, 13, 38, 20, 46, 10, 22, 12, 24, 11, 14, 0, 8, 39, 32, 45, 9, 44, 34, 3, 25, 1, 28, 40, 15, 7, 37, 30, 43, 16, 26, 18, 36, 42, 29, 5, 17, 35, 6, 27, 19, 31];19384.0
49801.0;[12, 10, 22, 2, 40, 4, 47, 24, 13, 15, 21, 8, 39, 0, 7, 30, 27, 29, 5, 36, 42, 16, 26, 18, 46, 31, 38, 20, 19, 32, 45, 37, 6, 17, 35, 43, 14, 11, 33, 28, 41, 23, 44, 9, 34, 3, 25, 1];19012.0
53831.0;[43, 30, 45, 32, 13, 28, 1, 3, 25, 9, 34, 44, 23, 41, 4, 33, 40, 39, 11, 14, 10, 12, 22, 0, 8, 37, 7, 15, 21, 2, 24, 47, 38, 31, 20, 19, 46, 5, 18, 36, 42, 16, 26, 29, 35, 6, 27, 17];17871.0
52961.0;[27, 17, 35, 28, 1, 47, 38, 46, 19, 45, 37, 7, 0, 15, 40, 33, 13, 24, 12, 22, 8, 39, 14, 32, 11, 10, 20, 31, 41, 3, 25, 9, 34, 44, 23, 4, 2, 21, 30, 43, 6, 29, 5, 26, 18, 16, 42, 36];19097.0
47088.0;[41, 28, 40, 15, 2, 33, 13, 4, 47, 38, 24, 12, 39, 21, 7, 0, 37, 8, 45, 30, 14, 10, 22, 46, 20, 19, 11, 32, 17, 35, 43, 6, 27, 5, 29, 36, 18, 26, 16, 42, 31, 23, 9, 34, 44, 25, 3, 1];18402.0
56124.0;[13, 14, 45, 6, 17, 35, 43, 30, 8, 0, 7, 15, 21, 11, 32, 19, 46, 10, 20, 12, 22, 40, 33, 47, 4, 28, 1, 3, 25, 34, 44, 23, 9, 41, 31, 38, 29, 42, 16, 26, 18, 36, 5, 27, 37, 39, 2, 24];18107.0
52342.0;[32, 45, 14, 10, 22, 12, 24, 13, 39, 37, 7, 0, 15, 21, 40, 28, 4, 33, 2, 8, 30, 6, 17, 19, 46, 31, 44, 34, 3, 25, 1, 41, 9, 23, 47, 38, 20, 11, 43, 35, 29, 5, 42, 16, 26, 18, 36, 27];18222.0
49214.0;[47, 15, 21, 10, 22, 33, 40, 11, 42, 29, 12, 28, 1, 41, 4, 13, 39, 14, 0, 8, 2, 24, 31, 38, 20, 46, 19, 32, 45, 37, 7, 30, 43, 35, 6, 17, 27, 36, 16, 26, 18, 5, 9, 34, 44, 3, 25, 23];21791.0
58119.0;[26, 29, 21, 2, 13, 38, 41, 28, 4, 47, 24, 12, 10, 11, 14, 32, 45, 5, 18, 36, 27, 19, 46, 20, 22, 39, 8, 37, 35, 6, 17, 43, 30, 7, 0, 15, 33, 40, 1, 25, 3, 9, 34, 44, 23, 31, 42, 16];19775.0
54239.0;[14, 35, 43, 30, 8, 0, 15, 21, 7, 37, 45, 32, 11, 46, 10, 22, 13, 24, 28, 1, 3, 25, 34, 44, 47, 12, 42, 29, 5, 16, 26, 18, 36, 6, 17, 27, 19, 20, 4, 41, 9, 23, 31, 38, 33, 40, 2, 39];18436.0
51768.0;[24, 20, 12, 2, 21, 15, 40, 33, 47, 4, 38, 31, 29, 42, 16, 26, 18, 5, 37, 7, 0, 8, 39, 14, 11, 46, 19, 32, 17, 6, 27, 36, 35, 43, 30, 45, 10, 22, 13, 28, 1, 3, 25, 9, 34, 44, 23, 41];17776.0
54858.0;[12, 31, 38, 47, 24, 13, 45, 37, 7, 30, 17, 27, 42, 16, 26, 18, 5, 29, 36, 35, 6, 43, 32, 10, 22, 40, 28, 1, 3, 25, 44, 34, 9, 41, 23, 4, 33, 2, 21, 0, 15, 8, 39, 14, 11, 19, 46, 20];17449.0
53927.0;[33, 13, 10, 22, 12, 24, 4, 47, 31, 38, 20, 46, 6, 17, 45, 32, 11, 19, 14, 39, 8, 0, 15, 21, 7, 37, 30, 27, 36, 42, 16, 26, 18, 5, 29, 35, 43, 2, 40, 28, 1, 3, 25, 34, 44, 9, 41, 23];17284.0
56138.0;[11, 8, 39, 21, 2, 10, 22, 19, 32, 45, 37, 7, 0, 15, 40, 33, 13, 12, 46, 20, 38, 31, 4, 28, 1, 25, 3, 9, 34, 44, 23, 41, 47, 24, 35, 6, 17, 27, 42, 16, 26, 18, 36, 29, 5, 43, 30, 14];16866.0
52858.0;[19, 46, 20, 22, 33, 40, 15, 8, 37, 30, 43, 17, 45, 12, 24, 4, 47, 28, 1, 41, 23, 9, 3, 25, 34, 44, 31, 38, 29, 35, 6, 27, 36, 42, 16, 26, 18, 5, 39, 0, 7, 21, 2, 13, 10, 11, 14, 32];18163.0
59821.0;[42, 11, 14, 0, 7, 2, 24, 4, 41, 47, 38, 20, 46, 10, 22, 33, 13, 12, 19, 26, 18, 36, 29, 5, 32, 45, 35, 6, 17, 27, 43, 30, 37, 8, 39, 21, 15, 40, 28, 1, 25, 3, 34, 44, 9, 23, 31, 16];19547.0
54626.0;[30, 45, 32, 8, 7, 15, 21, 40, 1, 28, 47, 4, 27, 5, 36, 18, 26, 16, 42, 29, 19, 46, 31, 3, 25, 34, 44, 23, 9, 41, 38, 20, 11, 14, 10, 22, 12, 24, 13, 33, 2, 39, 0, 37, 6, 17, 35, 43];19058.0
58078.0;[46, 32, 11, 24, 4, 28, 1, 41, 47, 38, 31, 20, 22, 12, 10, 39, 14, 45, 17, 6, 43, 30, 37, 7, 21, 2, 13, 33, 40, 15, 0, 8, 27, 36, 5, 26, 18, 16, 42, 29, 35, 9, 3, 25, 34, 44, 23, 19];19894.0
51601.0;[5, 43, 35, 6, 27, 17, 19, 46, 12, 22, 40, 1, 28, 33, 2, 11, 32, 45, 10, 14, 39, 8, 0, 15, 21, 7, 37, 30, 16, 42, 29, 36, 38, 31, 23, 9, 3, 25, 34, 44, 41, 4, 47, 13, 24, 20, 26, 18];19617.0
51483.0;[34, 23, 9, 41, 1, 28, 40, 15, 21, 46, 20, 22, 13, 24, 12, 31, 38, 47, 4, 33, 2, 11, 10, 8, 39, 14, 32, 45, 35, 43, 30, 7, 0, 37, 6, 17, 27, 42, 29, 5, 36, 18, 16, 26, 19, 25, 3, 44];18736.0
56147.0;[33, 39, 14, 11, 32, 18, 26, 36, 35, 6, 17, 45, 37, 7, 0, 21, 10, 22, 12, 24, 13, 2, 40, 15, 8, 43, 30, 27, 5, 16, 42, 29, 19, 46, 20, 38, 31, 4, 47, 23, 9, 44, 34, 3, 25, 1, 41, 28];17380.0
52797.0;[28, 13, 10, 39, 37, 45, 32, 19, 46, 20, 12, 22, 2, 21, 7, 0, 8, 33, 47, 4, 1, 41, 3, 25, 34, 44, 23, 9, 31, 38, 24, 11, 14, 35, 29, 36, 42, 16, 18, 26, 5, 6, 27, 17, 43, 30, 15, 40];17948.0
53298.0;[34, 44, 38, 20, 22, 10, 39, 14, 11, 45, 32, 27, 36, 18, 5, 35, 6, 17, 43, 30, 37, 7, 0, 8, 13, 24, 12, 33, 2, 21, 15, 40, 28, 1, 3, 25, 41, 4, 47, 46, 16, 26, 42, 29, 19, 31, 23, 9];18762.0
56270.0;[33, 39, 14, 30, 37, 7, 21, 40, 15, 0, 8, 45, 32, 11, 10, 22, 2, 13, 4, 47, 24, 12, 19, 27, 29, 42, 16, 26, 18, 36, 5, 6, 17, 35, 43, 46, 20, 38, 31, 23, 41, 9, 44, 34, 3, 25, 1, 28];17432.0
60631.0;[15, 16, 42, 6, 17, 27, 10, 22, 13, 33, 39, 45, 32, 37, 7, 0, 8, 43, 30, 14, 11, 20, 38, 31, 23, 44, 34, 47, 24, 12, 46, 19, 5, 29, 26, 18, 36, 35, 2, 40, 28, 1, 3, 25, 9, 41, 4, 21];20639.0
60052.0;[18, 36, 29, 5, 6, 17, 45, 32, 43, 30, 37, 39, 8, 0, 7, 21, 15, 40, 2, 33, 13, 46, 19, 10, 22, 12, 20, 38, 31, 23, 41, 9, 34, 44, 3, 25, 1, 28, 4, 47, 24, 11, 14, 35, 27, 42, 16, 26];16410.0
61940.0;[20, 46, 38, 31, 24, 12, 10, 22, 13, 33, 2, 21, 8, 39, 14, 43, 6, 17, 45, 32, 11, 47, 4, 41, 9, 23, 44, 34, 3, 25, 1, 28, 40, 15, 7, 0, 37, 30, 27, 5, 26, 18, 16, 42, 36, 29, 35, 19];17625.0
55407.0;[7, 30, 19, 46, 20, 24, 12, 31, 38, 47, 4, 33, 40, 21, 2, 13, 22, 10, 8, 0, 37, 39, 14, 11, 32, 43, 6, 35, 29, 5, 42, 16, 26, 18, 36, 27, 17, 45, 9, 23, 44, 34, 3, 25, 1, 41, 28, 15];18852.0
53476.0;[38, 47, 4, 2, 11, 10, 22, 13, 39, 45, 14, 20, 12, 46, 19, 32, 17, 6, 27, 23, 9, 44, 34, 3, 25, 41, 1, 28, 33, 8, 37, 43, 35, 29, 5, 36, 18, 26, 16, 42, 30, 7, 0, 21, 15, 40, 24, 31];19787.0
57881.0;[11, 43, 16, 42, 20, 31, 38, 12, 24, 4, 28, 33, 40, 2, 39, 14, 32, 27, 5, 26, 18, 36, 29, 35, 45, 10, 22, 13, 15, 21, 7, 0, 8, 37, 30, 6, 17, 19, 46, 47, 1, 41, 23, 9, 44, 34, 25, 3];20387.0
61612.0;[37, 7, 0, 8, 39, 15, 21, 33, 13, 10, 14, 32, 45, 30, 43, 35, 6, 19, 46, 20, 22, 12, 24, 47, 4, 38, 31, 23, 9, 44, 34, 3, 1, 25, 41, 28, 40, 2, 11, 17, 27, 26, 16, 42, 29, 36, 18, 5];17570.0
51599.0;[12, 19, 32, 27, 29, 5, 6, 43, 15, 40, 28, 1, 3, 25, 41, 47, 24, 13, 10, 11, 17, 35, 18, 26, 36, 42, 16, 46, 20, 38, 31, 23, 9, 34, 44, 4, 33, 39, 14, 8, 45, 30, 37, 7, 0, 21, 2, 22];19432.0
54642.0;[47, 38, 20, 46, 19, 32, 45, 43, 6, 27, 29, 5, 17, 35, 18, 36, 42, 16, 26, 30, 37, 7, 15, 40, 28, 4, 13, 33, 2, 21, 0, 8, 39, 14, 11, 10, 22, 12, 24, 31, 41, 23, 9, 34, 44, 25, 3, 1];16932.0
52536.0;[45, 13, 38, 20, 12, 46, 19, 32, 30, 7, 0, 15, 40, 21, 39, 8, 37, 43, 6, 27, 36, 29, 42, 16, 26, 18, 5, 14, 10, 22, 24, 4, 47, 31, 23, 9, 25, 1, 3, 34, 44, 41, 28, 33, 2, 11, 17, 35];18671.0
52822.0;[20, 4, 47, 24, 12, 29, 27, 17, 35, 6, 43, 30, 14, 11, 22, 33, 28, 1, 41, 3, 25, 34, 44, 9, 23, 31, 38, 46, 19, 32, 37, 7, 0, 21, 15, 40, 2, 13, 10, 39, 8, 45, 42, 16, 26, 18, 36, 5];18665.0
54535.0;[15, 8, 39, 21, 2, 11, 14, 10, 24, 4, 41, 23, 47, 31, 38, 20, 12, 46, 19, 32, 45, 43, 35, 6, 17, 27, 36, 42, 29, 16, 26, 18, 5, 30, 7, 0, 37, 22, 13, 9, 34, 44, 25, 3, 1, 28, 33, 40];17721.0
50334.0;[20, 16, 42, 5, 17, 43, 30, 37, 39, 1, 3, 25, 47, 24, 11, 14, 6, 27, 26, 18, 32, 10, 22, 13, 12, 38, 31, 23, 9, 34, 44, 41, 28, 4, 33, 2, 40, 15, 21, 7, 0, 8, 45, 35, 36, 29, 19, 46];20219.0
55070.0;[23, 47, 31, 38, 24, 13, 10, 14, 32, 19, 46, 12, 22, 2, 21, 8, 39, 37, 43, 30, 7, 0, 15, 40, 28, 41, 4, 20, 45, 35, 6, 17, 27, 36, 18, 5, 26, 16, 42, 29, 11, 33, 1, 25, 3, 9, 34, 44];18706.0
56333.0;[35, 34, 44, 25, 3, 9, 41, 23, 4, 1, 28, 40, 33, 2, 15, 21, 7, 0, 37, 8, 39, 22, 13, 10, 11, 32, 45, 30, 17, 6, 27, 29, 36, 5, 26, 18, 16, 42, 19, 46, 20, 31, 47, 38, 24, 12, 14, 43];19389.0
52246.0;[44, 4, 2, 15, 21, 45, 43, 30, 8, 39, 14, 10, 24, 13, 33, 40, 28, 1, 25, 3, 41, 47, 38, 20, 11, 32, 19, 46, 12, 22, 7, 0, 37, 6, 17, 35, 27, 36, 29, 5, 26, 18, 16, 42, 31, 23, 9, 34];19099.0
53658.0;[33, 6, 17, 19, 20, 46, 10, 39, 14, 11, 32, 45, 16, 26, 42, 29, 5, 36, 18, 27, 35, 43, 30, 37, 8, 7, 0, 13, 38, 31, 23, 9, 34, 44, 3, 25, 41, 28, 1, 4, 47, 24, 12, 22, 2, 21, 15, 40];17388.0
56249.0;[1, 41, 28, 40, 4, 33, 10, 14, 11, 19, 32, 27, 29, 5, 43, 30, 37, 7, 0, 15, 21, 2, 24, 13, 12, 22, 39, 8, 45, 16, 26, 42, 18, 36, 6, 17, 35, 46, 20, 31, 38, 47, 23, 9, 44, 34, 25, 3];17964.0
54261.0;[31, 38, 12, 24, 13, 10, 45, 42, 16, 26, 18, 32, 8, 39, 14, 11, 22, 33, 40, 2, 21, 15, 7, 0, 37, 30, 43, 6, 17, 27, 5, 29, 36, 35, 19, 46, 20, 4, 47, 9, 44, 34, 3, 25, 1, 28, 41, 23];17440.0
50991.0;[14, 43, 30, 37, 7, 0, 21, 15, 40, 33, 2, 11, 29, 5, 10, 22, 12, 24, 13, 39, 8, 27, 42, 16, 26, 18, 36, 6, 17, 35, 45, 32, 19, 46, 20, 38, 31, 23, 44, 34, 25, 3, 9, 41, 1, 28, 4, 47];18208.0
52841.0;[20, 4, 33, 2, 21, 13, 24, 12, 22, 39, 14, 32, 45, 10, 11, 19, 46, 38, 47, 31, 23, 9, 41, 28, 1, 3, 25, 34, 44, 40, 15, 8, 7, 0, 37, 43, 30, 35, 6, 27, 17, 29, 5, 16, 26, 18, 36, 42];18659.0
59251.0;[43, 37, 8, 45, 14, 22, 12, 10, 11, 32, 19, 46, 20, 31, 38, 24, 39, 0, 7, 15, 21, 2, 13, 47, 4, 28, 1, 41, 34, 44, 3, 25, 9, 23, 33, 40, 30, 42, 36, 16, 26, 18, 5, 29, 27, 17, 6, 35];18231.0
57057.0;[24, 11, 32, 16, 26, 18, 5, 45, 39, 14, 10, 22, 33, 40, 2, 21, 7, 0, 37, 6, 27, 17, 35, 43, 30, 8, 15, 1, 28, 41, 4, 47, 38, 20, 42, 29, 36, 19, 46, 13, 12, 31, 23, 9, 25, 3, 34, 44];20226.0
58106.0;[36, 18, 33, 40, 28, 41, 1, 4, 45, 35, 43, 30, 7, 15, 21, 11, 32, 42, 16, 26, 5, 14, 10, 22, 13, 24, 2, 39, 8, 0, 37, 6, 17, 27, 19, 46, 20, 12, 31, 38, 47, 9, 3, 25, 34, 44, 23, 29];21599.0
56601.0;[1, 28, 33, 40, 15, 8, 39, 14, 11, 46, 38, 31, 41, 23, 9, 44, 34, 25, 3, 47, 24, 12, 13, 10, 22, 2, 21, 0, 7, 37, 43, 30, 27, 36, 18, 26, 16, 42, 5, 29, 35, 6, 17, 45, 32, 19, 20, 4];17190.0
51033.0;[25, 32, 45, 30, 37, 7, 0, 8, 22, 31, 23, 9, 44, 34, 41, 4, 47, 38, 10, 14, 11, 39, 2, 13, 12, 24, 20, 46, 19, 43, 35, 6, 17, 27, 5, 36, 18, 16, 26, 42, 29, 21, 15, 40, 33, 28, 1, 3];19475.0
54292.0;[23, 41, 1, 25, 3, 31, 16, 26, 42, 19, 46, 20, 38, 24, 39, 21, 15, 40, 28, 4, 33, 2, 13, 12, 22, 10, 11, 32, 45, 8, 0, 7, 37, 30, 43, 6, 17, 35, 29, 36, 18, 5, 27, 14, 47, 9, 34, 44];20133.0
62355.0;[18, 27, 6, 17, 19, 46, 20, 12, 33, 40, 2, 21, 15, 0, 7, 37, 39, 8, 43, 30, 35, 45, 32, 11, 14, 10, 22, 13, 4, 47, 38, 31, 23, 44, 34, 3, 9, 25, 41, 1, 28, 24, 29, 36, 5, 42, 16, 26];17337.0
59468.0;[19, 46, 10, 39, 8, 45, 32, 11, 20, 31, 9, 34, 44, 23, 47, 38, 12, 22, 2, 15, 40, 33, 28, 1, 25, 3, 41, 4, 13, 24, 14, 35, 29, 5, 42, 16, 26, 18, 36, 30, 21, 7, 0, 37, 43, 6, 27, 17];18779.0
55685.0;[38, 20, 19, 45, 32, 10, 12, 22, 33, 2, 21, 40, 15, 8, 37, 30, 7, 0, 13, 4, 28, 1, 41, 9, 3, 25, 34, 44, 23, 47, 24, 39, 26, 18, 16, 42, 29, 36, 5, 27, 6, 17, 35, 43, 14, 11, 46, 31];18345.0
59955.0;[11, 14, 10, 22, 13, 33, 39, 45, 32, 19, 46, 20, 31, 23, 41, 4, 47, 24, 12, 2, 21, 16, 42, 36, 27, 17, 35, 43, 30, 8, 38, 9, 44, 34, 3, 25, 1, 28, 40, 15, 0, 7, 37, 6, 5, 18, 26, 29];19556.0
59954.0;[18, 5, 46, 19, 45, 37, 8, 0, 39, 20, 38, 31, 47, 24, 13, 12, 10, 22, 11, 14, 32, 35, 29, 36, 16, 42, 6, 43, 30, 7, 15, 40, 33, 28, 1, 41, 9, 3, 25, 34, 44, 23, 4, 2, 21, 17, 27, 26];19191.0
59447.0;[24, 12, 31, 38, 33, 13, 22, 10, 14, 11, 20, 46, 19, 32, 45, 37, 8, 0, 15, 21, 7, 30, 35, 6, 5, 16, 26, 18, 36, 42, 29, 27, 17, 43, 39, 2, 40, 28, 1, 4, 47, 41, 3, 25, 9, 34, 44, 23];17019.0
54585.0;[14, 10, 1, 3, 20, 46, 19, 32, 11, 22, 28, 41, 47, 4, 33, 40, 15, 8, 39, 6, 27, 26, 18, 16, 42, 17, 45, 37, 7, 0, 21, 2, 13, 24, 12, 31, 23, 9, 25, 34, 44, 38, 29, 5, 36, 35, 43, 30];21083.0
52608.0;[24, 12, 10, 11, 32, 27, 36, 5, 43, 14, 39, 22, 13, 4, 47, 41, 23, 9, 44, 34, 3, 25, 1, 28, 29, 42, 16, 26, 18, 30, 37, 7, 0, 15, 40, 33, 2, 21, 8, 45, 17, 35, 6, 19, 46, 31, 38, 20];18829.0
53154.0;[34, 20, 16, 26, 18, 5, 36, 27, 17, 35, 43, 30, 8, 39, 10, 12, 24, 33, 40, 28, 1, 25, 3, 41, 47, 4, 11, 32, 45, 14, 22, 13, 2, 15, 21, 0, 7, 37, 6, 42, 29, 19, 46, 38, 31, 23, 9, 44];19474.0
55827.0;[34, 38, 14, 7, 0, 41, 25, 3, 1, 28, 4, 47, 33, 40, 15, 21, 2, 13, 24, 22, 12, 10, 11, 32, 45, 35, 18, 36, 42, 16, 26, 5, 43, 39, 8, 37, 30, 6, 17, 27, 29, 19, 46, 20, 31, 23, 9, 44];19505.0
50889.0;[8, 45, 10, 1, 3, 25, 13, 22, 2, 21, 7, 0, 37, 14, 11, 32, 19, 46, 12, 24, 47, 4, 41, 28, 33, 40, 15, 30, 43, 35, 6, 17, 27, 16, 26, 18, 36, 42, 29, 5, 20, 38, 31, 23, 9, 34, 44, 39];20520.0
55535.0;[12, 47, 41, 1, 10, 11, 19, 32, 45, 43, 30, 7, 37, 6, 17, 27, 36, 29, 35, 46, 20, 4, 28, 33, 40, 2, 15, 21, 0, 8, 39, 14, 22, 13, 24, 38, 31, 23, 9, 44, 34, 3, 25, 42, 16, 26, 18, 5];20813.0
57272.0;[38, 47, 4, 28, 33, 14, 11, 32, 45, 30, 6, 27, 19, 46, 20, 22, 2, 21, 15, 40, 1, 41, 34, 44, 3, 25, 9, 23, 24, 13, 12, 10, 39, 8, 7, 0, 37, 43, 17, 35, 29, 5, 36, 18, 16, 26, 42, 31];18317.0
53679.0;[18, 36, 42, 29, 19, 46, 20, 2, 21, 30, 43, 35, 6, 17, 45, 14, 22, 12, 38, 31, 34, 44, 25, 3, 9, 41, 23, 4, 47, 24, 13, 39, 8, 37, 7, 0, 15, 40, 28, 1, 33, 10, 11, 32, 27, 5, 16, 26];18593.0
57846.0;[39, 30, 8, 37, 7, 0, 15, 21, 46, 31, 38, 20, 12, 24, 13, 22, 10, 11, 14, 32, 45, 43, 17, 35, 18, 16, 26, 42, 29, 36, 5, 6, 27, 19, 47, 23, 9, 3, 25, 34, 44, 41, 28, 1, 4, 33, 40, 2];17819.0
51995.0;[41, 38, 6, 17, 33, 47, 4, 2, 21, 7, 8, 30, 37, 43, 35, 27, 10, 22, 24, 13, 12, 46, 19, 32, 45, 14, 11, 39, 0, 15, 40, 28, 44, 34, 23, 31, 42, 16, 26, 18, 36, 5, 29, 20, 9, 25, 3, 1];22790.0
51769.0;[23, 6, 35, 43, 30, 37, 14, 10, 22, 46, 19, 32, 11, 12, 24, 13, 39, 8, 0, 7, 21, 15, 40, 4, 47, 38, 31, 20, 29, 5, 42, 16, 26, 18, 36, 27, 17, 45, 2, 33, 28, 41, 1, 3, 25, 34, 44, 9];18859.0
55819.0;[42, 29, 14, 10, 22, 2, 21, 0, 8, 39, 24, 13, 20, 12, 11, 32, 45, 37, 6, 5, 26, 18, 36, 27, 17, 35, 43, 30, 7, 15, 40, 33, 47, 3, 25, 34, 44, 9, 23, 41, 1, 28, 4, 38, 31, 46, 19, 16];17880.0
50868.0;[25, 33, 2, 13, 24, 12, 22, 10, 11, 46, 19, 32, 45, 14, 39, 21, 15, 40, 28, 41, 1, 47, 4, 38, 20, 8, 0, 7, 37, 30, 43, 6, 17, 35, 27, 5, 16, 26, 18, 36, 42, 29, 31, 23, 9, 34, 44, 3];18067.0
51836.0;[32, 45, 37, 39, 2, 40, 28, 1, 4, 13, 24, 20, 46, 19, 26, 18, 5, 6, 27, 17, 8, 0, 7, 15, 21, 33, 47, 41, 3, 25, 44, 34, 23, 9, 31, 38, 29, 16, 42, 36, 35, 43, 30, 14, 22, 12, 10, 11];19158.0
50830.0;[42, 12, 4, 28, 33, 37, 43, 14, 40, 15, 21, 8, 45, 32, 11, 10, 22, 2, 13, 24, 31, 23, 9, 44, 34, 3, 1, 25, 41, 47, 38, 20, 46, 19, 39, 0, 7, 30, 35, 6, 17, 27, 29, 36, 5, 26, 18, 16];19143.0
48923.0;[28, 4, 47, 24, 12, 13, 39, 8, 0, 37, 30, 43, 35, 6, 17, 45, 32, 11, 14, 10, 22, 2, 21, 33, 31, 23, 9, 41, 44, 34, 3, 25, 38, 20, 46, 19, 29, 42, 16, 26, 18, 36, 5, 27, 7, 15, 40, 1];17969.0
53835.0;[8, 0, 15, 40, 1, 28, 29, 5, 26, 18, 36, 42, 16, 45, 10, 22, 2, 21, 39, 14, 32, 46, 31, 23, 9, 3, 25, 44, 34, 41, 4, 33, 7, 37, 43, 30, 6, 27, 17, 35, 19, 12, 24, 13, 47, 38, 20, 11];20436.0
54390.0;[31, 6, 27, 10, 22, 39, 8, 15, 40, 1, 28, 33, 2, 21, 7, 0, 37, 43, 30, 14, 11, 24, 13, 12, 46, 19, 32, 45, 17, 35, 29, 42, 16, 26, 18, 5, 36, 20, 38, 47, 4, 41, 23, 9, 44, 34, 3, 25];19286.0
54975.0;[43, 30, 20, 12, 24, 47, 31, 38, 33, 2, 0, 8, 39, 14, 11, 46, 19, 32, 45, 16, 42, 29, 5, 26, 18, 36, 35, 6, 27, 17, 10, 22, 13, 4, 41, 23, 9, 34, 44, 25, 3, 1, 28, 40, 15, 21, 7, 37];17534.0
56600.0;[28, 33, 39, 0, 7, 37, 8, 45, 32, 19, 11, 46, 20, 38, 41, 4, 47, 24, 12, 13, 10, 14, 22, 2, 40, 15, 21, 30, 43, 35, 6, 17, 27, 29, 26, 18, 36, 5, 16, 42, 31, 23, 9, 34, 44, 25, 3, 1];17965.0
58038.0;[33, 13, 24, 12, 46, 19, 45, 32, 17, 35, 27, 36, 18, 16, 26, 29, 5, 42, 6, 43, 30, 7, 37, 8, 39, 11, 14, 10, 22, 2, 0, 15, 21, 40, 1, 3, 25, 34, 44, 9, 41, 23, 47, 31, 38, 20, 4, 28];16941.0
53142.0;[18, 5, 21, 2, 40, 33, 47, 38, 31, 12, 20, 24, 13, 22, 0, 8, 37, 7, 15, 28, 1, 41, 9, 3, 25, 34, 44, 23, 4, 39, 14, 11, 32, 19, 46, 10, 45, 30, 43, 6, 27, 17, 35, 36, 29, 42, 16, 26];18831.0
56384.0;[14, 32, 35, 27, 36, 29, 5, 12, 41, 34, 44, 6, 17, 45, 10, 22, 13, 24, 38, 47, 4, 33, 2, 11, 37, 30, 43, 16, 42, 18, 26, 19, 46, 20, 31, 23, 9, 3, 25, 1, 28, 40, 15, 21, 7, 0, 8, 39];20850.0
60999.0;[5, 29, 27, 10, 20, 38, 33, 2, 11, 46, 19, 32, 45, 30, 37, 8, 7, 0, 21, 15, 40, 31, 23, 41, 9, 34, 44, 25, 3, 28, 1, 47, 4, 24, 13, 12, 22, 39, 14, 43, 35, 6, 17, 42, 16, 26, 36, 18];18530.0
58893.0;[32, 11, 2, 21, 0, 7, 37, 30, 43, 17, 35, 6, 45, 19, 46, 10, 22, 39, 8, 15, 40, 33, 13, 12, 24, 38, 31, 4, 47, 9, 25, 3, 34, 44, 23, 41, 28, 1, 20, 16, 26, 42, 36, 18, 5, 29, 27, 14];18356.0
53174.0;[1, 45, 17, 27, 5, 16, 26, 18, 36, 42, 29, 30, 37, 7, 15, 40, 33, 46, 20, 12, 22, 2, 21, 0, 8, 39, 14, 10, 24, 13, 28, 4, 47, 38, 31, 19, 35, 6, 43, 32, 11, 41, 23, 44, 9, 25, 34, 3];19945.0
61770.0;[39, 14, 10, 22, 33, 2, 21, 45, 32, 11, 24, 13, 4, 47, 38, 20, 46, 19, 35, 6, 17, 27, 5, 16, 26, 18, 36, 42, 29, 43, 30, 37, 7, 15, 40, 28, 41, 1, 3, 25, 34, 44, 23, 9, 31, 12, 0, 8];17384.0
49247.0;[40, 28, 4, 33, 2, 45, 27, 26, 18, 16, 42, 36, 5, 29, 19, 46, 10, 11, 32, 6, 17, 35, 43, 30, 8, 39, 0, 15, 21, 7, 37, 14, 20, 31, 23, 9, 34, 44, 25, 3, 1, 41, 47, 38, 12, 24, 13, 22];17883.0
53348.0;[1, 22, 45, 17, 35, 12, 33, 40, 15, 21, 2, 10, 39, 8, 7, 0, 37, 27, 42, 29, 5, 16, 26, 18, 36, 6, 43, 30, 14, 11, 32, 19, 46, 20, 38, 31, 23, 34, 44, 3, 25, 9, 41, 47, 13, 24, 4, 28];18569.0
59096.0;[0, 8, 7, 15, 40, 28, 1, 25, 3, 34, 44, 9, 41, 23, 31, 22, 2, 21, 33, 13, 24, 12, 10, 11, 32, 45, 17, 35, 43, 30, 37, 39, 14, 6, 27, 5, 18, 16, 26, 36, 42, 29, 19, 46, 20, 38, 47, 4];18044.0
52710.0;[32, 10, 12, 24, 13, 22, 2, 33, 40, 15, 21, 7, 0, 8, 37, 39, 14, 35, 19, 11, 46, 20, 38, 31, 23, 41, 1, 3, 25, 34, 44, 9, 47, 4, 28, 5, 18, 26, 16, 42, 29, 36, 27, 17, 6, 43, 30, 45];17608.0
53211.0;[3, 39, 8, 0, 15, 21, 14, 35, 6, 45, 32, 11, 47, 38, 20, 46, 19, 10, 12, 24, 13, 22, 7, 37, 30, 43, 17, 27, 5, 16, 26, 18, 36, 42, 29, 31, 23, 9, 34, 44, 41, 4, 33, 2, 40, 28, 1, 25];20175.0
62186.0;[9, 23, 24, 13, 22, 2, 40, 28, 1, 4, 38, 31, 20, 12, 46, 19, 45, 32, 14, 10, 11, 15, 21, 7, 0, 8, 30, 43, 17, 27, 29, 36, 5, 18, 16, 26, 42, 6, 35, 37, 39, 33, 47, 41, 44, 34, 25, 3];18244.0
56832.0;[12, 31, 38, 20, 6, 27, 36, 18, 5, 17, 43, 30, 45, 32, 11, 10, 24, 13, 2, 21, 15, 0, 37, 7, 8, 39, 14, 22, 33, 40, 28, 1, 41, 34, 44, 3, 25, 9, 23, 47, 4, 46, 19, 16, 26, 42, 29, 35];18653.0
57440.0;[17, 2, 33, 13, 24, 12, 22, 10, 39, 0, 8, 46, 20, 38, 47, 31, 23, 9, 3, 25, 34, 44, 41, 1, 28, 4, 40, 15, 21, 7, 37, 43, 35, 29, 5, 16, 26, 18, 36, 42, 19, 14, 11, 32, 45, 30, 6, 27];17969.0
57162.0;[25, 15, 8, 45, 32, 39, 0, 37, 6, 29, 5, 35, 43, 14, 11, 10, 22, 13, 24, 12, 20, 33, 40, 2, 21, 7, 30, 17, 27, 36, 18, 26, 16, 42, 19, 46, 38, 31, 47, 4, 28, 1, 41, 9, 23, 44, 34, 3];18369.0
54666.0;[41, 23, 38, 20, 46, 19, 32, 11, 31, 4, 47, 24, 13, 45, 42, 16, 18, 26, 30, 39, 8, 0, 21, 2, 22, 12, 10, 14, 43, 17, 35, 6, 27, 29, 36, 5, 37, 7, 15, 40, 33, 28, 1, 3, 25, 34, 44, 9];18429.0
53804.0;[30, 2, 13, 12, 22, 42, 16, 26, 18, 36, 5, 29, 35, 45, 10, 24, 4, 47, 23, 31, 38, 21, 0, 8, 39, 14, 11, 32, 19, 46, 20, 33, 28, 1, 25, 3, 34, 44, 9, 41, 40, 15, 7, 37, 43, 6, 27, 17];19541.0
56454.0;[28, 33, 0, 8, 39, 14, 10, 22, 2, 13, 12, 11, 32, 19, 46, 38, 31, 23, 41, 47, 24, 20, 27, 36, 5, 26, 18, 16, 42, 29, 43, 30, 6, 17, 35, 45, 37, 7, 21, 15, 40, 4, 25, 9, 44, 34, 3, 1];18519.0
56884.0;[39, 45, 35, 27, 42, 16, 26, 18, 36, 29, 5, 6, 17, 43, 30, 14, 10, 22, 13, 24, 12, 20, 11, 8, 15, 21, 33, 40, 2, 7, 0, 37, 32, 19, 46, 38, 31, 23, 9, 34, 44, 3, 25, 41, 47, 4, 28, 1];17425.0
54742.0;[14, 43, 30, 37, 39, 10, 20, 12, 22, 2, 21, 15, 40, 28, 1, 41, 4, 38, 19, 26, 18, 5, 17, 45, 32, 11, 13, 24, 33, 7, 0, 8, 35, 6, 27, 29, 36, 16, 42, 46, 31, 23, 9, 3, 25, 34, 44, 47];20271.0
53695.0;[31, 23, 35, 6, 17, 45, 32, 11, 46, 20, 12, 10, 22, 15, 21, 7, 8, 0, 37, 14, 39, 2, 24, 13, 47, 41, 9, 34, 44, 3, 25, 1, 28, 4, 33, 40, 30, 27, 36, 18, 26, 16, 42, 29, 5, 43, 19, 38];19593.0
57139.0;[21, 30, 45, 19, 46, 20, 47, 4, 28, 1, 40, 33, 13, 22, 11, 8, 39, 2, 24, 31, 23, 9, 44, 34, 3, 25, 41, 38, 12, 10, 14, 32, 43, 6, 17, 35, 29, 42, 16, 26, 18, 36, 5, 27, 37, 7, 0, 15];17743.0
53557.0;[4, 19, 26, 18, 32, 45, 11, 10, 22, 13, 24, 12, 31, 23, 41, 1, 28, 33, 2, 40, 15, 21, 8, 39, 14, 0, 7, 37, 30, 17, 35, 6, 27, 36, 16, 42, 29, 5, 43, 46, 20, 38, 47, 9, 44, 34, 3, 25];18749.0
53677.0;[28, 39, 8, 37, 30, 43, 14, 10, 22, 24, 13, 12, 46, 32, 45, 17, 35, 27, 11, 2, 33, 40, 15, 21, 0, 7, 6, 5, 36, 18, 16, 26, 42, 29, 19, 20, 31, 38, 47, 4, 41, 23, 9, 44, 34, 3, 25, 1];18070.0
56113.0;[29, 30, 37, 39, 11, 46, 19, 32, 45, 14, 10, 22, 12, 24, 13, 2, 21, 7, 0, 8, 15, 40, 33, 31, 23, 9, 34, 44, 3, 25, 41, 1, 28, 4, 47, 38, 20, 43, 6, 17, 35, 27, 5, 36, 18, 26, 16, 42];16719.0
52530.0;[19, 20, 46, 12, 31, 38, 47, 24, 39, 14, 11, 32, 10, 22, 40, 33, 28, 1, 3, 25, 34, 44, 9, 41, 23, 4, 13, 45, 30, 43, 35, 6, 17, 27, 37, 8, 0, 15, 2, 21, 7, 5, 26, 18, 16, 42, 36, 29];18754.0
50745.0;[6, 27, 36, 42, 16, 26, 19, 46, 20, 31, 23, 9, 41, 47, 24, 12, 22, 2, 40, 33, 13, 10, 11, 32, 45, 17, 39, 8, 15, 21, 7, 0, 37, 43, 30, 14, 4, 28, 1, 25, 3, 44, 34, 38, 35, 29, 18, 5];19401.0
59391.0;[13, 33, 2, 21, 40, 3, 25, 41, 47, 12, 22, 10, 46, 20, 38, 31, 4, 28, 1, 9, 34, 44, 23, 24, 11, 32, 6, 27, 29, 36, 5, 26, 18, 16, 42, 45, 14, 39, 8, 0, 15, 37, 7, 30, 43, 17, 35, 19];19632.0
53716.0;[41, 38, 33, 2, 43, 35, 6, 5, 17, 27, 36, 18, 16, 26, 42, 29, 13, 22, 39, 8, 0, 15, 21, 11, 19, 46, 20, 24, 47, 4, 1, 28, 40, 7, 37, 30, 45, 32, 14, 10, 12, 31, 23, 9, 25, 3, 34, 44];19541.0
57333.0;[5, 44, 34, 41, 33, 39, 37, 30, 45, 32, 19, 46, 20, 22, 12, 13, 24, 47, 4, 38, 31, 23, 9, 25, 3, 1, 28, 40, 2, 8, 7, 0, 15, 21, 10, 11, 14, 35, 43, 16, 42, 26, 18, 36, 6, 17, 27, 29];19760.0
47266.0;[46, 19, 43, 35, 6, 17, 39, 14, 10, 11, 32, 45, 16, 42, 29, 5, 27, 37, 8, 0, 7, 15, 40, 33, 2, 21, 30, 26, 18, 36, 20, 31, 44, 34, 41, 47, 23, 9, 25, 3, 1, 28, 4, 38, 13, 24, 22, 12];19570.0
54986.0;[44, 9, 23, 41, 4, 38, 47, 1, 28, 33, 40, 15, 21, 24, 12, 20, 46, 19, 43, 35, 6, 17, 45, 32, 11, 14, 10, 39, 30, 37, 7, 0, 8, 2, 13, 22, 27, 36, 5, 18, 16, 26, 42, 29, 31, 3, 25, 34];18887.0
57716.0;[25, 33, 40, 2, 15, 21, 24, 31, 41, 23, 4, 47, 38, 20, 46, 19, 42, 29, 32, 45, 14, 11, 22, 12, 10, 39, 0, 7, 37, 30, 6, 17, 35, 27, 36, 18, 16, 26, 5, 43, 8, 13, 28, 1, 9, 34, 44, 3];19395.0
50465.0;[14, 8, 33, 13, 10, 22, 11, 32, 45, 35, 6, 17, 19, 46, 24, 12, 4, 47, 41, 38, 20, 26, 18, 16, 42, 29, 5, 36, 27, 31, 23, 9, 44, 34, 25, 3, 1, 28, 40, 2, 21, 15, 0, 7, 37, 30, 43, 39];19442.0
53803.0;[32, 10, 22, 12, 0, 7, 21, 24, 13, 47, 23, 31, 38, 42, 29, 5, 6, 17, 45, 19, 46, 20, 4, 28, 41, 25, 9, 44, 34, 3, 1, 40, 33, 2, 15, 8, 39, 11, 14, 37, 30, 43, 35, 27, 36, 16, 26, 18];20287.0
57241.0;[26, 46, 24, 13, 22, 10, 12, 20, 38, 47, 4, 33, 40, 28, 41, 1, 25, 3, 34, 44, 23, 9, 31, 2, 8, 37, 30, 7, 0, 15, 21, 39, 14, 11, 43, 6, 17, 35, 18, 36, 42, 29, 19, 45, 32, 27, 5, 16];18877.0
49106.0;[19, 14, 11, 10, 20, 31, 23, 9, 3, 25, 44, 34, 41, 33, 39, 8, 45, 32, 43, 35, 6, 17, 27, 36, 42, 16, 26, 18, 5, 29, 30, 37, 7, 0, 21, 2, 15, 40, 1, 28, 4, 47, 38, 24, 13, 22, 12, 46];17463.0
55306.0;[0, 46, 19, 16, 42, 29, 45, 32, 39, 21, 15, 8, 43, 35, 6, 17, 14, 10, 22, 33, 28, 4, 47, 38, 20, 12, 13, 24, 31, 23, 9, 44, 34, 25, 41, 3, 1, 40, 2, 11, 26, 36, 18, 5, 27, 30, 37, 7];19436.0
56290.0;[37, 8, 22, 10, 24, 13, 4, 41, 23, 9, 44, 34, 3, 25, 1, 28, 12, 19, 46, 20, 31, 38, 47, 33, 40, 2, 11, 14, 39, 0, 15, 21, 45, 32, 17, 27, 5, 16, 26, 18, 36, 42, 29, 35, 6, 43, 30, 7];17256.0
54537.0;[37, 6, 43, 10, 22, 2, 21, 17, 27, 36, 42, 46, 31, 38, 20, 12, 13, 24, 11, 19, 32, 45, 8, 39, 14, 35, 29, 16, 26, 18, 5, 30, 7, 15, 40, 28, 1, 3, 25, 34, 44, 23, 9, 41, 47, 4, 33, 0];19302.0
61058.0;[23, 47, 26, 18, 36, 5, 39, 8, 0, 15, 7, 37, 30, 35, 29, 16, 42, 31, 38, 20, 46, 19, 32, 43, 6, 27, 17, 45, 21, 2, 40, 33, 13, 10, 11, 14, 22, 12, 24, 4, 28, 1, 41, 3, 25, 9, 34, 44];19568.0
56717.0;[41, 23, 47, 4, 2, 8, 43, 17, 35, 31, 38, 33, 13, 10, 22, 39, 0, 37, 6, 45, 32, 14, 11, 24, 12, 20, 46, 19, 29, 42, 16, 26, 36, 18, 5, 27, 30, 7, 15, 21, 40, 28, 1, 3, 25, 34, 44, 9];18903.0
50719.0;[18, 30, 14, 20, 46, 19, 45, 32, 11, 8, 39, 2, 40, 28, 33, 10, 22, 12, 24, 13, 47, 4, 1, 3, 25, 34, 44, 9, 23, 41, 38, 31, 42, 29, 35, 43, 0, 15, 21, 7, 37, 6, 17, 27, 36, 5, 16, 26];18606.0
49254.0;[13, 4, 47, 24, 10, 11, 42, 29, 19, 46, 32, 45, 8, 0, 7, 15, 40, 33, 2, 39, 14, 27, 36, 16, 26, 18, 5, 6, 17, 35, 43, 30, 37, 21, 28, 1, 41, 9, 3, 25, 34, 44, 23, 31, 38, 20, 12, 22];18101.0
54282.0;[31, 10, 11, 32, 30, 27, 29, 35, 19, 46, 38, 47, 33, 14, 6, 17, 45, 12, 24, 13, 22, 39, 8, 0, 21, 15, 40, 28, 1, 41, 4, 2, 7, 37, 43, 16, 26, 42, 36, 18, 5, 20, 23, 44, 34, 3, 25, 9];21383.0
50896.0;[21, 2, 13, 39, 43, 6, 27, 17, 45, 14, 10, 22, 12, 38, 31, 20, 46, 19, 32, 11, 8, 0, 37, 7, 30, 35, 36, 42, 16, 26, 18, 5, 29, 24, 47, 23, 9, 44, 34, 25, 3, 1, 41, 4, 33, 28, 40, 15];18598.0
48263.0;[33, 40, 2, 24, 11, 14, 32, 45, 8, 39, 10, 22, 13, 12, 31, 38, 20, 46, 19, 6, 17, 35, 27, 42, 16, 26, 18, 36, 29, 5, 43, 30, 37, 7, 0, 21, 15, 28, 1, 25, 3, 34, 44, 23, 9, 41, 4, 47];16769.0
55127.0;[12, 20, 46, 19, 45, 35, 6, 17, 39, 14, 10, 22, 38, 31, 15, 21, 40, 2, 11, 32, 27, 36, 42, 16, 26, 30, 7, 0, 8, 37, 43, 18, 5, 29, 24, 4, 47, 41, 23, 9, 44, 34, 3, 1, 25, 28, 33, 13];19781.0
58786.0;[6, 45, 11, 46, 10, 22, 12, 24, 13, 39, 14, 27, 29, 42, 16, 26, 18, 36, 5, 37, 7, 15, 40, 2, 21, 0, 8, 33, 47, 31, 23, 9, 34, 44, 25, 3, 1, 41, 28, 4, 38, 20, 19, 32, 30, 43, 17, 35];17611.0
47864.0;[32, 45, 37, 39, 14, 11, 2, 24, 4, 28, 1, 41, 47, 38, 20, 46, 19, 29, 27, 17, 35, 6, 43, 30, 8, 0, 7, 21, 15, 40, 33, 13, 12, 22, 10, 26, 36, 18, 5, 16, 42, 23, 44, 34, 3, 25, 9, 31];19653.0
49671.0;[35, 6, 19, 44, 34, 9, 13, 22, 0, 8, 30, 37, 7, 15, 21, 10, 11, 45, 32, 43, 17, 27, 29, 36, 5, 42, 16, 26, 18, 46, 20, 12, 24, 38, 31, 23, 25, 3, 1, 28, 41, 47, 4, 33, 40, 2, 39, 14];20229.0
52557.0;[33, 13, 38, 31, 41, 23, 9, 34, 44, 15, 21, 7, 0, 8, 32, 45, 35, 6, 17, 27, 42, 16, 26, 18, 36, 29, 5, 43, 30, 37, 39, 14, 11, 19, 10, 2, 40, 28, 1, 3, 25, 4, 47, 24, 12, 46, 20, 22];17903.0
58445.0;[13, 24, 4, 41, 47, 38, 35, 29, 5, 43, 30, 14, 31, 23, 9, 34, 44, 25, 3, 1, 28, 33, 40, 15, 37, 6, 27, 42, 16, 26, 18, 36, 17, 45, 32, 11, 19, 46, 20, 12, 22, 2, 21, 7, 0, 8, 39, 10];18423.0
55750.0;[1, 28, 16, 42, 46, 20, 12, 39, 14, 43, 30, 8, 37, 7, 0, 15, 2, 21, 33, 13, 32, 27, 36, 18, 26, 29, 5, 11, 24, 4, 47, 41, 23, 44, 34, 3, 25, 9, 31, 38, 19, 35, 6, 17, 45, 10, 22, 40];21528.0
55193.0;[35, 43, 14, 11, 2, 21, 8, 39, 45, 30, 37, 7, 0, 15, 40, 4, 47, 41, 9, 34, 44, 3, 25, 1, 28, 33, 10, 6, 27, 29, 5, 36, 18, 26, 16, 42, 22, 12, 13, 24, 38, 31, 23, 20, 46, 19, 32, 17];18897.0
53013.0;[20, 29, 35, 6, 27, 36, 42, 16, 26, 18, 5, 11, 1, 3, 25, 33, 14, 39, 10, 24, 4, 28, 41, 47, 12, 46, 19, 32, 17, 45, 43, 30, 37, 8, 0, 7, 15, 40, 21, 2, 22, 13, 38, 31, 9, 34, 44, 23];21194.0
54422.0;[40, 33, 24, 13, 28, 41, 20, 18, 5, 16, 26, 42, 29, 35, 43, 30, 7, 0, 37, 8, 45, 32, 10, 22, 12, 38, 47, 4, 2, 21, 15, 39, 14, 11, 17, 27, 36, 6, 19, 46, 31, 23, 9, 34, 44, 25, 3, 1];19381.0
57266.0;[12, 46, 20, 4, 47, 41, 9, 31, 38, 24, 13, 2, 15, 21, 39, 8, 0, 7, 37, 27, 29, 35, 6, 17, 43, 30, 45, 14, 32, 19, 10, 22, 33, 40, 28, 1, 3, 25, 34, 44, 23, 42, 16, 26, 18, 36, 5, 11];19003.0
51560.0;[44, 25, 9, 32, 45, 43, 30, 39, 14, 11, 8, 0, 21, 2, 22, 13, 10, 20, 12, 24, 47, 4, 41, 3, 1, 28, 33, 40, 15, 7, 37, 35, 6, 27, 17, 29, 5, 36, 18, 26, 16, 42, 19, 46, 38, 31, 23, 34];19261.0
57400.0;[10, 39, 14, 11, 45, 35, 6, 17, 43, 30, 37, 8, 32, 19, 47, 4, 38, 29, 42, 16, 26, 18, 36, 5, 27, 0, 7, 21, 15, 40, 33, 2, 13, 24, 12, 46, 20, 31, 23, 9, 25, 3, 44, 34, 41, 1, 28, 22];18673.0
53703.0;[33, 40, 13, 22, 10, 39, 8, 37, 7, 0, 15, 21, 2, 24, 4, 47, 31, 38, 20, 46, 19, 32, 14, 11, 12, 41, 23, 9, 44, 34, 25, 3, 1, 28, 45, 17, 35, 6, 27, 16, 26, 18, 36, 42, 29, 5, 43, 30];18166.0
56829.0;[7, 28, 1, 3, 44, 34, 47, 38, 12, 19, 32, 45, 39, 0, 15, 21, 40, 33, 13, 10, 11, 14, 30, 6, 27, 36, 18, 26, 16, 42, 29, 5, 17, 35, 43, 46, 20, 31, 23, 9, 25, 41, 4, 24, 22, 2, 8, 37];19018.0
60414.0;[23, 9, 41, 42, 16, 18, 36, 27, 17, 14, 22, 12, 24, 31, 38, 47, 4, 1, 28, 33, 13, 10, 11, 32, 45, 39, 8, 0, 15, 40, 2, 21, 7, 37, 43, 30, 35, 6, 5, 26, 29, 19, 46, 20, 25, 3, 34, 44];19327.0
45631.0;[29, 19, 46, 12, 10, 11, 32, 36, 5, 27, 17, 35, 6, 43, 30, 37, 21, 15, 40, 33, 2, 22, 13, 24, 4, 47, 9, 34, 44, 23, 41, 28, 1, 3, 25, 31, 38, 20, 39, 14, 7, 0, 8, 45, 18, 26, 16, 42];18232.0
50146.0;[12, 22, 39, 14, 27, 36, 29, 19, 46, 24, 47, 4, 28, 41, 1, 3, 25, 34, 44, 9, 23, 31, 38, 20, 35, 6, 17, 45, 32, 10, 11, 42, 16, 26, 18, 5, 43, 30, 37, 8, 0, 7, 15, 21, 2, 40, 33, 13];17479.0
49311.0;[25, 38, 20, 27, 17, 35, 29, 16, 26, 42, 36, 18, 5, 12, 24, 13, 22, 10, 39, 8, 0, 7, 21, 15, 40, 28, 1, 41, 47, 4, 33, 2, 11, 14, 30, 37, 43, 6, 45, 32, 19, 46, 31, 23, 9, 44, 34, 3];18469.0
59593.0;[25, 11, 17, 29, 42, 16, 26, 36, 18, 5, 37, 8, 45, 32, 43, 30, 7, 0, 4, 47, 24, 12, 10, 39, 14, 35, 6, 27, 19, 46, 20, 22, 2, 21, 15, 40, 33, 13, 38, 31, 23, 9, 41, 28, 1, 44, 34, 3];19605.0
57808.0;[14, 27, 17, 37, 7, 15, 40, 2, 21, 6, 5, 16, 26, 19, 46, 38, 31, 23, 9, 34, 44, 41, 28, 33, 39, 0, 8, 45, 32, 11, 22, 13, 10, 30, 43, 35, 29, 18, 36, 42, 12, 20, 4, 1, 3, 25, 47, 24];21136.0
50539.0;[38, 47, 24, 12, 6, 27, 17, 43, 30, 37, 39, 8, 7, 0, 33, 1, 28, 40, 15, 21, 2, 13, 22, 10, 11, 14, 32, 45, 35, 36, 42, 16, 26, 18, 5, 29, 19, 46, 20, 31, 23, 44, 34, 25, 3, 9, 41, 4];17905.0
56412.0;[40, 28, 1, 33, 13, 10, 39, 8, 0, 37, 7, 15, 21, 2, 11, 14, 30, 43, 35, 6, 17, 45, 32, 19, 12, 24, 31, 4, 47, 23, 9, 44, 34, 3, 25, 41, 38, 20, 46, 27, 36, 18, 5, 26, 16, 42, 29, 22];18579.0
57873.0;[45, 40, 33, 2, 21, 15, 30, 37, 7, 0, 8, 39, 46, 31, 38, 20, 24, 12, 22, 10, 11, 32, 19, 13, 28, 1, 25, 3, 34, 44, 23, 9, 47, 41, 4, 14, 43, 29, 5, 6, 17, 27, 42, 16, 26, 18, 36, 35];19191.0
49925.0;[11, 8, 0, 37, 43, 30, 39, 40, 28, 1, 4, 13, 22, 10, 14, 32, 45, 6, 27, 29, 5, 17, 35, 19, 12, 24, 31, 38, 33, 2, 21, 15, 7, 36, 18, 26, 16, 42, 46, 20, 47, 41, 3, 25, 34, 44, 9, 23];20498.0
54971.0;[9, 23, 4, 8, 37, 39, 14, 11, 31, 38, 20, 10, 22, 33, 28, 41, 34, 44, 25, 3, 1, 40, 15, 21, 7, 0, 2, 13, 24, 12, 46, 19, 32, 6, 5, 16, 26, 18, 36, 42, 29, 27, 17, 35, 43, 30, 45, 47];19448.0
49441.0;[15, 13, 12, 19, 16, 26, 42, 36, 18, 5, 43, 8, 2, 24, 31, 23, 44, 34, 41, 4, 47, 6, 17, 45, 32, 11, 14, 10, 22, 46, 35, 27, 29, 30, 37, 7, 21, 40, 33, 28, 1, 3, 25, 9, 38, 20, 39, 0];20854.0
54517.0;[35, 0, 40, 28, 47, 4, 33, 39, 8, 45, 32, 11, 20, 12, 46, 19, 6, 43, 14, 10, 24, 38, 31, 23, 9, 3, 25, 34, 44, 41, 1, 15, 21, 2, 13, 22, 7, 37, 30, 17, 27, 36, 42, 29, 5, 18, 16, 26];19551.0
53252.0;[19, 20, 9, 25, 3, 1, 13, 22, 39, 8, 43, 17, 11, 46, 31, 23, 44, 34, 41, 4, 28, 40, 2, 24, 12, 10, 14, 32, 30, 37, 7, 0, 15, 21, 33, 47, 38, 45, 35, 6, 27, 36, 5, 26, 18, 16, 42, 29];20118.0
54090.0;[45, 37, 6, 17, 35, 19, 20, 9, 41, 1, 28, 13, 10, 11, 14, 32, 27, 29, 5, 43, 30, 8, 0, 7, 15, 40, 33, 4, 47, 24, 12, 22, 46, 38, 31, 23, 44, 34, 3, 25, 2, 21, 39, 16, 26, 18, 36, 42];20343.0
58001.0;[5, 17, 19, 46, 32, 45, 37, 7, 0, 8, 39, 2, 24, 20, 29, 42, 16, 26, 18, 30, 14, 22, 13, 28, 4, 33, 21, 15, 40, 1, 3, 25, 34, 9, 44, 23, 41, 47, 31, 38, 12, 10, 11, 43, 35, 6, 27, 36];19122.0
56894.0;[21, 15, 2, 39, 8, 45, 37, 7, 0, 22, 12, 31, 38, 47, 24, 11, 32, 17, 26, 42, 29, 19, 46, 20, 4, 23, 41, 9, 44, 34, 25, 3, 1, 28, 33, 40, 13, 10, 14, 35, 6, 27, 36, 16, 18, 5, 43, 30];19058.0
50119.0;[17, 35, 6, 27, 36, 29, 43, 30, 37, 8, 7, 0, 22, 13, 33, 47, 38, 20, 24, 12, 10, 11, 32, 45, 14, 39, 2, 21, 15, 40, 28, 1, 41, 4, 46, 19, 26, 18, 5, 16, 42, 31, 23, 44, 34, 3, 25, 9];20270.0
49428.0;[27, 45, 32, 19, 46, 20, 41, 9, 34, 44, 23, 24, 39, 8, 0, 1, 3, 25, 28, 13, 12, 10, 11, 14, 22, 38, 31, 47, 4, 33, 2, 40, 15, 21, 7, 37, 30, 43, 6, 17, 35, 29, 5, 42, 16, 26, 36, 18];19339.0
55702.0;[26, 42, 45, 2, 40, 15, 21, 0, 8, 39, 14, 32, 19, 46, 22, 13, 38, 9, 34, 44, 23, 31, 20, 12, 10, 7, 37, 43, 30, 6, 17, 35, 27, 11, 33, 1, 3, 25, 41, 28, 4, 47, 24, 29, 5, 36, 18, 16];19842.0
55407.0;[39, 14, 11, 45, 32, 43, 30, 37, 7, 0, 8, 33, 13, 12, 10, 22, 2, 21, 15, 40, 1, 28, 4, 47, 38, 20, 46, 19, 35, 6, 27, 36, 29, 42, 16, 26, 18, 5, 17, 31, 3, 25, 34, 44, 9, 41, 23, 24];18441.0
56191.0;[4, 33, 2, 13, 10, 11, 14, 39, 0, 8, 45, 32, 19, 46, 20, 31, 23, 44, 34, 38, 47, 24, 12, 22, 15, 21, 7, 37, 43, 30, 27, 29, 42, 16, 26, 18, 36, 5, 6, 17, 35, 40, 28, 1, 25, 3, 9, 41];18137.0
56646.0;[4, 24, 13, 22, 2, 21, 39, 46, 10, 12, 20, 38, 31, 23, 9, 44, 34, 3, 25, 41, 1, 28, 40, 15, 0, 8, 45, 14, 11, 19, 32, 17, 35, 43, 30, 6, 27, 36, 5, 18, 26, 16, 42, 29, 37, 7, 33, 47];17659.0
58671.0;[35, 34, 44, 18, 16, 26, 36, 5, 27, 19, 46, 20, 31, 38, 33, 13, 2, 21, 7, 0, 37, 8, 39, 10, 22, 11, 14, 32, 45, 6, 17, 43, 30, 15, 40, 28, 1, 3, 25, 9, 23, 41, 4, 47, 24, 12, 42, 29];21734.0
54237.0;[33, 13, 10, 22, 12, 24, 4, 47, 11, 29, 5, 43, 30, 7, 15, 40, 1, 25, 3, 41, 42, 16, 26, 18, 36, 27, 37, 8, 39, 0, 21, 2, 14, 32, 45, 35, 6, 17, 19, 46, 20, 38, 31, 23, 9, 44, 34, 28];20600.0
50761.0;[17, 35, 6, 43, 32, 19, 20, 46, 10, 39, 8, 0, 15, 21, 2, 13, 22, 12, 24, 4, 47, 38, 31, 23, 9, 44, 34, 3, 25, 41, 1, 28, 33, 40, 11, 14, 45, 37, 7, 30, 27, 36, 42, 29, 16, 26, 18, 5];16289.0
52110.0;[14, 45, 10, 22, 13, 12, 24, 47, 38, 31, 23, 9, 25, 41, 4, 33, 11, 19, 32, 17, 43, 30, 37, 7, 0, 15, 21, 8, 35, 6, 27, 29, 36, 5, 26, 18, 16, 42, 46, 20, 44, 34, 3, 1, 28, 40, 2, 39];18759.0
55013.0;[20, 27, 6, 17, 35, 43, 30, 45, 32, 11, 14, 8, 39, 10, 12, 31, 38, 24, 13, 22, 0, 15, 40, 28, 1, 3, 25, 34, 9, 44, 23, 41, 47, 4, 33, 2, 21, 7, 37, 5, 29, 36, 42, 16, 18, 26, 19, 46];17933.0
54293.0;[28, 4, 13, 32, 17, 6, 27, 36, 5, 29, 35, 43, 30, 8, 0, 21, 7, 37, 39, 14, 11, 46, 20, 38, 47, 24, 12, 10, 22, 2, 33, 40, 15, 45, 42, 16, 18, 26, 19, 31, 41, 23, 9, 44, 34, 25, 3, 1];18720.0
56185.0;[31, 43, 30, 37, 7, 11, 46, 20, 19, 32, 45, 35, 6, 17, 14, 22, 33, 28, 4, 47, 24, 12, 13, 10, 39, 8, 29, 5, 42, 16, 26, 18, 36, 27, 0, 15, 21, 2, 40, 1, 3, 25, 34, 44, 23, 9, 41, 38];19022.0
61079.0;[12, 20, 46, 19, 42, 29, 5, 43, 30, 17, 35, 18, 16, 26, 36, 6, 27, 32, 45, 11, 22, 10, 24, 13, 4, 33, 2, 21, 7, 37, 8, 39, 14, 0, 15, 40, 28, 1, 3, 25, 9, 34, 44, 23, 41, 47, 31, 38];17482.0
48139.0;[0, 15, 40, 3, 25, 1, 28, 24, 12, 10, 39, 8, 37, 27, 36, 5, 17, 35, 6, 43, 30, 14, 11, 46, 38, 47, 4, 13, 22, 45, 32, 18, 16, 26, 42, 29, 19, 20, 31, 23, 9, 44, 34, 41, 33, 2, 21, 7];19353.0
53165.0;[35, 6, 45, 32, 11, 12, 10, 22, 33, 40, 15, 21, 2, 13, 24, 41, 23, 9, 34, 44, 25, 3, 1, 28, 4, 47, 38, 31, 20, 46, 19, 14, 39, 8, 0, 7, 37, 30, 43, 26, 18, 16, 42, 29, 5, 36, 27, 17];16112.0
55422.0;[46, 47, 38, 45, 42, 29, 5, 37, 8, 39, 22, 13, 24, 12, 10, 14, 0, 15, 40, 2, 21, 7, 30, 6, 17, 35, 19, 20, 31, 23, 41, 9, 44, 34, 25, 3, 1, 28, 4, 33, 11, 32, 43, 16, 26, 18, 36, 27];20106.0
51644.0;[33, 13, 38, 47, 4, 41, 3, 25, 1, 40, 39, 10, 22, 46, 20, 12, 24, 2, 21, 15, 8, 35, 29, 26, 18, 16, 42, 36, 5, 6, 27, 17, 43, 30, 7, 0, 37, 14, 45, 11, 32, 19, 31, 23, 9, 44, 34, 28];18900.0
53618.0;[40, 28, 33, 14, 11, 24, 44, 34, 29, 5, 6, 17, 35, 45, 32, 46, 38, 31, 23, 9, 41, 3, 25, 1, 4, 47, 15, 21, 7, 0, 39, 10, 12, 22, 2, 13, 20, 19, 43, 16, 42, 18, 26, 36, 27, 30, 37, 8];22452.0
54380.0;[33, 45, 35, 43, 39, 8, 15, 21, 24, 13, 38, 47, 12, 7, 0, 37, 30, 18, 26, 16, 42, 19, 46, 20, 31, 23, 41, 1, 28, 40, 2, 22, 10, 11, 14, 32, 17, 27, 29, 36, 5, 6, 9, 25, 3, 34, 44, 4];21913.0
53605.0;[17, 30, 37, 7, 39, 24, 4, 47, 38, 31, 10, 11, 14, 45, 32, 19, 46, 20, 12, 22, 13, 28, 1, 3, 25, 9, 34, 44, 23, 41, 33, 40, 2, 21, 15, 0, 8, 43, 35, 6, 5, 16, 26, 18, 36, 42, 29, 27];16884.0
56893.0;[18, 33, 28, 1, 4, 47, 38, 20, 46, 19, 6, 27, 36, 5, 29, 35, 43, 17, 30, 37, 7, 8, 45, 32, 11, 14, 10, 22, 12, 24, 13, 39, 0, 15, 21, 2, 40, 25, 3, 44, 34, 9, 41, 23, 31, 42, 16, 26];19464.0
54886.0;[47, 31, 38, 39, 0, 8, 43, 35, 27, 26, 18, 16, 42, 6, 17, 30, 14, 11, 32, 45, 37, 7, 15, 21, 2, 10, 22, 12, 24, 13, 33, 40, 28, 1, 25, 3, 44, 34, 9, 41, 23, 5, 36, 29, 19, 46, 20, 4];18820.0
52573.0;[33, 39, 8, 2, 40, 28, 41, 9, 23, 31, 38, 47, 4, 24, 13, 12, 46, 19, 32, 45, 30, 37, 7, 0, 15, 21, 22, 10, 11, 14, 43, 6, 17, 35, 27, 36, 5, 18, 26, 16, 42, 29, 20, 34, 44, 25, 3, 1];18729.0
55549.0;[10, 11, 46, 19, 14, 32, 45, 5, 42, 16, 26, 18, 36, 29, 27, 6, 17, 35, 43, 30, 39, 8, 37, 7, 0, 15, 21, 2, 40, 33, 13, 12, 22, 24, 47, 4, 28, 1, 3, 25, 34, 44, 9, 23, 41, 31, 38, 20];15913.0
52287.0;[20, 29, 5, 18, 26, 16, 42, 6, 17, 43, 14, 39, 10, 33, 40, 8, 30, 27, 36, 35, 19, 11, 32, 45, 37, 7, 0, 15, 21, 2, 13, 4, 28, 1, 25, 3, 44, 34, 9, 41, 23, 47, 24, 12, 22, 46, 31, 38];18414.0
56651.0;[13, 45, 14, 11, 24, 4, 41, 47, 38, 20, 12, 10, 22, 2, 21, 15, 40, 28, 1, 25, 3, 34, 44, 23, 9, 31, 46, 19, 32, 35, 18, 26, 16, 42, 29, 5, 36, 27, 17, 6, 43, 30, 37, 39, 8, 0, 7, 33];17862.0
58494.0;[27, 31, 38, 19, 6, 17, 35, 43, 30, 37, 15, 40, 33, 39, 14, 32, 45, 10, 22, 13, 2, 21, 7, 0, 8, 11, 46, 20, 12, 24, 47, 4, 28, 1, 41, 3, 25, 9, 34, 44, 23, 29, 42, 16, 26, 18, 36, 5];19258.0
53930.0;[18, 32, 22, 33, 2, 21, 8, 39, 45, 16, 42, 29, 5, 36, 27, 19, 46, 31, 23, 41, 4, 47, 38, 24, 13, 12, 10, 11, 14, 35, 6, 17, 43, 30, 37, 7, 0, 15, 40, 28, 1, 25, 3, 9, 34, 44, 20, 26];19668.0
52648.0;[22, 9, 44, 34, 47, 38, 10, 11, 32, 45, 35, 6, 17, 36, 16, 42, 29, 27, 14, 15, 21, 40, 2, 33, 13, 12, 46, 20, 24, 4, 28, 1, 3, 25, 41, 23, 31, 19, 26, 18, 5, 43, 30, 37, 7, 0, 8, 39];19457.0
55264.0;[33, 13, 22, 12, 39, 8, 2, 24, 31, 38, 20, 46, 19, 5, 16, 26, 18, 36, 42, 29, 27, 14, 10, 11, 32, 45, 6, 17, 35, 43, 30, 37, 7, 0, 15, 21, 40, 4, 47, 9, 3, 25, 34, 44, 23, 41, 1, 28];17213.0
50774.0;[43, 30, 11, 24, 12, 10, 22, 13, 4, 47, 28, 41, 1, 25, 3, 44, 34, 23, 9, 38, 31, 20, 46, 19, 14, 40, 33, 2, 21, 15, 0, 7, 37, 8, 39, 45, 32, 26, 18, 5, 17, 6, 27, 36, 42, 16, 29, 35];17927.0
55435.0;[21, 33, 13, 39, 32, 45, 19, 46, 20, 11, 14, 10, 12, 22, 24, 47, 4, 28, 41, 1, 25, 3, 34, 9, 44, 23, 38, 31, 42, 29, 35, 2, 40, 15, 0, 8, 37, 6, 17, 27, 36, 16, 26, 18, 5, 43, 30, 7];19563.0
58376.0;[47, 11, 14, 39, 2, 22, 13, 38, 31, 34, 44, 3, 25, 9, 23, 24, 12, 10, 20, 46, 19, 32, 27, 36, 18, 26, 16, 42, 29, 5, 6, 17, 35, 45, 37, 43, 30, 8, 0, 15, 7, 21, 33, 40, 4, 28, 1, 41];18452.0
54969.0;[2, 13, 22, 0, 37, 14, 32, 45, 35, 6, 17, 19, 46, 20, 38, 31, 23, 44, 34, 3, 25, 1, 15, 8, 39, 10, 12, 24, 47, 9, 41, 4, 28, 40, 21, 7, 30, 43, 27, 16, 26, 42, 29, 36, 18, 5, 11, 33];19447.0
56600.0;[33, 47, 38, 20, 10, 11, 32, 6, 17, 4, 25, 3, 1, 28, 24, 12, 13, 22, 45, 14, 39, 8, 43, 35, 29, 36, 42, 19, 46, 31, 23, 9, 34, 44, 41, 40, 2, 21, 15, 0, 7, 37, 30, 27, 5, 16, 26, 18];21354.0
49120.0;[26, 42, 44, 34, 47, 11, 14, 32, 45, 37, 7, 30, 43, 17, 6, 27, 36, 5, 29, 19, 46, 31, 23, 41, 9, 25, 3, 1, 28, 33, 40, 4, 38, 20, 24, 13, 39, 8, 0, 21, 15, 2, 22, 12, 10, 35, 18, 16];21025.0
54535.0;[13, 38, 31, 16, 5, 45, 32, 46, 20, 33, 40, 2, 15, 21, 1, 3, 25, 9, 34, 44, 6, 17, 11, 28, 41, 23, 4, 47, 24, 12, 19, 27, 36, 18, 26, 42, 29, 35, 43, 30, 7, 0, 8, 37, 39, 14, 10, 22];21810.0
61850.0;[5, 17, 6, 27, 18, 36, 29, 35, 43, 30, 37, 2, 22, 33, 40, 21, 15, 7, 0, 8, 39, 14, 32, 19, 46, 20, 31, 23, 9, 34, 44, 47, 24, 13, 4, 28, 1, 3, 25, 41, 38, 12, 10, 11, 45, 42, 16, 26];17498.0
51779.0;[46, 11, 32, 13, 28, 1, 3, 25, 34, 44, 23, 9, 41, 4, 19, 16, 42, 29, 35, 6, 43, 30, 37, 7, 0, 39, 14, 10, 22, 33, 40, 2, 21, 15, 8, 45, 17, 27, 26, 18, 36, 5, 12, 24, 47, 31, 38, 20];18331.0
54198.0;[1, 25, 3, 9, 23, 20, 46, 19, 14, 39, 21, 15, 40, 4, 28, 33, 2, 11, 10, 22, 13, 38, 47, 24, 0, 7, 37, 8, 45, 32, 35, 6, 17, 27, 5, 16, 26, 18, 36, 42, 29, 43, 30, 12, 31, 34, 44, 41];19718.0
55358.0;[25, 6, 17, 35, 27, 36, 29, 42, 16, 26, 18, 5, 43, 45, 32, 19, 46, 12, 20, 33, 2, 40, 28, 41, 1, 4, 47, 24, 13, 22, 39, 8, 0, 15, 21, 7, 37, 30, 11, 14, 10, 38, 31, 23, 9, 44, 34, 3];18505.0
56779.0;[17, 27, 14, 11, 24, 12, 13, 38, 31, 20, 35, 29, 42, 16, 18, 26, 36, 5, 43, 30, 37, 45, 32, 19, 46, 10, 22, 2, 8, 0, 7, 15, 21, 40, 28, 1, 3, 25, 44, 34, 9, 41, 23, 47, 4, 33, 39, 6];18130.0
54574.0;[1, 28, 33, 40, 15, 8, 39, 2, 21, 0, 7, 37, 6, 27, 5, 17, 35, 43, 30, 14, 11, 32, 45, 10, 12, 22, 13, 38, 47, 9, 34, 44, 23, 31, 19, 29, 36, 42, 16, 26, 18, 46, 20, 24, 4, 41, 3, 25];18439.0
50679.0;[6, 27, 17, 35, 43, 30, 14, 47, 4, 22, 39, 21, 2, 13, 24, 12, 10, 11, 32, 19, 45, 37, 8, 7, 0, 15, 40, 33, 28, 1, 41, 34, 44, 25, 3, 9, 23, 38, 31, 20, 46, 16, 26, 18, 5, 29, 36, 42];18159.0
54983.0;[22, 45, 35, 43, 14, 11, 32, 19, 46, 31, 38, 20, 29, 5, 17, 33, 28, 47, 4, 13, 24, 2, 21, 7, 37, 30, 39, 8, 0, 15, 40, 1, 3, 25, 34, 44, 23, 9, 41, 16, 26, 42, 18, 36, 6, 27, 10, 12];21057.0
53408.0;[8, 7, 0, 15, 21, 17, 35, 26, 18, 30, 37, 22, 12, 46, 19, 32, 45, 2, 40, 33, 1, 28, 4, 24, 13, 10, 14, 43, 6, 27, 36, 16, 42, 29, 5, 11, 31, 9, 23, 44, 34, 3, 25, 41, 47, 38, 20, 39];19985.0
59612.0;[46, 19, 27, 29, 5, 42, 16, 26, 18, 36, 35, 20, 38, 44, 34, 41, 13, 24, 4, 47, 31, 23, 9, 25, 3, 1, 28, 40, 15, 37, 30, 43, 6, 17, 45, 32, 14, 11, 22, 33, 2, 21, 7, 0, 8, 39, 10, 12];18840.0
56046.0;[47, 24, 11, 17, 35, 6, 45, 32, 19, 10, 22, 33, 40, 15, 21, 7, 0, 39, 14, 20, 38, 31, 23, 9, 25, 3, 34, 44, 41, 4, 2, 8, 37, 43, 30, 27, 29, 36, 5, 18, 26, 16, 42, 46, 12, 13, 28, 1];18596.0
48271.0;[20, 33, 13, 12, 46, 31, 23, 4, 47, 24, 11, 14, 43, 16, 26, 18, 30, 39, 0, 8, 37, 35, 27, 36, 42, 29, 5, 6, 17, 45, 32, 19, 10, 22, 2, 7, 15, 21, 40, 28, 1, 3, 25, 34, 44, 9, 41, 38];18385.0
55682.0;[34, 23, 9, 41, 4, 28, 33, 13, 12, 22, 21, 2, 39, 8, 14, 11, 10, 24, 38, 47, 31, 20, 46, 19, 45, 32, 30, 27, 36, 42, 29, 16, 26, 18, 5, 6, 17, 35, 43, 37, 7, 0, 15, 40, 1, 3, 25, 44];17566.0
52553.0;[23, 47, 38, 33, 2, 22, 13, 12, 46, 19, 43, 30, 35, 6, 17, 27, 16, 26, 18, 36, 42, 29, 5, 45, 32, 11, 20, 31, 9, 34, 44, 25, 3, 1, 40, 15, 21, 7, 0, 8, 37, 39, 14, 10, 24, 4, 28, 41];17668.0
55553.0;[8, 0, 33, 47, 4, 2, 21, 11, 26, 42, 16, 18, 5, 29, 36, 27, 17, 45, 32, 19, 46, 31, 38, 23, 34, 44, 25, 3, 9, 41, 1, 28, 40, 15, 7, 30, 37, 35, 6, 43, 14, 10, 20, 24, 13, 12, 22, 39];18938.0
55003.0;[45, 37, 32, 19, 46, 20, 47, 28, 4, 33, 13, 10, 11, 14, 39, 2, 22, 12, 24, 38, 31, 23, 9, 34, 44, 25, 3, 41, 1, 40, 15, 21, 7, 0, 8, 16, 26, 42, 18, 36, 5, 29, 27, 17, 35, 43, 6, 30];17764.0
52302.0;[18, 5, 11, 14, 39, 8, 15, 40, 38, 31, 4, 47, 24, 13, 12, 32, 6, 27, 17, 45, 30, 37, 43, 35, 29, 36, 16, 42, 19, 46, 10, 22, 2, 21, 7, 0, 33, 28, 41, 23, 9, 44, 34, 25, 3, 1, 20, 26];19828.0
56199.0;[44, 17, 35, 19, 46, 10, 22, 11, 32, 45, 30, 37, 2, 28, 1, 3, 41, 38, 12, 24, 13, 47, 4, 33, 40, 15, 21, 7, 0, 8, 39, 14, 43, 6, 27, 5, 36, 18, 26, 16, 42, 29, 20, 31, 23, 9, 25, 34];20192.0
52704.0;[1, 15, 21, 8, 35, 36, 29, 19, 32, 43, 17, 45, 2, 40, 33, 10, 22, 13, 24, 28, 41, 4, 47, 38, 20, 12, 11, 14, 39, 0, 7, 37, 30, 6, 27, 5, 26, 18, 16, 42, 46, 31, 23, 9, 34, 44, 25, 3];19588.0
59338.0;[30, 14, 46, 19, 45, 32, 10, 9, 34, 44, 23, 47, 38, 31, 20, 16, 26, 18, 5, 17, 39, 21, 7, 0, 8, 37, 6, 27, 36, 42, 29, 35, 12, 24, 13, 22, 2, 15, 40, 4, 41, 3, 25, 1, 28, 33, 11, 43];20299.0
53975.0;[28, 4, 47, 38, 31, 2, 21, 17, 35, 45, 32, 11, 33, 40, 15, 7, 0, 37, 43, 30, 39, 8, 22, 12, 13, 24, 20, 46, 19, 6, 27, 36, 18, 5, 16, 26, 42, 29, 14, 10, 1, 3, 9, 25, 34, 44, 23, 41];18949.0
52947.0;[38, 47, 31, 20, 16, 26, 18, 45, 32, 12, 24, 13, 22, 10, 14, 11, 43, 30, 7, 0, 15, 21, 8, 39, 2, 40, 28, 33, 37, 6, 27, 36, 42, 29, 5, 17, 35, 19, 46, 9, 23, 44, 34, 3, 25, 41, 1, 4];20013.0
55713.0;[39, 36, 5, 14, 11, 2, 21, 7, 0, 33, 40, 15, 8, 37, 30, 43, 6, 17, 45, 32, 46, 20, 31, 38, 24, 13, 22, 12, 19, 35, 18, 26, 16, 42, 29, 27, 10, 47, 4, 41, 23, 9, 34, 44, 3, 25, 28, 1];20117.0
57124.0;[37, 31, 38, 20, 46, 19, 32, 45, 11, 10, 22, 12, 24, 13, 33, 2, 39, 14, 27, 26, 18, 36, 35, 6, 17, 43, 8, 0, 7, 15, 21, 40, 47, 4, 28, 1, 41, 25, 3, 34, 44, 9, 23, 5, 16, 42, 29, 30];19257.0
52826.0;[0, 45, 32, 39, 22, 10, 20, 31, 38, 12, 24, 13, 47, 4, 2, 21, 33, 41, 23, 9, 34, 44, 25, 3, 1, 28, 40, 15, 8, 43, 17, 30, 14, 11, 46, 19, 35, 6, 27, 36, 29, 42, 16, 26, 18, 5, 37, 7];18512.0
52970.0;[41, 11, 32, 45, 30, 27, 42, 29, 9, 34, 44, 23, 47, 4, 13, 22, 10, 14, 39, 21, 7, 0, 37, 8, 43, 16, 26, 18, 36, 5, 17, 35, 6, 19, 46, 20, 12, 31, 38, 24, 2, 15, 33, 40, 28, 1, 25, 3];20597.0
15913.0;[10, 11, 46, 19, 14, 32, 45, 5, 42, 16, 26, 18, 36, 29, 27, 6, 17, 35, 43, 30, 39, 8, 37, 7, 0, 15, 21, 2, 40, 33, 13, 12, 22, 24, 47, 4, 28, 1, 3, 25, 34, 44, 9, 23, 41, 31, 38, 20]
