ftv38
5216.0;[7, 12, 13, 10, 16, 27, 20, 15, 6, 32, 33, 29, 1, 35, 4, 37, 9, 11, 14, 17, 19, 18, 30, 31, 25, 26, 23, 34, 38, 2, 3, 0, 28, 24, 22, 36, 21, 8, 5];2332.0
4698.0;[10, 30, 34, 33, 29, 28, 27, 22, 20, 13, 36, 25, 31, 32, 0, 12, 11, 16, 1, 4, 5, 8, 14, 17, 18, 19, 26, 23, 24, 21, 37, 9, 7, 6, 35, 38, 2, 3, 15];2234.0
5139.0;[19, 17, 15, 6, 32, 34, 38, 35, 2, 4, 7, 5, 1, 3, 0, 28, 27, 22, 36, 20, 13, 12, 8, 37, 9, 10, 11, 16, 14, 21, 23, 24, 26, 25, 31, 33, 30, 29, 18];2139.0
5109.0;[2, 27, 28, 24, 23, 25, 26, 30, 31, 32, 34, 4, 7, 5, 6, 35, 33, 29, 1, 3, 19, 0, 16, 15, 37, 8, 9, 10, 14, 17, 18, 12, 13, 36, 22, 21, 20, 11, 38];2084.0
5262.0;[38, 5, 8, 14, 17, 18, 16, 0, 1, 2, 3, 30, 26, 22, 20, 37, 9, 10, 12, 13, 36, 21, 11, 15, 7, 6, 4, 35, 28, 27, 24, 23, 25, 31, 32, 33, 19, 29, 34];2057.0
4771.0;[26, 11, 37, 9, 8, 10, 16, 1, 3, 0, 14, 15, 6, 2, 4, 5, 7, 12, 13, 36, 21, 20, 17, 18, 19, 30, 31, 32, 34, 38, 35, 33, 29, 28, 27, 22, 23, 24, 25];1952.0
5080.0;[31, 32, 33, 28, 23, 26, 30, 34, 35, 38, 4, 2, 0, 17, 18, 19, 1, 3, 15, 12, 13, 10, 11, 37, 9, 8, 5, 6, 7, 14, 16, 29, 27, 20, 21, 22, 36, 24, 25];1914.0
5431.0;[38, 14, 17, 18, 19, 30, 33, 26, 20, 11, 12, 21, 22, 25, 31, 32, 15, 37, 9, 8, 6, 2, 3, 16, 0, 1, 29, 28, 27, 23, 24, 36, 13, 10, 5, 7, 4, 35, 34];2241.0
5076.0;[36, 17, 18, 14, 15, 9, 8, 37, 11, 12, 21, 20, 13, 10, 1, 38, 2, 3, 0, 16, 19, 29, 4, 5, 7, 6, 35, 34, 33, 30, 25, 26, 31, 32, 27, 28, 23, 24, 22];2155.0
5339.0;[19, 16, 8, 11, 30, 34, 38, 7, 6, 3, 18, 17, 14, 15, 5, 37, 9, 12, 21, 36, 20, 13, 10, 0, 1, 2, 4, 35, 33, 28, 27, 25, 31, 32, 29, 22, 24, 23, 26];2358.0
5171.0;[38, 26, 27, 30, 34, 2, 4, 23, 24, 36, 12, 1, 3, 17, 19, 18, 25, 31, 32, 33, 16, 14, 15, 8, 11, 0, 29, 28, 22, 21, 20, 13, 10, 37, 9, 5, 7, 6, 35];2280.0
5326.0;[6, 7, 0, 19, 35, 4, 5, 8, 10, 12, 1, 38, 2, 3, 22, 20, 37, 9, 29, 34, 33, 30, 31, 32, 28, 27, 26, 23, 25, 24, 36, 13, 21, 11, 14, 17, 18, 16, 15];2349.0
5350.0;[32, 25, 26, 30, 33, 29, 28, 27, 10, 12, 13, 36, 21, 22, 20, 19, 1, 35, 4, 34, 38, 2, 3, 0, 16, 15, 5, 6, 7, 37, 9, 8, 11, 14, 17, 18, 24, 23, 31];2032.0
5082.0;[21, 11, 16, 0, 23, 25, 24, 26, 28, 27, 22, 20, 6, 35, 33, 1, 29, 30, 31, 32, 34, 38, 4, 2, 3, 19, 18, 14, 17, 15, 7, 5, 8, 37, 9, 10, 12, 13, 36];2052.0
4616.0;[3, 37, 10, 16, 15, 11, 12, 20, 13, 24, 23, 26, 30, 33, 29, 19, 18, 14, 17, 1, 38, 35, 4, 6, 7, 5, 9, 8, 0, 28, 27, 22, 36, 21, 25, 31, 32, 34, 2];2033.0
5195.0;[14, 37, 9, 8, 12, 21, 20, 13, 10, 11, 1, 3, 0, 29, 28, 30, 34, 35, 32, 31, 25, 27, 22, 36, 24, 23, 26, 33, 38, 4, 2, 15, 6, 7, 5, 16, 19, 18, 17];2074.0
5617.0;[19, 18, 0, 1, 3, 29, 28, 27, 33, 16, 37, 9, 10, 8, 11, 12, 20, 13, 36, 21, 22, 24, 23, 26, 30, 25, 31, 32, 34, 38, 35, 4, 2, 15, 6, 7, 5, 14, 17];1889.0
5051.0;[32, 34, 3, 0, 16, 29, 1, 35, 38, 2, 15, 9, 8, 5, 7, 6, 4, 33, 26, 27, 20, 21, 22, 23, 25, 24, 36, 13, 12, 11, 37, 10, 14, 17, 18, 19, 28, 30, 31];1930.0
5166.0;[26, 27, 34, 38, 35, 33, 30, 31, 32, 25, 23, 24, 13, 12, 16, 0, 1, 2, 3, 19, 28, 22, 36, 21, 20, 17, 18, 14, 37, 9, 10, 15, 7, 6, 4, 8, 5, 11, 29];2149.0
4710.0;[22, 14, 17, 19, 18, 16, 15, 8, 5, 7, 6, 35, 4, 9, 37, 10, 12, 13, 36, 21, 20, 11, 0, 29, 1, 2, 3, 38, 34, 33, 28, 27, 23, 26, 30, 32, 31, 25, 24];2001.0
5821.0;[12, 14, 17, 29, 27, 23, 25, 24, 36, 11, 0, 28, 22, 21, 13, 10, 8, 37, 9, 5, 16, 1, 38, 2, 3, 19, 18, 15, 7, 6, 4, 35, 30, 31, 32, 34, 33, 26, 20];2175.0
5105.0;[21, 22, 30, 34, 33, 26, 20, 14, 17, 18, 19, 29, 35, 4, 2, 15, 7, 5, 6, 28, 27, 23, 24, 25, 31, 32, 37, 9, 8, 10, 0, 1, 38, 3, 16, 11, 12, 13, 36];2233.0
5133.0;[10, 9, 16, 28, 27, 22, 21, 15, 5, 7, 6, 32, 29, 17, 19, 18, 1, 3, 0, 30, 31, 25, 26, 20, 13, 12, 11, 14, 38, 2, 4, 35, 34, 33, 23, 24, 36, 8, 37];2267.0
5477.0;[18, 4, 5, 7, 6, 30, 24, 21, 15, 8, 9, 16, 19, 29, 28, 22, 20, 13, 36, 1, 38, 35, 33, 26, 23, 25, 31, 32, 34, 2, 3, 0, 27, 11, 37, 10, 12, 14, 17];2333.0
4891.0;[17, 13, 10, 11, 14, 16, 30, 34, 33, 29, 28, 27, 26, 23, 24, 25, 31, 32, 15, 37, 9, 12, 21, 22, 36, 20, 1, 2, 4, 5, 8, 7, 6, 35, 38, 3, 0, 19, 18];2106.0
5133.0;[20, 11, 15, 7, 35, 32, 34, 30, 31, 25, 27, 13, 10, 12, 1, 38, 2, 3, 29, 0, 16, 17, 19, 18, 14, 21, 22, 37, 8, 9, 5, 6, 4, 33, 26, 28, 23, 24, 36];2292.0
5102.0;[14, 19, 0, 16, 15, 8, 11, 12, 20, 13, 10, 9, 7, 6, 35, 32, 33, 28, 27, 23, 25, 31, 34, 38, 4, 5, 37, 17, 18, 29, 1, 2, 3, 30, 26, 24, 36, 21, 22];2118.0
5250.0;[19, 30, 25, 31, 2, 4, 35, 28, 27, 32, 33, 1, 29, 20, 13, 12, 11, 15, 6, 7, 5, 8, 14, 17, 18, 23, 24, 36, 21, 22, 26, 34, 38, 3, 0, 16, 9, 37, 10];2318.0
4829.0;[18, 19, 27, 23, 24, 26, 30, 33, 29, 28, 20, 1, 2, 4, 7, 6, 35, 38, 0, 16, 12, 13, 36, 21, 22, 25, 31, 32, 34, 3, 15, 5, 37, 8, 9, 10, 11, 14, 17];1947.0
5112.0;[19, 28, 22, 21, 20, 37, 8, 11, 15, 5, 6, 7, 16, 14, 0, 27, 24, 25, 33, 29, 1, 3, 23, 26, 30, 31, 32, 34, 38, 35, 2, 4, 9, 10, 12, 13, 36, 17, 18];2154.0
5471.0;[30, 34, 35, 38, 17, 18, 19, 0, 1, 3, 22, 21, 20, 14, 16, 29, 33, 31, 32, 2, 4, 5, 6, 7, 8, 9, 11, 15, 37, 10, 12, 13, 36, 24, 23, 25, 26, 28, 27];2074.0
5641.0;[15, 14, 18, 17, 19, 28, 20, 12, 13, 10, 8, 5, 7, 6, 4, 38, 35, 33, 36, 21, 22, 26, 27, 30, 23, 24, 25, 31, 32, 34, 2, 37, 9, 11, 16, 0, 29, 1, 3];2106.0
5218.0;[11, 14, 17, 18, 15, 8, 10, 12, 16, 31, 32, 1, 2, 4, 6, 35, 33, 30, 34, 38, 3, 0, 19, 29, 28, 27, 13, 36, 21, 22, 23, 25, 26, 24, 20, 37, 9, 5, 7];2106.0
5138.0;[17, 18, 19, 0, 15, 7, 6, 32, 33, 29, 1, 3, 38, 35, 30, 31, 25, 24, 21, 20, 12, 13, 36, 23, 26, 34, 2, 4, 5, 16, 28, 27, 22, 11, 8, 37, 9, 10, 14];2062.0
4704.0;[23, 26, 30, 31, 32, 34, 38, 0, 16, 1, 3, 15, 8, 7, 5, 6, 2, 4, 35, 33, 20, 13, 10, 12, 37, 9, 11, 14, 17, 18, 19, 29, 28, 27, 24, 36, 21, 22, 25];1912.0
5064.0;[17, 18, 37, 9, 11, 15, 7, 6, 8, 12, 13, 10, 16, 19, 29, 30, 33, 1, 3, 28, 36, 21, 22, 24, 23, 25, 31, 32, 34, 26, 27, 20, 0, 35, 38, 2, 4, 5, 14];2173.0
4744.0;[38, 33, 30, 34, 17, 18, 27, 23, 26, 24, 25, 31, 32, 15, 8, 37, 9, 12, 13, 10, 5, 7, 6, 35, 4, 2, 3, 0, 19, 29, 28, 22, 36, 21, 20, 11, 14, 16, 1];2093.0
5004.0;[8, 28, 20, 7, 4, 30, 25, 31, 32, 29, 1, 3, 0, 18, 19, 17, 14, 11, 37, 10, 9, 6, 35, 33, 24, 21, 22, 34, 38, 2, 16, 12, 13, 36, 23, 26, 27, 15, 5];2567.0
5080.0;[30, 23, 24, 25, 34, 35, 38, 33, 31, 32, 1, 3, 18, 17, 19, 0, 29, 28, 27, 22, 36, 21, 20, 13, 12, 14, 2, 4, 5, 6, 7, 9, 10, 11, 15, 37, 8, 16, 26];2092.0
5125.0;[20, 16, 0, 31, 32, 33, 30, 26, 23, 24, 13, 10, 11, 14, 18, 17, 19, 1, 2, 3, 29, 28, 27, 22, 25, 34, 38, 15, 37, 9, 8, 6, 35, 4, 7, 5, 12, 36, 21];2156.0
5325.0;[5, 11, 14, 15, 8, 16, 0, 29, 28, 27, 25, 23, 24, 36, 21, 37, 9, 10, 17, 18, 1, 38, 35, 4, 2, 3, 19, 30, 31, 32, 34, 33, 26, 22, 20, 13, 12, 6, 7];2047.0
5329.0;[35, 33, 26, 25, 32, 31, 34, 38, 2, 0, 18, 14, 15, 9, 8, 1, 3, 19, 17, 11, 12, 13, 36, 21, 23, 24, 22, 20, 37, 10, 16, 28, 27, 30, 29, 4, 5, 7, 6];2183.0
4956.0;[11, 37, 9, 10, 14, 0, 19, 17, 18, 1, 3, 33, 26, 27, 30, 25, 31, 32, 34, 35, 38, 2, 4, 6, 7, 5, 15, 8, 16, 29, 28, 23, 24, 22, 20, 12, 13, 36, 21];1926.0
4919.0;[33, 1, 29, 28, 27, 22, 7, 6, 32, 34, 35, 4, 5, 8, 10, 12, 13, 36, 21, 20, 11, 14, 17, 18, 38, 2, 3, 16, 15, 37, 9, 19, 0, 23, 24, 25, 26, 30, 31];2158.0
5070.0;[10, 14, 18, 19, 30, 31, 32, 33, 29, 27, 23, 24, 25, 26, 34, 35, 38, 4, 15, 5, 6, 7, 8, 16, 17, 1, 2, 3, 0, 28, 22, 36, 21, 20, 37, 9, 11, 12, 13];1982.0
5030.0;[33, 1, 3, 19, 31, 32, 18, 15, 8, 0, 29, 28, 27, 22, 21, 20, 11, 37, 9, 10, 12, 16, 30, 34, 4, 5, 7, 6, 35, 38, 2, 17, 14, 13, 36, 24, 23, 25, 26];2182.0
4989.0;[2, 11, 16, 14, 17, 18, 28, 30, 33, 29, 0, 19, 1, 3, 15, 10, 12, 13, 36, 24, 23, 25, 26, 27, 22, 20, 21, 37, 9, 8, 5, 7, 6, 32, 31, 34, 38, 35, 4];2012.0
4800.0;[19, 0, 1, 3, 38, 2, 4, 35, 24, 36, 15, 7, 6, 9, 14, 17, 18, 29, 28, 30, 31, 32, 33, 27, 22, 23, 25, 26, 34, 5, 8, 37, 12, 21, 20, 13, 10, 11, 16];2254.0
4868.0;[7, 4, 35, 2, 3, 0, 28, 20, 12, 11, 8, 16, 17, 1, 38, 34, 33, 30, 26, 22, 36, 21, 13, 10, 14, 18, 19, 29, 27, 23, 24, 25, 31, 32, 15, 5, 37, 9, 6];2149.0
5518.0;[14, 30, 34, 38, 4, 6, 7, 37, 9, 10, 16, 0, 19, 17, 18, 15, 5, 8, 1, 2, 3, 35, 33, 29, 28, 27, 23, 31, 32, 25, 26, 24, 36, 21, 22, 20, 13, 12, 11];1985.0
5199.0;[7, 3, 27, 23, 25, 26, 24, 36, 12, 37, 11, 0, 19, 17, 18, 14, 15, 8, 16, 29, 1, 30, 31, 32, 34, 33, 28, 22, 21, 20, 13, 10, 9, 6, 35, 38, 2, 4, 5];2157.0
4790.0;[16, 15, 8, 37, 9, 10, 29, 28, 27, 24, 23, 34, 38, 3, 14, 13, 36, 25, 31, 32, 26, 22, 21, 20, 12, 11, 17, 18, 19, 1, 2, 4, 5, 7, 6, 35, 33, 30, 0];2090.0
4840.0;[10, 21, 20, 22, 25, 31, 32, 19, 18, 14, 17, 28, 27, 33, 29, 1, 38, 2, 3, 12, 13, 36, 24, 23, 26, 30, 34, 0, 16, 15, 7, 6, 35, 4, 5, 8, 9, 11, 37];2113.0
4812.0;[10, 12, 11, 37, 9, 0, 29, 28, 27, 24, 23, 36, 21, 14, 16, 18, 17, 19, 1, 35, 32, 33, 15, 5, 8, 31, 25, 26, 30, 34, 38, 4, 6, 7, 2, 3, 22, 20, 13];2248.0
5636.0;[1, 3, 19, 29, 20, 13, 10, 5, 37, 9, 8, 28, 27, 23, 26, 38, 4, 2, 0, 16, 12, 22, 36, 21, 11, 17, 18, 14, 15, 7, 6, 35, 30, 24, 25, 31, 32, 34, 33];2289.0
5680.0;[19, 18, 31, 32, 29, 1, 38, 2, 4, 33, 30, 23, 25, 34, 3, 16, 11, 37, 9, 8, 0, 28, 22, 13, 10, 12, 15, 7, 5, 6, 35, 26, 27, 24, 36, 21, 20, 14, 17];2234.0
5466.0;[3, 0, 17, 18, 19, 30, 33, 15, 6, 4, 5, 7, 8, 37, 9, 10, 29, 28, 27, 22, 21, 23, 24, 31, 32, 25, 26, 13, 36, 20, 12, 11, 14, 16, 1, 38, 35, 34, 2];2099.0
5182.0;[20, 11, 15, 5, 8, 12, 13, 36, 22, 21, 9, 7, 6, 4, 35, 33, 29, 16, 14, 37, 10, 1, 38, 2, 3, 0, 17, 18, 19, 28, 27, 23, 24, 25, 31, 32, 34, 30, 26];2023.0
5508.0;[20, 11, 37, 8, 9, 10, 12, 14, 15, 5, 6, 7, 2, 3, 1, 23, 24, 25, 28, 27, 22, 26, 30, 33, 29, 31, 32, 34, 38, 35, 4, 0, 16, 17, 19, 18, 13, 36, 21];1998.0
4819.0;[14, 37, 8, 9, 10, 15, 6, 35, 33, 29, 13, 12, 0, 1, 28, 27, 23, 24, 36, 21, 22, 20, 25, 31, 32, 30, 26, 34, 3, 38, 2, 4, 5, 7, 11, 16, 19, 18, 17];2132.0
5048.0;[23, 24, 35, 4, 8, 11, 9, 37, 10, 0, 19, 18, 17, 14, 21, 20, 16, 1, 29, 28, 27, 22, 15, 5, 6, 7, 12, 13, 36, 25, 31, 32, 34, 38, 2, 3, 33, 30, 26];2219.0
5882.0;[37, 9, 8, 16, 18, 17, 14, 12, 13, 36, 21, 11, 1, 35, 38, 3, 0, 19, 29, 28, 27, 30, 31, 32, 34, 33, 23, 24, 25, 26, 22, 20, 10, 15, 7, 6, 2, 4, 5];1991.0
5294.0;[33, 29, 23, 24, 36, 21, 22, 26, 34, 35, 38, 15, 8, 37, 9, 1, 2, 4, 5, 6, 7, 3, 20, 13, 10, 12, 11, 16, 14, 18, 17, 19, 0, 28, 27, 30, 25, 31, 32];2077.0
5802.0;[17, 18, 19, 28, 26, 27, 13, 10, 12, 21, 22, 34, 33, 1, 3, 16, 0, 29, 32, 30, 31, 25, 23, 24, 36, 20, 11, 37, 9, 8, 15, 5, 7, 6, 35, 38, 2, 4, 14];2140.0
5712.0;[27, 30, 33, 31, 32, 34, 29, 1, 3, 15, 10, 12, 16, 0, 19, 28, 22, 23, 24, 21, 20, 14, 17, 18, 11, 37, 9, 8, 5, 7, 6, 4, 35, 38, 2, 13, 36, 25, 26];2077.0
5192.0;[0, 1, 2, 4, 35, 33, 30, 31, 32, 34, 38, 6, 7, 5, 37, 9, 10, 14, 28, 27, 22, 20, 13, 12, 17, 18, 19, 29, 3, 15, 8, 25, 26, 24, 23, 36, 21, 11, 16];2100.0
5363.0;[2, 4, 8, 14, 11, 12, 13, 36, 26, 34, 3, 16, 0, 1, 38, 35, 33, 30, 25, 31, 32, 29, 17, 18, 19, 28, 27, 22, 23, 24, 21, 20, 37, 9, 10, 15, 5, 7, 6];1977.0
5419.0;[38, 5, 11, 29, 22, 36, 21, 30, 2, 4, 7, 6, 35, 32, 33, 0, 37, 10, 12, 13, 20, 14, 17, 18, 19, 1, 3, 15, 9, 8, 16, 28, 27, 23, 26, 24, 25, 31, 34];2334.0
5013.0;[37, 6, 35, 31, 32, 33, 30, 29, 19, 18, 17, 14, 27, 23, 25, 24, 26, 34, 38, 3, 15, 7, 5, 8, 11, 16, 1, 2, 4, 0, 28, 22, 36, 13, 9, 10, 12, 21, 20];2288.0
5377.0;[22, 20, 1, 3, 2, 0, 16, 14, 13, 10, 11, 12, 36, 21, 25, 26, 31, 34, 38, 4, 35, 32, 33, 30, 29, 18, 19, 17, 15, 6, 7, 5, 9, 8, 37, 28, 27, 23, 24];2209.0
4933.0;[20, 35, 32, 30, 26, 27, 23, 24, 25, 31, 34, 38, 3, 15, 8, 37, 1, 33, 29, 28, 22, 36, 13, 10, 9, 5, 6, 7, 4, 2, 0, 16, 19, 17, 18, 14, 11, 12, 21];2177.0
4842.0;[20, 14, 17, 29, 25, 31, 32, 33, 19, 18, 15, 7, 6, 4, 5, 9, 8, 0, 1, 28, 27, 24, 36, 21, 22, 23, 26, 30, 34, 38, 35, 2, 3, 16, 11, 37, 10, 12, 13];2013.0
5194.0;[14, 15, 8, 12, 13, 36, 21, 26, 24, 23, 25, 31, 32, 34, 4, 6, 7, 5, 37, 9, 10, 18, 17, 19, 30, 33, 35, 38, 2, 3, 16, 0, 1, 29, 28, 27, 22, 20, 11];1929.0
5043.0;[38, 2, 3, 0, 16, 1, 15, 5, 8, 11, 14, 17, 18, 19, 29, 28, 27, 20, 13, 10, 37, 9, 23, 26, 30, 34, 35, 4, 6, 7, 12, 21, 22, 36, 24, 25, 31, 32, 33];2010.0
5748.0;[35, 33, 30, 29, 28, 22, 21, 0, 4, 7, 6, 2, 1, 3, 18, 19, 17, 27, 20, 11, 15, 5, 37, 9, 8, 10, 16, 14, 12, 13, 36, 24, 23, 26, 31, 25, 32, 34, 38];2202.0
5371.0;[13, 12, 16, 29, 27, 23, 25, 31, 32, 34, 33, 18, 19, 17, 14, 37, 9, 10, 1, 38, 2, 3, 28, 24, 36, 21, 11, 15, 6, 4, 35, 5, 7, 8, 0, 30, 26, 22, 20];2187.0
5456.0;[20, 12, 13, 23, 24, 25, 26, 30, 33, 28, 27, 36, 21, 22, 31, 29, 0, 16, 15, 6, 4, 2, 5, 7, 8, 37, 10, 9, 11, 14, 17, 18, 1, 38, 35, 32, 34, 3, 19];2262.0
5294.0;[8, 9, 10, 16, 14, 17, 18, 19, 29, 27, 30, 34, 3, 15, 5, 11, 12, 13, 24, 36, 21, 20, 0, 1, 28, 23, 25, 31, 32, 2, 4, 7, 6, 38, 35, 33, 26, 22, 37];2190.0
5156.0;[5, 6, 3, 2, 24, 36, 22, 21, 20, 13, 12, 15, 8, 10, 11, 37, 9, 16, 1, 38, 35, 26, 23, 25, 31, 32, 33, 0, 19, 18, 14, 17, 29, 28, 27, 30, 34, 4, 7];2131.0
5086.0;[27, 16, 0, 1, 35, 4, 7, 32, 34, 38, 2, 3, 19, 17, 18, 14, 15, 5, 6, 33, 26, 23, 36, 21, 13, 12, 37, 9, 8, 10, 30, 31, 25, 24, 22, 20, 11, 29, 28];2254.0
5154.0;[16, 27, 25, 31, 32, 38, 3, 0, 26, 23, 24, 36, 21, 15, 9, 8, 11, 29, 28, 22, 20, 13, 12, 14, 17, 19, 18, 1, 2, 4, 35, 33, 30, 34, 6, 7, 5, 37, 10];2194.0
5002.0;[34, 2, 5, 0, 27, 23, 25, 31, 32, 38, 4, 35, 30, 33, 29, 19, 18, 1, 3, 28, 22, 36, 21, 20, 11, 37, 9, 10, 16, 17, 14, 15, 7, 6, 8, 12, 13, 24, 26];2207.0
5235.0;[26, 33, 29, 19, 17, 18, 14, 15, 5, 8, 11, 12, 23, 24, 36, 21, 22, 25, 31, 32, 37, 9, 7, 6, 35, 34, 38, 2, 4, 1, 3, 0, 28, 27, 20, 13, 10, 16, 30];2130.0
5300.0;[12, 17, 19, 29, 28, 31, 32, 34, 3, 15, 37, 8, 9, 16, 0, 30, 38, 35, 33, 23, 24, 25, 26, 27, 11, 14, 18, 1, 2, 4, 7, 5, 6, 13, 36, 22, 21, 20, 10];2327.0
4643.0;[19, 18, 30, 26, 25, 31, 32, 34, 28, 27, 23, 24, 21, 15, 5, 8, 11, 37, 9, 10, 12, 3, 0, 1, 2, 4, 7, 6, 38, 35, 33, 29, 22, 20, 13, 36, 14, 16, 17];2144.0
5198.0;[1, 3, 27, 22, 36, 5, 6, 7, 0, 19, 16, 15, 37, 9, 8, 12, 21, 20, 13, 10, 11, 14, 17, 18, 31, 32, 34, 38, 35, 2, 4, 33, 29, 28, 23, 24, 25, 26, 30];2187.0
5029.0;[27, 31, 29, 15, 8, 1, 3, 0, 28, 23, 24, 25, 34, 38, 2, 37, 10, 9, 16, 17, 19, 18, 14, 11, 12, 13, 36, 21, 22, 20, 5, 6, 7, 4, 35, 32, 33, 30, 26];2238.0
4850.0;[16, 1, 38, 2, 3, 15, 9, 8, 11, 0, 29, 4, 35, 33, 30, 26, 23, 25, 32, 31, 34, 6, 7, 5, 37, 17, 18, 19, 28, 27, 22, 24, 36, 21, 20, 13, 10, 12, 14];2059.0
5007.0;[30, 1, 3, 0, 29, 28, 20, 21, 22, 23, 32, 19, 17, 18, 16, 14, 11, 37, 9, 10, 15, 8, 5, 6, 7, 2, 4, 12, 13, 36, 24, 25, 31, 34, 38, 35, 33, 26, 27];2101.0
5207.0;[38, 27, 23, 26, 32, 33, 29, 19, 18, 17, 14, 11, 1, 3, 0, 16, 28, 20, 13, 10, 12, 15, 8, 37, 9, 5, 7, 6, 2, 4, 35, 30, 24, 36, 21, 22, 25, 31, 34];2069.0
5400.0;[25, 1, 2, 5, 6, 7, 12, 22, 21, 24, 36, 13, 10, 14, 16, 15, 37, 9, 8, 29, 28, 27, 20, 11, 4, 35, 34, 38, 3, 0, 17, 18, 19, 31, 32, 33, 30, 26, 23];2332.0
4697.0;[24, 36, 14, 18, 17, 19, 29, 22, 21, 20, 12, 13, 10, 11, 0, 1, 38, 2, 4, 35, 5, 37, 9, 8, 7, 6, 3, 15, 16, 28, 27, 31, 32, 34, 33, 26, 30, 25, 23];2141.0
4971.0;[26, 34, 33, 21, 22, 20, 12, 11, 16, 1, 2, 3, 0, 18, 17, 19, 28, 27, 23, 24, 36, 13, 10, 15, 5, 7, 6, 35, 38, 4, 37, 9, 8, 14, 29, 30, 32, 31, 25];2059.0
4663.0;[13, 36, 24, 22, 6, 4, 35, 38, 3, 15, 7, 5, 37, 9, 8, 10, 12, 21, 20, 11, 1, 29, 28, 27, 23, 25, 26, 31, 32, 33, 30, 34, 2, 16, 0, 19, 18, 17, 14];2094.0
5239.0;[14, 13, 36, 21, 23, 24, 25, 26, 22, 20, 18, 17, 19, 0, 29, 28, 27, 30, 31, 34, 38, 2, 3, 1, 4, 8, 7, 5, 6, 35, 32, 33, 15, 37, 9, 10, 12, 11, 16];2032.0
5254.0;[34, 38, 4, 8, 11, 0, 16, 14, 13, 12, 18, 17, 19, 1, 35, 33, 25, 26, 23, 24, 36, 21, 20, 37, 9, 10, 28, 27, 22, 15, 5, 7, 6, 2, 3, 29, 31, 32, 30];2108.0
5461.0;[18, 22, 23, 24, 20, 37, 9, 10, 14, 30, 33, 29, 19, 1, 3, 0, 28, 27, 38, 2, 4, 35, 26, 25, 31, 32, 34, 16, 11, 12, 13, 36, 21, 15, 5, 6, 7, 8, 17];2318.0
5288.0;[33, 0, 15, 6, 7, 5, 17, 19, 18, 1, 4, 35, 34, 38, 2, 3, 14, 11, 8, 37, 9, 10, 12, 16, 29, 28, 27, 22, 36, 21, 23, 26, 20, 13, 24, 25, 31, 32, 30];2009.0
5173.0;[38, 4, 5, 10, 12, 20, 37, 9, 7, 6, 2, 3, 0, 1, 33, 30, 25, 31, 32, 15, 8, 11, 16, 14, 17, 18, 19, 29, 28, 27, 13, 36, 21, 22, 23, 24, 26, 34, 35];2030.0
5293.0;[34, 3, 28, 27, 23, 24, 36, 21, 22, 20, 13, 12, 14, 17, 18, 19, 16, 15, 5, 6, 7, 8, 37, 9, 10, 11, 0, 29, 1, 38, 2, 4, 35, 33, 26, 30, 25, 31, 32];1726.0
5096.0;[1, 4, 5, 7, 6, 26, 22, 20, 37, 9, 10, 11, 16, 0, 28, 27, 32, 34, 33, 35, 38, 2, 3, 29, 30, 31, 25, 23, 24, 36, 21, 13, 12, 15, 8, 14, 17, 18, 19];2095.0
4829.0;[21, 16, 29, 33, 30, 25, 26, 1, 3, 35, 4, 7, 5, 6, 8, 37, 9, 28, 20, 13, 10, 12, 0, 31, 32, 34, 38, 2, 15, 11, 14, 17, 18, 19, 27, 23, 24, 36, 22];2294.0
5092.0;[19, 28, 22, 20, 14, 18, 17, 1, 2, 4, 8, 11, 16, 15, 5, 6, 7, 37, 9, 10, 12, 13, 36, 25, 26, 23, 24, 21, 0, 27, 30, 31, 32, 34, 38, 35, 33, 29, 3];2055.0
4574.0;[18, 1, 3, 2, 4, 35, 38, 33, 23, 24, 36, 13, 12, 5, 6, 7, 34, 31, 32, 25, 26, 28, 27, 20, 21, 22, 30, 29, 0, 16, 15, 8, 37, 9, 10, 11, 14, 17, 19];2132.0
4981.0;[34, 38, 3, 29, 23, 26, 11, 16, 0, 1, 2, 4, 5, 6, 7, 35, 27, 20, 15, 8, 37, 9, 10, 12, 14, 17, 19, 18, 28, 22, 21, 13, 36, 24, 25, 31, 32, 30, 33];2176.0
5185.0;[25, 26, 20, 11, 14, 17, 18, 15, 9, 16, 1, 35, 32, 33, 19, 0, 29, 28, 27, 36, 21, 22, 23, 30, 31, 34, 38, 3, 2, 4, 6, 7, 5, 8, 37, 10, 12, 13, 24];2071.0
4742.0;[26, 13, 12, 37, 9, 10, 8, 17, 18, 19, 30, 31, 32, 33, 28, 22, 36, 21, 20, 11, 1, 2, 3, 0, 16, 14, 15, 5, 7, 6, 34, 38, 4, 35, 29, 27, 24, 23, 25];2026.0
4911.0;[4, 6, 7, 35, 33, 29, 30, 23, 26, 28, 27, 22, 20, 21, 24, 36, 25, 31, 32, 34, 19, 0, 15, 5, 9, 8, 16, 11, 37, 10, 12, 13, 14, 17, 18, 1, 3, 38, 2];2143.0
5516.0;[19, 29, 30, 31, 34, 4, 7, 6, 35, 32, 33, 38, 2, 15, 5, 8, 28, 27, 22, 23, 25, 26, 24, 36, 21, 20, 13, 10, 37, 9, 1, 3, 0, 16, 11, 12, 14, 17, 18];2011.0
5233.0;[6, 0, 29, 28, 27, 24, 23, 25, 31, 32, 1, 35, 33, 26, 22, 20, 11, 16, 14, 17, 18, 19, 30, 34, 38, 2, 4, 3, 15, 37, 9, 10, 12, 13, 36, 21, 8, 5, 7];2001.0
5393.0;[7, 6, 32, 30, 33, 29, 0, 11, 8, 37, 9, 10, 13, 36, 21, 25, 31, 34, 38, 19, 18, 17, 14, 16, 1, 35, 4, 2, 3, 28, 27, 26, 23, 24, 22, 20, 12, 15, 5];2072.0
5524.0;[14, 16, 1, 3, 15, 6, 7, 5, 9, 8, 17, 18, 19, 0, 29, 34, 35, 38, 2, 4, 32, 33, 28, 27, 30, 31, 25, 26, 23, 24, 36, 21, 22, 20, 13, 10, 12, 37, 11];1874.0
5054.0;[14, 16, 1, 35, 31, 32, 33, 34, 38, 2, 4, 6, 7, 3, 0, 19, 17, 18, 22, 20, 13, 12, 29, 28, 27, 30, 26, 23, 25, 24, 36, 21, 15, 5, 11, 37, 9, 8, 10];2089.0
5325.0;[29, 13, 12, 37, 10, 11, 14, 18, 17, 19, 28, 27, 23, 26, 30, 34, 3, 15, 9, 8, 5, 7, 6, 33, 31, 32, 25, 24, 22, 36, 21, 20, 16, 0, 1, 38, 2, 4, 35];2068.0
4995.0;[29, 1, 3, 0, 18, 14, 17, 19, 28, 27, 23, 24, 15, 37, 9, 8, 5, 7, 6, 31, 32, 34, 30, 25, 26, 13, 10, 12, 16, 35, 38, 2, 4, 33, 22, 36, 21, 20, 11];2293.0
5221.0;[12, 22, 24, 23, 26, 20, 13, 36, 21, 16, 0, 1, 4, 6, 34, 35, 38, 2, 3, 15, 7, 5, 37, 9, 8, 10, 14, 17, 18, 19, 28, 27, 30, 33, 25, 31, 32, 29, 11];2135.0
5577.0;[13, 36, 21, 14, 15, 8, 29, 27, 24, 23, 31, 34, 4, 7, 5, 6, 35, 32, 25, 26, 30, 33, 28, 22, 20, 10, 11, 37, 9, 16, 0, 18, 17, 19, 1, 38, 2, 3, 12];2212.0
4769.0;[11, 12, 21, 23, 25, 26, 31, 34, 38, 5, 37, 9, 8, 16, 28, 27, 22, 14, 17, 18, 1, 3, 15, 7, 6, 4, 35, 32, 33, 2, 19, 0, 29, 30, 24, 36, 20, 13, 10];2219.0
5194.0;[21, 20, 12, 15, 8, 11, 14, 18, 17, 19, 1, 3, 28, 27, 22, 13, 10, 16, 29, 30, 25, 31, 32, 34, 38, 2, 35, 4, 6, 7, 5, 9, 37, 0, 33, 26, 23, 24, 36];2049.0
5297.0;[4, 35, 30, 34, 29, 28, 27, 22, 23, 26, 24, 25, 31, 32, 33, 18, 19, 17, 15, 8, 37, 9, 10, 11, 14, 0, 1, 38, 2, 3, 16, 12, 13, 36, 21, 20, 5, 6, 7];1925.0
4748.0;[8, 5, 9, 11, 14, 16, 15, 7, 6, 35, 24, 25, 31, 32, 0, 1, 3, 27, 22, 20, 13, 36, 21, 37, 10, 12, 17, 18, 19, 30, 33, 29, 28, 23, 26, 34, 38, 4, 2];2262.0
5352.0;[29, 23, 24, 36, 21, 26, 30, 1, 35, 33, 31, 25, 13, 12, 10, 9, 16, 19, 18, 17, 14, 15, 5, 37, 8, 28, 27, 22, 20, 11, 0, 2, 4, 7, 6, 32, 34, 38, 3];2352.0
5140.0;[30, 29, 19, 1, 3, 35, 4, 31, 32, 33, 0, 16, 15, 8, 9, 5, 6, 7, 12, 21, 20, 14, 17, 18, 28, 27, 24, 25, 26, 34, 38, 2, 11, 37, 10, 13, 36, 22, 23];2273.0
4525.0;[30, 26, 27, 12, 37, 9, 10, 1, 38, 35, 4, 0, 16, 17, 14, 11, 15, 8, 5, 7, 6, 33, 28, 23, 24, 22, 21, 20, 13, 36, 25, 31, 32, 34, 2, 3, 19, 18, 29];2075.0
5278.0;[16, 0, 3, 15, 6, 7, 37, 10, 12, 13, 36, 25, 26, 23, 24, 22, 20, 21, 28, 27, 30, 31, 32, 34, 33, 29, 19, 17, 18, 1, 38, 2, 4, 35, 5, 9, 8, 11, 14];1980.0
5345.0;[10, 12, 13, 36, 23, 26, 34, 6, 7, 28, 27, 24, 22, 21, 20, 11, 1, 3, 0, 16, 15, 5, 8, 14, 17, 18, 19, 30, 31, 25, 32, 33, 29, 35, 38, 2, 4, 37, 9];2195.0
4733.0;[9, 28, 20, 11, 16, 30, 31, 32, 17, 18, 19, 1, 15, 5, 10, 12, 14, 0, 29, 25, 26, 34, 38, 3, 2, 4, 7, 6, 35, 33, 27, 13, 36, 21, 22, 23, 24, 8, 37];2394.0
5867.0;[16, 14, 0, 32, 33, 17, 18, 19, 29, 28, 27, 30, 26, 23, 24, 25, 31, 34, 35, 4, 5, 37, 9, 10, 1, 38, 2, 3, 15, 6, 7, 8, 11, 12, 13, 36, 22, 20, 21];1984.0
5261.0;[4, 8, 11, 14, 37, 9, 10, 16, 0, 28, 23, 24, 30, 34, 33, 29, 19, 18, 17, 15, 5, 6, 7, 3, 38, 35, 32, 31, 25, 26, 27, 22, 36, 21, 20, 13, 12, 1, 2];2000.0
4776.0;[23, 25, 31, 32, 29, 27, 28, 20, 12, 15, 7, 5, 6, 33, 26, 30, 34, 0, 16, 11, 8, 37, 9, 10, 1, 35, 38, 4, 2, 3, 19, 18, 17, 14, 13, 36, 21, 22, 24];2093.0
5140.0;[37, 8, 14, 3, 30, 33, 26, 13, 12, 17, 18, 19, 1, 38, 2, 15, 6, 7, 9, 10, 16, 0, 29, 28, 27, 25, 31, 32, 34, 35, 4, 5, 21, 22, 23, 24, 36, 20, 11];2240.0
4950.0;[10, 1, 2, 3, 15, 16, 0, 28, 22, 20, 13, 36, 21, 7, 6, 32, 34, 38, 35, 4, 5, 8, 29, 30, 33, 31, 25, 24, 23, 26, 27, 12, 19, 18, 17, 14, 11, 37, 9];2209.0
5418.0;[4, 34, 35, 29, 28, 27, 25, 31, 32, 33, 30, 26, 22, 23, 24, 36, 20, 21, 13, 12, 37, 8, 9, 10, 11, 16, 1, 38, 2, 3, 0, 19, 17, 18, 14, 15, 5, 6, 7];1862.0
4923.0;[30, 1, 3, 15, 37, 8, 11, 16, 22, 23, 26, 24, 25, 31, 34, 2, 4, 35, 38, 32, 33, 29, 19, 18, 17, 14, 12, 13, 36, 21, 20, 10, 9, 5, 6, 7, 0, 28, 27];2120.0
4952.0;[26, 28, 27, 34, 38, 4, 12, 13, 10, 0, 29, 30, 33, 19, 17, 18, 1, 35, 32, 31, 25, 24, 36, 21, 22, 20, 14, 2, 3, 16, 15, 8, 5, 6, 7, 37, 9, 11, 23];2279.0
5192.0;[0, 16, 1, 3, 14, 15, 8, 11, 37, 9, 10, 12, 13, 36, 34, 38, 2, 4, 5, 6, 7, 35, 30, 26, 27, 33, 29, 19, 17, 18, 28, 20, 21, 22, 24, 23, 25, 31, 32];2019.0
5406.0;[0, 29, 1, 2, 3, 38, 4, 9, 37, 10, 12, 16, 33, 30, 34, 35, 32, 31, 25, 26, 20, 14, 17, 18, 19, 28, 27, 23, 24, 22, 21, 13, 36, 15, 5, 6, 7, 8, 11];2140.0
4877.0;[17, 16, 11, 12, 21, 22, 34, 2, 3, 29, 30, 31, 25, 32, 37, 9, 28, 27, 20, 15, 5, 8, 7, 6, 4, 0, 19, 18, 1, 38, 35, 33, 26, 23, 24, 36, 13, 10, 14];2341.0
5367.0;[13, 10, 9, 37, 14, 16, 31, 32, 34, 33, 0, 29, 28, 27, 22, 20, 1, 38, 2, 3, 19, 17, 18, 15, 7, 6, 35, 4, 5, 8, 11, 12, 21, 23, 26, 30, 25, 24, 36];2120.0
4822.0;[11, 14, 17, 18, 19, 0, 1, 2, 4, 35, 38, 3, 27, 28, 30, 29, 16, 15, 5, 7, 6, 34, 33, 31, 32, 25, 26, 23, 24, 36, 21, 22, 20, 13, 10, 12, 37, 9, 8];1890.0
5165.0;[32, 33, 1, 2, 3, 0, 28, 27, 22, 36, 37, 9, 14, 17, 19, 18, 15, 6, 7, 5, 11, 12, 21, 20, 13, 10, 16, 23, 24, 25, 26, 34, 38, 35, 4, 8, 29, 30, 31];2097.0
5237.0;[22, 14, 17, 18, 19, 1, 38, 4, 35, 33, 30, 26, 25, 31, 32, 34, 3, 15, 5, 8, 37, 9, 10, 12, 11, 16, 0, 29, 28, 13, 36, 21, 20, 7, 6, 2, 27, 23, 24];2031.0
5342.0;[3, 15, 6, 7, 17, 18, 28, 27, 20, 36, 21, 22, 31, 32, 34, 38, 35, 33, 29, 19, 0, 26, 23, 24, 25, 30, 1, 2, 4, 5, 37, 9, 8, 11, 12, 13, 10, 14, 16];2142.0
5526.0;[27, 23, 24, 21, 22, 20, 13, 36, 25, 34, 2, 3, 19, 18, 17, 14, 37, 10, 12, 11, 15, 8, 9, 30, 31, 32, 33, 29, 1, 38, 35, 6, 4, 5, 7, 16, 0, 28, 26];2200.0
5363.0;[20, 16, 0, 37, 10, 9, 5, 8, 1, 29, 28, 27, 21, 22, 11, 14, 15, 6, 35, 33, 30, 31, 32, 38, 3, 17, 18, 19, 23, 24, 25, 26, 34, 2, 4, 7, 12, 13, 36];2276.0
4918.0;[9, 5, 7, 6, 35, 34, 3, 15, 8, 12, 13, 10, 28, 27, 31, 32, 33, 29, 16, 14, 17, 18, 19, 0, 1, 38, 2, 4, 30, 25, 24, 36, 21, 23, 26, 22, 20, 11, 37];2073.0
5393.0;[7, 31, 32, 34, 2, 3, 15, 6, 4, 35, 33, 38, 0, 19, 17, 18, 8, 37, 9, 10, 12, 11, 14, 16, 1, 29, 28, 22, 25, 26, 30, 27, 23, 24, 36, 21, 20, 13, 5];2181.0
5101.0;[5, 16, 0, 29, 33, 30, 24, 36, 13, 10, 12, 14, 18, 17, 19, 1, 35, 32, 26, 27, 22, 21, 20, 37, 9, 8, 11, 28, 23, 25, 31, 34, 38, 4, 7, 6, 2, 3, 15];2105.0
4547.0;[12, 21, 20, 15, 8, 23, 26, 30, 17, 18, 28, 27, 31, 25, 32, 34, 4, 7, 5, 6, 35, 33, 29, 19, 1, 38, 2, 3, 0, 16, 14, 11, 37, 9, 10, 22, 24, 36, 13];2325.0
5266.0;[38, 2, 4, 5, 9, 10, 12, 13, 36, 11, 16, 15, 7, 6, 35, 30, 31, 25, 32, 34, 33, 1, 3, 0, 37, 8, 14, 17, 18, 19, 29, 28, 20, 21, 22, 26, 27, 24, 23];2097.0
5384.0;[7, 4, 33, 26, 28, 27, 20, 11, 29, 30, 34, 38, 2, 3, 19, 18, 17, 14, 8, 37, 9, 12, 13, 10, 16, 0, 1, 35, 32, 31, 25, 23, 24, 22, 36, 21, 15, 5, 6];2099.0
5177.0;[16, 29, 28, 20, 13, 12, 37, 9, 10, 27, 22, 11, 14, 18, 17, 19, 1, 4, 6, 2, 3, 0, 38, 35, 34, 33, 30, 23, 25, 31, 32, 26, 24, 36, 21, 15, 5, 7, 8];2203.0
5142.0;[1, 3, 15, 5, 7, 6, 4, 35, 31, 32, 25, 26, 23, 24, 36, 21, 14, 17, 19, 18, 28, 27, 22, 20, 13, 12, 8, 37, 9, 10, 11, 16, 29, 33, 30, 34, 38, 2, 0];1880.0
4655.0;[16, 17, 18, 19, 34, 2, 4, 5, 9, 8, 37, 10, 0, 1, 3, 38, 35, 33, 30, 31, 32, 25, 26, 23, 24, 36, 13, 12, 11, 29, 28, 27, 22, 20, 21, 15, 7, 6, 14];2019.0
5124.0;[20, 9, 8, 11, 12, 13, 24, 23, 25, 26, 27, 22, 36, 21, 14, 17, 18, 1, 3, 38, 2, 19, 0, 16, 37, 10, 15, 5, 7, 6, 4, 35, 30, 31, 32, 34, 33, 29, 28];1976.0
5122.0;[29, 28, 27, 32, 33, 30, 26, 22, 21, 20, 1, 38, 2, 3, 15, 6, 5, 7, 8, 37, 9, 10, 12, 11, 16, 17, 18, 14, 13, 36, 23, 24, 25, 31, 34, 35, 4, 19, 0];2000.0
5387.0;[35, 33, 25, 24, 36, 13, 12, 27, 28, 20, 21, 22, 23, 26, 30, 31, 32, 34, 4, 5, 37, 10, 9, 11, 8, 14, 18, 17, 19, 0, 29, 1, 38, 2, 3, 16, 15, 6, 7];2083.0
4604.0;[38, 19, 18, 29, 28, 22, 21, 11, 14, 17, 1, 3, 0, 24, 25, 26, 27, 20, 12, 15, 5, 6, 7, 8, 16, 2, 4, 35, 30, 31, 32, 33, 37, 9, 10, 13, 36, 23, 34];2316.0
5114.0;[10, 1, 35, 34, 38, 2, 3, 29, 28, 27, 22, 16, 0, 18, 19, 17, 14, 12, 13, 36, 21, 20, 11, 7, 6, 4, 30, 26, 23, 24, 25, 31, 32, 33, 15, 5, 8, 37, 9];2013.0
5463.0;[14, 12, 13, 36, 23, 24, 25, 31, 32, 34, 15, 5, 7, 6, 2, 3, 4, 33, 29, 19, 18, 17, 1, 38, 35, 30, 26, 28, 27, 22, 21, 20, 11, 8, 37, 9, 10, 16, 0];1939.0
5297.0;[6, 29, 28, 27, 12, 11, 37, 8, 14, 16, 0, 19, 17, 18, 1, 3, 35, 33, 30, 26, 24, 21, 22, 23, 25, 31, 32, 34, 38, 2, 4, 9, 10, 13, 36, 20, 15, 5, 7];1990.0
5286.0;[26, 34, 3, 15, 8, 11, 1, 2, 4, 35, 38, 33, 28, 27, 23, 25, 24, 22, 20, 6, 7, 5, 14, 17, 18, 19, 16, 0, 29, 30, 31, 32, 37, 9, 10, 12, 13, 36, 21];2171.0
5199.0;[21, 26, 30, 33, 29, 23, 24, 36, 13, 10, 14, 16, 18, 17, 19, 1, 4, 5, 37, 9, 7, 6, 0, 28, 27, 22, 25, 31, 32, 34, 38, 35, 2, 3, 15, 8, 11, 12, 20];2073.0
5266.0;[4, 19, 16, 12, 13, 36, 21, 22, 23, 24, 25, 26, 28, 27, 20, 30, 34, 5, 7, 6, 2, 3, 0, 37, 9, 10, 11, 15, 8, 14, 17, 18, 31, 32, 33, 29, 1, 38, 35];2096.0
5490.0;[38, 2, 8, 11, 14, 17, 18, 0, 19, 1, 3, 37, 9, 10, 16, 29, 28, 27, 20, 13, 36, 25, 31, 32, 30, 34, 33, 26, 23, 24, 22, 21, 12, 15, 5, 6, 7, 4, 35];2007.0
5710.0;[29, 26, 27, 23, 24, 25, 30, 31, 34, 38, 35, 4, 5, 8, 37, 9, 11, 28, 22, 36, 21, 20, 13, 10, 12, 14, 17, 16, 15, 7, 6, 32, 33, 1, 3, 2, 0, 19, 18];1977.0
5329.0;[3, 16, 14, 15, 8, 27, 23, 24, 36, 25, 26, 20, 13, 10, 12, 37, 9, 17, 18, 19, 1, 35, 4, 5, 6, 7, 33, 28, 22, 21, 11, 0, 29, 30, 31, 32, 34, 38, 2];2172.0
5430.0;[17, 14, 15, 8, 37, 9, 10, 11, 0, 16, 12, 13, 24, 23, 25, 31, 32, 34, 35, 38, 2, 4, 5, 7, 6, 3, 1, 33, 30, 26, 28, 27, 22, 36, 21, 20, 29, 19, 18];1826.0
4983.0;[34, 2, 4, 24, 23, 25, 31, 32, 33, 29, 18, 19, 28, 27, 21, 22, 36, 20, 8, 5, 6, 7, 37, 9, 14, 17, 30, 26, 13, 10, 11, 12, 16, 0, 1, 3, 15, 38, 35];2326.0
5580.0;[11, 16, 1, 35, 30, 26, 13, 12, 37, 9, 8, 6, 7, 5, 14, 18, 17, 19, 0, 29, 28, 27, 36, 21, 22, 24, 23, 25, 31, 32, 33, 34, 38, 4, 2, 3, 20, 15, 10];2104.0
5428.0;[9, 8, 12, 21, 20, 14, 17, 19, 18, 28, 27, 22, 24, 25, 26, 23, 30, 31, 32, 33, 34, 2, 3, 29, 36, 13, 10, 11, 16, 0, 1, 15, 7, 6, 35, 38, 4, 5, 37];2048.0
5396.0;[16, 33, 30, 21, 22, 20, 11, 14, 17, 18, 19, 26, 23, 25, 31, 32, 34, 37, 9, 1, 35, 38, 2, 3, 0, 29, 28, 27, 24, 36, 13, 12, 15, 7, 6, 4, 5, 8, 10];2231.0
5650.0;[0, 29, 28, 27, 34, 5, 6, 4, 26, 23, 30, 33, 16, 8, 37, 9, 10, 12, 11, 14, 17, 18, 19, 1, 38, 35, 31, 32, 25, 24, 22, 20, 13, 36, 21, 15, 7, 2, 3];2259.0
5460.0;[18, 19, 17, 14, 15, 8, 9, 35, 38, 2, 1, 3, 23, 24, 25, 33, 29, 28, 27, 21, 22, 26, 30, 31, 32, 34, 4, 5, 6, 7, 12, 13, 36, 20, 11, 37, 10, 16, 0];2157.0
4845.0;[17, 18, 19, 1, 33, 29, 28, 27, 23, 24, 36, 25, 26, 35, 4, 12, 13, 10, 11, 15, 5, 6, 7, 37, 9, 8, 16, 0, 30, 31, 32, 34, 38, 2, 3, 22, 21, 20, 14];2093.0
5238.0;[38, 35, 4, 8, 11, 30, 34, 2, 3, 28, 27, 24, 36, 21, 22, 23, 25, 31, 32, 33, 26, 20, 12, 13, 10, 37, 9, 14, 16, 0, 18, 17, 19, 29, 1, 15, 5, 6, 7];2028.0
5337.0;[37, 30, 34, 25, 26, 23, 24, 31, 32, 33, 1, 38, 35, 4, 9, 10, 11, 16, 29, 22, 36, 21, 13, 12, 15, 5, 8, 7, 6, 2, 3, 0, 14, 17, 18, 19, 28, 27, 20];2163.0
5400.0;[2, 3, 15, 6, 30, 26, 34, 35, 4, 7, 5, 9, 10, 12, 29, 28, 27, 20, 13, 36, 23, 25, 24, 22, 21, 11, 37, 8, 16, 14, 17, 18, 19, 0, 1, 31, 32, 33, 38];2149.0
4968.0;[6, 33, 19, 17, 18, 30, 23, 25, 31, 32, 26, 24, 22, 36, 21, 20, 1, 38, 2, 3, 29, 28, 27, 13, 12, 11, 14, 15, 5, 8, 37, 9, 10, 16, 0, 35, 34, 4, 7];2141.0
5200.0;[31, 34, 33, 23, 24, 15, 5, 6, 7, 8, 28, 27, 21, 22, 14, 18, 17, 1, 38, 2, 3, 35, 4, 37, 9, 10, 12, 13, 36, 20, 11, 16, 0, 19, 29, 30, 26, 25, 32];2266.0
4757.0;[24, 36, 21, 23, 22, 11, 15, 6, 7, 5, 8, 37, 9, 16, 27, 26, 34, 38, 2, 4, 35, 29, 28, 20, 13, 10, 12, 14, 17, 18, 19, 1, 3, 0, 30, 31, 32, 33, 25];2103.0
5121.0;[37, 9, 12, 13, 10, 1, 3, 0, 16, 14, 18, 17, 19, 28, 27, 22, 23, 24, 36, 20, 21, 15, 5, 6, 7, 11, 29, 33, 26, 30, 25, 31, 32, 34, 38, 35, 2, 4, 8];1976.0
5083.0;[25, 31, 32, 16, 0, 28, 24, 23, 26, 30, 29, 1, 3, 15, 5, 7, 6, 34, 38, 2, 4, 35, 33, 27, 20, 11, 8, 37, 9, 10, 14, 17, 19, 18, 12, 13, 36, 22, 21];2055.0
5175.0;[34, 33, 22, 20, 11, 15, 37, 27, 30, 31, 25, 24, 36, 21, 17, 18, 1, 38, 2, 3, 16, 14, 12, 13, 10, 9, 8, 5, 7, 6, 35, 4, 19, 0, 29, 28, 23, 26, 32];2278.0
5041.0;[27, 22, 21, 20, 11, 1, 4, 2, 0, 19, 17, 18, 14, 16, 15, 5, 6, 7, 35, 33, 30, 26, 23, 25, 24, 36, 13, 10, 12, 37, 9, 8, 31, 32, 34, 38, 3, 29, 28];1969.0
5369.0;[9, 28, 31, 32, 19, 17, 18, 14, 13, 10, 15, 6, 38, 35, 4, 7, 5, 8, 21, 22, 26, 34, 33, 30, 29, 0, 16, 1, 2, 3, 27, 23, 25, 24, 36, 20, 12, 11, 37];2375.0
5005.0;[7, 26, 24, 36, 13, 12, 11, 15, 5, 14, 17, 18, 19, 1, 38, 2, 3, 29, 30, 34, 35, 33, 28, 27, 20, 37, 8, 9, 10, 0, 16, 22, 21, 23, 25, 31, 32, 4, 6];2280.0
5268.0;[32, 29, 37, 8, 28, 27, 22, 23, 24, 36, 21, 13, 9, 10, 12, 25, 26, 20, 11, 15, 5, 7, 6, 35, 4, 2, 3, 19, 18, 14, 17, 16, 0, 1, 38, 34, 33, 30, 31];2165.0
5203.0;[14, 18, 17, 24, 25, 31, 32, 33, 29, 28, 23, 26, 30, 34, 38, 5, 7, 6, 4, 35, 2, 0, 19, 27, 22, 21, 20, 13, 36, 11, 16, 1, 3, 15, 8, 37, 9, 10, 12];2004.0
5746.0;[30, 31, 32, 33, 29, 19, 0, 1, 2, 4, 9, 10, 18, 17, 15, 5, 8, 37, 28, 20, 11, 14, 16, 12, 13, 36, 21, 22, 34, 38, 35, 7, 6, 3, 27, 23, 24, 25, 26];2205.0
5079.0;[5, 21, 22, 23, 26, 30, 32, 33, 18, 17, 1, 35, 4, 3, 27, 24, 25, 31, 34, 38, 2, 0, 19, 29, 28, 36, 20, 13, 12, 8, 37, 9, 10, 11, 14, 16, 15, 6, 7];2132.0
5376.0;[1, 3, 15, 37, 8, 9, 10, 18, 17, 19, 29, 28, 27, 23, 34, 35, 38, 2, 4, 5, 6, 7, 12, 13, 36, 21, 20, 11, 14, 0, 16, 22, 24, 25, 31, 32, 33, 26, 30];2013.0
5092.0;[15, 37, 9, 6, 7, 5, 8, 16, 0, 18, 14, 17, 19, 29, 30, 26, 24, 36, 21, 12, 11, 1, 38, 2, 4, 35, 33, 27, 22, 20, 13, 10, 28, 23, 25, 31, 32, 34, 3];2039.0
5827.0;[12, 0, 2, 4, 11, 14, 16, 17, 18, 19, 29, 28, 21, 22, 20, 13, 10, 37, 9, 8, 1, 3, 15, 5, 7, 6, 32, 34, 38, 35, 33, 30, 31, 25, 26, 27, 23, 24, 36];1997.0
5293.0;[7, 14, 16, 17, 18, 20, 13, 36, 21, 22, 26, 30, 31, 33, 32, 29, 19, 0, 1, 3, 38, 35, 28, 27, 24, 23, 25, 34, 2, 4, 5, 9, 8, 37, 10, 12, 11, 15, 6];2116.0
5556.0;[14, 17, 18, 19, 21, 20, 16, 28, 26, 27, 22, 36, 24, 23, 30, 33, 29, 1, 15, 6, 35, 32, 25, 31, 34, 38, 2, 4, 3, 0, 12, 13, 10, 37, 9, 7, 5, 8, 11];2248.0
5489.0;[16, 1, 35, 33, 31, 32, 25, 23, 26, 2, 4, 5, 8, 0, 19, 30, 34, 38, 3, 29, 22, 20, 11, 15, 6, 7, 9, 37, 14, 17, 18, 28, 27, 24, 36, 21, 13, 10, 12];2300.0
4963.0;[5, 8, 11, 12, 13, 20, 29, 1, 2, 3, 0, 16, 37, 9, 10, 19, 18, 17, 14, 7, 6, 4, 35, 31, 32, 33, 34, 38, 30, 26, 23, 25, 28, 27, 24, 36, 21, 22, 15];2175.0
5318.0;[7, 6, 27, 22, 23, 26, 30, 32, 33, 29, 28, 36, 21, 20, 14, 11, 37, 9, 10, 16, 19, 17, 18, 15, 8, 12, 13, 24, 25, 31, 34, 38, 35, 2, 3, 0, 1, 4, 5];2063.0
5585.0;[34, 29, 0, 1, 3, 15, 37, 9, 14, 17, 18, 19, 35, 38, 2, 4, 6, 7, 5, 8, 10, 12, 13, 36, 21, 22, 20, 11, 16, 28, 27, 30, 33, 26, 23, 24, 25, 31, 32];1833.0
5421.0;[9, 37, 10, 12, 13, 36, 21, 34, 35, 38, 3, 19, 17, 18, 14, 15, 5, 8, 16, 0, 1, 2, 4, 7, 6, 33, 29, 28, 27, 30, 32, 31, 25, 26, 23, 24, 22, 20, 11];1979.0
5130.0;[19, 29, 30, 25, 26, 2, 3, 0, 1, 33, 31, 32, 34, 35, 38, 4, 5, 28, 27, 22, 20, 11, 14, 21, 23, 24, 36, 13, 12, 15, 7, 6, 37, 9, 10, 8, 16, 17, 18];2224.0
5449.0;[31, 29, 28, 27, 30, 26, 22, 36, 21, 20, 11, 17, 18, 19, 0, 16, 14, 15, 7, 6, 35, 32, 33, 34, 38, 3, 1, 2, 4, 5, 9, 8, 37, 10, 12, 13, 23, 24, 25];1922.0
5300.0;[24, 4, 5, 6, 7, 18, 17, 19, 29, 28, 27, 25, 31, 32, 34, 38, 2, 3, 16, 14, 37, 9, 10, 12, 22, 20, 13, 36, 21, 15, 8, 11, 0, 1, 35, 33, 30, 26, 23];2072.0
5568.0;[26, 23, 34, 3, 15, 8, 11, 37, 16, 1, 2, 4, 0, 29, 28, 27, 20, 12, 14, 17, 18, 19, 38, 35, 33, 30, 31, 25, 24, 22, 36, 21, 13, 10, 9, 5, 7, 6, 32];2167.0
5020.0;[20, 13, 36, 21, 16, 19, 0, 29, 3, 1, 38, 35, 33, 30, 26, 24, 22, 37, 11, 14, 17, 18, 28, 27, 23, 25, 31, 32, 34, 2, 4, 5, 8, 15, 6, 7, 9, 10, 12];2027.0
5584.0;[5, 16, 14, 11, 37, 9, 0, 28, 27, 25, 26, 23, 24, 36, 21, 20, 13, 10, 12, 1, 38, 33, 30, 31, 32, 34, 29, 19, 18, 17, 15, 6, 7, 35, 4, 2, 3, 22, 8];2192.0
5381.0;[3, 1, 2, 37, 9, 0, 29, 28, 27, 22, 20, 11, 16, 14, 15, 7, 6, 31, 32, 33, 30, 34, 38, 35, 4, 5, 8, 17, 19, 18, 26, 23, 25, 24, 36, 21, 13, 10, 12];2160.0
4990.0;[17, 19, 2, 3, 0, 29, 28, 27, 23, 24, 36, 21, 37, 9, 12, 22, 20, 13, 10, 16, 1, 35, 33, 30, 26, 25, 31, 32, 34, 38, 4, 6, 7, 5, 8, 11, 15, 14, 18];1973.0
4956.0;[7, 8, 19, 26, 23, 24, 36, 21, 13, 10, 30, 34, 35, 4, 5, 14, 17, 18, 1, 38, 2, 3, 0, 27, 25, 31, 32, 33, 37, 9, 11, 12, 16, 29, 28, 22, 20, 15, 6];2292.0
5093.0;[37, 9, 12, 21, 23, 24, 25, 27, 20, 16, 0, 1, 3, 38, 34, 2, 4, 35, 26, 30, 31, 32, 33, 29, 28, 22, 36, 13, 10, 15, 6, 7, 5, 8, 11, 19, 18, 17, 14];2073.0
5120.0;[16, 29, 23, 26, 28, 27, 13, 36, 20, 11, 14, 18, 17, 19, 0, 1, 3, 33, 30, 31, 25, 24, 21, 22, 32, 34, 38, 35, 2, 4, 6, 7, 5, 8, 15, 37, 9, 10, 12];2049.0
5371.0;[8, 14, 17, 19, 18, 16, 0, 1, 38, 2, 3, 29, 28, 27, 10, 11, 15, 7, 6, 35, 30, 32, 33, 26, 22, 21, 20, 13, 12, 36, 24, 23, 25, 31, 34, 4, 5, 37, 9];2032.0
5480.0;[18, 29, 33, 1, 38, 4, 6, 7, 2, 3, 19, 0, 15, 5, 37, 9, 8, 16, 28, 27, 30, 26, 34, 35, 32, 31, 25, 24, 23, 36, 21, 22, 20, 13, 10, 12, 11, 14, 17];2023.0
5534.0;[6, 35, 4, 33, 25, 31, 32, 34, 0, 16, 18, 17, 19, 27, 24, 36, 21, 11, 37, 9, 8, 7, 5, 12, 22, 23, 26, 30, 29, 1, 38, 2, 3, 28, 20, 13, 10, 14, 15];2219.0
4925.0;[6, 35, 29, 27, 34, 19, 1, 2, 3, 38, 4, 5, 7, 8, 14, 17, 18, 28, 22, 13, 12, 37, 9, 10, 11, 16, 0, 30, 31, 32, 33, 26, 25, 23, 24, 36, 21, 20, 15];2201.0
5295.0;[19, 29, 0, 37, 9, 27, 20, 12, 10, 11, 14, 13, 36, 21, 22, 25, 31, 32, 30, 33, 1, 4, 6, 7, 38, 35, 28, 24, 23, 26, 34, 2, 3, 15, 5, 8, 16, 17, 18];2247.0
4854.0;[17, 18, 26, 30, 33, 11, 12, 37, 9, 31, 32, 34, 3, 15, 6, 7, 5, 8, 16, 0, 1, 35, 38, 2, 4, 19, 29, 28, 27, 25, 23, 24, 36, 21, 22, 20, 13, 10, 14];2177.0
5926.0;[3, 29, 22, 24, 25, 28, 27, 23, 26, 30, 33, 31, 32, 0, 37, 10, 12, 11, 16, 19, 17, 18, 14, 13, 36, 21, 20, 15, 6, 7, 5, 9, 8, 1, 2, 4, 35, 34, 38];2081.0
5267.0;[11, 16, 27, 23, 25, 26, 30, 31, 34, 38, 2, 28, 20, 13, 10, 12, 14, 17, 18, 19, 35, 32, 33, 29, 1, 3, 0, 15, 37, 9, 8, 7, 5, 6, 4, 24, 36, 22, 21];2218.0
5327.0;[34, 35, 30, 29, 19, 18, 17, 14, 11, 12, 22, 26, 25, 31, 32, 33, 16, 0, 1, 38, 2, 4, 3, 28, 27, 23, 24, 36, 21, 20, 13, 10, 37, 9, 8, 15, 5, 6, 7];2026.0
5630.0;[10, 12, 11, 17, 18, 14, 15, 5, 6, 7, 8, 16, 1, 28, 27, 20, 13, 36, 21, 22, 23, 25, 24, 31, 32, 33, 35, 38, 2, 3, 0, 19, 29, 26, 30, 34, 4, 37, 9];1922.0
5491.0;[25, 26, 23, 24, 21, 37, 9, 10, 14, 17, 18, 19, 1, 33, 29, 28, 22, 20, 11, 16, 0, 27, 30, 31, 32, 34, 38, 35, 4, 7, 6, 3, 2, 15, 5, 8, 12, 13, 36];2023.0
5374.0;[1, 3, 0, 28, 24, 22, 23, 31, 25, 26, 30, 34, 38, 2, 5, 6, 7, 4, 35, 32, 33, 29, 27, 13, 36, 21, 20, 11, 14, 17, 19, 18, 16, 15, 8, 37, 9, 10, 12];1980.0
5038.0;[23, 30, 29, 19, 18, 28, 34, 38, 16, 37, 8, 9, 10, 12, 15, 5, 6, 4, 7, 2, 3, 0, 17, 14, 13, 36, 21, 20, 11, 1, 35, 33, 31, 32, 25, 26, 27, 22, 24];2225.0
4918.0;[26, 32, 34, 35, 38, 0, 37, 9, 8, 29, 1, 2, 3, 15, 5, 7, 6, 4, 33, 30, 31, 25, 20, 13, 10, 12, 11, 16, 14, 17, 19, 18, 28, 27, 23, 24, 22, 36, 21];2034.0
5213.0;[16, 31, 32, 18, 19, 28, 27, 34, 38, 35, 4, 5, 12, 13, 10, 0, 29, 1, 2, 3, 33, 30, 26, 23, 25, 24, 36, 22, 20, 21, 17, 14, 15, 6, 7, 37, 9, 11, 8];2222.0
5158.0;[22, 21, 16, 28, 27, 20, 14, 17, 18, 35, 33, 29, 1, 2, 3, 0, 19, 31, 32, 30, 26, 34, 38, 4, 6, 7, 5, 8, 11, 15, 37, 9, 10, 12, 13, 36, 23, 25, 24];2098.0
5516.0;[26, 30, 34, 38, 4, 35, 2, 3, 16, 0, 11, 37, 9, 8, 14, 17, 18, 19, 1, 29, 28, 27, 25, 31, 32, 23, 24, 22, 36, 21, 20, 13, 10, 12, 15, 5, 7, 6, 33];1866.0
4844.0;[37, 12, 21, 22, 1, 3, 16, 0, 31, 32, 33, 29, 19, 17, 18, 14, 13, 10, 9, 8, 5, 7, 6, 34, 38, 2, 4, 35, 28, 27, 30, 25, 26, 23, 24, 36, 20, 11, 15];2138.0
5467.0;[0, 28, 27, 23, 26, 38, 2, 15, 5, 11, 16, 37, 8, 9, 10, 14, 18, 17, 19, 1, 3, 29, 30, 31, 32, 34, 35, 4, 7, 6, 33, 25, 24, 22, 36, 20, 21, 13, 12];2131.0
5475.0;[24, 23, 26, 34, 16, 37, 9, 8, 11, 0, 29, 28, 20, 13, 10, 12, 14, 1, 38, 2, 4, 3, 27, 36, 21, 22, 25, 31, 32, 33, 19, 18, 17, 15, 5, 6, 7, 35, 30];2164.0
5274.0;[9, 10, 12, 21, 22, 26, 34, 4, 7, 6, 35, 33, 16, 14, 17, 18, 19, 0, 1, 38, 2, 3, 15, 5, 37, 8, 11, 29, 28, 27, 30, 31, 32, 25, 23, 24, 36, 20, 13];2018.0
5294.0;[33, 29, 28, 27, 20, 11, 0, 1, 2, 3, 18, 14, 15, 6, 35, 25, 26, 23, 24, 22, 36, 21, 13, 12, 16, 30, 34, 38, 4, 7, 5, 37, 9, 10, 8, 17, 19, 31, 32];2143.0
4927.0;[29, 28, 22, 21, 20, 13, 36, 12, 10, 11, 15, 8, 0, 27, 23, 24, 25, 31, 32, 33, 3, 1, 35, 30, 26, 34, 38, 2, 4, 5, 6, 7, 14, 17, 18, 19, 37, 9, 16];2100.0
5242.0;[5, 8, 37, 16, 23, 24, 36, 21, 22, 20, 13, 12, 0, 1, 38, 35, 31, 32, 34, 2, 3, 15, 9, 10, 11, 14, 17, 18, 19, 29, 28, 27, 30, 25, 26, 33, 4, 6, 7];2012.0
5569.0;[15, 11, 2, 4, 5, 6, 7, 8, 16, 1, 3, 0, 27, 13, 36, 21, 22, 30, 34, 38, 35, 32, 31, 25, 24, 20, 37, 9, 10, 12, 14, 18, 17, 19, 29, 28, 23, 26, 33];2220.0
5318.0;[6, 35, 33, 26, 30, 18, 17, 14, 11, 37, 9, 10, 12, 13, 36, 20, 21, 16, 19, 0, 28, 27, 22, 23, 24, 25, 31, 32, 34, 29, 1, 38, 4, 5, 8, 7, 2, 3, 15];2036.0
5233.0;[28, 27, 33, 30, 23, 24, 25, 31, 32, 34, 15, 8, 37, 9, 10, 16, 0, 19, 29, 1, 3, 38, 35, 4, 5, 7, 6, 2, 18, 17, 14, 11, 12, 21, 20, 13, 36, 22, 26];1904.0
5493.0;[2, 4, 33, 30, 26, 23, 24, 25, 31, 32, 18, 17, 14, 37, 9, 8, 15, 5, 6, 7, 34, 35, 38, 3, 19, 29, 28, 27, 22, 36, 20, 21, 13, 10, 12, 11, 16, 0, 1];1913.0
5365.0;[32, 33, 1, 35, 38, 2, 3, 29, 30, 34, 26, 24, 22, 20, 13, 36, 21, 14, 17, 18, 19, 16, 15, 5, 6, 7, 4, 8, 37, 9, 10, 12, 11, 0, 28, 27, 23, 25, 31];1909.0
5124.0;[8, 0, 29, 30, 33, 26, 13, 12, 11, 14, 17, 1, 3, 19, 18, 23, 24, 20, 37, 9, 5, 7, 10, 16, 34, 38, 4, 6, 35, 2, 28, 27, 22, 36, 21, 25, 31, 32, 15];2541.0
5442.0;[29, 30, 31, 32, 33, 25, 26, 20, 13, 10, 12, 11, 15, 37, 9, 8, 5, 7, 6, 3, 28, 22, 21, 14, 17, 18, 19, 27, 23, 24, 36, 16, 0, 1, 35, 34, 38, 4, 2];2157.0
4947.0;[0, 17, 18, 19, 29, 30, 31, 32, 34, 38, 16, 14, 15, 8, 37, 9, 10, 11, 2, 4, 5, 6, 7, 35, 33, 28, 27, 23, 25, 26, 24, 21, 22, 20, 12, 13, 36, 1, 3];2011.0
5326.0;[2, 3, 4, 8, 9, 11, 18, 17, 19, 29, 27, 28, 22, 24, 21, 20, 37, 10, 12, 13, 36, 1, 35, 38, 0, 16, 14, 15, 5, 7, 6, 33, 30, 26, 23, 25, 31, 32, 34];2137.0
4951.0;[2, 4, 7, 6, 3, 0, 19, 18, 17, 29, 30, 26, 28, 27, 22, 11, 15, 5, 8, 12, 13, 36, 21, 20, 37, 9, 10, 14, 16, 24, 23, 25, 31, 32, 33, 1, 38, 35, 34];1958.0
5339.0;[18, 19, 21, 22, 23, 26, 30, 33, 1, 4, 8, 37, 9, 10, 11, 16, 0, 27, 24, 25, 31, 32, 34, 38, 2, 3, 15, 7, 5, 6, 35, 29, 28, 36, 20, 13, 12, 14, 17];2012.0
5469.0;[11, 14, 17, 19, 18, 22, 21, 20, 13, 15, 5, 7, 6, 2, 3, 1, 35, 33, 30, 31, 32, 37, 9, 10, 12, 16, 0, 29, 28, 27, 23, 24, 36, 25, 26, 34, 38, 4, 8];2077.0
5060.0;[29, 20, 5, 7, 2, 0, 16, 1, 3, 15, 8, 11, 37, 9, 6, 4, 35, 30, 26, 24, 23, 36, 22, 21, 13, 10, 12, 14, 17, 28, 27, 25, 31, 32, 34, 38, 33, 19, 18];2266.0
5197.0;[19, 23, 24, 36, 21, 15, 6, 3, 1, 38, 2, 4, 35, 33, 30, 26, 28, 27, 22, 20, 8, 7, 5, 37, 9, 10, 12, 13, 25, 31, 32, 34, 29, 0, 11, 14, 16, 17, 18];2130.0
5553.0;[38, 4, 11, 1, 28, 21, 20, 9, 10, 14, 18, 17, 19, 0, 16, 15, 5, 8, 30, 26, 24, 36, 23, 25, 31, 32, 34, 35, 33, 29, 27, 22, 13, 12, 37, 7, 6, 2, 3];2258.0
5227.0;[35, 30, 25, 31, 32, 14, 11, 37, 8, 9, 10, 16, 0, 28, 20, 21, 22, 24, 36, 13, 12, 27, 23, 26, 34, 33, 29, 17, 19, 18, 1, 38, 4, 2, 3, 15, 5, 7, 6];2118.0
5343.0;[27, 14, 18, 19, 1, 2, 4, 7, 5, 16, 17, 29, 30, 23, 24, 36, 13, 12, 21, 20, 22, 34, 38, 3, 0, 11, 8, 37, 9, 10, 15, 6, 35, 33, 32, 31, 25, 26, 28];2261.0
4924.0;[4, 33, 29, 28, 20, 37, 9, 10, 12, 11, 1, 38, 2, 13, 36, 21, 22, 23, 24, 25, 26, 27, 15, 6, 7, 5, 8, 30, 31, 32, 34, 3, 0, 16, 14, 18, 17, 19, 35];2166.0
5291.0;[24, 6, 7, 16, 0, 15, 5, 8, 27, 22, 36, 21, 20, 11, 37, 9, 10, 17, 19, 18, 14, 13, 12, 1, 38, 35, 32, 34, 2, 4, 3, 33, 29, 28, 30, 31, 25, 26, 23];2296.0
4844.0;[18, 19, 23, 26, 28, 27, 30, 16, 0, 1, 4, 5, 6, 7, 8, 11, 15, 37, 9, 10, 12, 38, 35, 32, 33, 29, 20, 13, 21, 22, 36, 24, 25, 31, 34, 2, 3, 14, 17];2153.0
4978.0;[25, 32, 11, 9, 37, 10, 12, 13, 36, 21, 17, 18, 19, 28, 27, 22, 20, 14, 2, 4, 6, 34, 38, 35, 33, 29, 1, 3, 15, 5, 7, 8, 16, 0, 24, 23, 26, 30, 31];2263.0
5211.0;[1, 31, 32, 33, 30, 25, 26, 29, 19, 18, 14, 17, 16, 11, 37, 8, 9, 10, 12, 28, 27, 20, 13, 21, 36, 22, 23, 24, 34, 35, 38, 3, 15, 5, 6, 7, 4, 2, 0];2154.0
4854.0;[32, 38, 15, 8, 37, 10, 12, 22, 21, 7, 6, 4, 35, 5, 9, 11, 16, 28, 27, 20, 13, 36, 23, 25, 26, 24, 14, 18, 17, 19, 29, 30, 34, 2, 3, 0, 1, 33, 31];2373.0
4979.0;[26, 18, 17, 10, 12, 13, 22, 36, 21, 20, 11, 14, 15, 5, 7, 6, 3, 0, 1, 2, 4, 38, 35, 30, 31, 32, 34, 33, 29, 19, 16, 37, 9, 8, 28, 27, 23, 25, 24];2142.0
5416.0;[20, 7, 6, 18, 19, 29, 32, 34, 38, 35, 33, 30, 26, 23, 25, 31, 4, 5, 37, 9, 10, 16, 0, 1, 2, 3, 28, 27, 24, 22, 36, 13, 12, 11, 15, 8, 14, 17, 21];2311.0
5196.0;[25, 31, 32, 33, 30, 34, 4, 6, 7, 2, 3, 0, 19, 18, 17, 14, 11, 16, 1, 38, 35, 26, 22, 23, 24, 36, 21, 20, 12, 13, 10, 15, 5, 37, 9, 8, 29, 28, 27];1937.0
4588.0;[8, 37, 9, 10, 12, 11, 34, 33, 19, 17, 18, 13, 36, 21, 20, 15, 7, 2, 3, 29, 28, 26, 27, 14, 16, 0, 1, 38, 35, 4, 5, 6, 32, 30, 31, 25, 24, 23, 22];2386.0
4910.0;[0, 23, 26, 24, 21, 22, 20, 9, 10, 16, 1, 3, 15, 5, 8, 11, 12, 13, 36, 14, 17, 19, 18, 37, 7, 6, 35, 32, 33, 30, 29, 28, 27, 25, 31, 34, 38, 4, 2];2210.0
5164.0;[38, 1, 2, 3, 0, 18, 19, 33, 30, 31, 32, 25, 26, 22, 13, 10, 12, 16, 29, 28, 24, 23, 36, 21, 20, 15, 6, 7, 35, 4, 5, 37, 9, 8, 11, 14, 17, 27, 34];2188.0
5338.0;[13, 10, 0, 24, 36, 23, 25, 26, 20, 16, 28, 27, 22, 21, 37, 9, 15, 7, 6, 2, 3, 1, 35, 38, 4, 5, 8, 30, 31, 32, 33, 34, 29, 19, 18, 17, 14, 11, 12];2302.0
5280.0;[21, 20, 13, 12, 2, 4, 5, 6, 7, 14, 18, 17, 19, 1, 3, 30, 26, 27, 11, 15, 8, 37, 9, 10, 16, 0, 28, 24, 23, 25, 31, 32, 34, 38, 35, 33, 29, 22, 36];2006.0
5000.0;[29, 4, 5, 8, 0, 1, 38, 2, 3, 15, 12, 13, 10, 16, 28, 23, 24, 25, 26, 27, 21, 22, 36, 20, 17, 19, 30, 31, 32, 18, 14, 11, 37, 9, 7, 6, 34, 35, 33];2257.0
5015.0;[14, 17, 0, 1, 3, 16, 11, 15, 5, 8, 37, 12, 21, 22, 25, 26, 23, 24, 36, 20, 13, 10, 9, 7, 6, 2, 38, 4, 35, 30, 28, 27, 31, 32, 34, 33, 29, 19, 18];2040.0
5000.0;[37, 8, 16, 15, 6, 7, 31, 32, 29, 3, 0, 1, 2, 4, 5, 9, 10, 28, 25, 27, 22, 20, 13, 36, 21, 12, 14, 17, 18, 19, 30, 34, 38, 35, 33, 26, 23, 24, 11];2290.0
4749.0;[25, 19, 18, 17, 14, 15, 7, 5, 8, 12, 13, 10, 11, 37, 9, 16, 28, 27, 30, 31, 32, 34, 38, 2, 3, 0, 1, 29, 20, 36, 21, 22, 26, 33, 4, 6, 35, 23, 24];2256.0
5076.0;[3, 1, 38, 2, 6, 4, 35, 32, 25, 26, 20, 11, 16, 0, 14, 15, 7, 5, 8, 9, 37, 10, 12, 23, 30, 33, 29, 17, 18, 19, 28, 27, 22, 21, 13, 36, 24, 31, 34];2257.0
5625.0;[11, 12, 20, 13, 36, 26, 30, 31, 32, 15, 5, 7, 6, 35, 33, 1, 38, 2, 3, 19, 18, 17, 14, 16, 0, 29, 28, 27, 23, 24, 21, 22, 25, 34, 4, 8, 37, 9, 10];2014.0
5014.0;[22, 36, 21, 14, 16, 17, 18, 19, 0, 1, 29, 30, 31, 32, 34, 38, 2, 4, 3, 15, 8, 37, 9, 28, 27, 20, 11, 12, 13, 10, 5, 7, 6, 35, 33, 26, 23, 25, 24];1973.0
4951.0;[20, 3, 0, 18, 17, 19, 1, 29, 28, 30, 26, 34, 38, 2, 15, 5, 7, 6, 35, 4, 8, 37, 9, 10, 16, 14, 11, 12, 13, 36, 21, 24, 23, 25, 31, 32, 33, 27, 22];1950.0
4858.0;[3, 0, 19, 32, 34, 38, 4, 5, 7, 6, 35, 2, 22, 13, 10, 12, 16, 29, 30, 31, 25, 26, 33, 18, 17, 14, 15, 37, 9, 8, 28, 27, 23, 24, 36, 21, 20, 11, 1];2200.0
4936.0;[6, 34, 30, 31, 32, 25, 24, 37, 9, 10, 14, 17, 19, 18, 12, 13, 36, 21, 20, 16, 1, 38, 35, 2, 4, 8, 11, 0, 28, 27, 22, 23, 26, 33, 29, 3, 15, 5, 7];2143.0
4921.0;[26, 2, 3, 1, 38, 35, 33, 22, 21, 20, 10, 12, 13, 36, 11, 15, 6, 7, 37, 9, 8, 14, 17, 18, 19, 0, 16, 29, 30, 31, 32, 34, 4, 5, 28, 27, 23, 24, 25];2124.0
4766.0;[28, 27, 33, 30, 31, 32, 29, 23, 24, 25, 26, 34, 38, 2, 15, 7, 5, 6, 4, 35, 3, 0, 37, 8, 9, 10, 13, 36, 22, 21, 20, 12, 11, 14, 16, 18, 17, 19, 1];2019.0
4960.0;[32, 33, 18, 19, 27, 21, 22, 23, 26, 30, 16, 11, 12, 13, 36, 20, 2, 4, 35, 34, 38, 0, 17, 14, 15, 5, 6, 7, 8, 37, 9, 10, 1, 3, 29, 28, 24, 25, 31];2167.0
5421.0;[26, 34, 29, 1, 3, 38, 2, 4, 35, 33, 30, 20, 21, 14, 17, 18, 15, 5, 6, 7, 8, 37, 9, 10, 11, 28, 27, 22, 24, 23, 25, 31, 32, 19, 0, 16, 12, 13, 36];2088.0
5774.0;[26, 28, 27, 15, 8, 14, 19, 1, 3, 2, 0, 16, 11, 37, 9, 10, 13, 36, 24, 22, 21, 20, 12, 17, 18, 29, 23, 25, 31, 32, 34, 38, 4, 7, 5, 6, 35, 33, 30];2105.0
5268.0;[16, 14, 37, 10, 12, 21, 23, 26, 33, 19, 17, 18, 0, 1, 38, 2, 3, 29, 28, 27, 30, 31, 32, 34, 35, 25, 24, 22, 20, 13, 36, 11, 15, 6, 7, 4, 5, 9, 8];2101.0
4684.0;[19, 18, 9, 8, 16, 28, 27, 20, 21, 22, 26, 30, 33, 29, 1, 3, 0, 38, 35, 23, 24, 11, 37, 10, 12, 13, 36, 25, 32, 31, 34, 2, 15, 6, 4, 7, 5, 14, 17];2322.0
5229.0;[36, 21, 29, 1, 38, 2, 28, 27, 23, 24, 25, 26, 22, 20, 16, 0, 8, 37, 9, 10, 11, 15, 5, 6, 4, 7, 35, 33, 30, 31, 32, 34, 3, 19, 18, 17, 14, 12, 13];2057.0
5594.0;[21, 1, 2, 4, 35, 33, 0, 14, 15, 5, 6, 7, 8, 17, 19, 18, 29, 30, 31, 32, 25, 24, 23, 26, 34, 38, 3, 37, 9, 10, 12, 11, 16, 28, 27, 22, 20, 13, 36];2025.0
5687.0;[6, 7, 12, 13, 10, 37, 9, 11, 0, 38, 35, 34, 2, 3, 16, 15, 8, 14, 18, 17, 19, 28, 23, 24, 25, 31, 32, 33, 29, 30, 26, 27, 22, 36, 21, 20, 1, 4, 5];1999.0
5029.0;[4, 6, 7, 5, 8, 1, 3, 0, 29, 38, 2, 27, 13, 36, 23, 34, 35, 33, 30, 26, 24, 22, 21, 20, 12, 11, 15, 37, 9, 10, 16, 14, 18, 17, 19, 28, 25, 31, 32];2247.0
5831.0;[32, 0, 16, 19, 18, 17, 14, 15, 8, 12, 37, 11, 30, 33, 29, 1, 3, 28, 20, 13, 36, 22, 21, 34, 2, 4, 6, 7, 5, 9, 10, 38, 35, 26, 27, 23, 24, 25, 31];2266.0
4847.0;[7, 2, 3, 0, 29, 30, 31, 32, 22, 20, 37, 9, 10, 16, 28, 27, 25, 26, 23, 24, 36, 21, 13, 12, 15, 8, 11, 14, 17, 19, 18, 1, 33, 34, 35, 38, 4, 5, 6];2045.0
5422.0;[15, 5, 8, 16, 0, 37, 10, 12, 11, 9, 7, 6, 4, 28, 27, 13, 36, 23, 25, 31, 34, 35, 32, 33, 1, 38, 2, 3, 29, 30, 26, 24, 22, 20, 21, 14, 17, 18, 19];2175.0
5238.0;[26, 34, 30, 31, 25, 32, 33, 29, 1, 2, 4, 6, 35, 38, 3, 18, 19, 17, 14, 15, 5, 7, 8, 37, 9, 10, 12, 11, 16, 0, 28, 27, 23, 24, 22, 21, 20, 13, 36];1903.0
5385.0;[17, 18, 19, 1, 3, 11, 37, 9, 13, 36, 23, 26, 28, 27, 22, 20, 6, 4, 7, 5, 10, 12, 21, 24, 25, 30, 31, 32, 34, 38, 35, 2, 33, 29, 0, 16, 15, 8, 14];2225.0
5537.0;[26, 34, 38, 15, 8, 37, 12, 11, 16, 0, 28, 27, 30, 35, 4, 6, 7, 5, 9, 10, 17, 19, 18, 14, 13, 36, 21, 20, 22, 25, 31, 32, 33, 2, 3, 1, 29, 24, 23];2149.0
5110.0;[0, 16, 17, 14, 12, 11, 8, 37, 9, 10, 15, 6, 35, 33, 30, 26, 20, 21, 28, 27, 22, 23, 34, 38, 2, 4, 7, 5, 13, 36, 24, 25, 31, 32, 1, 3, 18, 19, 29];2202.0
5080.0;[34, 33, 31, 32, 29, 28, 30, 25, 26, 23, 24, 13, 36, 21, 22, 27, 20, 0, 1, 3, 2, 7, 5, 6, 37, 10, 12, 11, 16, 15, 9, 8, 14, 18, 17, 19, 38, 35, 4];2221.0
5335.0;[8, 10, 37, 9, 6, 33, 30, 26, 22, 13, 12, 14, 17, 19, 18, 1, 3, 35, 32, 31, 34, 38, 2, 4, 7, 5, 11, 16, 0, 29, 28, 27, 23, 25, 24, 36, 21, 20, 15];2070.0
5638.0;[11, 30, 34, 0, 16, 15, 7, 6, 31, 25, 26, 13, 10, 9, 8, 14, 18, 17, 19, 1, 2, 4, 3, 38, 35, 32, 33, 29, 28, 27, 23, 24, 36, 21, 22, 20, 12, 37, 5];2173.0
5538.0;[33, 26, 20, 13, 12, 11, 30, 25, 31, 32, 19, 18, 17, 14, 15, 8, 9, 5, 7, 6, 4, 34, 38, 2, 3, 0, 29, 28, 27, 22, 23, 24, 36, 21, 37, 10, 16, 1, 35];2055.0
5284.0;[21, 37, 9, 29, 3, 38, 35, 33, 28, 22, 20, 11, 15, 8, 17, 18, 19, 31, 32, 25, 26, 27, 13, 10, 12, 14, 16, 0, 1, 2, 4, 5, 7, 6, 34, 30, 23, 24, 36];2218.0
1726.0;[34, 3, 28, 27, 23, 24, 36, 21, 22, 20, 13, 12, 14, 17, 18, 19, 16, 15, 5, 6, 7, 8, 37, 9, 10, 11, 0, 29, 1, 38, 2, 4, 35, 33, 26, 30, 25, 31, 32]
