ft53
26068.0;[28, 20, 39, 38, 4, 2, 15, 18, 19, 33, 30, 3, 10, 12, 24, 22, 47, 46, 44, 23, 21, 11, 14, 13, 17, 16, 37, 40, 45, 34, 32, 31, 26, 29, 48, 49, 52, 51, 50, 1, 41, 42, 43, 7, 6, 5, 8, 9, 0, 36, 35, 25, 27];10081.0
27280.0;[36, 40, 37, 7, 5, 41, 44, 23, 20, 39, 38, 6, 9, 8, 0, 35, 21, 24, 22, 19, 16, 15, 18, 17, 33, 30, 3, 13, 11, 10, 14, 12, 4, 34, 32, 31, 26, 27, 28, 50, 52, 51, 48, 49, 29, 25, 47, 42, 46, 43, 45, 2, 1];9857.0
25567.0;[9, 32, 33, 21, 20, 24, 19, 18, 1, 41, 43, 7, 5, 8, 23, 22, 47, 37, 39, 36, 35, 38, 4, 2, 17, 16, 15, 40, 45, 42, 46, 44, 34, 51, 49, 52, 50, 48, 28, 31, 30, 0, 14, 29, 25, 27, 26, 13, 12, 10, 11, 3, 6];10266.0
28161.0;[6, 44, 34, 52, 48, 17, 16, 11, 10, 32, 26, 27, 29, 28, 25, 15, 37, 18, 19, 1, 41, 43, 45, 3, 14, 13, 9, 8, 5, 51, 49, 50, 33, 31, 30, 0, 35, 40, 39, 4, 2, 12, 38, 36, 21, 20, 24, 23, 22, 47, 46, 42, 7];10266.0
25747.0;[40, 24, 23, 22, 47, 46, 38, 4, 1, 41, 42, 43, 2, 0, 45, 44, 34, 32, 21, 39, 36, 35, 37, 18, 19, 16, 20, 9, 33, 31, 27, 52, 48, 29, 28, 26, 25, 12, 14, 8, 6, 7, 5, 51, 49, 50, 30, 3, 10, 11, 13, 17, 15];11272.0
25085.0;[15, 19, 17, 33, 43, 45, 44, 7, 8, 6, 9, 3, 13, 12, 29, 28, 25, 27, 26, 2, 16, 11, 34, 32, 31, 30, 0, 4, 1, 41, 47, 42, 46, 37, 35, 40, 38, 36, 21, 24, 23, 20, 22, 39, 10, 14, 5, 51, 49, 52, 50, 48, 18];10041.0
22151.0;[13, 14, 12, 35, 21, 6, 7, 5, 9, 8, 3, 0, 4, 22, 19, 18, 1, 41, 34, 52, 51, 50, 49, 48, 20, 24, 23, 27, 26, 2, 17, 16, 15, 45, 43, 47, 42, 46, 44, 32, 25, 29, 28, 31, 33, 30, 36, 40, 39, 38, 37, 10, 11];10075.0
25565.0;[39, 4, 22, 21, 20, 24, 49, 48, 19, 18, 1, 41, 45, 3, 2, 33, 31, 30, 0, 32, 26, 14, 12, 38, 37, 16, 15, 35, 40, 36, 10, 11, 13, 17, 23, 8, 7, 5, 6, 9, 34, 52, 51, 50, 29, 28, 25, 27, 47, 46, 44, 43, 42];11201.0
26239.0;[9, 7, 6, 8, 16, 15, 19, 5, 48, 49, 24, 22, 3, 2, 1, 41, 47, 23, 20, 39, 40, 36, 35, 21, 27, 29, 28, 25, 26, 14, 10, 12, 38, 32, 31, 33, 30, 0, 4, 34, 52, 50, 51, 44, 43, 45, 42, 46, 37, 18, 17, 11, 13];10541.0
25403.0;[17, 16, 39, 10, 11, 2, 3, 13, 25, 27, 26, 15, 37, 40, 45, 44, 41, 47, 42, 18, 19, 1, 32, 33, 31, 30, 0, 36, 35, 38, 4, 12, 14, 34, 52, 51, 46, 43, 7, 6, 9, 8, 5, 50, 49, 48, 29, 28, 20, 21, 23, 24, 22];10642.0
25122.0;[32, 20, 21, 23, 24, 22, 19, 17, 16, 11, 10, 12, 14, 27, 28, 25, 26, 5, 49, 51, 40, 4, 2, 15, 35, 52, 50, 48, 29, 0, 36, 37, 18, 8, 7, 6, 9, 33, 31, 30, 1, 41, 47, 42, 46, 43, 3, 13, 39, 38, 45, 44, 34];11308.0
23588.0;[52, 50, 1, 41, 45, 13, 38, 37, 7, 5, 8, 3, 0, 36, 40, 4, 2, 16, 11, 10, 12, 14, 20, 24, 23, 39, 6, 9, 33, 26, 25, 27, 29, 28, 47, 43, 42, 46, 44, 34, 32, 31, 30, 35, 21, 22, 19, 18, 17, 15, 51, 48, 49];9567.0
26007.0;[4, 21, 20, 27, 47, 42, 46, 37, 40, 39, 36, 10, 14, 11, 23, 22, 1, 2, 16, 15, 35, 45, 44, 43, 41, 5, 51, 49, 52, 50, 48, 24, 19, 18, 17, 33, 26, 29, 28, 25, 7, 6, 8, 9, 3, 13, 34, 32, 31, 30, 0, 12, 38];10058.0
25813.0;[22, 21, 9, 6, 28, 25, 27, 47, 44, 23, 11, 10, 12, 45, 7, 5, 8, 41, 43, 42, 46, 37, 19, 18, 15, 52, 51, 48, 49, 50, 30, 0, 2, 17, 16, 3, 1, 13, 14, 39, 36, 35, 40, 38, 4, 34, 32, 31, 33, 26, 29, 20, 24];10383.0
25720.0;[13, 34, 30, 2, 23, 22, 21, 20, 39, 29, 28, 52, 50, 49, 51, 48, 24, 7, 5, 6, 15, 18, 19, 17, 16, 32, 33, 31, 25, 26, 27, 3, 0, 36, 35, 40, 37, 38, 4, 1, 41, 47, 42, 46, 43, 45, 44, 11, 10, 12, 14, 9, 8];10261.0
24429.0;[15, 45, 13, 12, 10, 14, 41, 47, 46, 44, 20, 21, 24, 23, 11, 9, 8, 6, 5, 0, 4, 1, 3, 2, 33, 27, 29, 28, 25, 26, 7, 48, 49, 50, 52, 51, 43, 42, 34, 32, 31, 30, 35, 40, 39, 38, 36, 37, 18, 22, 19, 17, 16];9954.0
25522.0;[51, 45, 2, 16, 13, 10, 11, 3, 1, 6, 9, 8, 15, 37, 18, 19, 17, 33, 31, 21, 24, 23, 20, 39, 4, 22, 28, 25, 27, 26, 29, 35, 40, 36, 38, 43, 46, 44, 34, 32, 30, 0, 12, 14, 41, 47, 42, 7, 5, 48, 50, 49, 52];10003.0
26084.0;[49, 14, 13, 17, 31, 26, 36, 35, 24, 22, 21, 11, 3, 2, 16, 15, 37, 18, 19, 1, 10, 12, 20, 39, 40, 38, 4, 34, 50, 52, 33, 30, 0, 32, 25, 7, 5, 6, 8, 9, 41, 47, 46, 43, 42, 45, 44, 23, 27, 29, 28, 51, 48];11358.0
24721.0;[17, 22, 0, 40, 39, 6, 33, 26, 29, 28, 25, 27, 46, 43, 44, 23, 20, 21, 19, 18, 1, 3, 4, 2, 16, 11, 10, 12, 14, 13, 34, 52, 51, 50, 48, 49, 24, 7, 5, 8, 9, 15, 37, 36, 32, 31, 30, 35, 38, 45, 41, 47, 42];10132.0
25239.0;[5, 17, 16, 11, 3, 2, 23, 20, 24, 47, 34, 30, 0, 4, 22, 19, 33, 32, 31, 26, 25, 1, 13, 35, 40, 37, 38, 36, 10, 12, 14, 41, 43, 45, 44, 42, 46, 18, 15, 52, 50, 51, 48, 49, 29, 27, 28, 21, 39, 8, 9, 7, 6];10091.0
25973.0;[14, 27, 29, 7, 5, 2, 17, 33, 30, 1, 41, 42, 46, 43, 45, 0, 4, 47, 44, 34, 32, 31, 21, 24, 22, 19, 15, 52, 50, 51, 48, 49, 28, 25, 26, 6, 8, 9, 3, 13, 11, 12, 18, 16, 23, 20, 39, 36, 35, 37, 40, 38, 10];10145.0
26902.0;[52, 44, 20, 24, 22, 19, 7, 6, 8, 9, 33, 30, 3, 13, 14, 41, 42, 17, 15, 39, 40, 37, 18, 1, 0, 36, 35, 4, 2, 16, 23, 21, 11, 10, 12, 38, 45, 46, 43, 47, 34, 32, 31, 29, 28, 25, 27, 26, 5, 51, 48, 49, 50];9594.0
24318.0;[28, 31, 30, 2, 0, 12, 11, 10, 14, 13, 17, 16, 15, 37, 38, 4, 1, 41, 47, 46, 45, 44, 42, 43, 7, 5, 6, 9, 8, 3, 34, 50, 52, 51, 48, 49, 29, 39, 36, 35, 40, 21, 23, 20, 24, 22, 19, 18, 33, 32, 26, 25, 27];9118.0
28477.0;[24, 19, 9, 29, 26, 36, 10, 14, 13, 12, 37, 18, 17, 11, 2, 15, 42, 46, 45, 32, 31, 33, 3, 1, 41, 43, 47, 44, 34, 30, 0, 35, 40, 21, 39, 38, 4, 8, 6, 7, 5, 51, 52, 50, 49, 48, 28, 25, 27, 16, 23, 22, 20];10353.0
26695.0;[44, 46, 43, 45, 36, 40, 17, 16, 10, 12, 14, 27, 26, 3, 1, 8, 9, 6, 29, 28, 25, 20, 39, 38, 4, 2, 13, 34, 32, 31, 33, 30, 0, 23, 24, 22, 19, 18, 15, 37, 35, 21, 11, 41, 47, 42, 7, 5, 48, 49, 52, 51, 50];10382.0
25059.0;[20, 36, 35, 40, 21, 24, 23, 22, 3, 2, 16, 15, 33, 27, 29, 28, 25, 26, 13, 10, 14, 12, 45, 44, 42, 43, 19, 18, 17, 11, 34, 32, 31, 30, 0, 4, 1, 7, 6, 9, 8, 41, 47, 46, 37, 38, 39, 5, 51, 49, 52, 50, 48];10027.0
26997.0;[43, 45, 3, 2, 33, 31, 26, 28, 21, 39, 37, 35, 38, 4, 1, 8, 9, 7, 17, 15, 18, 23, 24, 22, 19, 16, 11, 13, 10, 12, 14, 20, 6, 5, 49, 52, 51, 50, 48, 29, 25, 27, 47, 44, 34, 32, 30, 0, 36, 40, 41, 42, 46];9356.0
26220.0;[30, 0, 1, 8, 3, 2, 17, 16, 23, 27, 25, 15, 35, 40, 38, 36, 10, 14, 4, 22, 21, 20, 24, 18, 19, 11, 34, 32, 33, 26, 13, 12, 37, 39, 44, 43, 45, 42, 46, 41, 47, 7, 6, 9, 5, 51, 52, 50, 48, 49, 29, 28, 31];9782.0
26940.0;[33, 31, 26, 0, 36, 35, 38, 4, 16, 11, 3, 1, 41, 47, 34, 30, 13, 12, 10, 14, 27, 28, 25, 7, 5, 8, 6, 9, 2, 17, 23, 21, 20, 24, 22, 19, 18, 15, 39, 37, 40, 29, 52, 50, 48, 49, 51, 45, 42, 46, 43, 44, 32];9753.0
25158.0;[46, 43, 7, 13, 18, 19, 1, 41, 47, 20, 24, 22, 16, 23, 39, 6, 9, 33, 31, 21, 36, 38, 4, 8, 5, 51, 50, 48, 49, 52, 45, 44, 34, 32, 30, 0, 3, 2, 17, 15, 35, 40, 37, 27, 29, 28, 25, 26, 11, 10, 12, 14, 42];10168.0
26949.0;[37, 16, 15, 18, 9, 7, 8, 3, 0, 32, 31, 43, 45, 41, 42, 46, 47, 44, 23, 20, 39, 38, 4, 2, 1, 6, 5, 51, 50, 48, 49, 52, 14, 12, 35, 40, 21, 24, 22, 19, 34, 30, 10, 11, 13, 17, 33, 26, 27, 29, 28, 25, 36];10285.0
25256.0;[49, 52, 18, 19, 17, 16, 15, 26, 25, 27, 28, 33, 31, 22, 47, 46, 42, 7, 6, 9, 8, 2, 3, 1, 41, 43, 45, 44, 32, 30, 0, 11, 10, 12, 14, 13, 24, 23, 20, 21, 39, 38, 4, 5, 51, 48, 29, 35, 37, 36, 40, 34, 50];11203.0
27268.0;[31, 21, 39, 40, 24, 22, 42, 7, 5, 34, 52, 51, 48, 49, 50, 33, 43, 3, 2, 11, 10, 14, 13, 12, 38, 4, 1, 6, 8, 9, 41, 47, 46, 45, 44, 32, 30, 0, 36, 35, 37, 18, 17, 16, 15, 19, 23, 20, 27, 26, 25, 29, 28];10229.0
25272.0;[39, 40, 21, 23, 22, 19, 3, 2, 17, 37, 35, 4, 25, 27, 29, 28, 26, 6, 7, 5, 13, 12, 14, 15, 48, 49, 52, 50, 51, 41, 47, 46, 43, 42, 44, 20, 24, 16, 11, 10, 38, 45, 34, 32, 31, 30, 0, 36, 18, 1, 8, 9, 33];10414.0
25641.0;[1, 8, 9, 7, 6, 5, 49, 51, 45, 44, 43, 42, 47, 46, 3, 2, 17, 16, 41, 34, 32, 31, 25, 26, 13, 12, 14, 11, 10, 20, 39, 38, 36, 40, 37, 19, 18, 15, 35, 21, 24, 23, 22, 27, 28, 29, 48, 52, 50, 33, 30, 0, 4];9931.0
24159.0;[51, 50, 33, 31, 11, 10, 38, 44, 43, 7, 6, 5, 0, 36, 35, 45, 41, 49, 48, 24, 18, 19, 1, 13, 12, 14, 16, 15, 37, 39, 40, 32, 26, 25, 27, 29, 21, 20, 8, 9, 3, 4, 34, 30, 2, 17, 23, 22, 42, 47, 46, 28, 52];11573.0
26900.0;[39, 37, 18, 19, 23, 22, 0, 36, 35, 7, 5, 8, 3, 1, 6, 9, 10, 14, 11, 38, 4, 2, 17, 16, 15, 40, 44, 34, 32, 31, 25, 26, 27, 29, 51, 48, 49, 52, 50, 33, 30, 13, 12, 45, 41, 47, 46, 43, 42, 28, 20, 24, 21];9665.0
26263.0;[38, 49, 48, 24, 22, 21, 10, 14, 34, 32, 26, 27, 29, 28, 25, 3, 4, 1, 41, 47, 44, 23, 20, 9, 7, 6, 5, 8, 2, 17, 15, 18, 19, 16, 11, 13, 12, 45, 42, 46, 43, 51, 50, 52, 33, 31, 30, 0, 36, 35, 37, 39, 40];10285.0
23525.0;[5, 10, 12, 36, 32, 30, 35, 42, 7, 9, 29, 28, 25, 16, 11, 13, 17, 15, 19, 18, 1, 0, 3, 2, 23, 20, 24, 39, 40, 37, 4, 34, 52, 51, 48, 50, 49, 31, 33, 26, 27, 14, 38, 45, 43, 41, 47, 46, 44, 22, 21, 8, 6];10883.0
24822.0;[25, 7, 5, 8, 14, 13, 12, 20, 39, 18, 19, 16, 15, 1, 3, 2, 36, 35, 40, 21, 23, 22, 44, 34, 32, 30, 0, 4, 27, 29, 28, 50, 49, 52, 51, 48, 24, 11, 10, 38, 37, 17, 31, 43, 46, 45, 41, 47, 42, 6, 9, 33, 26];10490.0
25206.0;[49, 33, 3, 2, 15, 52, 50, 18, 17, 11, 10, 12, 24, 21, 39, 40, 38, 45, 42, 46, 43, 44, 23, 22, 19, 16, 37, 35, 27, 25, 29, 28, 26, 7, 6, 9, 8, 14, 13, 34, 32, 31, 30, 0, 36, 4, 1, 41, 47, 20, 5, 51, 48];10781.0
26104.0;[2, 23, 21, 6, 9, 8, 3, 1, 43, 41, 47, 42, 46, 37, 40, 39, 38, 17, 16, 15, 35, 4, 0, 36, 29, 27, 28, 25, 26, 13, 11, 10, 14, 12, 20, 24, 22, 19, 18, 33, 31, 7, 5, 50, 48, 49, 52, 51, 45, 44, 34, 32, 30];9847.0
24656.0;[22, 46, 44, 34, 35, 4, 1, 8, 0, 2, 41, 47, 42, 19, 18, 17, 15, 39, 5, 51, 48, 49, 52, 50, 24, 23, 10, 14, 16, 11, 3, 13, 12, 36, 40, 37, 38, 45, 43, 7, 6, 9, 29, 28, 27, 25, 26, 32, 33, 31, 30, 20, 21];10756.0
26205.0;[44, 23, 24, 11, 13, 15, 50, 52, 28, 20, 39, 21, 8, 6, 9, 1, 41, 47, 43, 45, 42, 46, 37, 36, 35, 40, 38, 32, 31, 33, 26, 3, 10, 12, 14, 34, 30, 2, 0, 4, 22, 19, 18, 17, 16, 7, 5, 51, 49, 48, 29, 25, 27];10954.0
25730.0;[51, 48, 24, 22, 19, 23, 27, 3, 0, 21, 20, 36, 35, 37, 40, 39, 6, 9, 8, 17, 16, 15, 18, 1, 13, 11, 10, 12, 4, 2, 33, 30, 38, 45, 42, 47, 46, 43, 7, 5, 14, 41, 44, 34, 32, 31, 26, 25, 29, 28, 52, 50, 49];10076.0
25126.0;[44, 21, 20, 24, 23, 22, 18, 1, 2, 15, 19, 28, 29, 25, 27, 17, 16, 11, 10, 14, 13, 8, 6, 9, 7, 5, 49, 52, 51, 50, 48, 33, 30, 0, 4, 34, 32, 31, 26, 3, 12, 36, 35, 40, 37, 39, 38, 41, 47, 43, 42, 46, 45];9286.0
26067.0;[42, 47, 46, 23, 11, 3, 0, 4, 34, 52, 51, 45, 41, 44, 30, 2, 1, 7, 6, 5, 9, 8, 14, 38, 32, 33, 31, 26, 25, 13, 17, 15, 18, 19, 16, 20, 24, 22, 21, 39, 36, 10, 12, 37, 35, 40, 27, 29, 28, 50, 49, 48, 43];11166.0
24180.0;[24, 22, 47, 23, 32, 31, 30, 0, 1, 8, 5, 51, 48, 19, 18, 41, 43, 42, 46, 45, 44, 34, 33, 25, 27, 29, 28, 52, 50, 49, 26, 7, 6, 9, 3, 14, 20, 39, 10, 11, 13, 12, 4, 2, 17, 16, 15, 37, 40, 38, 36, 35, 21];9855.0
28417.0;[26, 2, 17, 43, 41, 46, 44, 27, 29, 3, 0, 36, 38, 45, 21, 39, 18, 19, 16, 15, 52, 50, 49, 51, 48, 28, 47, 42, 7, 5, 8, 9, 6, 33, 31, 30, 4, 1, 35, 40, 37, 10, 11, 13, 14, 12, 20, 24, 23, 22, 34, 32, 25];10830.0
26612.0;[39, 30, 0, 4, 12, 11, 13, 9, 6, 8, 36, 32, 31, 33, 21, 20, 24, 23, 22, 19, 1, 41, 47, 44, 34, 50, 48, 49, 52, 51, 45, 43, 42, 46, 35, 38, 40, 37, 18, 17, 10, 14, 27, 29, 28, 25, 26, 7, 5, 3, 2, 16, 15];9919.0
28047.0;[49, 25, 26, 0, 4, 22, 21, 23, 20, 27, 29, 28, 24, 19, 16, 11, 3, 2, 13, 34, 30, 35, 39, 10, 14, 9, 7, 6, 8, 12, 38, 36, 40, 37, 18, 17, 15, 1, 41, 47, 44, 42, 46, 32, 31, 33, 43, 45, 5, 51, 50, 52, 48];10544.0
26259.0;[21, 39, 43, 45, 12, 38, 36, 35, 18, 17, 33, 30, 0, 4, 1, 7, 5, 9, 8, 6, 44, 41, 47, 42, 46, 37, 40, 10, 14, 13, 11, 3, 2, 16, 23, 24, 22, 19, 15, 52, 50, 48, 49, 51, 29, 27, 28, 25, 26, 34, 32, 31, 20];9756.0
26035.0;[5, 13, 17, 16, 19, 18, 1, 14, 12, 15, 37, 40, 38, 45, 46, 43, 42, 41, 47, 10, 11, 3, 2, 23, 20, 24, 22, 0, 32, 33, 31, 30, 36, 35, 44, 34, 50, 52, 51, 49, 48, 29, 25, 26, 27, 28, 21, 39, 4, 8, 6, 9, 7];9565.0
27090.0;[10, 14, 24, 33, 31, 30, 36, 35, 4, 2, 17, 15, 16, 23, 20, 21, 27, 29, 28, 39, 40, 37, 19, 18, 1, 6, 9, 8, 3, 0, 22, 47, 46, 43, 41, 44, 34, 32, 26, 13, 12, 38, 45, 42, 7, 5, 51, 49, 52, 50, 48, 25, 11];9847.0
26233.0;[8, 6, 9, 15, 18, 16, 21, 20, 24, 22, 0, 13, 12, 14, 11, 2, 17, 33, 31, 30, 36, 35, 37, 40, 39, 38, 4, 34, 32, 27, 29, 51, 49, 52, 50, 48, 28, 25, 26, 3, 1, 41, 46, 43, 42, 47, 7, 5, 10, 45, 44, 23, 19];9774.0
24657.0;[38, 4, 1, 41, 42, 43, 45, 23, 22, 19, 16, 11, 10, 24, 47, 46, 44, 34, 32, 31, 30, 0, 3, 13, 12, 14, 33, 26, 25, 27, 29, 28, 50, 52, 51, 49, 48, 7, 5, 8, 6, 9, 2, 17, 15, 37, 18, 40, 36, 35, 21, 20, 39];8962.0
26735.0;[0, 14, 11, 10, 49, 50, 33, 30, 4, 2, 17, 16, 15, 36, 32, 31, 21, 39, 45, 43, 41, 47, 23, 20, 24, 22, 19, 28, 25, 26, 27, 42, 46, 35, 40, 37, 18, 1, 8, 6, 7, 5, 9, 3, 13, 12, 38, 44, 34, 52, 51, 48, 29];10616.0
26332.0;[30, 13, 17, 23, 22, 44, 42, 33, 27, 29, 28, 26, 25, 3, 2, 16, 15, 19, 18, 1, 7, 5, 8, 6, 9, 0, 36, 4, 34, 52, 50, 51, 48, 49, 24, 20, 11, 14, 10, 12, 38, 37, 35, 21, 39, 40, 41, 47, 46, 43, 45, 32, 31];10073.0
24808.0;[39, 35, 40, 27, 28, 33, 31, 26, 25, 7, 5, 36, 10, 14, 13, 12, 11, 3, 2, 23, 20, 24, 19, 18, 17, 16, 15, 21, 8, 6, 9, 1, 41, 43, 42, 46, 44, 34, 32, 30, 0, 4, 22, 47, 37, 38, 45, 50, 49, 52, 51, 48, 29];10245.0
26803.0;[15, 35, 21, 23, 42, 7, 5, 8, 6, 9, 33, 31, 30, 0, 4, 41, 47, 44, 34, 52, 51, 45, 43, 46, 37, 39, 40, 38, 36, 10, 12, 14, 20, 24, 22, 19, 18, 1, 3, 2, 17, 16, 11, 13, 32, 25, 26, 27, 29, 28, 50, 49, 48];10057.0
25137.0;[26, 12, 14, 24, 47, 44, 34, 30, 4, 2, 16, 15, 6, 9, 7, 5, 8, 13, 21, 20, 39, 37, 38, 45, 42, 46, 41, 43, 23, 22, 19, 18, 3, 1, 0, 36, 35, 40, 27, 29, 28, 50, 49, 52, 51, 48, 17, 11, 10, 32, 33, 31, 25];10043.0
26981.0;[28, 15, 40, 38, 44, 43, 42, 46, 24, 22, 19, 17, 16, 23, 21, 11, 10, 14, 13, 12, 45, 41, 47, 20, 39, 4, 1, 0, 36, 35, 37, 18, 5, 51, 52, 50, 49, 48, 26, 7, 6, 8, 9, 3, 2, 33, 31, 30, 34, 32, 25, 27, 29];9784.0
26497.0;[15, 32, 21, 39, 4, 1, 0, 27, 29, 28, 33, 31, 30, 38, 45, 41, 47, 34, 6, 9, 8, 2, 17, 16, 10, 11, 13, 14, 12, 36, 35, 40, 24, 22, 19, 25, 26, 3, 7, 5, 48, 49, 50, 52, 51, 44, 43, 42, 46, 23, 20, 37, 18];10764.0
26545.0;[27, 28, 22, 19, 16, 11, 10, 32, 25, 42, 41, 47, 46, 43, 45, 44, 20, 24, 23, 21, 39, 40, 38, 4, 2, 13, 12, 14, 34, 52, 50, 49, 51, 48, 26, 3, 0, 36, 37, 35, 18, 17, 15, 33, 31, 30, 1, 8, 9, 7, 6, 5, 29];10419.0
23583.0;[23, 20, 21, 39, 35, 40, 10, 14, 24, 44, 42, 7, 6, 5, 51, 30, 0, 4, 41, 47, 46, 43, 45, 17, 15, 28, 25, 26, 3, 8, 9, 2, 22, 19, 18, 16, 11, 12, 38, 36, 37, 1, 13, 34, 32, 33, 31, 27, 29, 52, 50, 48, 49];10967.0
25497.0;[48, 17, 11, 0, 35, 40, 27, 29, 3, 2, 16, 15, 23, 32, 33, 31, 30, 4, 22, 21, 20, 6, 9, 14, 24, 47, 42, 46, 44, 19, 28, 25, 26, 7, 5, 8, 13, 10, 12, 38, 36, 39, 37, 18, 1, 41, 43, 45, 34, 51, 49, 52, 50];10537.0
26503.0;[28, 25, 26, 16, 11, 41, 47, 46, 43, 45, 44, 34, 32, 24, 21, 20, 39, 1, 3, 14, 13, 10, 12, 4, 2, 15, 40, 38, 37, 17, 23, 22, 19, 18, 33, 31, 30, 0, 36, 35, 42, 7, 9, 8, 6, 5, 51, 52, 50, 48, 49, 29, 27];9225.0
26098.0;[41, 43, 46, 19, 1, 0, 36, 32, 27, 29, 28, 20, 24, 23, 22, 21, 39, 40, 38, 37, 18, 17, 16, 15, 35, 4, 2, 11, 10, 14, 13, 8, 9, 33, 26, 25, 7, 5, 6, 31, 30, 3, 12, 45, 34, 48, 49, 52, 50, 51, 42, 47, 44];10284.0
25813.0;[42, 1, 3, 13, 12, 14, 24, 23, 6, 9, 7, 5, 8, 0, 36, 35, 40, 21, 20, 39, 37, 38, 4, 27, 25, 26, 34, 32, 31, 30, 51, 49, 52, 50, 48, 29, 28, 22, 19, 16, 15, 18, 17, 11, 10, 2, 33, 43, 41, 47, 46, 45, 44];10450.0
23996.0;[3, 1, 6, 9, 33, 30, 18, 19, 41, 43, 42, 45, 13, 11, 10, 14, 17, 16, 15, 39, 37, 40, 4, 47, 46, 44, 34, 32, 31, 27, 28, 52, 50, 48, 49, 51, 29, 26, 25, 2, 20, 24, 23, 22, 0, 12, 38, 36, 35, 21, 7, 5, 8];10000.0
26430.0;[38, 45, 41, 47, 0, 4, 2, 13, 10, 11, 3, 1, 8, 7, 6, 9, 33, 30, 12, 14, 39, 5, 50, 51, 42, 46, 43, 37, 36, 35, 32, 31, 25, 27, 26, 17, 16, 22, 19, 18, 15, 40, 44, 34, 52, 48, 49, 29, 28, 21, 20, 24, 23];11110.0
25517.0;[2, 16, 11, 10, 14, 33, 30, 31, 26, 13, 12, 4, 25, 27, 47, 42, 7, 6, 9, 8, 3, 5, 51, 48, 49, 52, 50, 1, 0, 36, 35, 40, 39, 38, 37, 18, 17, 23, 20, 24, 46, 41, 43, 45, 44, 34, 32, 29, 28, 21, 22, 19, 15];10556.0
25679.0;[9, 7, 24, 22, 21, 39, 38, 4, 1, 2, 16, 15, 37, 35, 40, 5, 51, 49, 52, 50, 48, 29, 28, 25, 26, 27, 44, 23, 20, 8, 12, 14, 13, 10, 11, 3, 0, 36, 19, 18, 17, 43, 45, 41, 47, 42, 46, 34, 32, 31, 33, 30, 6];9423.0
27347.0;[13, 17, 16, 32, 33, 25, 26, 50, 48, 15, 39, 37, 19, 18, 1, 41, 47, 21, 27, 29, 28, 31, 30, 3, 0, 36, 35, 40, 38, 4, 34, 52, 49, 51, 45, 43, 7, 5, 8, 6, 9, 2, 23, 20, 24, 22, 42, 46, 44, 11, 10, 12, 14];11128.0
27230.0;[44, 43, 45, 11, 10, 38, 1, 13, 12, 41, 47, 42, 46, 37, 40, 21, 20, 26, 14, 24, 19, 17, 23, 22, 16, 15, 39, 32, 25, 28, 31, 33, 30, 36, 35, 18, 7, 6, 5, 9, 8, 3, 2, 0, 4, 34, 52, 50, 51, 48, 49, 29, 27];10816.0
24943.0;[20, 21, 3, 0, 4, 27, 25, 26, 2, 15, 35, 40, 38, 36, 45, 42, 46, 43, 7, 9, 34, 32, 29, 28, 39, 37, 18, 8, 6, 5, 51, 49, 52, 50, 48, 31, 33, 30, 1, 41, 47, 44, 24, 22, 19, 17, 16, 11, 10, 12, 14, 13, 23];10039.0
26403.0;[30, 41, 42, 46, 43, 45, 23, 20, 6, 9, 8, 7, 5, 0, 36, 35, 21, 39, 40, 38, 37, 18, 19, 16, 15, 50, 49, 52, 51, 48, 24, 22, 47, 44, 32, 33, 31, 26, 25, 27, 29, 28, 3, 14, 10, 12, 4, 1, 2, 17, 11, 13, 34];9547.0
24788.0;[0, 3, 13, 17, 15, 37, 35, 40, 38, 36, 4, 2, 23, 22, 47, 34, 32, 33, 31, 26, 27, 52, 51, 50, 48, 49, 28, 25, 29, 24, 21, 39, 18, 19, 16, 10, 12, 14, 20, 11, 1, 41, 45, 44, 43, 42, 46, 7, 6, 5, 8, 9, 30];9266.0
26206.0;[0, 4, 2, 17, 16, 37, 36, 35, 19, 18, 15, 40, 27, 29, 28, 25, 26, 3, 13, 11, 10, 14, 12, 24, 23, 20, 21, 39, 32, 31, 22, 47, 44, 34, 48, 49, 52, 51, 50, 33, 30, 1, 7, 6, 5, 8, 9, 38, 41, 43, 42, 46, 45];9541.0
25820.0;[10, 21, 20, 39, 49, 52, 51, 48, 50, 18, 15, 40, 45, 42, 7, 5, 38, 4, 2, 0, 36, 24, 22, 46, 44, 43, 41, 47, 25, 27, 29, 28, 26, 13, 12, 14, 9, 8, 6, 34, 32, 33, 31, 30, 35, 37, 19, 1, 3, 17, 16, 23, 11];10656.0
26458.0;[45, 20, 24, 22, 0, 4, 1, 47, 23, 21, 39, 40, 37, 18, 19, 28, 25, 27, 29, 11, 10, 12, 14, 13, 38, 36, 35, 15, 52, 51, 50, 48, 49, 42, 46, 44, 34, 32, 31, 30, 33, 26, 7, 6, 5, 8, 9, 3, 2, 17, 16, 41, 43];9720.0
27290.0;[10, 12, 14, 41, 47, 2, 17, 16, 23, 20, 24, 22, 4, 0, 36, 32, 33, 31, 30, 3, 11, 13, 15, 37, 35, 40, 39, 38, 45, 43, 42, 46, 44, 34, 18, 19, 1, 8, 9, 26, 25, 27, 29, 51, 49, 48, 52, 50, 28, 21, 7, 6, 5];9948.0
25787.0;[43, 49, 52, 50, 29, 25, 16, 11, 9, 8, 10, 14, 24, 22, 42, 7, 6, 36, 35, 40, 27, 28, 21, 20, 5, 51, 48, 26, 1, 0, 3, 13, 12, 38, 44, 34, 32, 31, 33, 30, 4, 2, 17, 23, 18, 19, 15, 37, 39, 45, 41, 47, 46];11163.0
25352.0;[46, 45, 13, 38, 36, 10, 12, 14, 34, 32, 33, 31, 30, 35, 21, 24, 20, 39, 40, 4, 0, 3, 37, 18, 15, 52, 51, 50, 48, 49, 29, 28, 25, 27, 26, 23, 22, 19, 1, 2, 17, 16, 11, 9, 7, 6, 5, 8, 41, 43, 42, 47, 44];9273.0
26101.0;[40, 38, 36, 27, 29, 28, 25, 26, 1, 41, 42, 46, 43, 45, 3, 13, 12, 20, 24, 22, 47, 44, 23, 21, 11, 10, 14, 34, 32, 31, 7, 6, 8, 9, 33, 30, 4, 2, 17, 39, 5, 51, 50, 52, 48, 49, 0, 35, 18, 19, 16, 15, 37];9847.0
26396.0;[20, 39, 27, 29, 28, 33, 31, 25, 26, 7, 8, 38, 44, 34, 30, 0, 14, 10, 12, 4, 1, 41, 47, 46, 43, 42, 45, 3, 2, 16, 15, 37, 35, 40, 36, 32, 21, 22, 19, 18, 17, 11, 13, 9, 6, 5, 51, 50, 52, 48, 49, 24, 23];9776.0
25574.0;[28, 25, 26, 3, 12, 38, 36, 37, 35, 4, 1, 41, 43, 42, 47, 7, 6, 5, 51, 52, 50, 48, 49, 27, 46, 45, 2, 23, 39, 21, 24, 22, 19, 18, 17, 10, 14, 20, 11, 13, 16, 15, 40, 44, 34, 32, 33, 31, 30, 0, 8, 9, 29];9679.0
27529.0;[45, 43, 35, 40, 38, 36, 18, 19, 33, 26, 25, 7, 3, 1, 41, 47, 42, 46, 44, 23, 24, 22, 20, 21, 8, 9, 6, 5, 51, 50, 52, 48, 49, 27, 29, 28, 34, 32, 31, 30, 0, 17, 16, 15, 37, 39, 4, 2, 11, 10, 14, 13, 12];9592.0
26833.0;[38, 45, 23, 21, 39, 37, 36, 35, 18, 17, 16, 15, 28, 25, 26, 27, 7, 9, 8, 6, 5, 52, 51, 50, 49, 48, 29, 33, 30, 0, 4, 2, 13, 12, 14, 11, 10, 41, 47, 42, 46, 34, 32, 31, 43, 44, 20, 24, 22, 19, 1, 3, 40];9884.0
25168.0;[45, 43, 46, 23, 20, 29, 28, 25, 26, 27, 47, 42, 7, 6, 8, 9, 41, 44, 34, 30, 4, 22, 19, 17, 16, 24, 39, 18, 1, 0, 2, 3, 13, 11, 10, 12, 14, 15, 37, 40, 36, 35, 38, 32, 31, 33, 21, 5, 50, 48, 49, 52, 51];10068.0
25956.0;[48, 24, 20, 21, 39, 40, 19, 18, 15, 37, 36, 35, 38, 4, 22, 42, 7, 5, 51, 29, 3, 11, 2, 17, 33, 31, 27, 28, 25, 26, 10, 12, 14, 13, 16, 23, 32, 30, 0, 1, 6, 8, 9, 41, 47, 46, 44, 43, 45, 34, 52, 50, 49];10429.0
26916.0;[29, 20, 10, 11, 34, 32, 31, 30, 4, 1, 41, 43, 2, 0, 36, 38, 45, 44, 42, 47, 46, 3, 14, 13, 12, 9, 7, 8, 6, 5, 51, 50, 52, 48, 49, 24, 22, 19, 28, 27, 25, 26, 17, 16, 15, 37, 35, 21, 23, 39, 40, 18, 33];10227.0
26053.0;[47, 46, 44, 23, 39, 40, 38, 4, 2, 16, 11, 0, 3, 13, 12, 27, 26, 10, 14, 17, 15, 37, 35, 45, 34, 52, 50, 33, 30, 36, 32, 31, 21, 20, 6, 9, 8, 7, 5, 51, 48, 49, 29, 28, 25, 24, 22, 19, 18, 1, 43, 42, 41];10092.0
26313.0;[7, 6, 9, 23, 20, 38, 36, 10, 0, 4, 22, 44, 34, 48, 29, 26, 2, 17, 11, 16, 15, 37, 35, 21, 39, 18, 8, 3, 1, 41, 42, 47, 5, 51, 49, 52, 50, 33, 32, 31, 30, 40, 46, 45, 43, 13, 12, 14, 24, 19, 28, 25, 27];11367.0
23824.0;[17, 16, 15, 50, 48, 26, 7, 6, 5, 8, 9, 3, 13, 14, 41, 47, 46, 37, 10, 12, 11, 34, 52, 51, 49, 24, 23, 32, 31, 33, 21, 39, 4, 1, 22, 19, 18, 20, 27, 25, 29, 28, 30, 0, 36, 35, 40, 38, 45, 44, 42, 43, 2];10967.0
27441.0;[10, 11, 9, 33, 31, 26, 24, 23, 44, 34, 32, 30, 36, 27, 29, 28, 25, 3, 13, 12, 14, 20, 21, 39, 38, 4, 1, 8, 6, 7, 5, 51, 50, 52, 48, 49, 22, 19, 18, 17, 16, 15, 37, 35, 40, 45, 41, 47, 43, 42, 46, 2, 0];9690.0
25990.0;[4, 26, 7, 5, 8, 3, 13, 50, 48, 29, 25, 27, 28, 31, 30, 12, 14, 20, 39, 38, 36, 40, 21, 23, 22, 19, 17, 16, 15, 37, 10, 11, 45, 44, 46, 43, 42, 41, 47, 34, 32, 33, 52, 51, 49, 24, 18, 6, 9, 2, 1, 0, 35];11265.0
24159.0;[43, 5, 51, 49, 52, 31, 33, 21, 24, 20, 8, 9, 7, 11, 10, 38, 18, 15, 37, 36, 35, 40, 6, 50, 48, 29, 28, 44, 34, 32, 30, 0, 4, 2, 17, 16, 23, 27, 25, 26, 22, 19, 1, 3, 13, 12, 14, 39, 45, 42, 47, 46, 41];11330.0
25769.0;[5, 8, 3, 12, 14, 13, 10, 11, 36, 40, 39, 38, 37, 19, 18, 1, 6, 9, 16, 15, 35, 21, 20, 24, 46, 43, 45, 41, 44, 34, 32, 31, 26, 27, 28, 25, 29, 51, 48, 49, 52, 50, 33, 30, 0, 4, 2, 17, 23, 22, 47, 42, 7];8641.0
24529.0;[13, 38, 45, 42, 44, 29, 28, 24, 23, 32, 26, 25, 27, 3, 1, 2, 16, 15, 37, 21, 22, 11, 10, 12, 14, 20, 39, 36, 35, 4, 34, 31, 30, 0, 40, 19, 18, 17, 41, 47, 46, 43, 49, 51, 48, 52, 50, 33, 7, 6, 5, 8, 9];10410.0
25721.0;[44, 43, 41, 42, 46, 45, 36, 10, 11, 17, 15, 37, 35, 40, 19, 16, 23, 8, 9, 29, 28, 25, 27, 47, 34, 32, 31, 26, 7, 6, 33, 30, 0, 4, 2, 3, 13, 14, 12, 20, 24, 22, 21, 39, 38, 18, 1, 5, 48, 49, 52, 51, 50];10110.0
23514.0;[16, 20, 9, 8, 2, 0, 4, 23, 22, 47, 46, 43, 42, 45, 3, 13, 14, 12, 38, 35, 40, 15, 37, 18, 19, 1, 41, 7, 6, 5, 51, 52, 50, 49, 48, 29, 28, 25, 26, 27, 44, 34, 32, 31, 30, 33, 24, 21, 39, 36, 10, 11, 17];9487.0
24972.0;[15, 40, 37, 27, 29, 28, 21, 39, 36, 35, 38, 4, 2, 11, 10, 14, 17, 23, 20, 24, 9, 8, 0, 32, 31, 33, 30, 3, 7, 6, 5, 34, 52, 51, 50, 48, 49, 25, 26, 13, 12, 18, 1, 41, 47, 46, 43, 45, 42, 44, 22, 19, 16];10022.0
26087.0;[13, 17, 15, 37, 16, 23, 22, 21, 24, 47, 44, 20, 8, 9, 7, 35, 40, 39, 6, 5, 51, 49, 52, 50, 48, 29, 28, 25, 27, 26, 2, 41, 42, 46, 43, 45, 3, 14, 12, 38, 4, 18, 19, 1, 34, 32, 33, 31, 30, 0, 36, 10, 11];9196.0
27814.0;[14, 13, 10, 12, 34, 32, 30, 0, 36, 35, 4, 1, 8, 9, 6, 44, 42, 47, 25, 27, 29, 28, 26, 3, 2, 17, 16, 11, 38, 37, 40, 21, 20, 24, 23, 22, 19, 18, 15, 39, 45, 46, 41, 43, 7, 5, 51, 49, 48, 52, 50, 33, 31];9207.0
26048.0;[33, 21, 39, 40, 27, 29, 28, 25, 26, 13, 11, 10, 12, 14, 34, 32, 31, 30, 36, 38, 42, 7, 6, 9, 5, 8, 3, 1, 0, 2, 17, 23, 4, 22, 20, 24, 19, 16, 15, 37, 35, 48, 49, 50, 52, 51, 45, 44, 43, 41, 47, 46, 18];9888.0
26368.0;[0, 4, 52, 48, 1, 36, 35, 38, 44, 43, 7, 5, 8, 3, 13, 12, 20, 24, 23, 22, 18, 6, 9, 2, 11, 10, 14, 17, 16, 15, 19, 25, 26, 27, 29, 28, 51, 49, 50, 33, 21, 39, 37, 40, 45, 41, 47, 42, 46, 34, 32, 31, 30];10591.0
28015.0;[8, 36, 35, 4, 1, 2, 3, 12, 10, 14, 27, 26, 25, 29, 28, 24, 22, 41, 47, 46, 43, 42, 18, 15, 45, 44, 23, 32, 31, 21, 20, 39, 40, 38, 37, 19, 17, 16, 11, 13, 34, 48, 49, 52, 51, 50, 33, 30, 0, 6, 9, 7, 5];9781.0
26427.0;[50, 33, 21, 8, 13, 45, 34, 32, 31, 30, 0, 36, 39, 35, 40, 38, 4, 1, 3, 2, 16, 15, 37, 27, 29, 28, 26, 25, 10, 12, 11, 14, 20, 24, 22, 46, 43, 44, 23, 19, 18, 17, 41, 42, 47, 7, 9, 6, 5, 49, 51, 48, 52];9764.0
27440.0;[22, 1, 3, 34, 32, 31, 30, 2, 0, 36, 10, 11, 38, 35, 40, 39, 4, 41, 43, 42, 47, 46, 45, 44, 29, 28, 50, 52, 49, 51, 48, 17, 16, 15, 37, 19, 18, 8, 7, 5, 6, 9, 33, 25, 27, 26, 13, 12, 14, 21, 23, 20, 24];9850.0
24429.0;[5, 51, 50, 14, 20, 39, 41, 43, 42, 46, 45, 34, 18, 15, 37, 40, 32, 31, 3, 13, 9, 8, 2, 1, 47, 44, 24, 22, 19, 6, 48, 49, 52, 33, 30, 0, 36, 35, 17, 16, 23, 21, 11, 12, 10, 38, 4, 25, 27, 29, 28, 26, 7];11245.0
25665.0;[42, 25, 26, 27, 28, 35, 38, 10, 12, 14, 20, 24, 19, 18, 0, 36, 49, 52, 51, 45, 44, 23, 22, 47, 46, 34, 32, 31, 21, 39, 8, 9, 7, 6, 5, 50, 48, 29, 3, 2, 16, 15, 40, 37, 1, 13, 17, 11, 33, 30, 4, 41, 43];11341.0
25319.0;[28, 20, 21, 10, 12, 36, 35, 40, 39, 5, 51, 48, 26, 7, 6, 9, 14, 24, 47, 42, 17, 11, 13, 33, 32, 31, 30, 18, 19, 16, 15, 37, 38, 45, 44, 23, 22, 0, 4, 1, 8, 3, 2, 41, 43, 46, 34, 52, 50, 49, 29, 25, 27];10996.0
26835.0;[22, 19, 18, 5, 51, 48, 15, 37, 21, 24, 23, 27, 28, 25, 26, 10, 12, 45, 44, 20, 39, 16, 11, 13, 34, 49, 52, 50, 29, 1, 41, 47, 46, 43, 42, 7, 6, 9, 8, 0, 3, 14, 38, 35, 40, 36, 32, 31, 33, 30, 4, 2, 17];10912.0
27763.0;[36, 32, 31, 21, 6, 9, 8, 7, 5, 51, 49, 24, 39, 40, 37, 18, 10, 12, 14, 13, 26, 25, 27, 28, 52, 50, 48, 29, 2, 17, 15, 19, 16, 11, 1, 41, 47, 46, 43, 3, 4, 22, 44, 42, 34, 33, 30, 0, 35, 45, 23, 20, 38];11073.0
23135.0;[5, 51, 48, 20, 24, 19, 50, 49, 52, 28, 25, 27, 26, 29, 3, 13, 10, 11, 2, 17, 33, 30, 0, 36, 38, 4, 22, 34, 32, 31, 7, 12, 14, 16, 15, 35, 40, 37, 18, 1, 42, 41, 47, 46, 43, 45, 44, 23, 21, 39, 6, 9, 8];10851.0
25060.0;[2, 24, 22, 39, 37, 18, 15, 44, 42, 47, 46, 45, 10, 12, 14, 38, 36, 35, 40, 21, 19, 17, 16, 23, 27, 29, 28, 20, 11, 13, 34, 32, 30, 0, 4, 33, 31, 25, 52, 51, 50, 49, 48, 26, 7, 5, 6, 8, 9, 1, 41, 43, 3];10389.0
24811.0;[42, 15, 36, 31, 25, 26, 3, 10, 11, 13, 17, 23, 22, 19, 18, 16, 41, 47, 7, 5, 8, 12, 38, 35, 40, 37, 21, 24, 20, 39, 46, 43, 44, 34, 32, 2, 4, 1, 6, 9, 33, 30, 0, 14, 27, 29, 28, 50, 49, 48, 52, 51, 45];11035.0
24623.0;[27, 26, 13, 17, 16, 23, 24, 22, 20, 39, 40, 38, 4, 15, 35, 37, 18, 19, 1, 2, 3, 0, 36, 31, 30, 12, 11, 10, 14, 9, 7, 6, 8, 41, 46, 43, 42, 47, 5, 50, 48, 49, 52, 51, 45, 44, 34, 32, 33, 21, 29, 28, 25];9856.0
25220.0;[30, 23, 20, 39, 21, 27, 29, 2, 1, 8, 6, 7, 5, 9, 33, 25, 26, 0, 37, 36, 35, 40, 4, 22, 3, 14, 13, 45, 43, 41, 47, 44, 34, 52, 50, 51, 48, 49, 28, 24, 19, 15, 18, 17, 16, 11, 10, 12, 38, 42, 46, 32, 31];10666.0
27197.0;[4, 22, 1, 35, 19, 18, 9, 8, 2, 3, 17, 16, 15, 37, 10, 11, 12, 14, 13, 31, 33, 30, 0, 36, 21, 23, 24, 47, 44, 34, 32, 26, 25, 27, 28, 20, 39, 6, 7, 5, 51, 48, 49, 52, 50, 29, 46, 45, 41, 43, 42, 40, 38];9913.0
26334.0;[13, 11, 10, 14, 12, 38, 34, 32, 26, 46, 45, 3, 33, 31, 30, 0, 35, 39, 4, 2, 17, 16, 23, 20, 8, 6, 9, 36, 40, 19, 1, 41, 43, 18, 15, 37, 21, 24, 22, 47, 44, 42, 7, 5, 51, 49, 52, 50, 48, 27, 29, 28, 25];10018.0
25259.0;[33, 26, 5, 8, 4, 1, 41, 47, 10, 12, 14, 24, 23, 20, 39, 38, 45, 44, 43, 42, 46, 37, 40, 27, 25, 29, 28, 52, 50, 49, 51, 48, 18, 17, 11, 16, 15, 35, 21, 22, 19, 13, 34, 32, 31, 30, 0, 36, 7, 6, 9, 3, 2];10350.0
26165.0;[30, 3, 13, 12, 14, 17, 37, 35, 40, 38, 45, 43, 41, 42, 46, 4, 2, 33, 31, 26, 27, 47, 44, 23, 21, 19, 16, 15, 39, 6, 9, 8, 0, 36, 10, 11, 34, 32, 25, 28, 20, 24, 22, 18, 1, 7, 5, 51, 49, 52, 50, 48, 29];10106.0
26241.0;[49, 24, 22, 44, 23, 20, 39, 21, 9, 33, 30, 36, 35, 40, 4, 0, 3, 2, 16, 11, 10, 38, 17, 15, 37, 1, 7, 6, 5, 8, 12, 14, 13, 34, 32, 31, 26, 25, 27, 45, 41, 47, 46, 43, 42, 18, 19, 28, 29, 50, 52, 51, 48];9838.0
24182.0;[50, 29, 0, 17, 11, 10, 12, 14, 13, 9, 7, 8, 3, 2, 23, 20, 21, 24, 22, 16, 15, 37, 36, 35, 40, 39, 38, 45, 41, 44, 34, 32, 31, 30, 33, 26, 28, 25, 27, 47, 42, 46, 43, 19, 18, 4, 1, 6, 5, 51, 48, 49, 52];9220.0
25535.0;[29, 17, 16, 19, 15, 4, 2, 11, 3, 13, 14, 20, 24, 21, 39, 40, 37, 18, 23, 22, 47, 44, 34, 32, 31, 26, 10, 12, 38, 36, 35, 45, 42, 41, 46, 43, 52, 49, 50, 33, 30, 0, 1, 8, 6, 9, 7, 5, 51, 48, 28, 25, 27];10126.0
26684.0;[37, 18, 16, 21, 20, 8, 9, 33, 26, 29, 39, 38, 41, 47, 43, 42, 46, 45, 44, 23, 22, 19, 11, 10, 3, 1, 7, 6, 5, 13, 12, 14, 36, 35, 4, 34, 32, 30, 0, 2, 17, 31, 25, 27, 28, 50, 49, 52, 51, 48, 24, 15, 40];10247.0
24588.0;[7, 6, 5, 51, 50, 33, 32, 31, 30, 9, 8, 2, 17, 16, 23, 24, 20, 39, 4, 22, 0, 34, 52, 49, 48, 29, 28, 25, 27, 26, 3, 13, 15, 40, 38, 36, 35, 21, 11, 10, 12, 37, 19, 18, 1, 14, 46, 43, 45, 41, 47, 44, 42];9869.0
24849.0;[0, 36, 35, 19, 33, 31, 30, 12, 14, 13, 17, 16, 40, 37, 7, 5, 6, 8, 9, 4, 22, 24, 23, 21, 20, 10, 11, 1, 41, 47, 34, 32, 39, 38, 45, 44, 42, 46, 43, 18, 15, 52, 51, 50, 48, 49, 28, 29, 25, 26, 27, 2, 3];10324.0
25422.0;[7, 5, 15, 39, 6, 9, 33, 21, 24, 19, 18, 17, 16, 41, 46, 43, 42, 34, 31, 27, 28, 25, 26, 36, 35, 40, 4, 22, 47, 44, 23, 20, 8, 3, 2, 1, 0, 32, 30, 13, 14, 11, 10, 12, 38, 37, 45, 51, 48, 49, 52, 50, 29];10942.0
26946.0;[2, 23, 24, 42, 41, 47, 46, 43, 7, 6, 9, 3, 14, 20, 37, 17, 16, 15, 36, 10, 11, 33, 31, 25, 26, 27, 29, 28, 21, 39, 35, 40, 32, 30, 13, 12, 38, 4, 22, 19, 18, 8, 5, 51, 48, 49, 50, 52, 45, 44, 34, 1, 0];10116.0
26195.0;[22, 8, 6, 9, 4, 2, 17, 11, 3, 13, 12, 45, 41, 42, 47, 25, 26, 38, 36, 10, 14, 33, 21, 39, 35, 40, 37, 18, 1, 7, 5, 51, 49, 52, 50, 48, 29, 28, 27, 46, 43, 44, 34, 32, 31, 30, 0, 16, 15, 19, 23, 20, 24];9912.0
26495.0;[36, 15, 37, 18, 11, 13, 10, 12, 14, 17, 16, 22, 19, 9, 8, 0, 4, 3, 2, 1, 46, 41, 43, 42, 47, 7, 6, 5, 51, 48, 49, 52, 50, 21, 24, 23, 20, 39, 35, 40, 38, 45, 44, 34, 32, 33, 25, 26, 27, 29, 28, 31, 30];9184.0
23604.0;[49, 48, 26, 25, 16, 15, 37, 3, 2, 23, 20, 39, 35, 40, 38, 4, 1, 41, 47, 24, 22, 19, 18, 17, 21, 8, 7, 5, 6, 9, 13, 11, 10, 12, 14, 43, 45, 42, 46, 44, 34, 30, 0, 36, 32, 33, 31, 27, 29, 28, 52, 51, 50];9282.0
23333.0;[24, 0, 36, 10, 34, 30, 4, 47, 28, 29, 21, 20, 8, 2, 1, 41, 46, 43, 17, 16, 23, 22, 19, 18, 15, 52, 51, 50, 48, 49, 39, 37, 35, 40, 38, 45, 44, 42, 7, 5, 6, 9, 33, 32, 31, 26, 25, 27, 3, 11, 13, 12, 14];10990.0
26729.0;[4, 17, 23, 24, 22, 20, 29, 28, 25, 27, 10, 14, 12, 38, 36, 32, 31, 33, 21, 39, 35, 40, 37, 18, 19, 16, 11, 13, 34, 52, 50, 30, 0, 44, 41, 43, 47, 42, 46, 45, 3, 2, 1, 8, 9, 7, 5, 6, 49, 51, 48, 26, 15];10827.0
26227.0;[20, 21, 11, 34, 52, 51, 50, 33, 30, 3, 13, 12, 10, 38, 4, 1, 41, 47, 46, 43, 45, 44, 42, 18, 15, 35, 2, 17, 16, 24, 22, 19, 7, 6, 5, 48, 49, 9, 8, 14, 27, 29, 26, 0, 36, 32, 31, 25, 28, 39, 40, 37, 23];11084.0
26823.0;[34, 32, 31, 29, 28, 25, 7, 6, 13, 14, 12, 35, 21, 20, 27, 26, 3, 0, 36, 18, 15, 40, 44, 43, 46, 37, 39, 38, 4, 2, 17, 33, 30, 1, 9, 8, 23, 24, 22, 19, 16, 11, 10, 45, 41, 47, 42, 5, 51, 48, 49, 50, 52];10624.0
25478.0;[11, 3, 1, 8, 2, 32, 26, 25, 27, 52, 50, 33, 31, 21, 20, 24, 23, 22, 7, 6, 9, 5, 49, 51, 48, 19, 18, 15, 40, 38, 45, 42, 46, 43, 44, 34, 30, 0, 4, 13, 10, 12, 14, 41, 47, 28, 29, 39, 36, 35, 37, 17, 16];10784.0
26664.0;[37, 19, 18, 17, 15, 40, 38, 44, 23, 20, 24, 22, 34, 50, 52, 51, 48, 49, 33, 26, 27, 29, 28, 25, 16, 11, 10, 14, 4, 1, 0, 2, 32, 31, 30, 36, 35, 21, 39, 45, 43, 41, 47, 42, 46, 7, 6, 5, 8, 9, 3, 13, 12];9317.0
27329.0;[0, 4, 2, 17, 23, 22, 39, 6, 9, 8, 29, 28, 25, 27, 3, 34, 52, 50, 48, 26, 7, 5, 51, 49, 24, 18, 19, 1, 13, 12, 32, 31, 33, 30, 16, 15, 37, 40, 38, 36, 35, 21, 20, 11, 10, 14, 41, 47, 44, 42, 46, 43, 45];10285.0
24403.0;[12, 36, 35, 32, 31, 6, 7, 5, 51, 49, 52, 50, 14, 38, 4, 22, 20, 24, 21, 37, 39, 40, 45, 43, 42, 18, 15, 19, 9, 8, 2, 17, 16, 23, 11, 13, 33, 30, 1, 41, 47, 46, 44, 34, 48, 29, 27, 28, 25, 26, 0, 3, 10];11220.0
25751.0;[24, 22, 19, 11, 10, 14, 12, 13, 34, 30, 36, 35, 39, 40, 38, 4, 15, 37, 18, 1, 0, 2, 17, 16, 23, 20, 21, 33, 31, 7, 5, 6, 9, 8, 3, 41, 47, 43, 45, 42, 46, 44, 32, 26, 27, 25, 29, 28, 50, 52, 51, 48, 49];9564.0
26113.0;[0, 36, 38, 47, 44, 23, 11, 13, 34, 32, 30, 35, 21, 27, 26, 3, 4, 22, 20, 24, 39, 10, 14, 12, 45, 41, 43, 42, 46, 18, 17, 33, 31, 25, 29, 28, 50, 49, 52, 51, 48, 16, 15, 37, 40, 19, 1, 7, 6, 5, 8, 9, 2];10205.0
26639.0;[23, 21, 20, 24, 22, 19, 17, 16, 37, 40, 27, 26, 2, 3, 13, 14, 11, 10, 12, 45, 42, 41, 47, 46, 43, 7, 9, 8, 0, 36, 35, 18, 15, 39, 38, 44, 34, 32, 31, 33, 25, 29, 28, 30, 4, 1, 6, 5, 51, 52, 50, 49, 48];9609.0
27012.0;[21, 23, 39, 36, 40, 37, 18, 16, 15, 35, 4, 25, 27, 28, 20, 24, 22, 19, 1, 3, 0, 32, 31, 33, 26, 29, 52, 50, 49, 51, 48, 11, 10, 14, 12, 38, 45, 41, 43, 47, 42, 46, 44, 34, 30, 13, 9, 7, 6, 5, 8, 2, 17];9667.0
27120.0;[26, 13, 11, 10, 12, 14, 4, 22, 19, 17, 16, 15, 18, 1, 41, 47, 46, 43, 42, 7, 5, 6, 8, 9, 33, 30, 3, 2, 0, 35, 40, 38, 36, 37, 21, 20, 24, 23, 39, 32, 31, 25, 27, 28, 50, 49, 52, 51, 45, 44, 34, 48, 29];9755.0
26017.0;[26, 34, 32, 43, 45, 44, 20, 39, 6, 9, 13, 12, 14, 4, 1, 8, 7, 5, 51, 50, 52, 48, 49, 24, 33, 31, 30, 0, 3, 2, 17, 16, 15, 37, 18, 19, 11, 10, 38, 36, 35, 40, 21, 23, 22, 42, 47, 46, 41, 28, 27, 29, 25];9699.0
26639.0;[49, 50, 33, 31, 20, 21, 11, 10, 12, 14, 38, 45, 42, 47, 34, 30, 0, 4, 24, 22, 18, 19, 1, 41, 43, 46, 44, 23, 32, 26, 25, 2, 3, 13, 17, 16, 15, 39, 36, 35, 40, 37, 8, 6, 9, 7, 5, 29, 28, 27, 52, 51, 48];9733.0
28576.0;[48, 49, 29, 16, 15, 37, 42, 47, 46, 41, 43, 45, 44, 34, 32, 30, 0, 38, 4, 22, 20, 21, 39, 35, 40, 36, 10, 11, 12, 14, 13, 33, 31, 26, 25, 27, 28, 7, 6, 9, 8, 3, 2, 23, 24, 19, 17, 18, 1, 5, 51, 50, 52];9342.0
25922.0;[42, 44, 23, 22, 19, 18, 17, 16, 15, 39, 4, 1, 3, 0, 36, 35, 40, 38, 37, 32, 31, 21, 20, 24, 47, 46, 2, 33, 30, 7, 5, 6, 9, 8, 13, 34, 52, 50, 49, 51, 48, 29, 27, 28, 25, 26, 14, 11, 10, 12, 45, 41, 43];9539.0
27018.0;[25, 7, 9, 3, 2, 41, 43, 35, 40, 37, 21, 11, 13, 17, 16, 10, 12, 14, 20, 39, 38, 42, 47, 46, 45, 44, 23, 24, 22, 19, 18, 15, 1, 8, 6, 5, 51, 48, 49, 50, 52, 33, 31, 30, 0, 36, 4, 34, 32, 26, 27, 29, 28];9005.0
27011.0;[13, 11, 10, 14, 17, 16, 8, 6, 5, 12, 38, 39, 32, 25, 26, 27, 1, 41, 47, 28, 50, 52, 51, 49, 48, 29, 15, 37, 19, 18, 23, 21, 20, 24, 22, 46, 42, 7, 9, 33, 43, 45, 44, 34, 31, 30, 0, 36, 35, 40, 4, 2, 3];10779.0
26453.0;[16, 15, 23, 20, 27, 25, 29, 28, 24, 22, 21, 39, 19, 11, 3, 1, 2, 17, 35, 40, 38, 37, 18, 8, 6, 9, 36, 10, 12, 14, 13, 7, 5, 50, 48, 49, 52, 51, 45, 43, 41, 47, 42, 46, 44, 34, 32, 30, 33, 31, 26, 0, 4];9808.0
27515.0;[27, 13, 34, 32, 31, 30, 21, 20, 24, 47, 44, 43, 41, 42, 7, 9, 8, 2, 16, 15, 37, 1, 0, 36, 35, 4, 22, 39, 40, 38, 18, 17, 23, 19, 6, 5, 49, 52, 51, 50, 48, 29, 28, 46, 45, 3, 10, 11, 12, 14, 33, 25, 26];10132.0
25152.0;[15, 45, 0, 4, 2, 23, 24, 22, 46, 43, 7, 5, 1, 13, 34, 52, 50, 14, 12, 11, 10, 37, 18, 19, 16, 51, 49, 48, 29, 44, 41, 42, 47, 28, 25, 27, 26, 36, 39, 38, 32, 33, 31, 30, 35, 40, 21, 20, 8, 6, 9, 3, 17];11778.0
25512.0;[22, 0, 16, 27, 28, 25, 26, 2, 33, 30, 3, 10, 11, 9, 8, 6, 7, 5, 51, 49, 52, 50, 48, 29, 12, 14, 47, 44, 42, 46, 41, 43, 45, 23, 19, 18, 17, 15, 36, 35, 40, 39, 37, 1, 13, 38, 4, 34, 32, 31, 21, 20, 24];9896.0
26549.0;[42, 5, 51, 48, 35, 40, 45, 41, 47, 46, 44, 22, 16, 23, 20, 39, 37, 1, 3, 2, 17, 15, 32, 31, 30, 0, 36, 10, 11, 4, 34, 52, 50, 49, 24, 21, 8, 9, 13, 14, 12, 38, 18, 19, 33, 26, 27, 29, 28, 25, 7, 6, 43];11231.0
26140.0;[41, 47, 25, 3, 13, 38, 4, 2, 18, 19, 23, 32, 33, 21, 20, 24, 22, 11, 10, 12, 14, 17, 16, 15, 37, 39, 44, 34, 52, 50, 51, 48, 49, 26, 7, 6, 5, 8, 9, 29, 28, 27, 31, 30, 1, 0, 36, 35, 40, 45, 46, 43, 42];10312.0
26227.0;[39, 6, 5, 9, 8, 2, 23, 20, 24, 22, 21, 29, 28, 25, 27, 3, 13, 14, 34, 32, 30, 0, 4, 17, 16, 11, 10, 12, 37, 33, 31, 26, 1, 41, 44, 43, 47, 46, 45, 42, 7, 51, 49, 52, 50, 48, 18, 19, 15, 35, 40, 38, 36];9656.0
26251.0;[23, 32, 27, 29, 28, 25, 4, 22, 24, 19, 15, 39, 21, 20, 6, 5, 8, 0, 35, 40, 45, 46, 43, 37, 18, 17, 16, 11, 12, 38, 36, 10, 14, 13, 34, 52, 51, 48, 49, 50, 31, 26, 7, 9, 33, 30, 3, 2, 1, 41, 42, 47, 44];10296.0
25901.0;[15, 37, 32, 21, 20, 24, 22, 36, 10, 11, 34, 26, 27, 29, 28, 25, 7, 9, 8, 3, 41, 43, 45, 44, 18, 19, 1, 47, 42, 46, 35, 40, 38, 4, 12, 14, 13, 17, 23, 39, 6, 5, 51, 48, 49, 52, 50, 33, 31, 30, 0, 2, 16];9665.0
24645.0;[42, 46, 44, 23, 39, 38, 33, 31, 25, 26, 7, 5, 8, 35, 40, 21, 24, 16, 15, 17, 11, 10, 20, 6, 9, 3, 12, 14, 13, 34, 32, 30, 0, 36, 45, 43, 41, 47, 37, 18, 1, 2, 4, 22, 19, 28, 27, 29, 48, 49, 52, 50, 51];10604.0
28211.0;[15, 36, 10, 35, 21, 8, 9, 7, 49, 52, 50, 33, 26, 2, 23, 20, 39, 45, 42, 47, 44, 41, 43, 46, 37, 40, 38, 4, 12, 14, 27, 28, 25, 3, 34, 32, 31, 30, 0, 1, 6, 5, 51, 48, 29, 24, 22, 19, 18, 16, 11, 13, 17];10671.0
27119.0;[3, 2, 17, 11, 34, 32, 30, 0, 4, 52, 51, 48, 49, 50, 1, 36, 18, 28, 25, 47, 42, 46, 35, 40, 21, 6, 8, 9, 13, 24, 22, 45, 44, 41, 43, 7, 5, 23, 19, 16, 15, 37, 39, 38, 10, 12, 14, 20, 27, 26, 29, 31, 33];11641.0
27733.0;[4, 5, 51, 48, 24, 23, 21, 11, 3, 2, 13, 10, 14, 12, 20, 39, 36, 35, 18, 19, 17, 16, 22, 49, 52, 50, 29, 28, 25, 27, 26, 15, 37, 40, 38, 45, 44, 34, 32, 33, 31, 30, 43, 41, 47, 46, 42, 7, 6, 9, 8, 1, 0];9989.0
25459.0;[3, 2, 17, 33, 31, 30, 0, 10, 48, 49, 23, 21, 20, 24, 22, 19, 18, 15, 39, 38, 45, 41, 47, 16, 11, 13, 12, 14, 34, 32, 27, 29, 28, 25, 26, 1, 6, 9, 8, 7, 5, 51, 50, 52, 44, 43, 42, 46, 37, 36, 35, 40, 4];10169.0
27555.0;[5, 16, 20, 24, 47, 46, 37, 35, 40, 38, 36, 31, 21, 11, 10, 14, 13, 12, 45, 44, 34, 32, 26, 27, 29, 28, 25, 23, 22, 19, 18, 17, 15, 39, 4, 1, 41, 42, 43, 48, 49, 52, 51, 50, 33, 30, 0, 3, 2, 6, 8, 9, 7];9752.0
26889.0;[14, 9, 33, 31, 3, 13, 34, 30, 0, 49, 48, 29, 26, 16, 41, 44, 39, 40, 38, 4, 2, 23, 20, 24, 22, 19, 1, 8, 7, 6, 5, 36, 32, 25, 27, 47, 45, 42, 46, 43, 28, 52, 51, 50, 18, 17, 15, 37, 35, 21, 11, 10, 12];11708.0
26723.0;[29, 24, 21, 20, 39, 38, 45, 41, 47, 3, 1, 35, 36, 10, 12, 14, 13, 11, 34, 32, 31, 25, 27, 28, 52, 50, 51, 48, 49, 30, 0, 4, 6, 7, 5, 8, 2, 17, 16, 15, 37, 40, 44, 43, 42, 46, 23, 22, 19, 18, 9, 33, 26];9880.0
25151.0;[1, 8, 7, 5, 6, 9, 13, 11, 10, 14, 12, 21, 22, 42, 47, 28, 25, 27, 24, 19, 18, 17, 33, 32, 31, 30, 0, 3, 2, 15, 37, 39, 40, 36, 35, 45, 41, 43, 46, 44, 34, 51, 49, 52, 50, 48, 29, 26, 16, 23, 20, 38, 4];9516.0
24353.0;[26, 1, 41, 47, 7, 5, 3, 36, 35, 21, 23, 20, 39, 18, 8, 6, 9, 13, 12, 11, 10, 14, 24, 19, 16, 32, 33, 31, 30, 0, 4, 22, 28, 25, 27, 2, 17, 15, 37, 40, 38, 43, 45, 42, 46, 44, 34, 51, 48, 49, 52, 50, 29];9660.0
26434.0;[2, 33, 30, 4, 41, 47, 42, 21, 27, 29, 28, 25, 1, 0, 36, 35, 37, 18, 19, 17, 16, 15, 39, 40, 38, 34, 32, 31, 26, 7, 6, 9, 13, 20, 24, 46, 43, 45, 44, 23, 22, 8, 5, 51, 48, 49, 52, 50, 12, 14, 11, 10, 3];10064.0
26354.0;[38, 45, 14, 13, 17, 16, 15, 18, 21, 20, 24, 23, 22, 19, 8, 3, 2, 0, 11, 10, 12, 32, 31, 25, 26, 7, 5, 6, 9, 33, 30, 4, 1, 44, 34, 52, 51, 50, 49, 48, 28, 27, 29, 41, 47, 43, 42, 46, 37, 40, 39, 36, 35];10044.0
25449.0;[36, 10, 14, 12, 38, 37, 35, 40, 4, 25, 26, 8, 9, 6, 5, 51, 48, 24, 22, 19, 1, 41, 43, 47, 46, 44, 23, 21, 20, 39, 45, 42, 7, 2, 16, 15, 18, 17, 33, 31, 27, 29, 28, 50, 49, 52, 34, 32, 30, 0, 13, 11, 3];10608.0
27046.0;[22, 1, 35, 39, 38, 4, 2, 16, 15, 49, 52, 48, 29, 27, 28, 20, 21, 11, 10, 14, 12, 42, 46, 41, 47, 44, 43, 45, 3, 8, 9, 7, 6, 5, 51, 50, 33, 26, 25, 13, 34, 32, 31, 30, 0, 36, 40, 37, 19, 18, 17, 24, 23];9968.0
25528.0;[21, 11, 10, 12, 38, 36, 35, 4, 1, 3, 13, 14, 9, 7, 5, 8, 6, 33, 32, 31, 30, 0, 2, 23, 24, 22, 19, 25, 29, 26, 27, 42, 41, 47, 46, 43, 18, 17, 16, 15, 37, 40, 39, 45, 44, 34, 52, 50, 48, 49, 51, 28, 20];9497.0
27980.0;[50, 1, 41, 43, 46, 0, 36, 35, 40, 37, 39, 38, 45, 42, 7, 6, 5, 51, 48, 49, 44, 34, 32, 31, 33, 30, 12, 14, 20, 24, 23, 21, 11, 10, 4, 2, 8, 9, 3, 13, 16, 15, 19, 18, 17, 22, 47, 26, 25, 27, 29, 28, 52];10304.0
25124.0;[1, 3, 41, 42, 46, 22, 19, 18, 17, 11, 13, 34, 32, 30, 0, 2, 16, 15, 6, 9, 8, 7, 5, 47, 44, 23, 20, 10, 14, 12, 38, 45, 43, 49, 51, 48, 52, 50, 33, 31, 26, 27, 25, 29, 28, 39, 37, 36, 35, 40, 21, 24, 4];9953.0
27195.0;[2, 0, 3, 13, 38, 45, 41, 47, 46, 43, 42, 44, 23, 22, 19, 25, 27, 29, 28, 21, 4, 1, 36, 40, 37, 35, 52, 50, 51, 48, 49, 26, 10, 12, 14, 20, 24, 18, 15, 39, 6, 9, 8, 7, 5, 17, 16, 11, 34, 32, 33, 31, 30];9905.0
26374.0;[50, 28, 26, 25, 2, 17, 11, 34, 32, 30, 45, 41, 47, 5, 51, 49, 48, 29, 7, 6, 43, 42, 46, 44, 23, 20, 8, 9, 3, 13, 10, 12, 14, 24, 22, 19, 16, 15, 21, 39, 40, 38, 4, 1, 0, 36, 35, 37, 18, 31, 33, 27, 52];11034.0
25699.0;[18, 19, 16, 23, 22, 21, 39, 15, 37, 40, 38, 4, 3, 2, 0, 36, 35, 10, 11, 14, 13, 12, 45, 44, 42, 46, 41, 43, 7, 9, 17, 33, 31, 30, 1, 47, 34, 32, 25, 26, 27, 29, 28, 20, 24, 8, 6, 5, 51, 50, 52, 48, 49];9696.0
25718.0;[46, 11, 3, 1, 41, 47, 23, 22, 19, 15, 50, 48, 24, 21, 39, 33, 31, 26, 7, 2, 16, 20, 8, 6, 9, 5, 49, 52, 51, 45, 44, 34, 32, 30, 0, 40, 37, 18, 17, 10, 12, 14, 13, 36, 38, 4, 25, 27, 29, 28, 35, 43, 42];11602.0
25839.0;[12, 45, 42, 47, 46, 44, 32, 26, 14, 10, 48, 49, 51, 2, 17, 24, 23, 39, 36, 40, 38, 4, 13, 34, 52, 50, 33, 31, 30, 0, 22, 20, 27, 29, 28, 25, 7, 5, 8, 6, 9, 3, 1, 41, 43, 18, 19, 16, 15, 37, 35, 21, 11];11098.0
25776.0;[33, 7, 5, 0, 1, 41, 42, 37, 39, 38, 4, 26, 25, 27, 29, 28, 3, 13, 14, 11, 10, 12, 36, 32, 31, 30, 35, 40, 15, 50, 48, 49, 52, 51, 19, 18, 6, 9, 8, 2, 17, 16, 20, 21, 24, 23, 22, 47, 46, 44, 43, 45, 34];10351.0
23196.0;[5, 4, 22, 23, 29, 28, 27, 25, 13, 14, 39, 6, 8, 9, 3, 1, 0, 36, 40, 37, 18, 19, 16, 15, 38, 10, 12, 11, 2, 17, 33, 30, 35, 21, 20, 24, 42, 46, 43, 41, 47, 34, 50, 49, 48, 52, 51, 45, 44, 32, 31, 26, 7];10313.0
25454.0;[43, 3, 13, 15, 37, 40, 45, 44, 27, 28, 25, 26, 2, 17, 23, 22, 19, 16, 11, 10, 14, 39, 38, 4, 34, 32, 33, 31, 29, 52, 51, 48, 49, 50, 30, 0, 36, 35, 21, 20, 24, 18, 1, 7, 6, 5, 8, 9, 12, 42, 41, 47, 46];9742.0
25546.0;[30, 13, 10, 12, 38, 45, 41, 43, 42, 46, 34, 32, 20, 39, 40, 2, 17, 16, 11, 3, 0, 4, 1, 6, 8, 9, 7, 5, 14, 47, 44, 23, 24, 22, 19, 18, 15, 37, 36, 35, 21, 27, 28, 50, 49, 52, 51, 48, 29, 26, 25, 31, 33];9627.0
26303.0;[36, 32, 31, 26, 15, 37, 40, 45, 46, 43, 42, 47, 7, 5, 8, 12, 4, 22, 18, 19, 17, 16, 11, 10, 14, 13, 34, 50, 52, 49, 51, 48, 6, 9, 33, 30, 0, 35, 21, 24, 23, 27, 29, 28, 25, 3, 2, 1, 41, 44, 20, 39, 38];10150.0
25182.0;[5, 8, 14, 20, 21, 23, 24, 22, 19, 18, 9, 33, 25, 26, 0, 3, 2, 17, 16, 41, 43, 42, 46, 47, 27, 29, 28, 39, 38, 45, 44, 34, 50, 52, 51, 48, 49, 10, 12, 11, 13, 15, 37, 36, 32, 31, 30, 35, 40, 4, 1, 6, 7];10229.0
25606.0;[13, 12, 14, 10, 11, 2, 16, 15, 37, 19, 18, 17, 38, 36, 32, 31, 33, 30, 0, 4, 1, 41, 47, 44, 23, 20, 8, 6, 5, 9, 7, 21, 39, 35, 40, 27, 29, 28, 25, 26, 3, 34, 50, 52, 51, 49, 48, 24, 22, 42, 46, 43, 45];9154.0
25750.0;[25, 27, 26, 3, 13, 10, 14, 12, 38, 4, 22, 19, 18, 17, 15, 45, 42, 37, 40, 8, 9, 1, 41, 47, 46, 43, 7, 6, 33, 30, 0, 44, 34, 32, 31, 21, 20, 36, 35, 39, 5, 51, 52, 50, 48, 49, 29, 28, 11, 2, 16, 23, 24];10438.0
23961.0;[9, 8, 23, 20, 6, 7, 5, 1, 44, 43, 41, 47, 42, 46, 45, 34, 30, 13, 12, 38, 37, 21, 39, 40, 4, 0, 36, 35, 50, 52, 51, 48, 49, 24, 22, 16, 11, 10, 14, 32, 33, 31, 26, 25, 27, 29, 28, 3, 2, 17, 15, 19, 18];10141.0
26186.0;[17, 23, 22, 19, 16, 13, 10, 11, 1, 9, 7, 6, 5, 8, 14, 12, 38, 35, 39, 40, 37, 18, 15, 52, 50, 51, 48, 49, 29, 28, 25, 26, 27, 4, 34, 30, 0, 36, 32, 33, 31, 20, 21, 24, 47, 44, 41, 42, 46, 45, 43, 3, 2];9512.0
25852.0;[32, 31, 30, 1, 9, 8, 13, 11, 3, 2, 4, 22, 21, 24, 23, 20, 10, 12, 14, 34, 51, 48, 49, 52, 50, 29, 28, 27, 25, 26, 0, 36, 35, 40, 37, 18, 19, 16, 39, 38, 45, 44, 41, 47, 46, 43, 42, 7, 6, 5, 17, 15, 33];9278.0
26798.0;[39, 45, 34, 30, 0, 13, 12, 38, 36, 35, 18, 15, 37, 40, 21, 20, 8, 9, 3, 16, 11, 10, 14, 43, 41, 42, 46, 47, 44, 23, 32, 33, 31, 27, 29, 28, 25, 26, 1, 4, 2, 17, 24, 22, 19, 7, 6, 5, 51, 49, 52, 50, 48];9576.0
26639.0;[14, 27, 29, 13, 17, 15, 37, 19, 18, 16, 23, 20, 39, 4, 47, 25, 26, 7, 5, 6, 9, 8, 3, 2, 1, 0, 36, 40, 38, 45, 42, 46, 43, 41, 44, 34, 32, 31, 33, 30, 35, 48, 49, 52, 51, 50, 28, 24, 22, 21, 11, 12, 10];9981.0
25024.0;[5, 8, 16, 11, 3, 0, 36, 35, 24, 23, 22, 47, 46, 44, 34, 32, 29, 28, 25, 26, 13, 10, 12, 14, 20, 21, 39, 40, 38, 4, 2, 1, 41, 43, 45, 42, 19, 18, 17, 31, 27, 50, 52, 51, 48, 49, 33, 30, 37, 15, 6, 9, 7];10021.0
25551.0;[26, 35, 21, 24, 22, 20, 6, 9, 8, 0, 4, 3, 13, 12, 38, 36, 45, 44, 23, 39, 40, 27, 28, 33, 31, 30, 11, 10, 14, 41, 43, 42, 47, 46, 51, 49, 48, 52, 50, 29, 7, 5, 2, 17, 16, 15, 37, 18, 19, 1, 34, 32, 25];10644.0
26331.0;[46, 38, 4, 22, 47, 44, 34, 32, 19, 18, 1, 41, 6, 7, 5, 8, 9, 3, 13, 12, 14, 20, 39, 17, 16, 15, 37, 21, 24, 23, 11, 10, 49, 52, 51, 48, 50, 29, 28, 25, 27, 26, 0, 2, 33, 31, 30, 36, 35, 40, 45, 43, 42];9789.0
27231.0;[47, 34, 30, 12, 44, 43, 41, 42, 46, 23, 27, 29, 28, 25, 3, 1, 0, 36, 35, 40, 38, 45, 7, 6, 9, 4, 22, 19, 8, 5, 51, 49, 52, 50, 48, 20, 24, 21, 11, 10, 14, 13, 33, 32, 31, 26, 2, 15, 39, 37, 18, 17, 16];10525.0
27297.0;[24, 23, 22, 15, 40, 4, 1, 41, 43, 42, 46, 47, 25, 27, 26, 36, 35, 21, 20, 29, 28, 39, 38, 32, 33, 31, 52, 51, 50, 48, 49, 45, 44, 34, 30, 0, 2, 17, 16, 11, 3, 13, 10, 12, 37, 18, 19, 9, 7, 6, 5, 8, 14];10348.0
28545.0;[25, 26, 15, 45, 44, 23, 22, 19, 33, 31, 3, 34, 32, 30, 0, 36, 35, 4, 8, 9, 13, 12, 11, 10, 14, 21, 39, 40, 38, 37, 18, 1, 2, 17, 16, 20, 24, 47, 46, 41, 43, 42, 6, 7, 5, 51, 49, 52, 50, 48, 29, 27, 28];9543.0
25039.0;[6, 9, 13, 33, 27, 28, 25, 26, 2, 16, 23, 39, 45, 41, 43, 37, 40, 38, 4, 34, 52, 50, 18, 17, 15, 19, 10, 12, 14, 11, 3, 1, 7, 5, 51, 48, 49, 29, 24, 22, 47, 42, 46, 44, 32, 31, 30, 0, 36, 35, 21, 20, 8];10682.0
27273.0;[52, 33, 39, 45, 13, 11, 17, 15, 37, 23, 21, 20, 24, 22, 19, 16, 10, 12, 14, 38, 36, 32, 31, 30, 0, 4, 8, 7, 6, 9, 3, 2, 1, 41, 43, 42, 35, 40, 18, 5, 51, 49, 48, 29, 28, 25, 26, 27, 47, 46, 44, 34, 50];10380.0
25567.0;[29, 26, 7, 8, 6, 9, 12, 14, 41, 47, 28, 25, 27, 15, 21, 39, 37, 40, 33, 31, 20, 24, 23, 22, 19, 18, 1, 0, 3, 2, 17, 16, 11, 13, 4, 34, 32, 30, 36, 35, 38, 10, 45, 44, 43, 42, 46, 5, 51, 52, 50, 49, 48];10133.0
26392.0;[2, 13, 14, 20, 24, 23, 22, 21, 39, 37, 16, 15, 19, 18, 17, 33, 27, 29, 28, 26, 25, 3, 41, 47, 42, 46, 43, 7, 9, 8, 6, 5, 48, 50, 49, 52, 51, 45, 44, 34, 32, 31, 30, 0, 11, 10, 12, 38, 4, 1, 36, 35, 40];9080.0
25711.0;[19, 17, 16, 23, 20, 39, 35, 40, 4, 22, 21, 9, 29, 26, 2, 1, 15, 37, 18, 11, 10, 14, 12, 38, 44, 34, 30, 0, 36, 32, 33, 31, 25, 27, 28, 50, 48, 49, 52, 51, 45, 41, 47, 42, 46, 43, 7, 6, 5, 8, 3, 13, 24];9645.0
26642.0;[26, 36, 35, 10, 12, 29, 28, 47, 46, 45, 23, 20, 21, 39, 37, 17, 33, 30, 0, 32, 25, 27, 16, 15, 40, 38, 4, 2, 1, 3, 11, 13, 14, 24, 22, 19, 18, 7, 6, 5, 51, 49, 52, 50, 48, 9, 8, 41, 43, 42, 44, 34, 31];10785.0
27576.0;[38, 39, 4, 22, 20, 24, 17, 33, 32, 30, 0, 41, 47, 23, 11, 2, 16, 15, 37, 18, 19, 1, 3, 13, 14, 10, 12, 45, 44, 43, 42, 46, 34, 51, 49, 52, 50, 48, 29, 26, 25, 27, 28, 31, 21, 7, 6, 5, 8, 9, 36, 35, 40];9730.0
25820.0;[4, 20, 21, 6, 9, 3, 2, 1, 35, 40, 17, 16, 39, 38, 45, 41, 43, 7, 5, 8, 0, 36, 10, 11, 13, 23, 22, 19, 18, 15, 37, 32, 26, 12, 14, 24, 47, 44, 42, 46, 34, 51, 49, 52, 50, 48, 29, 25, 27, 28, 31, 33, 30];10012.0
26805.0;[40, 36, 35, 21, 22, 44, 42, 7, 9, 8, 3, 13, 14, 24, 23, 11, 10, 12, 41, 43, 45, 33, 30, 0, 4, 2, 20, 39, 38, 34, 32, 31, 26, 17, 16, 15, 18, 19, 1, 6, 5, 52, 51, 50, 48, 49, 29, 27, 28, 25, 47, 46, 37];10199.0
26374.0;[15, 19, 9, 8, 23, 24, 22, 39, 40, 37, 32, 31, 27, 28, 20, 21, 11, 10, 14, 13, 17, 33, 30, 12, 41, 47, 46, 43, 45, 44, 42, 18, 16, 34, 52, 51, 50, 48, 49, 29, 25, 26, 3, 2, 0, 36, 35, 38, 4, 1, 7, 6, 5];10245.0
25168.0;[40, 24, 22, 16, 15, 37, 35, 36, 10, 11, 12, 14, 20, 29, 28, 25, 27, 26, 3, 0, 2, 17, 23, 21, 39, 38, 45, 41, 47, 46, 44, 43, 42, 19, 18, 8, 7, 5, 6, 9, 13, 34, 51, 48, 49, 50, 52, 32, 31, 33, 30, 4, 1];9544.0
26991.0;[50, 12, 14, 11, 10, 38, 36, 40, 37, 16, 15, 35, 21, 39, 4, 1, 43, 41, 47, 34, 32, 31, 30, 13, 45, 42, 46, 44, 23, 20, 24, 22, 19, 18, 17, 33, 26, 27, 29, 28, 25, 7, 6, 9, 3, 0, 2, 8, 5, 49, 51, 48, 52];9398.0
25392.0;[48, 17, 11, 10, 3, 2, 16, 15, 35, 40, 32, 31, 33, 45, 44, 23, 20, 39, 37, 18, 1, 4, 34, 30, 0, 38, 36, 28, 25, 26, 27, 29, 21, 22, 19, 7, 5, 6, 9, 8, 13, 12, 14, 24, 47, 42, 46, 43, 41, 49, 52, 51, 50];10455.0
26447.0;[4, 22, 20, 28, 25, 0, 3, 1, 6, 9, 2, 23, 24, 47, 44, 7, 5, 8, 13, 17, 41, 43, 42, 46, 37, 18, 19, 16, 15, 40, 39, 36, 35, 21, 11, 10, 12, 14, 38, 45, 34, 32, 26, 27, 29, 52, 51, 48, 49, 50, 33, 31, 30];9792.0
25624.0;[42, 46, 36, 10, 12, 38, 40, 45, 44, 47, 25, 27, 29, 28, 24, 22, 15, 21, 23, 20, 39, 4, 1, 32, 31, 33, 30, 0, 35, 37, 19, 18, 17, 16, 11, 34, 52, 50, 49, 51, 48, 26, 6, 7, 5, 8, 9, 3, 2, 13, 14, 41, 43];10028.0
25052.0;[13, 10, 11, 1, 3, 2, 17, 40, 38, 4, 34, 32, 31, 26, 27, 29, 28, 25, 46, 41, 47, 45, 12, 14, 24, 23, 20, 21, 8, 9, 6, 44, 43, 42, 7, 5, 51, 49, 52, 50, 48, 22, 19, 16, 15, 39, 36, 35, 37, 18, 33, 30, 0];9436.0
25849.0;[26, 27, 44, 23, 11, 1, 43, 42, 37, 35, 36, 10, 12, 20, 21, 39, 40, 8, 7, 5, 51, 50, 52, 48, 49, 28, 25, 29, 33, 31, 30, 0, 3, 13, 14, 24, 22, 19, 18, 6, 9, 2, 15, 38, 4, 17, 16, 41, 47, 46, 45, 34, 32];9953.0
28059.0;[3, 51, 48, 29, 1, 41, 47, 35, 40, 38, 34, 32, 30, 4, 2, 0, 21, 24, 23, 22, 17, 16, 15, 19, 18, 28, 25, 27, 26, 7, 5, 9, 8, 6, 44, 42, 46, 43, 45, 49, 52, 50, 33, 31, 13, 12, 14, 20, 39, 37, 36, 10, 11];11076.0
25704.0;[5, 33, 25, 27, 46, 44, 23, 20, 39, 18, 1, 0, 35, 4, 22, 21, 11, 13, 17, 16, 24, 19, 15, 37, 40, 38, 45, 43, 42, 47, 28, 52, 50, 49, 51, 48, 29, 26, 3, 36, 10, 12, 14, 41, 34, 32, 31, 30, 2, 6, 8, 9, 7];10152.0
25039.0;[46, 43, 42, 28, 25, 7, 5, 8, 2, 3, 16, 15, 39, 37, 40, 21, 22, 34, 6, 9, 0, 35, 4, 13, 12, 14, 33, 26, 27, 29, 50, 49, 48, 52, 51, 45, 41, 47, 44, 23, 20, 24, 19, 18, 17, 11, 10, 38, 36, 32, 31, 30, 1];10411.0
23919.0;[3, 0, 36, 27, 29, 28, 11, 13, 12, 21, 20, 24, 22, 47, 46, 42, 18, 33, 30, 4, 1, 2, 17, 16, 19, 15, 52, 51, 50, 49, 48, 23, 39, 35, 40, 37, 38, 10, 14, 41, 43, 45, 44, 34, 32, 31, 25, 26, 7, 5, 8, 6, 9];10124.0
27055.0;[31, 26, 15, 37, 39, 38, 4, 13, 12, 14, 11, 3, 2, 17, 16, 19, 18, 1, 41, 47, 46, 43, 10, 48, 49, 24, 23, 7, 6, 9, 8, 36, 35, 40, 45, 42, 44, 30, 0, 5, 51, 50, 52, 33, 25, 27, 29, 28, 21, 20, 22, 34, 32];11167.0
27310.0;[16, 41, 47, 34, 32, 31, 30, 0, 12, 14, 9, 7, 6, 5, 33, 26, 25, 27, 29, 28, 24, 23, 20, 21, 11, 10, 38, 36, 35, 40, 39, 51, 49, 52, 50, 48, 22, 19, 18, 15, 45, 44, 43, 42, 46, 1, 8, 3, 13, 17, 37, 4, 2];9810.0
26167.0;[23, 11, 10, 37, 19, 18, 36, 35, 40, 38, 45, 44, 34, 30, 0, 3, 2, 17, 16, 15, 39, 4, 1, 8, 9, 7, 6, 32, 31, 33, 13, 12, 14, 41, 47, 46, 43, 42, 5, 51, 48, 49, 52, 50, 29, 26, 25, 27, 28, 24, 22, 20, 21];9272.0
25464.0;[31, 33, 10, 11, 9, 3, 13, 12, 14, 20, 29, 26, 41, 47, 25, 27, 44, 34, 30, 0, 36, 40, 37, 35, 4, 1, 2, 17, 16, 23, 24, 22, 21, 18, 19, 15, 50, 52, 51, 48, 49, 28, 39, 38, 45, 42, 46, 43, 7, 5, 8, 6, 32];11156.0
28634.0;[51, 7, 5, 12, 14, 24, 22, 18, 19, 47, 42, 46, 44, 23, 21, 20, 27, 29, 28, 25, 15, 37, 32, 30, 0, 1, 41, 43, 45, 3, 8, 6, 9, 33, 31, 26, 13, 10, 11, 36, 35, 40, 39, 38, 4, 2, 17, 16, 34, 50, 48, 49, 52];10400.0
26292.0;[29, 41, 47, 6, 8, 9, 13, 14, 21, 20, 22, 46, 43, 42, 7, 5, 51, 49, 52, 50, 48, 24, 23, 19, 18, 17, 16, 15, 37, 28, 25, 26, 36, 39, 4, 1, 3, 2, 11, 10, 12, 38, 45, 44, 34, 32, 31, 33, 30, 0, 35, 40, 27];9854.0
25379.0;[43, 44, 23, 20, 24, 22, 11, 10, 12, 36, 32, 33, 31, 30, 0, 4, 2, 17, 21, 39, 5, 49, 50, 48, 29, 28, 25, 27, 26, 16, 15, 18, 19, 7, 6, 9, 8, 3, 13, 14, 41, 42, 46, 35, 40, 38, 37, 1, 47, 34, 52, 51, 45];10101.0
27616.0;[43, 42, 28, 25, 26, 7, 1, 41, 47, 46, 35, 4, 2, 3, 17, 33, 31, 27, 29, 20, 24, 22, 19, 15, 37, 18, 16, 23, 11, 38, 45, 44, 34, 32, 30, 0, 10, 12, 14, 13, 8, 6, 9, 5, 51, 48, 49, 52, 50, 21, 39, 36, 40];10274.0
25362.0;[9, 29, 27, 28, 25, 26, 3, 0, 35, 40, 38, 45, 41, 43, 42, 44, 34, 32, 30, 36, 10, 49, 52, 51, 48, 50, 33, 31, 12, 14, 24, 47, 46, 37, 19, 18, 1, 8, 7, 6, 5, 16, 15, 39, 4, 2, 17, 23, 22, 21, 20, 11, 13];9996.0
27005.0;[47, 25, 29, 28, 52, 51, 48, 49, 50, 33, 2, 15, 37, 27, 26, 7, 5, 0, 3, 13, 17, 16, 11, 10, 14, 34, 32, 31, 30, 36, 35, 40, 39, 4, 22, 23, 21, 20, 24, 19, 18, 1, 8, 6, 9, 12, 38, 44, 43, 42, 46, 45, 41];9582.0
25072.0;[34, 10, 20, 21, 7, 5, 9, 0, 3, 2, 24, 23, 32, 31, 30, 4, 22, 19, 16, 11, 13, 17, 15, 37, 40, 39, 38, 36, 35, 18, 1, 8, 6, 42, 46, 43, 41, 47, 27, 29, 28, 48, 49, 52, 51, 50, 33, 26, 25, 12, 14, 45, 44];10262.0
25438.0;[42, 46, 23, 20, 21, 8, 9, 2, 3, 1, 0, 4, 25, 27, 52, 51, 49, 24, 22, 33, 32, 31, 30, 35, 18, 19, 17, 16, 11, 10, 14, 13, 34, 50, 48, 29, 28, 26, 15, 40, 37, 39, 38, 36, 44, 7, 6, 5, 12, 45, 41, 47, 43];10828.0
25300.0;[0, 3, 38, 4, 2, 13, 12, 14, 11, 10, 20, 39, 36, 35, 40, 45, 41, 47, 44, 34, 52, 48, 29, 27, 28, 24, 19, 17, 16, 15, 37, 18, 43, 42, 46, 23, 22, 21, 5, 51, 49, 50, 33, 30, 32, 31, 25, 26, 1, 8, 7, 6, 9];10412.0
26179.0;[8, 9, 13, 10, 12, 14, 20, 24, 22, 19, 18, 11, 0, 4, 1, 3, 2, 17, 15, 37, 32, 31, 25, 27, 29, 28, 47, 42, 46, 43, 41, 34, 30, 36, 35, 5, 51, 48, 49, 52, 50, 33, 26, 16, 21, 39, 40, 38, 45, 44, 23, 7, 6];9539.0
27523.0;[3, 1, 8, 29, 28, 21, 40, 39, 38, 15, 37, 17, 23, 11, 13, 10, 12, 14, 34, 32, 31, 30, 4, 2, 16, 41, 47, 7, 6, 9, 5, 51, 48, 49, 52, 50, 33, 25, 27, 26, 0, 36, 35, 45, 42, 46, 43, 44, 20, 24, 22, 19, 18];9666.0
26741.0;[35, 21, 39, 32, 26, 1, 6, 9, 2, 15, 19, 17, 16, 10, 14, 41, 45, 44, 23, 22, 28, 25, 29, 27, 47, 46, 43, 42, 7, 5, 8, 3, 0, 4, 34, 52, 51, 50, 49, 48, 20, 24, 33, 31, 30, 36, 40, 37, 18, 11, 13, 12, 38];10606.0
26492.0;[32, 31, 26, 3, 4, 1, 13, 14, 11, 2, 16, 23, 22, 39, 45, 41, 43, 42, 46, 7, 6, 9, 30, 0, 35, 36, 10, 12, 38, 18, 17, 15, 37, 40, 21, 20, 24, 19, 8, 5, 51, 48, 49, 52, 50, 33, 27, 29, 28, 25, 47, 44, 34];9443.0
26914.0;[1, 2, 0, 4, 20, 39, 6, 9, 44, 34, 32, 31, 21, 29, 28, 25, 26, 27, 3, 11, 10, 12, 14, 13, 17, 16, 15, 19, 8, 7, 5, 51, 48, 49, 52, 50, 33, 30, 36, 35, 38, 45, 41, 43, 42, 23, 24, 22, 47, 46, 37, 40, 18];9488.0
25764.0;[28, 22, 47, 46, 45, 44, 23, 11, 3, 2, 13, 14, 33, 25, 27, 26, 10, 12, 32, 30, 0, 35, 4, 1, 41, 43, 42, 34, 48, 49, 24, 39, 38, 36, 40, 37, 17, 16, 15, 19, 18, 8, 6, 9, 7, 5, 51, 50, 52, 31, 21, 20, 29];11116.0
24925.0;[3, 2, 16, 37, 40, 38, 45, 41, 47, 43, 48, 49, 23, 20, 9, 7, 6, 5, 8, 11, 10, 12, 14, 17, 15, 50, 52, 51, 44, 42, 46, 34, 32, 26, 27, 25, 29, 28, 24, 22, 21, 39, 36, 35, 19, 18, 33, 31, 30, 0, 13, 4, 1];10555.0
24821.0;[12, 38, 45, 17, 27, 26, 2, 8, 6, 44, 43, 46, 23, 39, 36, 40, 37, 35, 21, 20, 24, 22, 19, 15, 18, 16, 11, 10, 3, 49, 52, 50, 51, 48, 29, 28, 25, 13, 14, 34, 30, 0, 4, 1, 41, 47, 42, 7, 5, 9, 33, 32, 31];11014.0
25713.0;[4, 21, 23, 20, 35, 49, 50, 12, 14, 39, 38, 45, 44, 34, 30, 0, 40, 36, 32, 25, 27, 29, 24, 22, 19, 28, 52, 51, 48, 18, 1, 41, 47, 46, 43, 42, 13, 10, 11, 3, 2, 17, 16, 15, 37, 7, 6, 5, 9, 8, 33, 31, 26];11560.0
26717.0;[42, 46, 35, 38, 44, 34, 32, 30, 0, 36, 40, 19, 18, 17, 16, 11, 3, 2, 13, 10, 4, 1, 8, 15, 37, 21, 20, 39, 45, 43, 49, 51, 48, 52, 50, 12, 14, 24, 23, 22, 41, 47, 25, 27, 29, 28, 31, 26, 7, 6, 5, 9, 33];10780.0
27732.0;[25, 21, 20, 39, 35, 40, 4, 13, 12, 38, 44, 52, 51, 41, 47, 46, 42, 37, 19, 18, 33, 31, 11, 10, 24, 23, 22, 9, 8, 7, 6, 5, 34, 32, 30, 0, 36, 45, 43, 49, 48, 50, 29, 26, 2, 17, 16, 15, 1, 3, 14, 27, 28];12145.0
25438.0;[21, 18, 19, 1, 13, 11, 10, 41, 43, 7, 5, 6, 8, 9, 12, 14, 27, 28, 20, 39, 36, 38, 4, 22, 47, 42, 46, 23, 24, 49, 52, 50, 51, 48, 29, 26, 25, 44, 34, 32, 31, 30, 0, 3, 2, 16, 15, 37, 35, 40, 45, 17, 33];10590.0
27090.0;[29, 28, 44, 22, 19, 18, 15, 37, 10, 11, 1, 36, 35, 40, 17, 20, 24, 23, 21, 39, 38, 4, 9, 8, 6, 31, 33, 30, 0, 3, 2, 16, 41, 47, 46, 43, 42, 45, 12, 14, 13, 34, 32, 26, 25, 27, 7, 5, 51, 52, 50, 49, 48];9704.0
27766.0;[10, 3, 2, 0, 4, 22, 20, 27, 29, 28, 47, 44, 41, 42, 7, 9, 17, 23, 24, 11, 12, 14, 38, 36, 16, 15, 37, 35, 40, 18, 19, 1, 13, 34, 32, 31, 30, 21, 8, 6, 5, 51, 48, 49, 50, 52, 33, 26, 25, 46, 43, 45, 39];10525.0
27114.0;[5, 2, 16, 19, 28, 25, 15, 37, 18, 11, 3, 8, 6, 9, 33, 31, 27, 47, 42, 46, 20, 24, 22, 21, 39, 35, 40, 38, 36, 10, 14, 12, 13, 17, 23, 32, 30, 0, 4, 1, 41, 43, 45, 44, 34, 52, 50, 49, 51, 48, 29, 26, 7];10096.0
25575.0;[35, 49, 52, 50, 29, 28, 25, 26, 27, 3, 1, 4, 2, 16, 23, 32, 31, 33, 22, 18, 19, 15, 37, 39, 40, 21, 20, 9, 8, 6, 5, 51, 48, 24, 47, 42, 46, 44, 34, 30, 0, 36, 38, 45, 41, 43, 7, 12, 14, 13, 17, 11, 10];10399.0
26491.0;[24, 23, 22, 33, 21, 20, 39, 35, 40, 37, 38, 4, 2, 17, 16, 15, 10, 11, 3, 8, 6, 5, 49, 52, 50, 29, 28, 25, 26, 27, 13, 12, 14, 9, 7, 51, 48, 18, 19, 1, 41, 47, 44, 43, 42, 46, 45, 34, 32, 31, 30, 0, 36];9949.0
25988.0;[29, 26, 11, 13, 12, 45, 46, 43, 42, 25, 27, 28, 52, 49, 24, 22, 19, 18, 15, 37, 10, 14, 38, 36, 35, 40, 4, 2, 17, 16, 41, 47, 44, 23, 20, 21, 39, 6, 8, 9, 3, 0, 34, 32, 33, 31, 30, 1, 7, 5, 51, 50, 48];10112.0
26753.0;[46, 35, 40, 21, 23, 24, 22, 19, 18, 6, 9, 8, 0, 13, 12, 14, 15, 37, 17, 16, 11, 2, 1, 7, 5, 50, 49, 48, 26, 25, 3, 10, 20, 39, 36, 38, 4, 27, 29, 28, 52, 51, 45, 42, 47, 44, 34, 32, 31, 33, 30, 41, 43];10315.0
24962.0;[50, 19, 16, 23, 39, 40, 38, 36, 35, 6, 5, 51, 48, 49, 18, 1, 12, 10, 14, 41, 44, 34, 32, 33, 31, 30, 3, 0, 4, 25, 26, 28, 21, 20, 24, 22, 47, 46, 45, 43, 42, 7, 9, 8, 2, 17, 11, 13, 15, 37, 27, 29, 52];10781.0
25314.0;[47, 40, 36, 32, 29, 28, 25, 26, 27, 34, 6, 9, 3, 13, 11, 10, 12, 14, 20, 24, 23, 21, 39, 2, 16, 15, 8, 7, 5, 51, 48, 49, 52, 50, 31, 33, 30, 1, 0, 4, 22, 19, 18, 17, 37, 35, 38, 42, 46, 45, 44, 43, 41];9548.0
26917.0;[7, 24, 20, 10, 11, 4, 34, 32, 21, 39, 40, 38, 2, 15, 37, 18, 17, 16, 23, 22, 19, 33, 31, 30, 36, 35, 6, 5, 51, 52, 50, 49, 48, 29, 27, 28, 25, 26, 0, 3, 13, 12, 14, 41, 47, 44, 43, 45, 42, 46, 1, 8, 9];9745.0
26096.0;[38, 45, 44, 23, 22, 17, 16, 15, 19, 18, 8, 7, 50, 48, 24, 20, 39, 10, 14, 41, 47, 42, 46, 43, 37, 35, 40, 2, 11, 13, 12, 4, 34, 32, 31, 21, 6, 5, 51, 49, 52, 33, 30, 0, 1, 9, 29, 28, 25, 26, 27, 3, 36];10919.0
27145.0;[22, 27, 29, 47, 46, 44, 32, 31, 39, 10, 12, 38, 4, 34, 50, 52, 51, 48, 49, 18, 37, 40, 45, 43, 41, 42, 6, 7, 5, 8, 9, 33, 30, 0, 3, 13, 14, 11, 2, 1, 36, 19, 28, 25, 26, 17, 16, 15, 35, 21, 20, 24, 23];10836.0
27355.0;[18, 23, 6, 8, 9, 12, 14, 10, 11, 3, 13, 33, 30, 0, 17, 16, 15, 38, 4, 2, 1, 7, 5, 36, 35, 40, 41, 43, 37, 39, 32, 31, 25, 26, 27, 47, 42, 46, 45, 44, 34, 51, 48, 49, 52, 50, 28, 29, 21, 20, 24, 22, 19];10076.0
26598.0;[28, 46, 43, 17, 16, 38, 47, 44, 23, 20, 27, 26, 1, 8, 6, 9, 12, 14, 13, 34, 30, 0, 3, 2, 11, 10, 4, 22, 21, 39, 36, 35, 37, 18, 19, 15, 40, 45, 41, 42, 7, 5, 51, 50, 52, 48, 49, 24, 32, 33, 31, 25, 29];10432.0
26159.0;[25, 26, 3, 2, 0, 13, 10, 11, 17, 16, 15, 21, 24, 23, 20, 7, 6, 9, 8, 12, 14, 39, 35, 40, 38, 37, 1, 36, 4, 34, 32, 31, 5, 49, 51, 48, 52, 50, 30, 41, 47, 46, 43, 42, 45, 44, 22, 18, 19, 33, 27, 29, 28];10183.0
25911.0;[40, 37, 19, 18, 1, 41, 43, 7, 9, 33, 26, 14, 13, 10, 12, 45, 34, 32, 31, 30, 0, 11, 3, 36, 35, 38, 4, 2, 17, 15, 16, 23, 20, 24, 8, 6, 5, 51, 49, 52, 50, 48, 29, 25, 27, 28, 22, 47, 42, 46, 44, 21, 39];9554.0
27785.0;[42, 46, 18, 19, 17, 33, 30, 0, 3, 23, 20, 24, 22, 39, 4, 2, 11, 1, 41, 47, 34, 32, 31, 26, 27, 29, 28, 25, 7, 9, 8, 12, 35, 38, 36, 10, 14, 13, 16, 15, 37, 40, 21, 6, 5, 50, 48, 49, 52, 51, 45, 44, 43];9281.0
26138.0;[30, 17, 16, 15, 1, 0, 4, 25, 26, 7, 5, 6, 9, 8, 2, 41, 43, 45, 3, 13, 11, 10, 12, 14, 24, 23, 22, 21, 47, 44, 42, 46, 34, 32, 31, 27, 28, 50, 52, 51, 48, 49, 29, 20, 39, 40, 37, 38, 36, 35, 18, 19, 33];9725.0
26918.0;[42, 18, 1, 34, 30, 0, 2, 15, 37, 36, 10, 12, 38, 46, 45, 44, 23, 22, 21, 39, 35, 40, 4, 25, 27, 20, 24, 19, 8, 9, 7, 5, 6, 51, 48, 49, 52, 50, 29, 28, 33, 32, 31, 26, 3, 14, 11, 13, 17, 16, 41, 47, 43];10202.0
26324.0;[1, 41, 34, 30, 12, 38, 36, 18, 17, 10, 14, 4, 2, 15, 45, 44, 43, 46, 37, 27, 28, 20, 39, 35, 40, 21, 11, 13, 9, 6, 8, 3, 0, 32, 31, 33, 26, 25, 29, 52, 51, 50, 48, 49, 24, 19, 16, 23, 22, 47, 42, 7, 5];10610.0
27614.0;[30, 0, 2, 17, 16, 11, 3, 1, 13, 10, 12, 14, 20, 39, 36, 35, 38, 19, 18, 41, 42, 47, 44, 46, 43, 45, 23, 24, 22, 27, 29, 28, 25, 26, 15, 37, 40, 21, 8, 6, 9, 7, 5, 48, 49, 52, 51, 50, 33, 31, 4, 34, 32];9088.0
23928.0;[19, 18, 17, 10, 14, 11, 3, 2, 16, 15, 37, 33, 21, 23, 20, 24, 22, 47, 46, 41, 43, 42, 7, 5, 8, 6, 9, 25, 27, 29, 28, 31, 30, 0, 4, 1, 13, 12, 38, 36, 35, 39, 40, 45, 44, 34, 32, 26, 50, 52, 51, 48, 49];9786.0
26958.0;[1, 13, 12, 14, 39, 38, 4, 9, 8, 41, 43, 45, 3, 2, 17, 15, 18, 19, 23, 21, 47, 44, 34, 30, 0, 16, 11, 10, 37, 36, 32, 33, 31, 26, 25, 27, 7, 6, 5, 51, 52, 50, 48, 49, 29, 28, 35, 40, 42, 46, 20, 24, 22];9918.0
25022.0;[23, 9, 8, 2, 11, 10, 12, 14, 21, 22, 42, 46, 43, 7, 6, 5, 33, 30, 0, 45, 41, 47, 44, 20, 39, 36, 35, 4, 1, 3, 13, 34, 32, 31, 26, 17, 16, 15, 37, 40, 38, 19, 18, 25, 27, 29, 28, 50, 52, 51, 49, 48, 24];9670.0
25312.0;[12, 14, 41, 43, 47, 42, 7, 9, 3, 2, 15, 45, 44, 46, 37, 35, 40, 38, 36, 1, 0, 4, 34, 32, 31, 39, 18, 17, 16, 11, 13, 10, 21, 27, 29, 28, 25, 26, 23, 20, 24, 22, 19, 8, 6, 5, 51, 50, 48, 49, 52, 33, 30];9661.0
25201.0;[14, 12, 2, 16, 15, 32, 31, 33, 30, 0, 4, 1, 35, 21, 24, 22, 46, 43, 42, 41, 47, 45, 44, 23, 20, 39, 37, 19, 18, 17, 11, 3, 13, 34, 52, 50, 49, 51, 48, 26, 7, 5, 8, 6, 9, 29, 28, 25, 27, 36, 40, 38, 10];9419.0
27776.0;[15, 36, 10, 12, 14, 4, 2, 17, 16, 11, 6, 5, 51, 49, 52, 30, 0, 1, 41, 47, 44, 42, 46, 43, 45, 23, 22, 19, 18, 8, 9, 7, 50, 48, 29, 25, 27, 28, 20, 24, 21, 39, 35, 40, 38, 37, 3, 13, 34, 32, 33, 31, 26];10110.0
24163.0;[37, 4, 1, 8, 0, 36, 35, 40, 39, 45, 41, 47, 43, 42, 46, 44, 20, 24, 21, 10, 12, 14, 16, 15, 18, 23, 22, 19, 28, 50, 52, 51, 48, 49, 33, 30, 9, 7, 5, 6, 34, 32, 31, 27, 29, 25, 26, 3, 2, 17, 11, 13, 38];9898.0
25499.0;[23, 31, 30, 0, 4, 2, 36, 35, 27, 28, 25, 20, 39, 40, 37, 19, 18, 8, 9, 17, 16, 15, 45, 41, 47, 46, 43, 44, 22, 42, 7, 12, 14, 13, 11, 10, 38, 1, 6, 5, 51, 48, 49, 52, 50, 29, 26, 3, 34, 32, 33, 21, 24];10312.0
26288.0;[25, 29, 28, 39, 36, 35, 21, 11, 10, 12, 14, 24, 22, 47, 46, 37, 40, 38, 4, 3, 2, 23, 20, 6, 9, 8, 13, 15, 19, 18, 1, 34, 32, 30, 0, 17, 16, 41, 45, 44, 43, 42, 7, 5, 51, 48, 49, 50, 52, 33, 31, 26, 27];9215.0
27415.0;[3, 2, 20, 21, 24, 0, 4, 1, 44, 34, 18, 17, 11, 10, 12, 38, 36, 35, 16, 15, 39, 6, 9, 7, 5, 51, 48, 49, 52, 50, 25, 27, 29, 28, 26, 23, 22, 19, 8, 13, 14, 41, 47, 43, 45, 42, 46, 37, 40, 32, 31, 33, 30];9602.0
25662.0;[27, 14, 20, 24, 19, 28, 50, 48, 49, 29, 39, 35, 40, 37, 18, 17, 16, 15, 33, 26, 2, 1, 3, 13, 12, 11, 10, 38, 45, 46, 44, 43, 41, 42, 7, 6, 5, 8, 9, 0, 36, 21, 23, 22, 47, 34, 32, 31, 30, 4, 52, 51, 25];11007.0
26337.0;[36, 37, 19, 18, 17, 10, 49, 52, 33, 26, 3, 16, 15, 35, 2, 1, 6, 7, 5, 51, 50, 48, 9, 8, 0, 4, 25, 27, 29, 28, 24, 23, 11, 13, 12, 14, 21, 20, 39, 40, 38, 22, 47, 46, 45, 41, 43, 42, 44, 34, 32, 31, 30];10561.0
25792.0;[12, 38, 45, 23, 24, 21, 20, 39, 29, 28, 27, 25, 26, 3, 4, 2, 15, 40, 37, 17, 16, 22, 19, 11, 1, 41, 47, 43, 42, 46, 44, 34, 32, 33, 31, 30, 0, 35, 36, 10, 14, 9, 5, 51, 48, 49, 52, 50, 18, 8, 7, 6, 13];9621.0
25573.0;[14, 35, 40, 21, 20, 39, 6, 9, 23, 24, 22, 19, 16, 11, 10, 45, 41, 43, 42, 37, 18, 1, 0, 36, 38, 4, 8, 7, 5, 51, 50, 52, 48, 49, 29, 25, 26, 27, 47, 46, 44, 34, 32, 31, 33, 30, 2, 17, 15, 28, 3, 13, 12];9635.0
27085.0;[9, 4, 1, 42, 41, 46, 43, 23, 24, 22, 47, 34, 30, 0, 36, 27, 29, 26, 15, 35, 39, 40, 37, 18, 19, 8, 7, 5, 3, 2, 17, 16, 11, 10, 14, 13, 12, 38, 45, 44, 32, 31, 25, 28, 51, 48, 49, 52, 50, 33, 20, 21, 6];10234.0
25402.0;[18, 15, 51, 49, 24, 22, 19, 41, 42, 7, 33, 30, 0, 4, 13, 14, 17, 16, 11, 1, 8, 6, 5, 9, 3, 2, 23, 20, 47, 46, 43, 45, 44, 34, 32, 31, 27, 50, 52, 48, 29, 28, 25, 26, 10, 12, 36, 35, 21, 39, 40, 38, 37];10713.0
27854.0;[33, 30, 4, 17, 15, 45, 41, 43, 3, 2, 23, 20, 24, 22, 21, 39, 26, 7, 6, 5, 8, 9, 13, 11, 1, 0, 36, 35, 40, 10, 12, 14, 38, 37, 18, 19, 16, 47, 42, 46, 44, 34, 32, 31, 25, 27, 29, 28, 52, 50, 51, 48, 49];9385.0
24794.0;[2, 52, 51, 42, 46, 36, 35, 40, 18, 1, 8, 29, 28, 25, 27, 16, 23, 24, 21, 11, 3, 10, 12, 14, 13, 15, 37, 39, 38, 45, 43, 41, 47, 44, 22, 19, 17, 20, 6, 9, 7, 5, 50, 49, 48, 26, 0, 4, 34, 32, 31, 33, 30];11016.0
24378.0;[13, 12, 38, 4, 15, 19, 28, 25, 27, 1, 36, 35, 49, 52, 51, 50, 48, 29, 39, 37, 40, 18, 9, 8, 7, 5, 6, 44, 32, 33, 31, 26, 3, 2, 17, 16, 11, 10, 20, 21, 23, 24, 22, 47, 42, 41, 46, 43, 45, 34, 30, 0, 14];10187.0
25860.0;[2, 23, 32, 21, 20, 24, 22, 17, 16, 41, 47, 44, 34, 31, 30, 13, 38, 35, 40, 37, 39, 36, 10, 12, 14, 11, 3, 0, 4, 29, 28, 25, 27, 26, 1, 46, 43, 45, 42, 18, 15, 19, 6, 8, 9, 7, 5, 51, 48, 49, 50, 52, 33];10064.0
26971.0;[13, 5, 51, 50, 33, 32, 31, 30, 4, 34, 52, 48, 49, 18, 19, 15, 39, 36, 35, 40, 37, 1, 0, 2, 17, 23, 20, 24, 22, 21, 8, 9, 7, 6, 28, 25, 27, 29, 26, 12, 14, 16, 11, 10, 38, 45, 41, 47, 44, 43, 42, 46, 3];10308.0
25321.0;[34, 48, 49, 24, 22, 19, 18, 15, 39, 36, 32, 21, 46, 43, 44, 23, 20, 7, 50, 52, 51, 45, 42, 37, 40, 10, 12, 14, 11, 13, 16, 35, 38, 4, 1, 8, 6, 5, 9, 30, 0, 2, 17, 33, 31, 27, 29, 28, 25, 26, 3, 41, 47];11340.0
27393.0;[30, 4, 41, 47, 18, 16, 11, 2, 1, 0, 3, 10, 12, 14, 13, 17, 15, 37, 36, 35, 40, 39, 38, 45, 42, 46, 43, 23, 21, 20, 24, 22, 19, 8, 9, 5, 51, 49, 48, 52, 50, 25, 27, 29, 28, 26, 7, 6, 44, 34, 32, 33, 31];8766.0
28325.0;[36, 38, 43, 7, 9, 6, 5, 51, 33, 39, 40, 21, 24, 23, 32, 31, 30, 17, 16, 15, 37, 35, 45, 41, 47, 28, 27, 29, 26, 25, 2, 3, 1, 0, 4, 8, 14, 20, 22, 42, 46, 44, 34, 49, 52, 50, 48, 19, 18, 11, 13, 10, 12];11104.0
25035.0;[40, 6, 9, 27, 29, 28, 31, 30, 0, 35, 45, 42, 46, 23, 22, 16, 15, 19, 18, 25, 26, 3, 13, 10, 12, 38, 36, 21, 20, 24, 32, 33, 4, 2, 1, 8, 7, 5, 51, 50, 52, 48, 49, 17, 11, 14, 41, 43, 47, 44, 34, 37, 39];11168.0
26885.0;[3, 2, 17, 11, 13, 10, 14, 12, 38, 36, 18, 19, 16, 15, 37, 21, 20, 39, 40, 27, 29, 28, 24, 34, 32, 31, 30, 33, 7, 9, 8, 6, 5, 51, 48, 49, 52, 50, 26, 25, 4, 1, 0, 35, 41, 44, 23, 22, 47, 42, 46, 43, 45];9715.0
28525.0;[32, 3, 8, 6, 9, 2, 17, 16, 33, 31, 30, 35, 29, 26, 0, 4, 20, 21, 24, 22, 19, 18, 1, 41, 47, 23, 39, 40, 37, 15, 52, 50, 48, 49, 51, 28, 25, 27, 42, 46, 45, 44, 43, 7, 5, 38, 36, 10, 12, 14, 11, 13, 34];10710.0
26602.0;[38, 36, 21, 22, 0, 2, 3, 13, 12, 11, 10, 14, 41, 42, 46, 37, 35, 40, 39, 17, 16, 15, 18, 1, 6, 9, 33, 26, 7, 5, 8, 4, 19, 28, 25, 27, 29, 52, 51, 50, 49, 48, 23, 20, 24, 47, 44, 43, 45, 34, 32, 31, 30];9943.0
23870.0;[44, 34, 30, 4, 1, 35, 37, 40, 21, 27, 29, 28, 52, 50, 51, 48, 49, 25, 10, 20, 24, 39, 36, 32, 31, 33, 26, 7, 5, 8, 0, 38, 45, 43, 42, 46, 23, 22, 19, 6, 9, 2, 17, 16, 15, 18, 11, 3, 13, 12, 14, 41, 47];10090.0
8641.0;[5, 8, 3, 12, 14, 13, 10, 11, 36, 40, 39, 38, 37, 19, 18, 1, 6, 9, 16, 15, 35, 21, 20, 24, 46, 43, 45, 41, 44, 34, 32, 31, 26, 27, 28, 25, 29, 51, 48, 49, 52, 50, 33, 30, 0, 4, 2, 17, 23, 22, 47, 42, 7]
