ftv33
4697.0;[21, 31, 10, 11, 8, 13, 0, 16, 14, 15, 12, 9, 32, 7, 4, 6, 5, 30, 27, 28, 29, 33, 2, 3, 1, 25, 24, 17, 18, 19, 22, 23, 26, 20];1618.0
3911.0;[6, 5, 9, 0, 13, 16, 26, 29, 33, 30, 4, 32, 7, 8, 12, 14, 15, 23, 19, 17, 11, 31, 18, 10, 1, 3, 24, 21, 20, 22, 27, 28, 25, 2];1943.0
4506.0;[22, 26, 29, 25, 24, 23, 20, 21, 27, 28, 16, 15, 14, 0, 1, 17, 11, 6, 5, 30, 33, 2, 3, 13, 12, 32, 4, 7, 8, 9, 10, 18, 19, 31];1833.0
3954.0;[5, 30, 29, 1, 3, 23, 19, 12, 15, 14, 13, 9, 32, 8, 7, 0, 16, 25, 27, 28, 24, 17, 10, 11, 31, 18, 20, 21, 22, 26, 33, 2, 4, 6];1888.0
3949.0;[10, 11, 22, 23, 33, 2, 0, 24, 20, 21, 31, 19, 18, 17, 4, 6, 5, 30, 29, 26, 27, 28, 25, 1, 3, 15, 16, 14, 12, 13, 9, 32, 7, 8];1740.0
4731.0;[17, 18, 11, 10, 9, 1, 29, 27, 28, 4, 6, 5, 30, 33, 2, 3, 0, 13, 16, 14, 15, 12, 7, 32, 8, 25, 24, 23, 20, 26, 22, 21, 19, 31];1762.0
4751.0;[14, 27, 28, 29, 1, 2, 3, 0, 13, 12, 9, 10, 11, 8, 32, 7, 4, 5, 6, 30, 33, 16, 25, 24, 23, 26, 22, 20, 21, 19, 31, 18, 17, 15];1643.0
4216.0;[23, 17, 11, 31, 18, 21, 19, 20, 22, 26, 27, 28, 29, 33, 30, 2, 3, 4, 5, 6, 12, 13, 14, 15, 16, 25, 0, 1, 9, 10, 32, 7, 8, 24];1710.0
4852.0;[27, 28, 29, 23, 19, 31, 18, 17, 32, 8, 0, 1, 30, 33, 2, 3, 24, 20, 21, 13, 12, 14, 15, 16, 25, 26, 22, 11, 10, 9, 7, 4, 5, 6];1910.0
4083.0;[12, 14, 22, 20, 21, 17, 9, 4, 6, 5, 27, 28, 25, 0, 1, 33, 2, 3, 30, 26, 29, 15, 16, 24, 23, 19, 31, 18, 11, 10, 32, 7, 8, 13];1857.0
3900.0;[26, 29, 1, 2, 4, 5, 6, 30, 33, 3, 0, 24, 23, 11, 31, 18, 13, 27, 28, 22, 20, 21, 19, 17, 9, 32, 7, 8, 10, 12, 14, 16, 15, 25];1764.0
4382.0;[15, 16, 14, 12, 9, 32, 7, 10, 11, 8, 4, 6, 5, 3, 33, 2, 0, 24, 19, 31, 18, 17, 13, 1, 30, 28, 29, 27, 21, 20, 22, 23, 26, 25];1804.0
4107.0;[11, 1, 3, 30, 33, 2, 16, 0, 13, 5, 6, 4, 32, 7, 8, 9, 12, 14, 15, 26, 27, 28, 29, 25, 24, 22, 23, 20, 21, 31, 19, 18, 17, 10];1733.0
4525.0;[29, 25, 24, 10, 9, 32, 7, 8, 11, 31, 18, 17, 19, 21, 20, 22, 26, 23, 27, 28, 14, 15, 16, 1, 33, 2, 3, 0, 13, 12, 4, 6, 5, 30];1672.0
4669.0;[18, 32, 26, 27, 28, 33, 30, 7, 4, 6, 5, 2, 3, 0, 16, 13, 12, 14, 15, 25, 24, 23, 19, 17, 11, 8, 10, 9, 1, 29, 22, 20, 21, 31];1797.0
4443.0;[14, 15, 19, 21, 20, 27, 28, 29, 33, 30, 4, 5, 6, 9, 12, 10, 11, 31, 18, 17, 32, 7, 8, 13, 1, 2, 3, 0, 24, 23, 26, 22, 25, 16];1748.0
4327.0;[27, 26, 28, 29, 1, 2, 4, 5, 6, 30, 33, 3, 0, 32, 8, 7, 13, 25, 19, 17, 11, 31, 18, 10, 9, 12, 15, 14, 16, 24, 20, 21, 22, 23];1840.0
4450.0;[26, 0, 13, 16, 14, 15, 12, 9, 10, 11, 31, 18, 22, 27, 28, 29, 25, 1, 33, 2, 3, 24, 23, 20, 21, 19, 17, 32, 7, 8, 4, 6, 5, 30];1629.0
4503.0;[26, 22, 29, 0, 12, 15, 14, 16, 25, 23, 20, 21, 31, 18, 11, 10, 32, 7, 8, 13, 27, 28, 1, 33, 2, 3, 24, 19, 17, 9, 4, 6, 5, 30];1785.0
4140.0;[14, 12, 7, 6, 4, 5, 2, 33, 30, 26, 29, 13, 9, 32, 8, 10, 11, 31, 19, 18, 17, 25, 24, 22, 23, 20, 21, 27, 28, 1, 3, 0, 16, 15];1800.0
3950.0;[22, 21, 5, 6, 4, 9, 12, 14, 15, 16, 1, 2, 3, 0, 23, 19, 17, 11, 31, 18, 32, 7, 8, 10, 13, 33, 30, 26, 27, 28, 29, 25, 24, 20];1759.0
4415.0;[16, 25, 33, 30, 22, 20, 21, 18, 17, 7, 8, 10, 11, 31, 9, 1, 2, 3, 0, 13, 12, 32, 4, 6, 5, 24, 23, 19, 26, 27, 28, 29, 15, 14];1843.0
3883.0;[13, 1, 3, 33, 2, 0, 32, 7, 8, 10, 24, 23, 26, 29, 25, 16, 15, 14, 12, 11, 31, 18, 4, 6, 5, 30, 28, 27, 20, 22, 21, 19, 17, 9];1842.0
4500.0;[21, 20, 26, 22, 33, 30, 29, 27, 28, 25, 16, 14, 15, 12, 13, 1, 3, 2, 0, 24, 23, 31, 17, 11, 8, 7, 4, 5, 6, 32, 9, 10, 18, 19];1757.0
3820.0;[21, 17, 12, 14, 13, 9, 32, 8, 10, 11, 31, 18, 7, 4, 5, 6, 25, 23, 27, 28, 29, 22, 26, 1, 3, 30, 33, 2, 0, 16, 15, 24, 19, 20];1869.0
4620.0;[1, 24, 19, 20, 21, 22, 33, 2, 3, 0, 32, 9, 12, 14, 16, 15, 25, 23, 26, 27, 28, 29, 30, 5, 6, 4, 7, 8, 11, 31, 18, 17, 10, 13];1797.0
4925.0;[10, 23, 19, 17, 9, 32, 7, 4, 6, 5, 3, 2, 0, 16, 15, 14, 12, 13, 1, 33, 30, 29, 26, 27, 28, 25, 24, 22, 20, 21, 31, 18, 11, 8];1627.0
4526.0;[18, 10, 1, 3, 14, 15, 16, 24, 11, 8, 5, 6, 4, 7, 32, 13, 26, 27, 28, 29, 22, 19, 17, 9, 12, 0, 30, 33, 2, 25, 23, 20, 21, 31];1964.0
4462.0;[5, 22, 17, 11, 31, 18, 19, 20, 21, 9, 12, 13, 1, 3, 30, 33, 2, 0, 14, 15, 16, 24, 23, 26, 27, 28, 29, 25, 32, 8, 10, 7, 4, 6];1778.0
4306.0;[3, 0, 24, 17, 14, 15, 12, 5, 6, 4, 32, 7, 8, 16, 25, 23, 19, 21, 22, 20, 26, 27, 28, 29, 33, 30, 2, 13, 10, 11, 31, 18, 9, 1];1876.0
4546.0;[16, 15, 24, 23, 20, 21, 31, 11, 8, 10, 32, 7, 12, 14, 26, 27, 28, 29, 25, 2, 4, 6, 5, 30, 22, 19, 18, 17, 9, 13, 0, 1, 33, 3];1731.0
4267.0;[7, 12, 13, 0, 2, 3, 24, 19, 18, 17, 14, 15, 16, 1, 33, 4, 5, 6, 30, 29, 26, 23, 21, 31, 20, 22, 27, 28, 25, 10, 11, 8, 9, 32];1883.0
4520.0;[32, 7, 9, 13, 4, 6, 5, 2, 3, 16, 15, 12, 14, 1, 33, 30, 24, 23, 26, 27, 29, 28, 0, 25, 20, 22, 21, 31, 18, 19, 17, 11, 8, 10];1746.0
4371.0;[27, 26, 28, 29, 16, 14, 15, 1, 2, 3, 25, 24, 23, 20, 19, 17, 4, 6, 5, 30, 33, 22, 21, 31, 18, 11, 8, 10, 12, 9, 32, 7, 0, 13];1911.0
4465.0;[3, 0, 5, 6, 4, 32, 7, 8, 9, 12, 14, 15, 16, 26, 27, 28, 20, 21, 31, 18, 22, 29, 33, 30, 25, 24, 23, 19, 17, 11, 10, 13, 1, 2];1721.0
4542.0;[13, 24, 20, 22, 21, 27, 28, 26, 29, 4, 32, 7, 8, 10, 12, 14, 15, 16, 0, 1, 33, 30, 6, 5, 2, 3, 25, 23, 19, 17, 11, 31, 18, 9];1770.0
4166.0;[17, 0, 25, 26, 22, 23, 20, 21, 31, 18, 9, 1, 2, 4, 5, 6, 30, 33, 3, 14, 15, 16, 27, 28, 29, 11, 8, 10, 32, 7, 12, 13, 24, 19];1920.0
4423.0;[5, 6, 4, 32, 7, 8, 9, 13, 0, 1, 33, 2, 3, 30, 29, 26, 27, 28, 22, 23, 19, 17, 10, 11, 12, 15, 14, 16, 25, 24, 20, 21, 31, 18];1652.0
4396.0;[3, 0, 13, 26, 27, 28, 29, 16, 14, 15, 12, 9, 4, 6, 5, 30, 33, 25, 24, 23, 31, 18, 17, 19, 21, 20, 22, 11, 10, 32, 7, 8, 1, 2];1716.0
4293.0;[9, 32, 7, 5, 6, 4, 12, 14, 15, 1, 2, 33, 30, 26, 29, 20, 21, 22, 24, 23, 27, 28, 25, 3, 0, 16, 13, 8, 10, 11, 31, 18, 19, 17];1719.0
4310.0;[24, 19, 32, 9, 12, 13, 14, 15, 16, 0, 25, 1, 3, 33, 30, 2, 6, 4, 5, 7, 8, 10, 18, 20, 21, 27, 28, 29, 26, 23, 17, 11, 31, 22];1794.0
4395.0;[1, 2, 3, 5, 6, 4, 32, 7, 12, 15, 14, 16, 31, 18, 17, 0, 24, 19, 11, 10, 8, 9, 13, 33, 30, 29, 26, 22, 23, 20, 21, 28, 27, 25];1958.0
4507.0;[27, 28, 25, 0, 13, 12, 9, 15, 14, 16, 1, 33, 30, 29, 21, 31, 20, 22, 24, 23, 19, 18, 17, 11, 3, 2, 4, 32, 7, 8, 10, 6, 5, 26];1930.0
4047.0;[27, 25, 0, 13, 12, 18, 20, 22, 26, 33, 30, 28, 29, 1, 2, 3, 15, 14, 16, 24, 23, 19, 31, 17, 9, 4, 5, 6, 32, 7, 8, 10, 11, 21];1840.0
4297.0;[12, 9, 13, 27, 28, 29, 25, 23, 26, 22, 20, 21, 31, 18, 11, 8, 10, 32, 7, 4, 14, 15, 1, 2, 6, 5, 30, 33, 3, 0, 16, 24, 19, 17];1772.0
4314.0;[12, 11, 10, 1, 3, 29, 26, 27, 22, 28, 16, 15, 14, 13, 9, 32, 8, 7, 0, 25, 24, 23, 19, 20, 21, 31, 18, 17, 4, 5, 6, 30, 33, 2];1885.0
4890.0;[11, 8, 1, 3, 0, 25, 18, 19, 20, 21, 31, 17, 10, 13, 16, 15, 14, 12, 9, 32, 7, 4, 6, 5, 30, 33, 2, 24, 23, 26, 27, 28, 29, 22];1697.0
4324.0;[12, 24, 10, 9, 32, 7, 25, 26, 27, 28, 23, 19, 17, 14, 15, 16, 0, 1, 33, 2, 3, 13, 4, 6, 5, 30, 29, 20, 22, 21, 31, 18, 11, 8];1908.0
4328.0;[9, 10, 11, 31, 18, 19, 17, 1, 3, 29, 25, 24, 23, 33, 2, 4, 5, 6, 30, 20, 21, 22, 26, 27, 28, 32, 7, 8, 13, 0, 16, 14, 15, 12];1831.0
4802.0;[17, 7, 8, 9, 32, 12, 13, 23, 20, 21, 27, 28, 26, 22, 29, 25, 24, 19, 31, 18, 33, 30, 2, 3, 0, 16, 14, 15, 1, 4, 5, 6, 10, 11];1935.0
4791.0;[2, 3, 24, 23, 17, 12, 15, 14, 16, 0, 25, 22, 26, 29, 33, 30, 5, 6, 4, 32, 8, 7, 9, 13, 10, 11, 31, 18, 19, 20, 21, 27, 28, 1];1703.0
4814.0;[13, 12, 0, 1, 33, 2, 3, 14, 15, 16, 25, 24, 31, 18, 19, 20, 21, 22, 23, 26, 27, 28, 29, 30, 4, 5, 6, 32, 10, 17, 11, 8, 7, 9];1680.0
4148.0;[5, 6, 9, 32, 7, 25, 30, 26, 20, 22, 24, 23, 19, 17, 11, 8, 10, 31, 18, 21, 27, 28, 29, 16, 15, 14, 13, 12, 0, 1, 33, 2, 3, 4];1808.0
4651.0;[27, 19, 17, 9, 14, 15, 16, 25, 2, 3, 12, 13, 0, 1, 33, 30, 29, 26, 22, 24, 23, 20, 21, 31, 18, 11, 8, 10, 32, 7, 4, 6, 5, 28];1684.0
3878.0;[33, 2, 3, 25, 17, 9, 13, 1, 30, 26, 29, 24, 19, 31, 18, 11, 8, 10, 12, 14, 15, 16, 4, 5, 6, 32, 7, 0, 23, 20, 21, 22, 27, 28];1886.0
4651.0;[15, 24, 23, 9, 7, 32, 8, 12, 0, 13, 10, 11, 31, 18, 17, 19, 21, 20, 22, 26, 27, 28, 29, 25, 1, 4, 6, 5, 30, 33, 3, 2, 16, 14];1660.0
4625.0;[30, 21, 19, 9, 32, 7, 8, 10, 18, 20, 22, 26, 27, 28, 29, 24, 23, 17, 11, 31, 12, 14, 15, 16, 25, 1, 33, 2, 3, 0, 13, 4, 6, 5];1706.0
4549.0;[29, 25, 16, 13, 0, 1, 30, 6, 4, 5, 10, 11, 31, 18, 21, 19, 17, 32, 7, 8, 9, 12, 14, 15, 22, 26, 33, 2, 3, 24, 23, 20, 27, 28];1834.0
4252.0;[18, 19, 20, 22, 26, 27, 28, 25, 29, 33, 2, 3, 0, 13, 14, 16, 15, 1, 30, 5, 6, 4, 12, 9, 24, 23, 21, 31, 17, 11, 8, 32, 7, 10];1735.0
3869.0;[8, 13, 24, 23, 20, 21, 22, 26, 27, 28, 29, 25, 1, 2, 3, 12, 11, 31, 18, 19, 17, 10, 9, 4, 6, 5, 30, 33, 0, 16, 15, 14, 32, 7];1564.0
4864.0;[27, 28, 24, 23, 26, 29, 25, 16, 14, 15, 0, 13, 12, 4, 5, 6, 9, 10, 11, 31, 17, 32, 7, 8, 1, 33, 2, 3, 30, 22, 18, 19, 20, 21];1779.0
4193.0;[29, 33, 4, 6, 5, 30, 27, 28, 25, 1, 2, 3, 13, 32, 7, 8, 10, 11, 20, 21, 31, 9, 12, 14, 15, 16, 0, 24, 23, 17, 18, 19, 22, 26];1718.0
5112.0;[0, 1, 16, 25, 24, 20, 21, 4, 6, 5, 30, 33, 2, 3, 23, 19, 22, 26, 27, 28, 29, 32, 7, 8, 12, 14, 15, 10, 17, 11, 31, 18, 9, 13];1905.0
4276.0;[13, 14, 12, 11, 31, 19, 18, 17, 10, 9, 32, 4, 6, 5, 15, 16, 24, 23, 26, 25, 2, 3, 0, 1, 33, 30, 27, 28, 29, 20, 21, 22, 7, 8];1912.0
4300.0;[27, 28, 18, 19, 32, 7, 9, 12, 13, 25, 20, 22, 21, 31, 17, 1, 33, 2, 3, 0, 16, 14, 15, 11, 8, 10, 4, 6, 5, 30, 29, 24, 23, 26];1900.0
4605.0;[18, 19, 17, 10, 13, 14, 15, 12, 4, 6, 5, 3, 2, 16, 25, 24, 20, 21, 11, 8, 32, 7, 9, 0, 1, 33, 30, 28, 29, 26, 22, 23, 27, 31];1864.0
4381.0;[21, 22, 9, 32, 7, 10, 11, 8, 25, 26, 27, 28, 29, 23, 19, 31, 18, 17, 13, 14, 16, 15, 12, 4, 6, 5, 30, 33, 3, 2, 0, 1, 24, 20];1820.0
4351.0;[15, 14, 12, 10, 18, 19, 31, 26, 1, 33, 30, 29, 25, 16, 0, 9, 32, 7, 4, 6, 5, 2, 3, 20, 21, 22, 27, 28, 24, 23, 17, 11, 8, 13];1839.0
4351.0;[8, 9, 32, 7, 25, 19, 18, 5, 6, 4, 13, 12, 14, 15, 0, 16, 24, 23, 21, 31, 20, 27, 28, 29, 1, 33, 2, 3, 30, 26, 22, 17, 11, 10];1927.0
4680.0;[16, 15, 25, 19, 18, 20, 27, 28, 33, 2, 3, 0, 1, 24, 23, 9, 12, 13, 10, 11, 8, 32, 7, 4, 5, 6, 30, 29, 26, 22, 21, 31, 17, 14];1832.0
4318.0;[31, 17, 18, 11, 10, 8, 9, 12, 15, 14, 13, 32, 4, 7, 0, 16, 23, 26, 22, 21, 20, 27, 28, 29, 1, 3, 33, 2, 5, 6, 30, 25, 24, 19];1876.0
4840.0;[29, 21, 20, 22, 24, 23, 19, 17, 32, 7, 8, 10, 9, 12, 14, 15, 16, 0, 1, 33, 2, 3, 26, 27, 28, 25, 13, 11, 31, 18, 4, 5, 6, 30];1744.0
4727.0;[21, 20, 22, 27, 28, 9, 10, 13, 14, 12, 15, 16, 26, 29, 1, 2, 4, 6, 5, 30, 33, 3, 0, 25, 24, 23, 17, 32, 7, 8, 11, 31, 18, 19];1717.0
4387.0;[20, 22, 25, 1, 30, 6, 5, 27, 28, 15, 14, 16, 19, 17, 18, 9, 32, 4, 7, 8, 13, 12, 10, 11, 31, 21, 26, 29, 33, 2, 3, 0, 24, 23];2041.0
4379.0;[24, 8, 9, 12, 13, 25, 1, 3, 2, 0, 16, 15, 14, 10, 11, 31, 18, 17, 32, 7, 4, 6, 5, 30, 33, 29, 26, 23, 19, 20, 21, 22, 27, 28];1737.0
4391.0;[25, 3, 0, 32, 4, 9, 13, 27, 28, 29, 20, 22, 26, 33, 2, 6, 5, 30, 24, 23, 21, 19, 7, 8, 10, 17, 11, 31, 18, 12, 14, 15, 16, 1];2031.0
4317.0;[14, 15, 16, 28, 29, 12, 32, 7, 9, 13, 0, 25, 24, 19, 17, 11, 8, 4, 6, 5, 33, 30, 2, 3, 1, 23, 26, 27, 22, 20, 21, 31, 18, 10];1865.0
4555.0;[0, 25, 26, 29, 13, 32, 8, 7, 6, 4, 10, 11, 31, 18, 9, 12, 14, 15, 16, 1, 3, 33, 30, 2, 5, 22, 20, 21, 27, 28, 24, 23, 19, 17];1952.0
4438.0;[20, 21, 19, 11, 31, 18, 17, 15, 14, 4, 5, 6, 8, 10, 12, 9, 32, 7, 13, 33, 30, 2, 3, 16, 0, 25, 1, 26, 27, 28, 29, 24, 23, 22];1800.0
4506.0;[19, 26, 27, 28, 33, 30, 29, 1, 2, 3, 16, 14, 15, 12, 9, 13, 0, 25, 24, 23, 17, 11, 8, 10, 32, 7, 4, 5, 6, 22, 20, 21, 31, 18];1623.0
4437.0;[14, 12, 18, 19, 20, 22, 29, 1, 3, 0, 16, 21, 31, 17, 9, 25, 24, 23, 26, 27, 28, 33, 30, 2, 4, 5, 6, 32, 10, 11, 8, 7, 13, 15];1882.0
3907.0;[28, 1, 30, 33, 2, 3, 0, 16, 25, 24, 23, 20, 26, 29, 22, 21, 31, 18, 17, 19, 32, 4, 5, 6, 10, 11, 8, 7, 9, 12, 13, 14, 15, 27];1769.0
4088.0;[14, 24, 19, 17, 18, 12, 15, 16, 1, 3, 33, 2, 9, 32, 7, 10, 11, 8, 4, 5, 6, 30, 26, 22, 23, 20, 21, 31, 27, 28, 29, 25, 0, 13];1863.0
4114.0;[22, 29, 0, 9, 10, 11, 31, 18, 13, 1, 30, 33, 2, 3, 23, 19, 17, 4, 5, 6, 32, 7, 8, 12, 14, 15, 16, 25, 26, 27, 28, 24, 21, 20];1795.0
4542.0;[14, 16, 25, 1, 3, 33, 2, 24, 23, 19, 17, 11, 10, 4, 5, 6, 30, 29, 26, 27, 28, 22, 20, 21, 31, 18, 32, 7, 8, 9, 13, 0, 12, 15];1596.0
4503.0;[0, 24, 23, 32, 7, 6, 5, 30, 4, 13, 12, 14, 15, 16, 25, 17, 18, 9, 8, 10, 11, 31, 19, 20, 21, 22, 29, 26, 27, 28, 1, 33, 2, 3];1796.0
4555.0;[29, 26, 22, 23, 25, 1, 13, 9, 32, 7, 8, 11, 31, 18, 21, 20, 27, 28, 2, 3, 0, 12, 14, 15, 16, 24, 19, 17, 10, 4, 6, 5, 33, 30];1806.0
4576.0;[18, 9, 25, 27, 28, 29, 24, 23, 21, 31, 20, 22, 26, 33, 2, 3, 19, 17, 12, 14, 15, 16, 13, 0, 1, 30, 5, 6, 4, 32, 7, 8, 10, 11];1843.0
4705.0;[26, 29, 16, 25, 24, 23, 19, 17, 9, 12, 14, 15, 27, 28, 30, 33, 5, 6, 4, 32, 7, 8, 13, 1, 2, 3, 0, 10, 11, 31, 18, 21, 20, 22];1728.0
4550.0;[15, 16, 12, 14, 32, 7, 8, 13, 0, 25, 1, 33, 2, 3, 24, 17, 11, 10, 9, 4, 5, 6, 30, 29, 23, 18, 19, 31, 21, 20, 22, 26, 27, 28];1747.0
4583.0;[23, 9, 13, 32, 7, 8, 2, 3, 0, 1, 33, 30, 22, 21, 19, 17, 12, 14, 10, 11, 31, 18, 20, 27, 28, 26, 29, 25, 16, 15, 4, 5, 6, 24];2038.0
3928.0;[30, 6, 4, 12, 14, 15, 16, 26, 29, 1, 0, 13, 25, 24, 23, 19, 17, 5, 2, 3, 9, 7, 32, 8, 10, 11, 31, 18, 20, 21, 22, 27, 28, 33];1856.0
4293.0;[17, 11, 31, 18, 13, 2, 3, 9, 32, 4, 5, 6, 7, 8, 10, 12, 14, 15, 16, 0, 24, 21, 20, 27, 28, 26, 22, 29, 25, 1, 33, 30, 23, 19];1785.0
4150.0;[29, 15, 12, 14, 1, 33, 2, 3, 0, 16, 25, 19, 17, 11, 8, 22, 26, 27, 28, 5, 6, 4, 32, 7, 24, 23, 20, 21, 31, 18, 10, 9, 13, 30];1984.0
4395.0;[6, 30, 27, 28, 29, 25, 15, 16, 20, 21, 26, 14, 12, 9, 32, 7, 8, 10, 13, 1, 2, 3, 0, 24, 23, 17, 11, 31, 18, 19, 22, 33, 4, 5];1884.0
4476.0;[19, 9, 12, 11, 8, 32, 7, 6, 5, 33, 30, 29, 1, 3, 24, 21, 31, 17, 13, 0, 14, 15, 16, 25, 26, 27, 28, 2, 4, 10, 18, 20, 22, 23];1974.0
4187.0;[18, 17, 12, 14, 15, 16, 13, 0, 1, 2, 3, 24, 21, 20, 22, 26, 29, 30, 33, 4, 5, 6, 32, 7, 8, 10, 9, 27, 28, 25, 23, 19, 11, 31];1739.0
4320.0;[6, 10, 31, 17, 18, 19, 21, 20, 22, 26, 27, 28, 29, 25, 13, 0, 16, 14, 15, 1, 30, 33, 2, 3, 24, 23, 11, 8, 9, 12, 32, 7, 4, 5];1591.0
4563.0;[6, 12, 13, 9, 32, 7, 15, 14, 16, 26, 27, 28, 29, 0, 25, 24, 23, 20, 21, 31, 18, 19, 22, 17, 11, 8, 10, 1, 30, 33, 2, 3, 4, 5];1714.0
4280.0;[9, 32, 7, 13, 1, 30, 29, 25, 0, 12, 14, 16, 15, 23, 20, 21, 31, 18, 22, 26, 27, 28, 33, 4, 6, 5, 2, 3, 24, 19, 17, 10, 11, 8];1746.0
4561.0;[22, 23, 7, 4, 6, 5, 30, 27, 28, 29, 25, 16, 15, 12, 11, 31, 18, 17, 19, 20, 21, 26, 1, 33, 2, 3, 0, 14, 13, 9, 32, 8, 10, 24];1852.0
4276.0;[25, 24, 20, 21, 10, 0, 3, 1, 30, 33, 2, 5, 6, 4, 12, 14, 15, 32, 8, 7, 9, 13, 16, 23, 17, 11, 31, 18, 19, 22, 26, 27, 28, 29];1814.0
4500.0;[32, 7, 11, 8, 12, 13, 27, 28, 29, 26, 22, 21, 31, 18, 17, 10, 9, 1, 2, 3, 33, 30, 25, 0, 16, 14, 15, 24, 23, 20, 19, 5, 6, 4];1880.0
4461.0;[25, 1, 3, 10, 11, 20, 21, 31, 18, 27, 28, 22, 19, 17, 9, 13, 24, 23, 26, 29, 12, 32, 7, 5, 6, 4, 8, 14, 15, 16, 33, 30, 2, 0];2006.0
4792.0;[1, 30, 33, 2, 3, 32, 9, 12, 14, 13, 0, 16, 15, 24, 23, 26, 22, 21, 19, 4, 5, 6, 7, 8, 10, 17, 11, 31, 18, 20, 27, 28, 29, 25];1750.0
4474.0;[21, 13, 0, 9, 32, 7, 8, 25, 26, 22, 23, 11, 31, 18, 19, 17, 10, 12, 14, 15, 16, 1, 30, 29, 27, 28, 33, 2, 6, 4, 5, 3, 24, 20];1882.0
4241.0;[0, 20, 21, 9, 32, 7, 8, 13, 26, 29, 15, 16, 25, 24, 23, 22, 27, 28, 33, 30, 4, 5, 6, 10, 18, 19, 11, 31, 17, 12, 14, 1, 2, 3];1974.0
4434.0;[19, 17, 18, 12, 14, 15, 16, 1, 2, 3, 0, 24, 23, 21, 20, 22, 29, 25, 33, 30, 26, 27, 28, 13, 5, 6, 4, 32, 7, 8, 9, 10, 11, 31];1685.0
4471.0;[12, 13, 0, 25, 20, 21, 17, 7, 32, 24, 11, 8, 4, 6, 5, 28, 29, 27, 1, 30, 33, 2, 3, 15, 14, 16, 26, 22, 23, 19, 31, 18, 10, 9];2027.0
4426.0;[8, 26, 27, 28, 25, 15, 12, 14, 16, 1, 3, 0, 20, 21, 31, 18, 17, 11, 10, 7, 4, 5, 6, 30, 29, 24, 23, 19, 22, 33, 2, 13, 9, 32];1852.0
4012.0;[5, 30, 22, 23, 10, 9, 12, 13, 0, 16, 14, 15, 24, 20, 21, 18, 19, 11, 31, 17, 32, 8, 1, 3, 25, 26, 27, 28, 29, 33, 2, 4, 7, 6];1860.0
4434.0;[2, 33, 30, 20, 21, 19, 18, 11, 31, 10, 32, 7, 4, 5, 6, 8, 13, 0, 25, 24, 17, 12, 14, 15, 16, 27, 28, 29, 26, 22, 23, 9, 3, 1];1945.0
4437.0;[19, 18, 20, 21, 31, 17, 11, 10, 12, 14, 15, 16, 0, 1, 25, 2, 3, 33, 30, 5, 6, 4, 32, 7, 8, 9, 13, 24, 26, 27, 28, 29, 22, 23];1579.0
4595.0;[12, 14, 15, 26, 22, 23, 17, 10, 8, 9, 32, 7, 13, 0, 16, 1, 25, 24, 11, 31, 20, 21, 27, 28, 29, 19, 18, 6, 4, 5, 33, 30, 2, 3];1941.0
4229.0;[22, 9, 13, 14, 15, 16, 23, 26, 29, 0, 12, 11, 31, 18, 17, 19, 27, 28, 33, 30, 5, 6, 4, 7, 8, 10, 32, 1, 2, 3, 25, 24, 21, 20];1944.0
4261.0;[29, 26, 22, 17, 11, 10, 0, 25, 13, 9, 4, 5, 6, 2, 3, 23, 27, 28, 24, 20, 21, 31, 19, 18, 32, 7, 8, 12, 14, 15, 16, 1, 33, 30];1794.0
4377.0;[25, 16, 15, 14, 12, 9, 13, 4, 6, 5, 2, 3, 0, 1, 33, 30, 24, 23, 19, 17, 32, 7, 8, 10, 11, 31, 18, 21, 20, 22, 27, 28, 26, 29];1562.0
4222.0;[19, 17, 1, 33, 0, 23, 20, 22, 26, 29, 25, 13, 32, 7, 8, 14, 12, 9, 10, 11, 31, 18, 21, 27, 28, 30, 4, 5, 6, 2, 3, 15, 16, 24];1950.0
4121.0;[6, 30, 22, 23, 20, 21, 31, 15, 16, 24, 19, 18, 17, 11, 10, 0, 25, 26, 27, 28, 29, 1, 3, 13, 9, 7, 32, 8, 12, 14, 33, 2, 4, 5];1867.0
4484.0;[16, 15, 14, 12, 7, 4, 6, 5, 30, 29, 26, 22, 24, 23, 19, 18, 32, 8, 9, 10, 13, 0, 1, 33, 2, 17, 11, 31, 20, 21, 27, 28, 25, 3];1765.0
4545.0;[21, 31, 19, 18, 17, 11, 10, 8, 9, 13, 26, 27, 28, 29, 0, 7, 32, 5, 6, 4, 12, 14, 15, 16, 1, 30, 33, 2, 3, 25, 24, 23, 20, 22];1653.0
4229.0;[19, 17, 9, 13, 1, 33, 2, 3, 0, 26, 27, 28, 25, 16, 14, 15, 12, 8, 10, 11, 31, 18, 20, 22, 21, 32, 7, 4, 6, 5, 30, 29, 24, 23];1706.0
4433.0;[31, 18, 9, 12, 13, 3, 30, 33, 29, 26, 27, 28, 22, 21, 19, 17, 11, 8, 10, 14, 16, 15, 1, 2, 4, 5, 6, 32, 7, 0, 25, 24, 23, 20];1785.0
4416.0;[5, 6, 4, 9, 10, 32, 7, 8, 13, 0, 16, 15, 14, 25, 24, 23, 19, 17, 11, 31, 12, 1, 2, 3, 33, 30, 27, 28, 29, 26, 22, 20, 21, 18];1691.0
4635.0;[21, 26, 25, 13, 9, 32, 7, 4, 5, 6, 8, 10, 12, 14, 16, 15, 0, 1, 3, 30, 33, 2, 24, 27, 28, 29, 22, 23, 19, 18, 17, 11, 31, 20];1720.0
4190.0;[33, 2, 30, 29, 1, 3, 12, 14, 15, 16, 25, 27, 28, 26, 22, 0, 13, 32, 7, 5, 6, 4, 10, 17, 11, 8, 24, 23, 20, 21, 19, 31, 18, 9];1944.0
4189.0;[6, 5, 24, 23, 21, 20, 27, 28, 29, 26, 25, 2, 4, 14, 16, 15, 12, 7, 8, 10, 9, 0, 13, 1, 3, 33, 30, 22, 19, 11, 31, 18, 17, 32];1958.0
4182.0;[21, 31, 18, 17, 11, 10, 4, 6, 5, 27, 28, 33, 2, 3, 13, 32, 7, 8, 12, 14, 16, 15, 1, 30, 26, 22, 23, 19, 9, 0, 29, 25, 24, 20];1794.0
4493.0;[33, 32, 7, 4, 6, 5, 2, 23, 19, 10, 1, 3, 16, 0, 13, 9, 8, 12, 14, 15, 25, 24, 17, 11, 31, 18, 20, 21, 22, 27, 28, 29, 26, 30];1902.0
4295.0;[5, 3, 19, 18, 27, 28, 16, 14, 15, 2, 4, 32, 7, 8, 9, 12, 13, 0, 1, 33, 30, 29, 26, 25, 24, 23, 20, 22, 21, 31, 17, 11, 10, 6];1900.0
3831.0;[21, 31, 18, 22, 26, 27, 28, 29, 25, 1, 0, 24, 23, 16, 15, 14, 12, 13, 9, 7, 32, 4, 6, 5, 30, 33, 2, 3, 11, 8, 10, 17, 19, 20];1747.0
4673.0;[0, 1, 3, 13, 12, 10, 11, 31, 17, 9, 32, 7, 8, 14, 15, 16, 4, 6, 5, 2, 33, 30, 29, 26, 27, 28, 25, 24, 20, 22, 23, 19, 21, 18];1769.0
4182.0;[29, 25, 26, 22, 23, 19, 17, 0, 24, 20, 21, 31, 18, 11, 10, 9, 1, 2, 3, 16, 15, 14, 27, 28, 33, 6, 4, 5, 32, 8, 7, 12, 13, 30];1952.0
4376.0;[2, 13, 0, 1, 23, 17, 12, 14, 15, 16, 25, 24, 20, 27, 28, 29, 26, 22, 21, 31, 19, 18, 11, 8, 10, 9, 7, 32, 4, 5, 6, 30, 33, 3];1723.0
4498.0;[5, 6, 32, 7, 8, 26, 29, 25, 24, 23, 19, 17, 13, 0, 1, 2, 3, 33, 30, 28, 27, 22, 20, 21, 31, 18, 11, 10, 9, 16, 15, 14, 12, 4];1697.0
4228.0;[17, 11, 10, 9, 4, 5, 6, 32, 7, 8, 26, 22, 27, 28, 29, 0, 13, 12, 14, 33, 30, 2, 1, 3, 16, 15, 25, 24, 23, 21, 20, 31, 18, 19];1705.0
4276.0;[31, 17, 25, 29, 26, 22, 20, 21, 27, 28, 2, 3, 15, 14, 16, 0, 1, 30, 33, 5, 6, 4, 32, 10, 11, 8, 7, 12, 9, 13, 24, 23, 18, 19];1863.0
4119.0;[7, 6, 5, 30, 33, 2, 4, 13, 0, 24, 17, 11, 8, 10, 18, 31, 19, 20, 22, 23, 21, 26, 27, 28, 29, 25, 1, 3, 15, 16, 14, 12, 9, 32];1684.0
4641.0;[33, 30, 22, 26, 29, 25, 1, 2, 3, 16, 15, 14, 12, 0, 13, 24, 23, 27, 28, 9, 8, 10, 11, 31, 18, 20, 21, 19, 17, 32, 7, 4, 6, 5];1711.0
4344.0;[13, 0, 20, 22, 27, 28, 1, 33, 30, 29, 26, 25, 16, 24, 23, 21, 19, 31, 18, 17, 14, 15, 12, 32, 7, 4, 5, 6, 2, 3, 9, 10, 11, 8];1800.0
4174.0;[22, 17, 14, 15, 16, 25, 24, 23, 18, 19, 21, 20, 27, 28, 29, 33, 2, 3, 1, 0, 13, 12, 9, 32, 8, 10, 11, 31, 7, 4, 6, 5, 30, 26];1734.0
3928.0;[3, 23, 20, 21, 18, 5, 2, 16, 25, 22, 26, 33, 30, 6, 4, 32, 7, 8, 10, 9, 13, 0, 24, 19, 17, 11, 31, 12, 14, 15, 27, 28, 29, 1];2066.0
4194.0;[9, 13, 16, 25, 24, 31, 18, 17, 19, 22, 23, 20, 21, 11, 8, 10, 1, 30, 26, 27, 28, 29, 33, 2, 3, 0, 4, 5, 6, 32, 7, 14, 15, 12];1834.0
4166.0;[0, 24, 23, 20, 22, 26, 15, 16, 14, 17, 18, 19, 21, 31, 11, 8, 10, 13, 33, 30, 2, 1, 3, 12, 9, 7, 32, 4, 6, 5, 27, 28, 29, 25];1900.0
4197.0;[13, 0, 25, 24, 23, 27, 28, 29, 16, 15, 14, 19, 21, 20, 22, 26, 1, 12, 9, 8, 10, 11, 31, 18, 17, 32, 7, 4, 5, 6, 30, 33, 2, 3];1688.0
4646.0;[13, 16, 25, 26, 29, 1, 33, 2, 3, 0, 24, 21, 31, 18, 20, 27, 28, 30, 5, 6, 4, 14, 15, 12, 9, 32, 7, 8, 10, 11, 22, 23, 19, 17];1890.0
4447.0;[22, 27, 28, 33, 30, 29, 25, 17, 12, 13, 14, 15, 16, 1, 6, 5, 2, 3, 0, 9, 32, 7, 4, 8, 10, 11, 31, 19, 18, 24, 23, 21, 20, 26];1860.0
4062.0;[29, 9, 13, 16, 14, 15, 12, 11, 31, 18, 19, 17, 8, 10, 7, 32, 4, 5, 6, 22, 21, 20, 27, 28, 25, 0, 1, 33, 30, 2, 3, 24, 23, 26];1862.0
4505.0;[9, 1, 3, 10, 11, 31, 18, 17, 19, 21, 20, 22, 26, 27, 28, 29, 0, 13, 25, 24, 23, 8, 32, 7, 4, 6, 5, 30, 33, 2, 16, 15, 14, 12];1620.0
4153.0;[30, 28, 29, 13, 0, 25, 26, 27, 22, 20, 21, 18, 32, 7, 4, 6, 5, 2, 3, 24, 23, 19, 17, 11, 31, 10, 9, 8, 12, 14, 15, 16, 1, 33];1728.0
4432.0;[33, 2, 13, 12, 7, 8, 24, 23, 17, 11, 31, 18, 1, 3, 0, 14, 15, 16, 25, 26, 27, 28, 22, 20, 21, 19, 10, 9, 32, 4, 6, 5, 30, 29];1782.0
4125.0;[1, 5, 6, 4, 8, 10, 19, 17, 11, 31, 18, 12, 14, 15, 16, 13, 9, 32, 7, 24, 21, 20, 22, 23, 26, 27, 28, 29, 33, 30, 2, 3, 0, 25];1730.0
4131.0;[23, 21, 20, 22, 16, 0, 1, 2, 3, 15, 14, 12, 13, 33, 30, 4, 5, 6, 10, 17, 11, 31, 19, 18, 27, 28, 26, 29, 25, 32, 7, 8, 9, 24];1946.0
3898.0;[24, 19, 22, 23, 20, 21, 31, 18, 17, 9, 10, 11, 8, 13, 0, 3, 33, 30, 26, 27, 28, 29, 25, 16, 15, 12, 14, 1, 2, 4, 32, 7, 6, 5];1754.0
4378.0;[0, 13, 25, 24, 26, 1, 3, 16, 15, 14, 12, 9, 32, 8, 7, 4, 6, 5, 30, 29, 22, 23, 17, 10, 18, 11, 31, 19, 20, 21, 27, 28, 33, 2];1704.0
4428.0;[31, 18, 32, 9, 13, 12, 15, 14, 16, 24, 20, 22, 19, 17, 10, 0, 1, 33, 30, 28, 29, 2, 3, 25, 23, 11, 8, 7, 4, 6, 5, 26, 27, 21];1948.0
4351.0;[3, 0, 16, 23, 21, 20, 27, 28, 26, 22, 17, 7, 4, 5, 6, 13, 15, 14, 12, 11, 10, 32, 8, 1, 33, 30, 29, 25, 24, 19, 31, 18, 9, 2];1939.0
4439.0;[23, 20, 22, 1, 3, 16, 15, 14, 0, 13, 32, 7, 9, 24, 21, 31, 18, 19, 17, 10, 12, 11, 8, 4, 5, 6, 33, 2, 30, 29, 26, 27, 28, 25];1877.0
4230.0;[2, 3, 0, 25, 24, 23, 26, 27, 28, 13, 9, 32, 7, 4, 6, 5, 29, 22, 20, 21, 31, 18, 19, 17, 10, 11, 8, 12, 14, 15, 16, 1, 30, 33];1511.0
4844.0;[8, 12, 0, 1, 30, 33, 2, 5, 6, 4, 10, 11, 31, 27, 28, 25, 16, 15, 14, 24, 23, 17, 18, 19, 20, 21, 22, 26, 29, 3, 13, 9, 32, 7];1720.0
4629.0;[30, 33, 2, 23, 11, 31, 9, 13, 14, 12, 15, 16, 24, 26, 27, 28, 29, 25, 1, 3, 0, 32, 7, 8, 10, 18, 19, 20, 21, 22, 17, 4, 6, 5];1778.0
4332.0;[0, 13, 12, 31, 18, 17, 6, 4, 5, 25, 24, 23, 19, 21, 20, 22, 33, 30, 2, 3, 1, 26, 27, 28, 29, 16, 14, 15, 32, 7, 10, 11, 8, 9];1924.0
4632.0;[24, 23, 20, 26, 14, 12, 11, 8, 13, 9, 32, 7, 6, 4, 10, 17, 18, 19, 31, 21, 27, 28, 25, 15, 16, 1, 3, 0, 2, 5, 33, 30, 29, 22];2029.0
4268.0;[1, 3, 10, 31, 18, 20, 21, 22, 14, 15, 16, 26, 27, 28, 25, 23, 19, 11, 8, 12, 13, 0, 24, 17, 9, 32, 7, 4, 6, 5, 2, 33, 30, 29];1910.0
4213.0;[11, 31, 12, 14, 25, 23, 19, 18, 17, 13, 1, 3, 16, 15, 2, 4, 5, 6, 32, 7, 8, 10, 9, 0, 33, 30, 29, 24, 20, 27, 28, 26, 22, 21];1910.0
4567.0;[1, 30, 33, 2, 4, 5, 6, 10, 11, 8, 12, 14, 16, 15, 25, 24, 19, 32, 7, 9, 0, 23, 27, 28, 29, 26, 22, 20, 21, 31, 18, 17, 13, 3];1748.0
3805.0;[29, 23, 11, 10, 9, 12, 13, 26, 22, 20, 21, 27, 25, 24, 19, 31, 18, 17, 32, 7, 8, 6, 4, 5, 2, 3, 0, 15, 14, 16, 1, 33, 30, 28];1741.0
4510.0;[16, 1, 3, 33, 30, 26, 22, 29, 25, 24, 23, 27, 28, 0, 13, 9, 8, 10, 11, 31, 18, 20, 21, 19, 17, 32, 7, 4, 6, 5, 2, 15, 12, 14];1679.0
4026.0;[16, 20, 21, 17, 25, 1, 24, 23, 26, 2, 4, 5, 6, 30, 33, 3, 0, 13, 12, 9, 32, 8, 7, 10, 11, 31, 18, 19, 22, 27, 28, 29, 14, 15];1873.0
4127.0;[9, 32, 8, 10, 11, 31, 22, 26, 27, 28, 29, 16, 25, 24, 23, 20, 21, 19, 18, 17, 0, 1, 2, 3, 33, 30, 5, 6, 4, 7, 12, 14, 15, 13];1627.0
4446.0;[32, 25, 1, 3, 23, 19, 7, 4, 5, 6, 2, 0, 16, 15, 33, 30, 26, 27, 28, 29, 24, 22, 20, 21, 31, 18, 17, 11, 10, 8, 12, 14, 13, 9];1871.0
4627.0;[4, 5, 22, 26, 16, 0, 25, 24, 23, 19, 31, 17, 11, 10, 18, 20, 21, 27, 28, 33, 30, 29, 13, 7, 32, 8, 9, 12, 14, 15, 1, 2, 3, 6];1920.0
3770.0;[29, 26, 22, 20, 21, 9, 4, 6, 5, 30, 33, 13, 0, 24, 23, 19, 31, 18, 17, 11, 8, 10, 32, 7, 12, 14, 15, 16, 1, 2, 3, 25, 27, 28];1616.0
4506.0;[28, 25, 1, 3, 33, 2, 10, 11, 8, 9, 12, 14, 15, 13, 4, 5, 6, 30, 29, 22, 20, 21, 31, 18, 19, 23, 17, 32, 7, 0, 16, 24, 26, 27];1810.0
4364.0;[15, 14, 12, 11, 10, 9, 32, 7, 8, 1, 25, 21, 20, 22, 26, 27, 29, 28, 24, 23, 19, 31, 18, 17, 4, 6, 5, 30, 33, 2, 3, 0, 13, 16];1665.0
4539.0;[22, 23, 11, 31, 17, 8, 9, 32, 7, 5, 6, 10, 18, 19, 21, 20, 27, 28, 29, 33, 30, 4, 13, 12, 15, 14, 16, 1, 2, 3, 0, 25, 24, 26];1771.0
3662.0;[29, 22, 20, 21, 31, 18, 19, 27, 28, 16, 1, 3, 0, 13, 10, 9, 12, 14, 15, 33, 2, 4, 6, 5, 30, 25, 17, 11, 8, 32, 7, 24, 23, 26];1822.0
4075.0;[11, 31, 17, 32, 8, 10, 9, 13, 0, 1, 2, 3, 15, 14, 12, 7, 4, 6, 5, 30, 33, 26, 27, 28, 29, 16, 25, 24, 23, 20, 22, 21, 18, 19];1639.0
4493.0;[23, 9, 32, 7, 20, 21, 22, 26, 27, 25, 16, 14, 15, 4, 6, 5, 2, 3, 30, 33, 28, 29, 19, 31, 18, 17, 11, 10, 8, 12, 13, 0, 1, 24];1951.0
4742.0;[6, 4, 18, 17, 32, 7, 8, 9, 0, 1, 2, 3, 25, 23, 21, 31, 11, 10, 12, 13, 14, 16, 15, 26, 27, 28, 29, 33, 30, 24, 20, 22, 19, 5];1979.0
4312.0;[3, 0, 20, 31, 18, 9, 32, 7, 8, 26, 27, 28, 16, 14, 15, 12, 13, 24, 23, 25, 1, 33, 2, 4, 6, 5, 30, 29, 22, 21, 19, 17, 11, 10];1945.0
4517.0;[11, 8, 32, 7, 27, 28, 33, 6, 4, 5, 30, 29, 14, 15, 12, 13, 0, 1, 2, 3, 16, 25, 26, 22, 23, 24, 19, 18, 17, 10, 9, 20, 21, 31];1969.0
4100.0;[13, 1, 33, 30, 29, 15, 14, 16, 24, 23, 20, 21, 19, 17, 11, 31, 18, 7, 4, 6, 5, 2, 3, 0, 25, 22, 26, 27, 28, 12, 9, 10, 32, 8];1715.0
4526.0;[17, 1, 2, 33, 30, 20, 21, 31, 19, 18, 0, 3, 25, 26, 27, 28, 29, 22, 11, 8, 10, 12, 14, 16, 15, 13, 9, 32, 7, 4, 5, 6, 24, 23];1991.0
4434.0;[28, 22, 20, 21, 17, 4, 5, 6, 30, 33, 32, 7, 8, 9, 12, 14, 15, 16, 24, 23, 19, 31, 18, 11, 10, 13, 0, 1, 2, 3, 25, 29, 26, 27];1737.0
4400.0;[19, 18, 0, 13, 25, 1, 30, 29, 33, 2, 3, 5, 6, 4, 10, 11, 31, 22, 26, 27, 28, 24, 17, 9, 32, 8, 7, 12, 14, 15, 16, 23, 20, 21];1882.0
4492.0;[5, 22, 23, 21, 20, 31, 18, 9, 13, 14, 12, 11, 10, 32, 7, 8, 2, 3, 1, 33, 30, 26, 29, 0, 16, 15, 27, 28, 25, 24, 19, 17, 6, 4];2070.0
4514.0;[3, 25, 27, 28, 29, 24, 18, 9, 12, 14, 16, 15, 0, 1, 33, 26, 22, 23, 17, 11, 10, 8, 32, 7, 6, 4, 5, 30, 20, 21, 19, 31, 13, 2];1993.0
4105.0;[27, 28, 33, 30, 29, 22, 21, 31, 17, 9, 32, 7, 10, 11, 8, 12, 14, 15, 16, 0, 13, 4, 5, 6, 2, 1, 3, 25, 24, 23, 19, 18, 20, 26];1722.0
4416.0;[27, 28, 29, 16, 0, 2, 3, 24, 23, 26, 25, 1, 33, 30, 22, 20, 21, 19, 32, 7, 8, 11, 31, 18, 17, 10, 12, 14, 15, 5, 6, 4, 9, 13];1904.0
4063.0;[3, 11, 8, 25, 26, 27, 28, 13, 32, 7, 9, 10, 17, 18, 19, 31, 20, 21, 22, 24, 23, 33, 30, 29, 1, 0, 16, 15, 14, 12, 6, 4, 5, 2];1981.0
4231.0;[33, 5, 2, 3, 17, 10, 11, 8, 32, 7, 4, 6, 9, 12, 13, 1, 0, 14, 15, 16, 25, 24, 27, 28, 29, 22, 23, 21, 31, 19, 18, 20, 26, 30];1989.0
4655.0;[22, 24, 23, 19, 18, 17, 9, 12, 13, 4, 5, 6, 32, 7, 8, 10, 11, 31, 21, 20, 27, 28, 29, 14, 15, 1, 30, 33, 2, 3, 0, 16, 25, 26];1587.0
4144.0;[32, 4, 7, 8, 13, 25, 22, 26, 29, 0, 12, 15, 14, 16, 1, 33, 30, 6, 5, 2, 3, 24, 23, 20, 21, 27, 28, 19, 17, 11, 31, 18, 10, 9];1817.0
4292.0;[25, 1, 0, 16, 15, 14, 12, 9, 10, 11, 8, 7, 4, 5, 6, 32, 13, 27, 28, 29, 21, 31, 18, 19, 17, 30, 33, 2, 3, 24, 23, 20, 22, 26];1819.0
4292.0;[9, 12, 32, 7, 4, 8, 6, 5, 2, 3, 16, 15, 14, 13, 0, 1, 33, 30, 29, 27, 28, 26, 22, 20, 21, 31, 18, 17, 11, 25, 24, 23, 19, 10];1686.0
3969.0;[18, 9, 1, 33, 29, 22, 20, 26, 27, 28, 25, 23, 19, 17, 10, 11, 8, 12, 14, 15, 13, 32, 7, 4, 6, 5, 30, 2, 3, 0, 16, 24, 21, 31];1746.0
4716.0;[13, 12, 14, 16, 15, 3, 25, 19, 20, 21, 31, 18, 0, 1, 33, 30, 22, 17, 11, 10, 32, 7, 8, 24, 23, 27, 28, 29, 26, 2, 5, 6, 4, 9];1890.0
4725.0;[16, 15, 19, 17, 32, 7, 8, 0, 24, 23, 20, 21, 27, 28, 29, 26, 22, 25, 1, 33, 30, 4, 6, 5, 2, 3, 13, 12, 9, 10, 11, 31, 18, 14];1730.0
4112.0;[4, 13, 1, 3, 33, 30, 29, 27, 28, 2, 0, 15, 16, 14, 12, 9, 32, 8, 10, 11, 31, 18, 21, 20, 22, 26, 25, 24, 23, 19, 17, 7, 5, 6];1679.0
4286.0;[31, 20, 21, 19, 18, 17, 7, 5, 6, 4, 13, 27, 28, 25, 1, 24, 23, 22, 26, 29, 33, 30, 2, 3, 0, 15, 16, 14, 12, 9, 32, 8, 10, 11];1726.0
4342.0;[30, 33, 27, 28, 26, 29, 25, 1, 13, 12, 15, 14, 16, 24, 22, 23, 11, 31, 18, 19, 20, 21, 17, 10, 8, 5, 2, 3, 0, 9, 32, 7, 4, 6];1894.0
4414.0;[23, 25, 16, 15, 14, 12, 6, 5, 33, 30, 2, 3, 10, 11, 31, 17, 18, 19, 27, 28, 29, 26, 22, 20, 21, 9, 32, 4, 7, 8, 13, 0, 1, 24];1881.0
4291.0;[1, 33, 30, 2, 3, 0, 23, 20, 21, 22, 26, 27, 28, 29, 15, 12, 14, 16, 25, 24, 19, 18, 17, 11, 31, 4, 5, 6, 32, 7, 8, 10, 9, 13];1610.0
4158.0;[23, 24, 31, 19, 21, 20, 27, 28, 29, 25, 32, 4, 6, 5, 30, 33, 2, 1, 3, 0, 16, 15, 14, 12, 9, 10, 18, 17, 11, 8, 7, 13, 26, 22];1763.0
4231.0;[21, 20, 15, 14, 16, 26, 22, 23, 9, 12, 4, 5, 6, 32, 7, 8, 13, 25, 30, 33, 2, 1, 3, 0, 10, 11, 31, 17, 18, 19, 27, 28, 29, 24];1970.0
4462.0;[33, 30, 19, 11, 31, 18, 17, 7, 6, 4, 5, 2, 3, 1, 25, 24, 23, 21, 27, 28, 29, 0, 13, 32, 8, 10, 9, 12, 14, 15, 16, 20, 22, 26];1848.0
4339.0;[20, 25, 1, 33, 30, 5, 29, 22, 21, 31, 18, 17, 6, 4, 32, 7, 9, 10, 11, 8, 12, 13, 15, 14, 16, 23, 26, 27, 28, 2, 3, 0, 24, 19];1968.0
4745.0;[32, 7, 9, 12, 13, 0, 24, 23, 19, 31, 17, 18, 11, 8, 10, 4, 5, 6, 30, 22, 20, 21, 1, 33, 2, 3, 25, 26, 27, 28, 29, 16, 15, 14];1793.0
4482.0;[7, 8, 10, 9, 12, 14, 15, 16, 1, 30, 33, 2, 3, 13, 0, 32, 4, 6, 5, 26, 22, 20, 21, 23, 19, 11, 31, 18, 17, 25, 24, 27, 28, 29];1788.0
4227.0;[22, 2, 6, 5, 0, 24, 17, 1, 3, 13, 12, 14, 15, 16, 25, 23, 20, 21, 26, 27, 28, 29, 33, 30, 4, 7, 32, 8, 9, 10, 11, 31, 18, 19];1908.0
4844.0;[2, 1, 3, 32, 7, 8, 13, 0, 23, 19, 31, 18, 17, 9, 12, 14, 15, 16, 21, 20, 22, 26, 27, 28, 29, 25, 24, 11, 10, 6, 4, 5, 30, 33];1721.0
4088.0;[13, 14, 15, 16, 27, 28, 0, 1, 2, 3, 7, 8, 20, 21, 9, 32, 4, 6, 5, 30, 33, 26, 22, 23, 29, 25, 24, 19, 17, 11, 31, 18, 10, 12];2011.0
4296.0;[15, 14, 12, 11, 10, 9, 32, 7, 8, 0, 25, 23, 26, 27, 28, 29, 22, 19, 17, 4, 6, 5, 30, 33, 1, 2, 3, 24, 20, 21, 31, 18, 13, 16];1750.0
4539.0;[14, 15, 31, 18, 9, 32, 7, 8, 24, 19, 21, 20, 27, 28, 29, 1, 13, 0, 25, 23, 26, 22, 17, 11, 10, 12, 6, 4, 5, 33, 30, 2, 3, 16];1964.0
4288.0;[27, 28, 25, 13, 0, 1, 2, 3, 24, 23, 26, 29, 22, 20, 21, 19, 31, 18, 17, 9, 12, 14, 16, 15, 11, 10, 32, 8, 7, 4, 5, 6, 33, 30];1710.0
4767.0;[8, 1, 2, 3, 16, 15, 14, 12, 0, 25, 13, 10, 11, 31, 18, 20, 21, 26, 22, 27, 28, 29, 33, 4, 6, 5, 30, 24, 23, 19, 17, 9, 32, 7];1717.0
4431.0;[3, 0, 26, 29, 25, 33, 30, 2, 24, 19, 17, 10, 9, 13, 7, 32, 4, 5, 6, 22, 21, 31, 18, 11, 8, 12, 14, 15, 16, 23, 20, 27, 28, 1];1995.0
3813.0;[19, 31, 17, 18, 26, 27, 28, 29, 30, 5, 6, 4, 11, 8, 10, 9, 13, 16, 15, 14, 12, 32, 7, 0, 1, 33, 2, 3, 25, 24, 23, 22, 20, 21];1772.0
4168.0;[31, 17, 18, 22, 29, 26, 27, 28, 1, 3, 16, 14, 15, 12, 32, 7, 9, 10, 11, 8, 4, 6, 5, 30, 33, 2, 0, 13, 25, 24, 23, 19, 20, 21];1584.0
4159.0;[6, 32, 7, 8, 9, 24, 11, 10, 13, 0, 1, 30, 33, 2, 3, 16, 15, 12, 14, 25, 23, 20, 21, 31, 18, 19, 17, 22, 26, 27, 28, 29, 4, 5];1755.0
3877.0;[9, 10, 18, 20, 22, 21, 19, 31, 11, 8, 6, 4, 5, 30, 26, 27, 28, 29, 33, 2, 0, 13, 32, 7, 14, 12, 15, 1, 3, 16, 25, 24, 23, 17];1825.0
4277.0;[22, 26, 25, 0, 24, 23, 11, 10, 32, 7, 8, 9, 4, 6, 5, 2, 3, 13, 12, 31, 17, 18, 19, 21, 27, 28, 1, 33, 30, 29, 15, 16, 14, 20];1863.0
4762.0;[0, 3, 24, 21, 31, 18, 9, 12, 13, 14, 15, 16, 25, 23, 19, 17, 11, 10, 1, 30, 29, 26, 22, 20, 27, 28, 33, 2, 5, 6, 4, 32, 7, 8];1783.0
3966.0;[21, 9, 0, 13, 14, 16, 15, 12, 11, 31, 18, 10, 8, 25, 24, 23, 19, 17, 1, 26, 27, 28, 29, 33, 2, 3, 32, 7, 6, 4, 5, 30, 22, 20];1945.0
4060.0;[26, 25, 13, 32, 7, 4, 5, 6, 3, 2, 9, 10, 12, 15, 14, 24, 22, 23, 20, 21, 19, 31, 18, 17, 11, 8, 0, 16, 1, 33, 30, 27, 28, 29];1813.0
4240.0;[2, 3, 16, 26, 22, 20, 21, 19, 31, 18, 17, 11, 10, 25, 24, 23, 29, 0, 32, 7, 8, 9, 13, 1, 33, 30, 5, 6, 4, 12, 14, 15, 27, 28];1809.0
4441.0;[24, 23, 27, 28, 29, 25, 30, 6, 5, 26, 21, 31, 11, 8, 10, 9, 12, 15, 14, 16, 1, 33, 2, 3, 4, 32, 7, 13, 0, 17, 18, 19, 20, 22];1870.0
4285.0;[23, 13, 0, 33, 30, 25, 1, 2, 3, 16, 14, 15, 12, 32, 7, 8, 10, 9, 4, 5, 6, 29, 26, 27, 28, 22, 24, 17, 11, 31, 18, 19, 21, 20];1751.0
4634.0;[20, 22, 32, 7, 13, 12, 14, 16, 15, 26, 27, 28, 29, 23, 19, 31, 18, 17, 0, 1, 33, 30, 4, 9, 10, 11, 8, 6, 5, 2, 3, 25, 24, 21];1852.0
3871.0;[20, 22, 23, 17, 11, 10, 9, 32, 7, 8, 14, 15, 16, 1, 3, 13, 12, 6, 4, 5, 30, 33, 2, 0, 25, 19, 31, 18, 21, 27, 28, 26, 29, 24];1720.0
4450.0;[26, 25, 1, 2, 3, 0, 24, 23, 17, 19, 31, 21, 27, 28, 29, 9, 32, 4, 5, 6, 7, 8, 13, 33, 30, 16, 15, 14, 12, 11, 10, 18, 20, 22];1885.0
4110.0;[14, 24, 23, 19, 27, 25, 1, 2, 3, 33, 4, 5, 28, 29, 12, 11, 10, 9, 32, 8, 7, 6, 30, 26, 22, 20, 21, 31, 18, 17, 13, 0, 16, 15];1960.0
4533.0;[19, 24, 23, 17, 11, 10, 32, 7, 8, 33, 30, 27, 28, 29, 25, 16, 14, 15, 1, 2, 3, 0, 5, 6, 4, 12, 9, 13, 26, 22, 20, 21, 31, 18];1765.0
4328.0;[4, 5, 2, 0, 24, 20, 22, 23, 17, 12, 14, 15, 16, 25, 19, 31, 11, 8, 9, 13, 1, 3, 10, 18, 21, 27, 28, 26, 29, 33, 30, 32, 7, 6];1979.0
4564.0;[28, 29, 21, 20, 22, 26, 24, 23, 19, 31, 18, 17, 11, 10, 12, 15, 14, 16, 25, 1, 33, 2, 3, 9, 32, 4, 5, 6, 7, 8, 13, 0, 30, 27];1662.0
4565.0;[5, 2, 3, 0, 1, 25, 23, 19, 31, 17, 18, 9, 13, 12, 15, 14, 16, 24, 20, 21, 27, 28, 33, 30, 29, 26, 22, 11, 8, 10, 7, 32, 4, 6];1712.0
4499.0;[9, 13, 0, 1, 23, 19, 31, 18, 17, 32, 7, 8, 4, 6, 5, 30, 33, 2, 3, 12, 14, 15, 16, 25, 26, 27, 28, 29, 24, 20, 21, 22, 11, 10];1604.0
4736.0;[28, 29, 25, 15, 16, 2, 3, 14, 12, 11, 10, 9, 24, 23, 19, 17, 32, 7, 5, 6, 4, 8, 0, 26, 27, 22, 20, 21, 31, 18, 13, 1, 33, 30];1883.0
4619.0;[33, 2, 3, 0, 24, 23, 20, 22, 26, 29, 25, 19, 9, 10, 32, 7, 4, 6, 5, 30, 28, 27, 21, 31, 18, 17, 11, 8, 13, 12, 14, 15, 16, 1];1627.0
4810.0;[17, 9, 32, 23, 22, 26, 29, 0, 13, 12, 14, 15, 16, 25, 24, 11, 31, 18, 19, 20, 21, 27, 28, 1, 3, 33, 30, 2, 4, 5, 6, 7, 8, 10];1794.0
4295.0;[10, 11, 1, 3, 12, 9, 32, 8, 7, 13, 29, 26, 22, 24, 23, 4, 5, 6, 30, 33, 2, 0, 14, 15, 16, 25, 27, 28, 20, 21, 31, 18, 19, 17];1949.0
4243.0;[18, 0, 1, 33, 2, 3, 25, 24, 23, 17, 10, 9, 32, 13, 12, 14, 16, 15, 26, 22, 20, 21, 11, 8, 7, 4, 6, 5, 30, 29, 27, 28, 19, 31];1784.0
4688.0;[7, 8, 10, 11, 17, 13, 14, 12, 15, 16, 1, 33, 2, 4, 6, 5, 30, 24, 23, 21, 31, 18, 19, 20, 22, 26, 27, 28, 29, 25, 3, 0, 9, 32];1583.0
4915.0;[18, 9, 25, 1, 22, 23, 21, 20, 26, 27, 28, 29, 16, 15, 14, 0, 13, 12, 32, 7, 4, 6, 5, 33, 30, 2, 3, 24, 19, 17, 8, 10, 11, 31];1752.0
4334.0;[10, 0, 25, 23, 29, 16, 14, 15, 1, 3, 32, 7, 8, 9, 13, 12, 4, 6, 5, 30, 33, 2, 24, 20, 21, 31, 17, 18, 19, 22, 26, 27, 28, 11];1853.0
4345.0;[9, 0, 1, 2, 4, 5, 6, 30, 22, 24, 23, 33, 3, 13, 10, 11, 31, 18, 19, 17, 21, 20, 27, 28, 26, 29, 25, 16, 14, 15, 12, 32, 7, 8];1808.0
4167.0;[6, 12, 13, 25, 1, 33, 2, 3, 0, 14, 15, 16, 24, 23, 17, 8, 10, 11, 31, 18, 27, 28, 30, 29, 26, 22, 20, 21, 19, 9, 32, 7, 4, 5];1691.0
3733.0;[5, 6, 4, 12, 0, 24, 23, 19, 20, 25, 16, 14, 15, 27, 28, 29, 33, 30, 26, 22, 21, 31, 18, 17, 32, 7, 10, 11, 8, 9, 13, 1, 2, 3];1842.0
4307.0;[22, 26, 29, 25, 24, 23, 19, 31, 11, 6, 4, 5, 30, 33, 27, 28, 13, 32, 7, 8, 10, 18, 17, 9, 12, 1, 2, 3, 0, 16, 14, 15, 21, 20];1855.0
4170.0;[0, 12, 14, 25, 24, 23, 26, 16, 15, 1, 2, 3, 13, 32, 9, 10, 19, 22, 20, 21, 31, 18, 17, 11, 8, 7, 4, 6, 5, 30, 33, 27, 28, 29];1755.0
4550.0;[9, 32, 7, 10, 11, 8, 4, 6, 5, 2, 3, 24, 21, 20, 22, 26, 27, 28, 23, 19, 31, 18, 17, 0, 1, 33, 30, 29, 25, 16, 15, 14, 13, 12];1631.0
4421.0;[23, 12, 13, 9, 10, 11, 19, 31, 18, 1, 33, 30, 2, 6, 4, 5, 3, 0, 25, 26, 27, 28, 29, 22, 20, 21, 17, 32, 7, 8, 15, 14, 16, 24];1900.0
3943.0;[20, 21, 27, 28, 29, 25, 0, 13, 10, 11, 31, 18, 32, 8, 9, 24, 23, 19, 17, 1, 2, 3, 16, 15, 14, 12, 7, 4, 6, 5, 33, 30, 26, 22];1724.0
4190.0;[8, 10, 9, 26, 22, 11, 31, 18, 17, 13, 24, 23, 19, 20, 21, 29, 3, 0, 1, 33, 30, 2, 5, 6, 4, 7, 14, 15, 27, 28, 25, 16, 12, 32];2011.0
4006.0;[25, 19, 18, 21, 20, 22, 17, 10, 32, 7, 8, 12, 14, 15, 16, 24, 23, 26, 27, 28, 29, 33, 2, 0, 11, 31, 13, 9, 4, 6, 5, 30, 3, 1];1877.0
4320.0;[3, 2, 4, 5, 6, 8, 10, 11, 31, 18, 19, 20, 22, 21, 33, 30, 29, 26, 27, 28, 15, 12, 9, 32, 7, 13, 14, 16, 25, 24, 23, 17, 0, 1];1748.0
4540.0;[7, 12, 23, 32, 8, 10, 11, 21, 22, 20, 26, 27, 28, 29, 25, 24, 31, 18, 19, 17, 9, 13, 0, 16, 15, 14, 1, 33, 2, 3, 30, 4, 5, 6];1826.0
4316.0;[11, 10, 0, 13, 1, 26, 27, 28, 29, 22, 18, 17, 12, 9, 32, 7, 8, 4, 6, 5, 30, 33, 2, 3, 16, 15, 14, 25, 24, 23, 19, 20, 21, 31];1624.0
4138.0;[8, 13, 23, 24, 19, 17, 10, 12, 14, 16, 15, 9, 32, 7, 4, 6, 5, 0, 25, 1, 2, 3, 33, 30, 26, 27, 28, 29, 22, 20, 21, 31, 18, 11];1670.0
3929.0;[17, 9, 32, 8, 10, 15, 14, 16, 24, 26, 27, 28, 29, 25, 1, 33, 2, 3, 0, 13, 12, 7, 4, 6, 5, 30, 22, 23, 11, 31, 18, 19, 20, 21];1629.0
4041.0;[29, 25, 16, 15, 24, 21, 20, 22, 23, 9, 10, 19, 18, 13, 0, 1, 33, 2, 3, 7, 8, 12, 14, 32, 4, 6, 5, 30, 26, 17, 11, 31, 27, 28];2040.0
4374.0;[26, 27, 28, 2, 3, 0, 1, 20, 21, 31, 18, 9, 4, 6, 5, 30, 33, 29, 22, 19, 17, 11, 10, 32, 7, 8, 13, 12, 14, 15, 16, 25, 24, 23];1680.0
4476.0;[26, 2, 13, 11, 17, 32, 7, 8, 10, 9, 12, 14, 15, 16, 24, 23, 19, 31, 18, 0, 25, 1, 3, 30, 33, 4, 6, 5, 22, 20, 21, 27, 28, 29];1890.0
4759.0;[18, 19, 22, 26, 27, 28, 24, 23, 20, 21, 31, 11, 8, 10, 9, 13, 0, 1, 16, 15, 14, 12, 7, 32, 4, 6, 5, 2, 3, 33, 30, 29, 25, 17];1618.0
4605.0;[19, 20, 21, 18, 17, 10, 9, 2, 3, 1, 24, 11, 31, 22, 27, 25, 0, 13, 14, 16, 15, 12, 32, 7, 8, 4, 6, 5, 30, 33, 28, 29, 26, 23];1888.0
4520.0;[4, 7, 0, 16, 15, 14, 12, 13, 1, 30, 33, 2, 3, 9, 32, 8, 10, 24, 23, 20, 22, 21, 19, 17, 11, 31, 18, 25, 29, 26, 27, 28, 5, 6];1846.0
4663.0;[22, 0, 13, 25, 26, 27, 28, 29, 1, 2, 3, 33, 30, 6, 4, 5, 7, 8, 9, 32, 12, 14, 15, 16, 24, 23, 21, 19, 18, 17, 10, 11, 31, 20];1752.0
4286.0;[1, 30, 26, 27, 28, 29, 33, 2, 3, 0, 12, 15, 14, 16, 24, 23, 17, 10, 13, 25, 22, 20, 21, 19, 18, 11, 31, 9, 4, 5, 6, 32, 7, 8];1764.0
4603.0;[25, 19, 31, 18, 17, 10, 11, 8, 6, 4, 5, 2, 24, 23, 27, 28, 16, 15, 14, 12, 32, 7, 3, 1, 33, 30, 29, 26, 22, 20, 21, 9, 13, 0];1890.0
4364.0;[14, 12, 11, 31, 18, 27, 28, 25, 16, 13, 8, 10, 7, 32, 4, 6, 5, 30, 29, 24, 23, 26, 22, 20, 21, 19, 17, 9, 0, 1, 3, 33, 2, 15];1814.0
4316.0;[21, 22, 23, 17, 12, 15, 14, 16, 1, 2, 3, 0, 25, 24, 19, 31, 18, 11, 8, 10, 9, 6, 4, 32, 7, 13, 27, 28, 33, 30, 5, 29, 26, 20];1884.0
4324.0;[21, 31, 32, 12, 14, 11, 10, 3, 25, 1, 2, 4, 5, 6, 7, 8, 9, 0, 16, 15, 24, 19, 18, 17, 13, 23, 27, 28, 33, 30, 29, 26, 22, 20];1985.0
4116.0;[30, 29, 23, 19, 9, 12, 18, 17, 13, 0, 2, 3, 25, 24, 8, 32, 7, 5, 6, 4, 10, 11, 31, 21, 22, 20, 26, 27, 28, 16, 14, 15, 1, 33];1979.0
4428.0;[22, 20, 21, 19, 18, 17, 12, 9, 32, 7, 8, 13, 1, 2, 4, 10, 11, 31, 6, 5, 30, 29, 27, 28, 33, 3, 0, 14, 15, 16, 25, 24, 23, 26];1760.0
4834.0;[19, 17, 9, 32, 0, 1, 33, 30, 24, 23, 10, 12, 13, 14, 15, 16, 26, 22, 20, 21, 31, 18, 11, 8, 7, 4, 6, 5, 2, 3, 25, 27, 28, 29];1795.0
4066.0;[25, 24, 23, 17, 11, 8, 10, 32, 7, 9, 13, 0, 1, 2, 3, 33, 30, 6, 4, 5, 26, 22, 21, 31, 18, 19, 20, 27, 28, 29, 12, 14, 15, 16];1640.0
4804.0;[0, 17, 11, 10, 13, 16, 14, 15, 12, 32, 8, 9, 1, 3, 24, 23, 22, 20, 21, 19, 31, 18, 7, 4, 6, 5, 30, 26, 27, 28, 29, 25, 33, 2];1772.0
3858.0;[28, 32, 7, 9, 10, 11, 8, 12, 25, 24, 21, 20, 22, 23, 26, 1, 33, 30, 2, 3, 19, 31, 18, 17, 13, 0, 16, 15, 14, 4, 6, 5, 29, 27];1921.0
4677.0;[33, 2, 24, 21, 31, 18, 19, 20, 22, 11, 10, 4, 5, 6, 0, 25, 23, 17, 32, 7, 8, 9, 12, 13, 14, 15, 16, 26, 27, 28, 29, 1, 3, 30];1790.0
3939.0;[18, 19, 20, 21, 22, 26, 27, 28, 29, 0, 13, 5, 6, 4, 32, 7, 12, 14, 15, 16, 1, 33, 30, 2, 3, 25, 24, 23, 17, 11, 8, 9, 10, 31];1543.0
3851.0;[18, 11, 8, 10, 33, 2, 3, 16, 15, 12, 14, 25, 24, 17, 9, 32, 7, 4, 6, 5, 30, 29, 1, 13, 0, 23, 19, 20, 27, 28, 26, 22, 21, 31];1746.0
4081.0;[13, 0, 23, 24, 17, 11, 31, 18, 19, 21, 20, 22, 26, 33, 30, 5, 6, 4, 12, 14, 15, 16, 9, 32, 7, 8, 10, 27, 28, 29, 25, 1, 2, 3];1698.0
4378.0;[9, 32, 7, 24, 23, 20, 22, 21, 31, 18, 13, 0, 30, 29, 25, 19, 17, 11, 8, 10, 12, 1, 3, 16, 15, 14, 26, 27, 28, 33, 2, 5, 6, 4];1858.0
4460.0;[8, 1, 3, 19, 17, 13, 25, 16, 14, 15, 12, 10, 11, 31, 18, 4, 6, 5, 30, 29, 26, 24, 23, 20, 21, 22, 27, 28, 33, 2, 0, 9, 32, 7];1846.0
4084.0;[28, 33, 30, 5, 6, 4, 7, 25, 21, 20, 22, 26, 2, 3, 13, 9, 10, 32, 8, 12, 15, 14, 16, 0, 1, 29, 24, 23, 19, 18, 17, 11, 31, 27];1902.0
4759.0;[29, 0, 13, 12, 14, 1, 33, 2, 3, 15, 16, 19, 20, 27, 28, 25, 24, 23, 26, 22, 21, 31, 17, 18, 11, 10, 32, 7, 5, 6, 4, 8, 9, 30];1811.0
4444.0;[25, 12, 7, 9, 13, 24, 23, 17, 18, 19, 21, 20, 22, 32, 8, 10, 11, 31, 1, 2, 4, 6, 5, 30, 33, 3, 0, 15, 14, 16, 26, 27, 28, 29];1828.0
4651.0;[6, 23, 19, 17, 32, 8, 13, 0, 1, 25, 24, 20, 21, 22, 26, 27, 28, 29, 30, 33, 2, 3, 16, 15, 14, 12, 9, 10, 11, 31, 18, 7, 4, 5];1719.0
4360.0;[25, 0, 16, 14, 15, 20, 21, 19, 17, 9, 6, 5, 30, 4, 32, 7, 8, 10, 12, 1, 33, 2, 3, 13, 24, 23, 11, 31, 18, 22, 26, 27, 28, 29];1759.0
4101.0;[12, 32, 4, 5, 6, 7, 8, 13, 1, 30, 33, 2, 3, 0, 15, 14, 16, 24, 17, 11, 10, 9, 25, 23, 26, 22, 20, 21, 19, 31, 18, 27, 29, 28];1878.0
4357.0;[32, 25, 1, 2, 3, 24, 20, 21, 22, 33, 30, 19, 31, 18, 11, 8, 7, 4, 6, 5, 27, 28, 29, 26, 23, 17, 10, 12, 14, 15, 16, 0, 13, 9];1906.0
3510.0;[17, 18, 12, 14, 15, 1, 30, 29, 27, 28, 26, 22, 20, 21, 31, 11, 10, 7, 4, 6, 5, 33, 2, 3, 0, 13, 32, 8, 9, 16, 25, 24, 23, 19];1651.0
4704.0;[5, 30, 29, 3, 25, 17, 14, 16, 15, 24, 19, 18, 20, 22, 27, 28, 26, 23, 21, 31, 11, 10, 9, 32, 7, 8, 12, 13, 0, 1, 33, 2, 4, 6];1829.0
4625.0;[22, 24, 23, 33, 30, 29, 12, 14, 15, 16, 25, 26, 27, 28, 1, 2, 3, 0, 13, 9, 32, 8, 10, 11, 31, 20, 21, 19, 18, 17, 7, 4, 6, 5];1788.0
4355.0;[23, 22, 24, 17, 9, 13, 0, 12, 14, 16, 15, 1, 3, 2, 32, 7, 4, 6, 5, 30, 33, 26, 27, 28, 29, 25, 8, 10, 11, 31, 18, 19, 21, 20];1757.0
4644.0;[29, 25, 24, 20, 21, 31, 18, 17, 10, 14, 15, 12, 9, 32, 7, 13, 16, 26, 27, 28, 22, 23, 19, 11, 8, 4, 5, 2, 6, 3, 0, 1, 33, 30];1854.0
4396.0;[14, 10, 11, 31, 20, 21, 22, 33, 2, 3, 0, 13, 9, 32, 7, 26, 27, 28, 29, 25, 15, 16, 1, 24, 23, 19, 18, 17, 6, 5, 30, 4, 8, 12];1920.0
4431.0;[22, 26, 4, 5, 6, 27, 28, 29, 16, 15, 12, 14, 24, 19, 17, 9, 1, 30, 33, 2, 3, 0, 25, 21, 31, 18, 11, 10, 32, 7, 8, 13, 23, 20];1979.0
4613.0;[8, 10, 9, 12, 27, 28, 17, 11, 13, 25, 22, 26, 29, 1, 2, 3, 0, 15, 16, 14, 24, 23, 31, 18, 19, 21, 20, 33, 30, 5, 6, 4, 32, 7];1966.0
1511.0;[2, 3, 0, 25, 24, 23, 26, 27, 28, 13, 9, 32, 7, 4, 6, 5, 29, 22, 20, 21, 31, 18, 19, 17, 10, 11, 8, 12, 14, 15, 16, 1, 30, 33]
