ftv55
7249.0;[52, 25, 40, 20, 37, 12, 15, 17, 16, 26, 43, 44, 28, 53, 50, 24, 18, 39, 38, 51, 14, 0, 2, 33, 31, 47, 6, 5, 48, 29, 23, 54, 27, 49, 13, 35, 4, 7, 32, 8, 36, 9, 11, 19, 42, 21, 22, 41, 45, 30, 46, 55, 34, 1, 3, 10];2474.0
7793.0;[42, 18, 52, 26, 25, 45, 30, 48, 3, 6, 5, 47, 31, 46, 29, 0, 33, 2, 16, 17, 15, 55, 34, 1, 4, 32, 36, 37, 9, 11, 38, 10, 51, 14, 13, 35, 7, 8, 12, 39, 19, 20, 40, 41, 21, 50, 22, 23, 54, 27, 49, 53, 43, 44, 28, 24];2325.0
7087.0;[10, 12, 52, 26, 25, 54, 45, 30, 13, 35, 6, 5, 32, 8, 36, 51, 14, 27, 23, 24, 42, 21, 22, 20, 40, 19, 18, 39, 38, 37, 9, 11, 41, 50, 49, 53, 43, 44, 28, 29, 16, 15, 17, 0, 1, 2, 33, 55, 47, 31, 46, 34, 48, 3, 4, 7];2273.0
7280.0;[30, 19, 18, 39, 15, 25, 24, 20, 40, 41, 46, 55, 34, 1, 2, 26, 42, 50, 27, 49, 43, 44, 28, 52, 0, 33, 31, 48, 3, 4, 6, 5, 47, 53, 23, 22, 21, 54, 29, 17, 16, 13, 35, 36, 9, 37, 51, 12, 10, 32, 7, 8, 11, 38, 14, 45];2696.0
7399.0;[48, 53, 44, 14, 13, 35, 5, 47, 31, 46, 26, 25, 54, 43, 28, 37, 36, 9, 12, 51, 10, 11, 38, 32, 8, 7, 0, 33, 55, 34, 1, 2, 17, 15, 16, 52, 49, 29, 24, 42, 22, 20, 40, 19, 18, 39, 41, 21, 50, 23, 27, 45, 30, 4, 6, 3];2614.0
7269.0;[21, 40, 38, 51, 10, 32, 7, 8, 34, 1, 25, 54, 28, 53, 44, 47, 6, 5, 27, 43, 52, 0, 33, 2, 13, 35, 4, 36, 9, 37, 11, 19, 20, 18, 39, 14, 12, 16, 15, 17, 42, 50, 23, 22, 41, 49, 45, 30, 46, 55, 48, 3, 31, 29, 26, 24];2736.0
7954.0;[7, 12, 15, 16, 25, 42, 21, 22, 32, 8, 31, 55, 34, 10, 37, 11, 19, 20, 18, 39, 38, 6, 5, 47, 48, 1, 3, 36, 9, 0, 33, 2, 14, 13, 35, 51, 27, 45, 28, 29, 17, 52, 26, 24, 40, 41, 50, 23, 54, 49, 53, 43, 44, 30, 46, 4];2814.0
7066.0;[53, 10, 51, 0, 33, 46, 27, 45, 30, 55, 31, 47, 44, 28, 29, 26, 15, 16, 17, 52, 34, 1, 14, 12, 13, 35, 4, 6, 5, 48, 3, 2, 39, 19, 41, 50, 23, 25, 42, 21, 24, 22, 20, 40, 18, 38, 37, 36, 9, 11, 32, 8, 7, 54, 49, 43];2572.0
7577.0;[49, 16, 39, 38, 11, 40, 22, 41, 27, 45, 29, 26, 14, 12, 13, 35, 15, 17, 0, 33, 24, 42, 23, 54, 30, 46, 55, 34, 1, 3, 53, 43, 44, 28, 51, 37, 36, 9, 10, 32, 8, 7, 4, 6, 5, 47, 31, 48, 2, 52, 25, 18, 19, 20, 21, 50];2547.0
7565.0;[36, 51, 10, 11, 38, 12, 15, 16, 17, 13, 35, 4, 14, 42, 50, 27, 43, 47, 6, 5, 52, 26, 22, 41, 21, 23, 54, 29, 49, 0, 48, 3, 46, 55, 31, 53, 44, 28, 45, 30, 34, 1, 2, 33, 25, 24, 20, 40, 19, 18, 39, 37, 9, 8, 7, 32];2488.0
6906.0;[25, 54, 49, 26, 24, 42, 22, 21, 50, 30, 47, 31, 46, 18, 38, 51, 10, 12, 39, 11, 19, 20, 40, 41, 23, 43, 53, 44, 28, 29, 15, 16, 17, 52, 27, 45, 34, 3, 4, 6, 5, 48, 1, 0, 33, 55, 2, 13, 35, 7, 32, 8, 37, 36, 9, 14];2483.0
7460.0;[34, 31, 27, 45, 29, 14, 26, 52, 49, 43, 53, 44, 28, 10, 11, 38, 19, 40, 20, 41, 50, 54, 23, 18, 39, 51, 12, 16, 15, 17, 0, 2, 33, 25, 24, 42, 21, 22, 13, 35, 6, 5, 47, 30, 46, 1, 3, 4, 32, 8, 36, 37, 9, 7, 48, 55];2592.0
7574.0;[39, 37, 9, 11, 38, 8, 36, 0, 33, 31, 48, 47, 44, 53, 43, 13, 35, 10, 12, 16, 15, 17, 24, 18, 19, 21, 30, 46, 55, 34, 1, 2, 42, 22, 50, 23, 45, 28, 29, 52, 51, 32, 7, 6, 5, 3, 4, 25, 20, 40, 41, 54, 27, 49, 26, 14];2790.0
7325.0;[13, 35, 7, 32, 4, 6, 48, 3, 1, 2, 52, 24, 22, 41, 50, 27, 14, 12, 51, 10, 5, 47, 29, 0, 33, 16, 15, 17, 26, 25, 42, 21, 54, 49, 45, 30, 46, 55, 34, 31, 44, 28, 53, 43, 23, 39, 38, 37, 8, 36, 9, 11, 19, 40, 20, 18];2471.0
7165.0;[28, 53, 22, 41, 21, 49, 45, 30, 27, 23, 54, 16, 17, 55, 34, 1, 10, 37, 9, 6, 5, 48, 2, 52, 42, 50, 43, 44, 29, 24, 18, 12, 15, 0, 33, 3, 31, 47, 46, 26, 25, 20, 40, 19, 39, 13, 35, 4, 7, 32, 8, 36, 11, 38, 51, 14];2788.0
7414.0;[8, 14, 52, 27, 23, 24, 20, 41, 21, 50, 54, 55, 34, 31, 44, 30, 46, 29, 49, 45, 47, 6, 5, 48, 3, 1, 2, 0, 33, 13, 35, 7, 4, 36, 11, 38, 37, 9, 26, 43, 28, 53, 16, 15, 17, 25, 42, 22, 40, 18, 19, 39, 10, 12, 51, 32];2582.0
7162.0;[2, 25, 24, 10, 13, 35, 5, 47, 44, 28, 53, 43, 18, 39, 52, 0, 3, 6, 4, 7, 51, 12, 15, 16, 42, 22, 41, 21, 29, 26, 17, 14, 32, 8, 37, 36, 9, 11, 38, 19, 20, 40, 50, 23, 54, 27, 49, 45, 30, 55, 48, 31, 46, 34, 1, 33];2369.0
7127.0;[9, 25, 42, 44, 28, 53, 23, 54, 29, 52, 0, 51, 10, 14, 26, 24, 49, 45, 3, 4, 7, 5, 6, 47, 48, 31, 55, 46, 34, 33, 17, 16, 15, 12, 39, 13, 35, 32, 8, 36, 11, 38, 18, 19, 41, 21, 22, 20, 40, 50, 27, 43, 30, 1, 2, 37];2751.0
7998.0;[52, 26, 20, 40, 19, 18, 39, 27, 30, 55, 3, 31, 46, 34, 2, 15, 12, 11, 38, 37, 9, 10, 4, 5, 6, 48, 1, 17, 16, 0, 47, 44, 28, 29, 25, 24, 42, 23, 21, 22, 41, 50, 54, 49, 45, 53, 43, 33, 13, 35, 7, 32, 8, 36, 51, 14];2488.0
6798.0;[14, 52, 26, 25, 20, 40, 19, 18, 33, 55, 34, 2, 12, 15, 16, 17, 27, 49, 45, 28, 29, 39, 38, 6, 5, 48, 31, 46, 1, 3, 4, 51, 0, 47, 44, 53, 43, 32, 36, 37, 9, 11, 21, 24, 42, 22, 41, 50, 23, 54, 30, 13, 35, 8, 7, 10];2787.0
7716.0;[32, 8, 36, 51, 13, 35, 37, 9, 11, 19, 42, 50, 24, 20, 18, 39, 38, 33, 55, 46, 34, 2, 14, 12, 15, 16, 17, 0, 3, 48, 29, 27, 49, 45, 30, 1, 52, 10, 7, 4, 6, 5, 47, 31, 43, 44, 53, 28, 26, 25, 54, 23, 21, 22, 40, 41];2625.0
6603.0;[14, 52, 26, 24, 20, 40, 29, 17, 16, 15, 12, 11, 38, 19, 18, 39, 10, 51, 13, 35, 5, 45, 30, 31, 47, 48, 3, 4, 6, 32, 8, 7, 36, 9, 37, 25, 42, 50, 27, 43, 44, 28, 53, 21, 22, 41, 23, 54, 49, 46, 2, 0, 33, 55, 34, 1];2446.0
7258.0;[41, 21, 50, 52, 17, 15, 16, 12, 11, 38, 51, 0, 1, 3, 6, 4, 5, 2, 33, 26, 25, 42, 54, 27, 49, 45, 30, 31, 46, 29, 23, 24, 19, 18, 39, 13, 35, 32, 8, 36, 9, 37, 7, 10, 14, 55, 34, 48, 47, 44, 28, 53, 43, 22, 20, 40];2374.0
7106.0;[49, 29, 52, 51, 14, 25, 42, 22, 32, 7, 6, 3, 48, 2, 0, 33, 26, 16, 17, 15, 12, 39, 10, 11, 38, 19, 18, 20, 40, 41, 21, 50, 23, 24, 54, 45, 30, 55, 44, 28, 53, 43, 34, 1, 13, 35, 8, 36, 9, 37, 4, 5, 47, 31, 46, 27];2491.0
7633.0;[36, 11, 12, 26, 27, 45, 55, 34, 48, 3, 31, 24, 20, 40, 41, 50, 23, 54, 49, 13, 35, 7, 51, 25, 18, 39, 38, 10, 14, 0, 33, 1, 2, 52, 17, 16, 15, 32, 8, 4, 5, 6, 47, 44, 28, 53, 43, 30, 46, 29, 42, 21, 22, 19, 37, 9];2489.0
7541.0;[10, 51, 24, 27, 14, 12, 19, 20, 40, 21, 22, 41, 50, 32, 8, 11, 38, 18, 39, 15, 16, 17, 25, 42, 23, 54, 45, 29, 0, 33, 31, 46, 3, 48, 47, 30, 55, 1, 13, 5, 6, 4, 36, 9, 37, 52, 26, 49, 43, 53, 44, 28, 34, 2, 35, 7];2830.0
7582.0;[26, 24, 27, 49, 45, 30, 46, 31, 47, 5, 6, 4, 10, 11, 19, 54, 23, 21, 41, 50, 38, 32, 7, 8, 12, 14, 0, 55, 53, 43, 44, 28, 29, 15, 16, 17, 52, 33, 34, 3, 48, 1, 2, 13, 35, 36, 9, 37, 25, 42, 22, 40, 20, 18, 39, 51];2597.0
7730.0;[20, 51, 10, 32, 8, 4, 6, 12, 13, 35, 7, 11, 19, 18, 39, 38, 37, 36, 9, 0, 34, 48, 3, 5, 47, 31, 29, 49, 44, 53, 43, 28, 25, 42, 50, 54, 45, 30, 46, 55, 1, 2, 14, 15, 16, 17, 52, 33, 26, 24, 22, 41, 21, 27, 23, 40];2373.0
7341.0;[6, 31, 29, 40, 21, 30, 46, 55, 52, 26, 25, 24, 49, 0, 33, 42, 22, 41, 50, 7, 4, 5, 47, 28, 27, 23, 54, 45, 1, 2, 13, 35, 51, 10, 37, 11, 38, 19, 20, 18, 39, 32, 8, 36, 9, 12, 14, 15, 16, 17, 44, 53, 43, 34, 48, 3];2896.0
7449.0;[52, 26, 25, 42, 27, 49, 29, 24, 20, 41, 22, 19, 18, 37, 36, 9, 11, 40, 21, 23, 50, 54, 43, 44, 28, 53, 30, 46, 34, 13, 35, 10, 12, 15, 17, 16, 45, 1, 2, 0, 33, 55, 47, 31, 48, 3, 4, 5, 6, 7, 32, 8, 39, 38, 51, 14];2441.0
7647.0;[25, 20, 18, 39, 38, 19, 40, 21, 50, 1, 2, 24, 42, 22, 41, 43, 53, 44, 34, 3, 6, 5, 47, 28, 29, 27, 23, 54, 49, 45, 30, 46, 55, 36, 9, 37, 11, 13, 35, 7, 10, 32, 8, 0, 33, 31, 48, 4, 51, 14, 12, 15, 16, 17, 52, 26];2573.0
7141.0;[8, 32, 4, 7, 12, 15, 16, 40, 41, 23, 54, 29, 27, 45, 30, 34, 17, 26, 49, 43, 44, 53, 28, 24, 42, 21, 50, 22, 19, 38, 6, 5, 47, 46, 55, 31, 48, 1, 3, 33, 2, 13, 35, 14, 52, 0, 25, 20, 18, 39, 10, 51, 11, 37, 36, 9];2593.0
7612.0;[38, 52, 26, 24, 39, 14, 55, 31, 47, 28, 45, 1, 2, 35, 10, 51, 42, 27, 49, 44, 29, 0, 33, 13, 4, 6, 5, 48, 46, 25, 18, 37, 9, 12, 15, 16, 17, 19, 20, 40, 41, 23, 54, 53, 43, 22, 21, 50, 30, 34, 3, 7, 32, 8, 36, 11];2881.0
7863.0;[49, 29, 11, 38, 0, 33, 1, 2, 12, 51, 13, 35, 7, 10, 52, 26, 17, 16, 15, 32, 8, 36, 19, 40, 23, 24, 20, 42, 21, 22, 41, 50, 54, 45, 53, 43, 44, 28, 25, 18, 39, 37, 9, 14, 31, 55, 34, 48, 3, 4, 6, 5, 47, 30, 46, 27];2443.0
7199.0;[24, 42, 54, 23, 21, 22, 41, 50, 40, 19, 10, 7, 51, 14, 0, 33, 55, 13, 35, 6, 47, 45, 44, 30, 46, 34, 1, 2, 39, 38, 11, 12, 15, 16, 17, 52, 26, 25, 20, 18, 37, 36, 9, 32, 8, 4, 5, 3, 48, 31, 29, 27, 49, 28, 53, 43];2412.0
7675.0;[23, 22, 40, 20, 18, 39, 5, 47, 46, 1, 2, 33, 31, 48, 3, 7, 14, 0, 42, 54, 49, 29, 52, 26, 25, 24, 44, 53, 43, 28, 27, 45, 30, 55, 34, 6, 4, 10, 51, 12, 15, 16, 17, 13, 35, 32, 8, 36, 9, 11, 37, 38, 19, 21, 41, 50];2536.0
7642.0;[6, 7, 8, 51, 44, 28, 26, 24, 19, 18, 38, 11, 21, 50, 23, 27, 45, 31, 48, 17, 15, 16, 12, 13, 35, 47, 53, 43, 14, 39, 10, 32, 36, 9, 37, 0, 33, 2, 52, 49, 29, 25, 42, 22, 20, 40, 41, 54, 30, 46, 55, 34, 1, 3, 4, 5];2792.0
7318.0;[29, 17, 16, 12, 15, 0, 33, 2, 34, 1, 3, 48, 14, 52, 25, 42, 21, 50, 54, 27, 43, 44, 28, 53, 26, 24, 18, 39, 38, 11, 10, 51, 13, 35, 6, 4, 5, 32, 8, 7, 36, 37, 9, 19, 20, 40, 22, 41, 23, 49, 45, 30, 55, 31, 46, 47];2254.0
8121.0;[39, 11, 10, 51, 12, 27, 49, 23, 18, 38, 7, 5, 47, 53, 43, 44, 28, 29, 32, 8, 14, 52, 0, 48, 3, 6, 4, 36, 9, 37, 13, 35, 15, 16, 17, 24, 42, 22, 41, 21, 50, 54, 45, 30, 55, 31, 46, 34, 1, 2, 33, 26, 25, 40, 20, 19];2507.0
7941.0;[30, 46, 39, 38, 10, 0, 33, 12, 16, 15, 17, 52, 23, 54, 27, 49, 29, 26, 25, 24, 42, 21, 55, 34, 1, 2, 14, 51, 37, 11, 19, 18, 13, 35, 4, 5, 6, 7, 8, 32, 36, 9, 20, 40, 22, 41, 50, 43, 44, 28, 53, 3, 48, 31, 47, 45];2569.0
7548.0;[6, 47, 1, 2, 42, 50, 24, 37, 36, 9, 11, 38, 51, 12, 15, 39, 19, 18, 32, 8, 10, 14, 52, 0, 33, 34, 46, 54, 27, 49, 29, 26, 13, 35, 4, 5, 48, 3, 55, 31, 44, 53, 43, 28, 45, 30, 17, 16, 25, 20, 40, 21, 22, 41, 23, 7];2719.0
7657.0;[41, 50, 25, 24, 39, 10, 13, 35, 8, 7, 4, 5, 6, 47, 30, 46, 34, 0, 33, 3, 48, 31, 55, 1, 2, 52, 26, 27, 23, 54, 49, 45, 28, 53, 43, 44, 29, 20, 40, 32, 36, 11, 19, 18, 38, 37, 9, 51, 14, 12, 15, 16, 17, 42, 21, 22];2297.0
7489.0;[11, 37, 9, 46, 29, 26, 49, 43, 45, 30, 34, 1, 2, 14, 10, 7, 4, 6, 3, 48, 31, 55, 32, 36, 8, 5, 47, 44, 53, 28, 0, 33, 52, 17, 16, 15, 12, 13, 35, 25, 41, 21, 22, 40, 20, 19, 18, 38, 51, 24, 42, 50, 54, 27, 23, 39];2768.0
7071.0;[50, 29, 52, 14, 51, 0, 33, 27, 45, 55, 1, 2, 26, 25, 20, 40, 21, 22, 41, 23, 49, 16, 17, 15, 12, 39, 32, 8, 36, 9, 37, 13, 35, 7, 10, 11, 19, 18, 38, 24, 54, 28, 53, 43, 44, 30, 46, 34, 48, 3, 4, 5, 6, 47, 31, 42];2529.0
7352.0;[2, 26, 18, 39, 37, 9, 4, 5, 47, 53, 43, 30, 1, 13, 35, 6, 48, 3, 7, 32, 8, 36, 10, 12, 15, 17, 16, 25, 20, 19, 40, 41, 50, 49, 45, 29, 52, 11, 38, 51, 14, 0, 55, 34, 31, 46, 44, 28, 23, 24, 42, 21, 22, 54, 27, 33];2644.0
7814.0;[15, 26, 24, 37, 36, 9, 11, 38, 19, 23, 54, 27, 33, 2, 13, 10, 51, 16, 17, 0, 55, 30, 46, 34, 1, 3, 48, 31, 47, 45, 28, 53, 44, 25, 42, 21, 50, 49, 29, 43, 52, 14, 32, 8, 35, 4, 5, 6, 7, 20, 41, 22, 40, 18, 39, 12];2752.0
7175.0;[17, 52, 27, 23, 50, 54, 49, 45, 30, 46, 3, 4, 7, 12, 51, 13, 35, 15, 16, 31, 48, 6, 5, 47, 53, 43, 28, 44, 29, 0, 33, 55, 34, 1, 2, 26, 25, 24, 18, 11, 38, 19, 42, 21, 41, 22, 40, 20, 39, 37, 9, 10, 32, 8, 36, 14];2415.0
7324.0;[55, 1, 2, 52, 26, 17, 16, 15, 12, 39, 37, 9, 10, 13, 4, 6, 5, 47, 31, 34, 48, 3, 7, 35, 0, 33, 49, 29, 27, 18, 32, 8, 36, 11, 38, 51, 14, 25, 42, 21, 50, 24, 40, 41, 22, 19, 20, 23, 54, 53, 43, 44, 28, 45, 30, 46];2315.0
6899.0;[19, 13, 5, 3, 48, 44, 28, 53, 43, 2, 10, 51, 14, 15, 52, 26, 54, 27, 49, 29, 17, 16, 12, 8, 7, 35, 6, 4, 42, 21, 50, 23, 24, 18, 39, 32, 36, 9, 37, 11, 38, 0, 33, 55, 31, 47, 45, 30, 46, 34, 1, 25, 20, 40, 41, 22];2599.0
7522.0;[17, 15, 24, 49, 0, 33, 55, 31, 34, 1, 3, 48, 46, 23, 54, 30, 4, 6, 5, 47, 45, 53, 43, 44, 28, 12, 32, 36, 9, 11, 38, 13, 35, 8, 7, 10, 25, 42, 50, 22, 20, 40, 41, 21, 19, 18, 39, 37, 51, 14, 52, 26, 27, 29, 2, 16];2613.0
7720.0;[0, 33, 2, 17, 42, 23, 30, 3, 4, 6, 5, 47, 44, 14, 51, 13, 35, 11, 38, 12, 16, 15, 49, 43, 28, 53, 54, 27, 45, 55, 1, 52, 40, 20, 18, 10, 34, 48, 31, 46, 29, 26, 25, 24, 21, 50, 22, 41, 19, 39, 7, 32, 8, 36, 9, 37];2817.0
7270.0;[33, 31, 30, 46, 29, 27, 49, 26, 0, 55, 34, 8, 7, 11, 38, 14, 52, 42, 50, 23, 32, 36, 9, 37, 25, 24, 21, 22, 41, 54, 45, 53, 43, 44, 28, 17, 16, 15, 12, 51, 39, 19, 40, 20, 18, 10, 13, 35, 4, 6, 5, 47, 3, 48, 1, 2];2488.0
7119.0;[29, 52, 51, 32, 36, 37, 9, 14, 33, 2, 35, 7, 8, 26, 24, 18, 19, 42, 21, 49, 17, 16, 13, 6, 5, 47, 31, 46, 25, 20, 40, 41, 22, 50, 45, 30, 34, 1, 39, 38, 12, 15, 0, 55, 48, 3, 4, 11, 10, 27, 23, 54, 44, 28, 53, 43];2799.0
7288.0;[25, 42, 21, 22, 50, 23, 30, 46, 49, 29, 26, 20, 18, 38, 32, 36, 8, 10, 14, 0, 3, 48, 47, 45, 44, 28, 53, 43, 33, 55, 31, 34, 1, 2, 16, 15, 12, 39, 19, 40, 41, 24, 54, 27, 17, 51, 37, 9, 11, 13, 35, 4, 5, 6, 7, 52];2572.0
7821.0;[20, 40, 45, 30, 34, 1, 48, 31, 46, 29, 26, 25, 54, 27, 52, 14, 51, 13, 35, 7, 32, 8, 36, 37, 9, 10, 0, 33, 55, 47, 53, 43, 22, 41, 50, 18, 39, 38, 12, 15, 17, 16, 2, 3, 4, 5, 6, 11, 19, 42, 21, 23, 49, 44, 28, 24];2551.0
7839.0;[27, 45, 30, 26, 52, 31, 47, 48, 46, 55, 34, 1, 3, 4, 32, 36, 15, 16, 17, 14, 13, 35, 10, 25, 24, 20, 40, 19, 18, 51, 0, 33, 2, 12, 39, 38, 11, 37, 9, 8, 7, 6, 5, 42, 21, 22, 41, 50, 23, 54, 49, 53, 43, 44, 28, 29];2314.0
7253.0;[5, 17, 15, 16, 25, 24, 18, 10, 51, 13, 35, 12, 14, 0, 2, 33, 1, 3, 27, 22, 41, 23, 31, 47, 48, 4, 7, 8, 32, 36, 9, 11, 19, 20, 40, 50, 39, 38, 37, 52, 43, 44, 28, 53, 30, 46, 29, 26, 42, 21, 54, 49, 45, 55, 34, 6];2780.0
6983.0;[0, 47, 44, 29, 23, 24, 20, 18, 19, 39, 51, 14, 52, 26, 17, 16, 15, 13, 35, 7, 11, 38, 33, 55, 31, 3, 48, 32, 8, 36, 12, 27, 45, 28, 53, 43, 30, 46, 34, 1, 2, 10, 37, 9, 4, 6, 5, 25, 42, 22, 40, 41, 50, 21, 54, 49];2700.0
6935.0;[32, 24, 30, 31, 46, 48, 3, 4, 5, 6, 47, 44, 53, 43, 28, 45, 27, 49, 29, 26, 52, 14, 51, 37, 11, 10, 12, 15, 16, 17, 0, 33, 25, 40, 20, 19, 18, 39, 38, 42, 21, 22, 41, 50, 23, 54, 55, 34, 1, 2, 13, 35, 8, 36, 9, 7];2350.0
7893.0;[38, 19, 10, 14, 52, 24, 18, 39, 15, 16, 17, 37, 9, 26, 49, 43, 28, 53, 44, 47, 48, 31, 29, 25, 54, 27, 23, 50, 20, 40, 42, 21, 22, 41, 45, 30, 46, 55, 34, 1, 3, 5, 6, 4, 13, 35, 7, 0, 33, 2, 12, 51, 8, 32, 36, 11];2584.0
6684.0;[5, 47, 23, 54, 27, 16, 17, 33, 55, 31, 45, 30, 34, 3, 48, 46, 29, 49, 43, 28, 53, 44, 26, 42, 50, 41, 21, 22, 19, 12, 15, 0, 1, 2, 24, 18, 38, 11, 37, 9, 51, 14, 52, 25, 40, 20, 39, 10, 32, 8, 36, 13, 35, 7, 6, 4];2632.0
7530.0;[47, 46, 23, 45, 30, 29, 52, 17, 16, 12, 15, 26, 25, 20, 40, 21, 50, 24, 42, 22, 41, 54, 55, 34, 1, 2, 0, 33, 14, 51, 11, 38, 19, 18, 39, 37, 8, 7, 35, 4, 32, 36, 9, 10, 13, 6, 5, 48, 3, 44, 53, 43, 28, 27, 49, 31];2403.0
7866.0;[19, 42, 21, 22, 41, 50, 24, 18, 39, 51, 14, 0, 2, 17, 15, 16, 52, 33, 55, 31, 48, 3, 11, 38, 32, 8, 36, 37, 9, 10, 26, 27, 49, 29, 25, 20, 40, 23, 54, 46, 47, 53, 43, 44, 28, 45, 30, 34, 1, 13, 4, 5, 6, 7, 35, 12];2415.0
7014.0;[10, 32, 8, 36, 14, 0, 55, 31, 48, 3, 4, 51, 25, 20, 40, 19, 18, 33, 2, 34, 1, 6, 5, 47, 29, 27, 23, 24, 42, 21, 22, 41, 50, 54, 49, 45, 28, 53, 43, 44, 30, 46, 13, 35, 7, 11, 38, 37, 9, 12, 15, 17, 26, 52, 16, 39];2334.0
7443.0;[50, 24, 10, 32, 7, 52, 26, 14, 37, 9, 0, 33, 2, 16, 15, 17, 25, 42, 21, 23, 18, 39, 38, 11, 51, 12, 13, 35, 8, 36, 19, 20, 40, 54, 49, 53, 43, 44, 28, 27, 45, 30, 34, 1, 3, 48, 55, 31, 47, 6, 4, 5, 46, 29, 22, 41];2540.0
7910.0;[38, 27, 49, 28, 53, 43, 44, 0, 33, 3, 31, 48, 1, 14, 24, 42, 52, 17, 26, 25, 20, 40, 21, 22, 41, 50, 23, 54, 45, 30, 46, 29, 47, 6, 5, 4, 7, 32, 10, 51, 12, 15, 16, 55, 34, 2, 13, 35, 8, 36, 9, 19, 18, 39, 37, 11];2518.0
7199.0;[10, 51, 11, 38, 12, 16, 15, 17, 21, 22, 41, 23, 43, 44, 52, 33, 1, 2, 25, 42, 50, 54, 29, 46, 47, 53, 28, 26, 24, 27, 49, 45, 30, 34, 13, 35, 32, 8, 36, 9, 37, 14, 0, 55, 31, 48, 3, 4, 5, 6, 7, 19, 40, 20, 18, 39];2544.0
6864.0;[6, 7, 25, 54, 27, 49, 13, 35, 32, 26, 24, 28, 53, 43, 44, 30, 46, 29, 16, 15, 12, 51, 10, 14, 17, 52, 0, 34, 1, 2, 33, 42, 41, 21, 22, 40, 20, 19, 18, 39, 38, 37, 8, 36, 9, 11, 50, 23, 45, 55, 31, 47, 48, 3, 4, 5];2528.0
7525.0;[48, 55, 31, 18, 19, 21, 50, 23, 52, 2, 26, 27, 43, 32, 8, 24, 40, 20, 39, 38, 10, 13, 35, 36, 9, 11, 37, 51, 12, 14, 16, 15, 17, 0, 33, 49, 45, 30, 46, 1, 3, 7, 4, 6, 5, 47, 53, 44, 28, 29, 25, 42, 22, 41, 54, 34];2871.0
7256.0;[10, 27, 29, 26, 24, 18, 11, 14, 17, 0, 2, 33, 3, 32, 8, 51, 12, 15, 16, 44, 53, 28, 43, 23, 54, 49, 45, 30, 1, 52, 25, 42, 21, 50, 22, 41, 40, 20, 19, 39, 38, 37, 36, 9, 7, 4, 6, 5, 47, 48, 31, 46, 55, 34, 13, 35];2511.0
7144.0;[13, 35, 32, 36, 14, 26, 54, 27, 24, 39, 38, 10, 51, 12, 15, 16, 17, 25, 42, 22, 40, 20, 18, 37, 9, 8, 7, 52, 45, 30, 46, 47, 31, 48, 2, 33, 0, 55, 34, 1, 3, 6, 4, 5, 11, 19, 41, 21, 50, 23, 49, 43, 53, 44, 28, 29];2509.0
7465.0;[43, 44, 28, 23, 40, 21, 50, 22, 41, 27, 52, 0, 2, 17, 15, 16, 12, 39, 32, 36, 9, 37, 11, 10, 51, 14, 33, 55, 1, 26, 24, 42, 54, 49, 29, 45, 30, 25, 20, 19, 18, 38, 13, 35, 5, 31, 46, 34, 3, 48, 4, 8, 7, 6, 47, 53];2551.0
7447.0;[35, 42, 50, 23, 25, 24, 14, 12, 15, 16, 17, 26, 52, 0, 33, 20, 18, 39, 11, 51, 10, 7, 32, 6, 47, 46, 49, 45, 30, 29, 54, 27, 44, 28, 53, 43, 22, 41, 21, 40, 19, 38, 37, 36, 9, 8, 4, 5, 48, 3, 31, 55, 34, 1, 2, 13];2497.0
7697.0;[55, 27, 29, 0, 33, 26, 24, 53, 43, 52, 17, 15, 16, 12, 39, 40, 41, 22, 21, 30, 34, 1, 2, 25, 18, 38, 6, 48, 31, 3, 4, 7, 51, 13, 35, 36, 9, 37, 11, 19, 20, 42, 50, 23, 54, 49, 44, 28, 45, 14, 10, 32, 8, 5, 47, 46];2784.0
7855.0;[46, 34, 1, 3, 2, 55, 53, 43, 23, 18, 39, 51, 10, 12, 15, 16, 17, 26, 52, 25, 24, 20, 40, 19, 13, 35, 5, 48, 31, 47, 6, 4, 7, 32, 8, 36, 11, 38, 37, 9, 14, 0, 33, 29, 49, 44, 28, 22, 41, 50, 42, 21, 54, 27, 45, 30];2337.0
7539.0;[41, 43, 44, 17, 15, 16, 12, 51, 13, 35, 0, 2, 33, 46, 27, 49, 29, 26, 52, 14, 39, 40, 19, 18, 38, 10, 32, 8, 37, 36, 9, 11, 45, 53, 28, 23, 20, 50, 54, 30, 55, 34, 1, 3, 48, 7, 4, 6, 5, 47, 31, 25, 24, 42, 21, 22];2690.0
7710.0;[23, 18, 39, 37, 9, 4, 6, 5, 31, 47, 30, 46, 34, 1, 2, 14, 52, 0, 33, 29, 26, 25, 24, 42, 50, 41, 21, 22, 40, 19, 20, 54, 49, 44, 28, 53, 43, 45, 55, 3, 48, 7, 32, 8, 13, 35, 36, 11, 38, 51, 10, 12, 15, 16, 17, 27];2289.0
7808.0;[4, 19, 18, 6, 5, 46, 29, 21, 23, 27, 49, 52, 0, 33, 17, 16, 12, 51, 7, 32, 8, 36, 37, 9, 11, 38, 55, 34, 3, 48, 1, 2, 14, 15, 26, 42, 22, 41, 50, 54, 45, 30, 31, 47, 44, 28, 53, 43, 25, 24, 40, 20, 39, 10, 13, 35];2555.0
7308.0;[14, 51, 13, 35, 32, 8, 5, 48, 29, 27, 26, 52, 25, 50, 23, 54, 34, 1, 3, 6, 4, 7, 11, 38, 19, 20, 42, 41, 21, 22, 40, 18, 39, 12, 15, 16, 17, 2, 0, 33, 55, 46, 49, 45, 30, 31, 47, 28, 53, 43, 44, 24, 37, 36, 9, 10];2520.0
8089.0;[21, 45, 29, 27, 49, 16, 12, 15, 0, 34, 1, 48, 2, 17, 52, 26, 33, 35, 11, 19, 20, 42, 50, 54, 43, 53, 44, 28, 30, 46, 55, 3, 4, 7, 32, 8, 36, 9, 14, 25, 24, 18, 39, 38, 37, 10, 51, 13, 6, 5, 47, 31, 23, 22, 40, 41];2516.0
7044.0;[45, 30, 46, 14, 12, 10, 32, 7, 11, 20, 19, 18, 39, 38, 55, 34, 2, 51, 37, 8, 36, 9, 13, 35, 48, 31, 29, 49, 52, 0, 33, 28, 53, 43, 44, 26, 17, 15, 16, 25, 24, 42, 22, 41, 21, 40, 50, 54, 27, 23, 1, 3, 4, 6, 5, 47];2665.0
7017.0;[51, 26, 43, 44, 52, 16, 12, 11, 38, 13, 35, 6, 4, 7, 8, 10, 14, 15, 17, 0, 3, 5, 48, 47, 53, 28, 29, 27, 23, 54, 49, 45, 30, 55, 31, 46, 34, 1, 33, 2, 25, 24, 42, 50, 22, 41, 21, 40, 19, 20, 18, 39, 32, 36, 37, 9];2354.0
7457.0;[9, 12, 15, 16, 17, 55, 31, 23, 54, 45, 30, 46, 34, 2, 52, 26, 25, 42, 27, 49, 29, 37, 11, 19, 20, 21, 22, 38, 13, 4, 35, 7, 10, 51, 14, 0, 33, 3, 6, 5, 47, 48, 1, 24, 40, 41, 50, 44, 28, 53, 43, 18, 39, 32, 8, 36];2683.0
6884.0;[7, 19, 18, 39, 10, 32, 51, 14, 15, 52, 26, 25, 24, 54, 27, 49, 29, 45, 30, 31, 46, 34, 1, 8, 36, 9, 37, 11, 38, 0, 33, 2, 17, 16, 12, 13, 35, 4, 5, 6, 47, 28, 53, 43, 44, 23, 21, 50, 41, 22, 40, 20, 42, 55, 48, 3];2419.0
7008.0;[5, 48, 52, 26, 25, 54, 53, 43, 28, 1, 3, 4, 6, 24, 42, 22, 40, 41, 0, 33, 47, 31, 29, 21, 50, 23, 27, 49, 45, 44, 30, 46, 55, 34, 2, 14, 51, 32, 36, 37, 9, 8, 13, 35, 7, 11, 38, 10, 12, 15, 16, 17, 20, 19, 18, 39];2732.0
6994.0;[26, 25, 54, 49, 29, 24, 41, 21, 23, 27, 31, 48, 36, 37, 9, 13, 35, 10, 14, 42, 22, 40, 18, 39, 5, 47, 53, 43, 28, 44, 45, 30, 46, 55, 34, 3, 4, 6, 7, 32, 8, 51, 12, 15, 16, 17, 0, 33, 1, 2, 11, 38, 19, 20, 50, 52];2695.0
8022.0;[29, 27, 49, 32, 8, 36, 9, 34, 1, 2, 14, 12, 16, 15, 17, 0, 33, 26, 25, 24, 18, 39, 38, 37, 11, 10, 55, 31, 46, 52, 42, 21, 50, 22, 40, 19, 20, 41, 23, 54, 43, 44, 45, 30, 48, 3, 7, 4, 51, 13, 35, 6, 5, 47, 53, 28];2435.0
7845.0;[18, 10, 32, 8, 36, 9, 12, 15, 49, 28, 53, 54, 27, 29, 16, 17, 0, 33, 2, 52, 26, 25, 24, 42, 50, 23, 41, 21, 22, 40, 20, 39, 38, 51, 14, 13, 7, 35, 5, 47, 48, 31, 43, 44, 45, 30, 46, 55, 34, 1, 3, 4, 6, 37, 11, 19];2342.0
7503.0;[41, 1, 2, 50, 54, 27, 45, 44, 30, 55, 34, 28, 53, 43, 17, 16, 15, 32, 8, 36, 11, 38, 10, 4, 5, 47, 31, 46, 23, 49, 29, 26, 52, 0, 33, 25, 24, 42, 21, 22, 40, 19, 18, 13, 35, 6, 48, 3, 7, 12, 39, 37, 9, 51, 14, 20];2708.0
7765.0;[40, 20, 18, 7, 10, 51, 13, 35, 4, 6, 5, 47, 3, 32, 8, 36, 37, 9, 11, 38, 12, 39, 19, 42, 21, 50, 22, 41, 23, 54, 45, 30, 46, 27, 49, 29, 43, 28, 53, 44, 26, 0, 55, 34, 31, 48, 1, 2, 33, 14, 15, 16, 17, 52, 25, 24];2091.0
6686.0;[45, 52, 16, 17, 0, 33, 31, 48, 3, 7, 36, 9, 32, 8, 27, 53, 43, 24, 18, 39, 38, 37, 11, 19, 41, 22, 40, 20, 10, 51, 12, 15, 14, 13, 35, 4, 6, 5, 47, 44, 28, 29, 26, 25, 42, 21, 50, 23, 54, 30, 46, 55, 34, 1, 2, 49];2400.0
7498.0;[50, 39, 10, 12, 51, 13, 35, 7, 14, 17, 25, 42, 41, 21, 54, 29, 52, 0, 33, 26, 49, 43, 44, 28, 55, 48, 31, 3, 4, 36, 9, 37, 15, 16, 45, 30, 46, 34, 1, 2, 27, 23, 24, 20, 40, 19, 18, 38, 11, 32, 8, 6, 5, 47, 53, 22];2620.0
7914.0;[46, 42, 23, 53, 43, 29, 27, 49, 14, 13, 35, 8, 36, 9, 37, 12, 15, 17, 16, 0, 55, 31, 44, 28, 45, 30, 48, 3, 4, 7, 10, 51, 25, 24, 22, 41, 21, 50, 54, 34, 1, 2, 33, 26, 52, 11, 19, 20, 40, 18, 39, 38, 32, 6, 5, 47];2536.0
7404.0;[54, 49, 29, 23, 24, 10, 36, 37, 9, 0, 3, 5, 47, 48, 31, 55, 34, 16, 15, 12, 51, 13, 35, 6, 4, 7, 32, 8, 14, 17, 52, 42, 21, 22, 40, 20, 18, 19, 39, 11, 38, 41, 50, 27, 45, 44, 28, 53, 43, 30, 46, 1, 2, 33, 26, 25];2420.0
7895.0;[38, 10, 14, 52, 33, 46, 27, 43, 53, 44, 30, 2, 12, 15, 16, 17, 25, 54, 23, 18, 11, 51, 0, 55, 34, 1, 3, 4, 7, 32, 8, 13, 35, 6, 5, 47, 48, 31, 49, 45, 28, 29, 26, 37, 36, 9, 19, 20, 42, 21, 22, 41, 50, 24, 40, 39];2542.0
6658.0;[28, 34, 14, 39, 11, 38, 51, 0, 1, 2, 52, 49, 44, 45, 30, 46, 13, 35, 4, 7, 10, 32, 8, 24, 50, 23, 42, 21, 22, 41, 54, 27, 29, 26, 33, 55, 31, 47, 6, 5, 3, 48, 16, 17, 25, 40, 20, 19, 18, 37, 9, 36, 12, 15, 53, 43];2734.0
7064.0;[17, 52, 0, 31, 29, 26, 25, 42, 21, 54, 49, 27, 45, 30, 46, 55, 34, 13, 4, 6, 5, 47, 3, 48, 1, 2, 33, 24, 20, 18, 39, 37, 9, 11, 51, 10, 12, 15, 16, 14, 35, 7, 32, 8, 36, 38, 19, 40, 22, 41, 50, 23, 43, 44, 53, 28];2257.0
7809.0;[48, 36, 9, 13, 35, 7, 12, 15, 17, 16, 20, 41, 23, 30, 1, 2, 25, 40, 50, 54, 27, 45, 55, 34, 31, 46, 29, 26, 52, 49, 44, 28, 53, 43, 24, 39, 38, 37, 11, 32, 8, 51, 14, 0, 33, 42, 21, 22, 19, 18, 10, 4, 6, 5, 47, 3];2644.0
6540.0;[19, 41, 54, 44, 28, 53, 43, 26, 42, 22, 18, 8, 4, 5, 6, 1, 2, 17, 15, 16, 14, 13, 35, 7, 10, 12, 39, 20, 40, 23, 27, 49, 45, 30, 34, 3, 48, 47, 31, 46, 55, 33, 52, 25, 24, 21, 50, 29, 0, 51, 32, 36, 37, 9, 11, 38];2588.0
6919.0;[7, 10, 32, 52, 25, 24, 45, 55, 34, 48, 1, 3, 8, 36, 9, 11, 40, 20, 51, 0, 2, 33, 47, 44, 28, 26, 17, 15, 16, 14, 12, 39, 38, 19, 42, 50, 23, 54, 30, 31, 46, 29, 27, 49, 43, 53, 41, 21, 22, 18, 37, 13, 35, 4, 5, 6];2644.0
7057.0;[4, 7, 54, 30, 46, 55, 34, 29, 27, 49, 45, 44, 52, 14, 37, 9, 0, 33, 2, 17, 16, 15, 32, 36, 11, 50, 43, 28, 53, 40, 19, 38, 10, 13, 35, 6, 5, 47, 31, 3, 48, 1, 26, 25, 20, 18, 39, 51, 12, 42, 22, 41, 21, 23, 24, 8];2928.0
7575.0;[19, 18, 38, 10, 6, 5, 1, 2, 33, 13, 35, 7, 32, 8, 14, 0, 3, 4, 51, 52, 26, 24, 54, 27, 55, 34, 48, 31, 47, 46, 29, 25, 42, 49, 43, 53, 44, 28, 45, 30, 16, 15, 12, 39, 37, 36, 9, 11, 17, 21, 22, 20, 40, 41, 50, 23];2622.0
7556.0;[9, 33, 1, 14, 10, 51, 0, 2, 55, 47, 31, 48, 3, 4, 37, 11, 38, 25, 24, 42, 23, 18, 39, 19, 20, 40, 22, 41, 21, 50, 54, 27, 29, 52, 26, 49, 45, 28, 53, 43, 44, 30, 46, 34, 17, 16, 15, 12, 13, 35, 5, 6, 7, 32, 8, 36];2293.0
7507.0;[33, 17, 0, 53, 43, 30, 46, 34, 3, 48, 31, 47, 44, 28, 29, 26, 52, 25, 40, 20, 18, 39, 38, 19, 41, 54, 27, 49, 16, 15, 12, 51, 7, 13, 35, 5, 4, 6, 32, 8, 36, 37, 9, 11, 10, 14, 23, 24, 42, 21, 22, 50, 45, 55, 1, 2];2478.0
7133.0;[52, 16, 17, 15, 12, 14, 51, 10, 37, 11, 19, 41, 54, 49, 29, 27, 0, 2, 33, 25, 24, 42, 21, 50, 23, 22, 40, 20, 18, 39, 38, 13, 35, 32, 8, 36, 9, 7, 4, 6, 5, 47, 30, 46, 55, 34, 1, 3, 48, 31, 45, 53, 43, 44, 28, 26];2078.0
7536.0;[24, 22, 41, 21, 27, 26, 25, 18, 39, 38, 37, 9, 36, 14, 1, 2, 13, 35, 32, 8, 7, 10, 12, 16, 15, 17, 0, 33, 34, 48, 3, 4, 6, 5, 47, 44, 28, 53, 23, 42, 50, 54, 49, 43, 45, 30, 46, 55, 31, 29, 20, 40, 19, 11, 51, 52];2349.0
7409.0;[51, 14, 52, 25, 54, 27, 30, 46, 31, 29, 20, 40, 19, 39, 12, 15, 17, 16, 13, 35, 7, 10, 0, 55, 34, 1, 2, 33, 26, 24, 42, 50, 23, 49, 48, 3, 4, 6, 5, 47, 28, 45, 44, 53, 43, 22, 41, 21, 18, 11, 38, 32, 8, 36, 9, 37];2334.0
8168.0;[29, 0, 55, 31, 47, 48, 2, 33, 50, 54, 23, 27, 49, 53, 43, 44, 28, 45, 30, 46, 4, 7, 12, 15, 16, 17, 13, 35, 32, 8, 36, 10, 52, 26, 25, 24, 42, 21, 41, 22, 40, 19, 20, 18, 39, 11, 38, 37, 9, 51, 14, 34, 1, 3, 6, 5];2339.0
6992.0;[34, 2, 12, 14, 26, 52, 51, 13, 35, 7, 22, 41, 39, 37, 9, 11, 38, 25, 24, 20, 40, 19, 18, 10, 32, 36, 8, 4, 6, 5, 47, 46, 27, 49, 29, 17, 16, 15, 0, 33, 1, 3, 48, 31, 28, 53, 43, 44, 23, 42, 21, 50, 54, 45, 30, 55];2465.0
7471.0;[36, 9, 55, 2, 25, 42, 21, 23, 24, 40, 20, 22, 41, 50, 45, 30, 29, 17, 16, 15, 27, 54, 49, 0, 33, 26, 52, 14, 51, 12, 39, 11, 37, 10, 13, 5, 31, 46, 34, 1, 3, 48, 4, 8, 7, 35, 6, 47, 28, 53, 43, 44, 19, 18, 38, 32];2691.0
7286.0;[54, 45, 30, 4, 10, 51, 12, 14, 33, 31, 46, 55, 34, 48, 1, 3, 6, 5, 47, 29, 25, 20, 18, 39, 38, 11, 19, 40, 41, 50, 17, 16, 15, 26, 27, 49, 43, 44, 28, 53, 24, 42, 21, 22, 23, 0, 2, 13, 35, 36, 37, 9, 32, 8, 7, 52];2606.0
6292.0;[45, 1, 14, 12, 16, 15, 17, 43, 44, 28, 53, 29, 52, 11, 37, 36, 9, 0, 33, 40, 19, 18, 39, 38, 10, 51, 32, 8, 35, 7, 42, 49, 30, 46, 2, 13, 4, 5, 6, 47, 3, 48, 55, 34, 31, 26, 25, 24, 20, 41, 21, 22, 50, 23, 54, 27];2583.0
6884.0;[43, 44, 28, 53, 1, 2, 33, 18, 38, 51, 14, 26, 25, 24, 42, 21, 22, 19, 40, 20, 41, 50, 23, 54, 55, 34, 3, 32, 7, 0, 31, 47, 45, 30, 46, 29, 52, 17, 16, 15, 13, 35, 6, 5, 48, 4, 12, 39, 11, 37, 8, 36, 9, 10, 27, 49];2519.0
7183.0;[28, 0, 33, 2, 14, 10, 11, 38, 49, 43, 30, 46, 55, 31, 48, 1, 13, 35, 4, 32, 7, 8, 36, 9, 37, 17, 52, 26, 25, 42, 50, 40, 20, 19, 18, 39, 51, 12, 15, 16, 27, 29, 23, 24, 21, 22, 41, 54, 45, 34, 3, 6, 5, 47, 44, 53];2433.0
7902.0;[1, 14, 10, 51, 12, 16, 15, 17, 27, 45, 29, 49, 26, 52, 25, 21, 22, 18, 39, 37, 36, 9, 8, 7, 0, 33, 2, 13, 35, 6, 5, 47, 31, 48, 3, 4, 32, 11, 38, 19, 20, 40, 41, 23, 24, 42, 50, 54, 43, 53, 44, 28, 30, 46, 55, 34];2207.0
7814.0;[47, 53, 44, 28, 52, 16, 12, 39, 37, 11, 38, 0, 33, 2, 18, 19, 40, 22, 41, 25, 24, 45, 55, 4, 32, 8, 35, 5, 31, 48, 3, 6, 36, 9, 7, 26, 20, 42, 21, 50, 23, 54, 49, 29, 27, 43, 30, 46, 34, 1, 17, 15, 14, 10, 51, 13];2813.0
7298.0;[41, 26, 16, 15, 17, 25, 27, 45, 30, 2, 13, 35, 5, 31, 46, 55, 52, 0, 33, 34, 1, 48, 3, 32, 8, 36, 9, 37, 11, 12, 14, 51, 10, 7, 4, 6, 47, 53, 44, 28, 29, 24, 20, 19, 18, 39, 38, 42, 50, 54, 49, 43, 23, 21, 22, 40];2538.0
7062.0;[17, 45, 46, 47, 6, 5, 7, 51, 10, 37, 11, 38, 14, 33, 2, 13, 35, 36, 9, 40, 19, 20, 21, 50, 18, 39, 0, 55, 31, 48, 3, 4, 32, 8, 52, 26, 24, 27, 29, 25, 42, 22, 41, 23, 54, 49, 43, 28, 53, 44, 30, 34, 1, 12, 16, 15];2624.0
7221.0;[21, 49, 45, 29, 51, 10, 32, 8, 7, 14, 52, 26, 0, 33, 2, 24, 20, 40, 19, 18, 39, 37, 36, 9, 11, 38, 12, 15, 16, 17, 25, 42, 22, 41, 50, 23, 54, 27, 28, 53, 43, 44, 30, 55, 34, 3, 31, 48, 1, 13, 35, 4, 6, 5, 47, 46];2138.0
7060.0;[10, 14, 24, 18, 11, 38, 37, 36, 9, 42, 50, 23, 20, 40, 19, 39, 32, 8, 7, 4, 6, 5, 47, 48, 31, 26, 52, 0, 2, 33, 13, 35, 12, 15, 16, 17, 25, 21, 22, 41, 54, 49, 43, 28, 53, 44, 29, 27, 45, 30, 46, 55, 34, 1, 3, 51];2265.0
6470.0;[26, 40, 20, 18, 39, 33, 34, 48, 46, 55, 1, 13, 35, 7, 51, 10, 11, 38, 19, 50, 23, 53, 43, 28, 25, 24, 42, 22, 41, 21, 54, 45, 30, 3, 8, 36, 9, 37, 14, 52, 0, 2, 17, 15, 16, 12, 32, 4, 6, 5, 47, 31, 44, 29, 27, 49];2497.0
6635.0;[29, 52, 2, 3, 7, 32, 8, 36, 9, 37, 11, 41, 27, 45, 30, 46, 26, 25, 24, 42, 50, 18, 0, 33, 55, 34, 1, 48, 31, 21, 22, 40, 20, 19, 39, 38, 10, 14, 17, 16, 15, 12, 51, 13, 35, 4, 6, 5, 47, 44, 43, 28, 53, 23, 54, 49];2427.0
7703.0;[6, 5, 27, 23, 54, 45, 30, 31, 46, 34, 14, 12, 39, 38, 11, 51, 15, 16, 17, 24, 42, 50, 49, 53, 43, 44, 28, 29, 55, 47, 48, 3, 32, 8, 7, 35, 10, 52, 26, 25, 20, 40, 41, 21, 22, 19, 18, 37, 9, 36, 0, 33, 1, 2, 13, 4];2403.0
7189.0;[54, 26, 13, 35, 51, 14, 42, 23, 24, 18, 39, 19, 40, 20, 22, 41, 50, 27, 49, 52, 0, 2, 33, 55, 34, 1, 37, 11, 38, 10, 12, 15, 17, 16, 43, 28, 53, 44, 45, 30, 4, 32, 8, 36, 9, 7, 5, 6, 47, 48, 3, 31, 46, 29, 25, 21];2619.0
7061.0;[26, 18, 39, 51, 12, 52, 47, 53, 44, 28, 45, 30, 34, 1, 13, 35, 5, 6, 4, 11, 19, 40, 20, 38, 37, 10, 14, 0, 2, 17, 16, 15, 7, 32, 8, 36, 9, 33, 55, 3, 48, 31, 46, 25, 42, 21, 23, 24, 22, 41, 50, 54, 43, 29, 27, 49];2566.0
7301.0;[53, 43, 1, 3, 48, 2, 24, 42, 21, 22, 41, 50, 23, 54, 29, 26, 33, 25, 20, 40, 19, 18, 37, 36, 9, 11, 12, 16, 15, 17, 52, 0, 47, 31, 27, 45, 30, 46, 55, 34, 14, 39, 38, 10, 51, 13, 35, 5, 6, 4, 8, 7, 32, 49, 44, 28];2341.0
7500.0;[10, 15, 17, 16, 12, 51, 11, 38, 25, 24, 54, 45, 30, 34, 1, 33, 2, 13, 5, 47, 46, 42, 50, 23, 41, 21, 22, 40, 20, 19, 18, 39, 0, 55, 48, 3, 31, 53, 43, 44, 28, 27, 49, 29, 26, 52, 14, 35, 4, 6, 7, 32, 8, 36, 9, 37];2363.0
7248.0;[46, 19, 18, 39, 38, 11, 51, 10, 32, 8, 7, 14, 55, 34, 1, 2, 26, 27, 23, 25, 24, 20, 40, 42, 22, 41, 21, 50, 54, 49, 29, 52, 17, 16, 15, 12, 13, 35, 6, 5, 31, 47, 45, 44, 28, 53, 43, 4, 36, 37, 9, 0, 33, 3, 48, 30];2432.0
7454.0;[3, 48, 2, 14, 8, 51, 44, 30, 46, 27, 29, 26, 52, 33, 17, 0, 55, 31, 25, 42, 22, 32, 36, 37, 9, 11, 10, 12, 15, 16, 39, 19, 40, 20, 41, 50, 24, 18, 38, 13, 5, 47, 28, 53, 43, 21, 23, 54, 49, 45, 34, 1, 4, 7, 35, 6];2867.0
7398.0;[31, 40, 20, 45, 28, 26, 0, 4, 6, 5, 47, 53, 43, 44, 30, 34, 2, 11, 38, 32, 7, 10, 25, 24, 18, 19, 39, 51, 12, 33, 1, 3, 46, 27, 49, 29, 42, 21, 22, 41, 50, 23, 54, 14, 13, 35, 8, 36, 37, 9, 15, 16, 17, 52, 55, 48];2783.0
7869.0;[42, 23, 39, 38, 21, 22, 40, 19, 20, 41, 50, 0, 33, 27, 49, 29, 17, 16, 15, 12, 24, 54, 43, 44, 53, 28, 45, 55, 34, 48, 3, 4, 6, 5, 31, 47, 30, 46, 1, 2, 52, 25, 18, 10, 11, 37, 9, 51, 13, 35, 32, 8, 36, 7, 14, 26];2588.0
6725.0;[35, 7, 32, 8, 36, 42, 21, 50, 27, 28, 29, 26, 0, 3, 4, 5, 6, 10, 51, 14, 52, 25, 24, 54, 49, 30, 31, 46, 55, 34, 48, 1, 2, 12, 16, 15, 17, 33, 47, 45, 44, 53, 43, 18, 38, 37, 9, 11, 19, 20, 22, 40, 41, 23, 39, 13];2555.0
7539.0;[35, 36, 12, 15, 52, 33, 31, 48, 1, 2, 16, 17, 26, 25, 42, 21, 23, 24, 18, 19, 40, 20, 39, 51, 10, 11, 38, 37, 9, 14, 0, 55, 34, 3, 4, 7, 32, 8, 6, 5, 47, 53, 44, 28, 45, 30, 46, 27, 29, 49, 43, 22, 41, 50, 54, 13];2381.0
7706.0;[19, 49, 28, 53, 43, 44, 29, 52, 17, 16, 15, 0, 1, 3, 4, 5, 48, 55, 34, 2, 33, 26, 25, 18, 39, 11, 38, 31, 47, 6, 7, 32, 8, 36, 9, 37, 51, 12, 13, 35, 10, 14, 24, 20, 41, 21, 50, 54, 45, 30, 46, 27, 23, 42, 22, 40];2411.0
7401.0;[23, 45, 30, 46, 55, 31, 29, 27, 24, 39, 51, 13, 35, 7, 32, 8, 36, 0, 33, 26, 17, 15, 16, 3, 4, 6, 5, 48, 47, 53, 44, 28, 34, 1, 2, 52, 14, 12, 10, 37, 9, 11, 38, 18, 19, 20, 40, 54, 49, 43, 25, 42, 21, 22, 41, 50];2375.0
7569.0;[36, 19, 40, 20, 54, 26, 17, 16, 11, 38, 37, 9, 25, 42, 22, 41, 21, 50, 23, 24, 18, 39, 10, 51, 13, 35, 12, 15, 49, 43, 44, 53, 28, 2, 14, 52, 0, 33, 55, 34, 1, 32, 8, 4, 6, 5, 47, 48, 31, 29, 27, 45, 30, 46, 3, 7];2567.0
7258.0;[5, 39, 38, 10, 14, 52, 17, 15, 16, 12, 51, 7, 32, 8, 36, 11, 41, 21, 23, 55, 34, 1, 2, 33, 26, 0, 3, 48, 47, 44, 45, 30, 46, 31, 29, 49, 43, 53, 28, 25, 42, 50, 54, 27, 24, 22, 40, 20, 19, 18, 37, 9, 13, 35, 6, 4];2485.0
7231.0;[48, 53, 22, 21, 30, 46, 34, 0, 33, 24, 45, 55, 1, 2, 10, 37, 9, 27, 49, 29, 25, 42, 50, 39, 38, 51, 12, 15, 16, 17, 13, 35, 5, 6, 47, 31, 26, 52, 14, 32, 8, 7, 4, 36, 11, 18, 19, 20, 40, 41, 23, 54, 43, 44, 28, 3];2855.0
6958.0;[41, 0, 33, 35, 4, 8, 7, 51, 14, 12, 15, 16, 17, 25, 21, 50, 55, 34, 1, 2, 13, 6, 5, 47, 3, 48, 31, 29, 27, 23, 54, 49, 45, 44, 28, 53, 43, 30, 46, 26, 20, 40, 19, 18, 39, 10, 32, 36, 11, 38, 37, 9, 52, 24, 42, 22];2354.0
7542.0;[23, 10, 32, 8, 36, 27, 44, 30, 46, 21, 22, 40, 19, 18, 37, 9, 7, 4, 5, 6, 48, 3, 29, 0, 33, 2, 13, 35, 51, 52, 26, 25, 24, 20, 41, 50, 54, 49, 45, 55, 34, 1, 17, 16, 15, 12, 39, 38, 11, 14, 31, 47, 53, 43, 28, 42];2705.0
7380.0;[39, 27, 49, 29, 52, 26, 24, 30, 3, 5, 6, 4, 32, 8, 7, 36, 11, 38, 51, 12, 15, 16, 17, 10, 37, 9, 14, 0, 31, 47, 46, 55, 34, 48, 1, 13, 35, 2, 33, 25, 42, 50, 54, 45, 44, 53, 43, 28, 23, 21, 41, 22, 40, 20, 19, 18];2535.0
6965.0;[30, 26, 52, 25, 24, 40, 20, 18, 39, 38, 19, 42, 49, 17, 16, 15, 12, 36, 9, 37, 11, 14, 31, 48, 3, 4, 32, 7, 8, 6, 5, 46, 27, 23, 21, 22, 41, 50, 54, 29, 0, 33, 55, 34, 1, 2, 51, 10, 13, 35, 47, 44, 28, 53, 43, 45];2485.0
7238.0;[37, 49, 26, 17, 51, 10, 32, 8, 25, 54, 28, 29, 27, 21, 50, 45, 30, 46, 23, 40, 20, 18, 14, 52, 24, 42, 41, 22, 19, 39, 2, 33, 1, 3, 48, 13, 7, 35, 12, 15, 16, 0, 55, 34, 31, 53, 43, 44, 47, 6, 4, 5, 36, 9, 11, 38];3055.0
7315.0;[43, 21, 50, 24, 42, 22, 38, 51, 14, 26, 25, 40, 20, 18, 39, 11, 10, 12, 15, 17, 16, 52, 0, 31, 28, 53, 44, 29, 23, 54, 45, 30, 46, 55, 34, 1, 3, 48, 2, 33, 13, 35, 32, 7, 8, 4, 5, 47, 6, 36, 37, 9, 19, 41, 27, 49];2504.0
7191.0;[0, 14, 10, 51, 12, 15, 13, 7, 35, 6, 31, 48, 3, 1, 2, 33, 55, 53, 43, 26, 32, 36, 37, 9, 8, 4, 5, 47, 44, 28, 45, 29, 27, 25, 42, 50, 23, 24, 18, 39, 11, 38, 19, 20, 40, 22, 41, 21, 54, 49, 30, 46, 34, 16, 17, 52];2486.0
7419.0;[4, 18, 39, 19, 37, 9, 51, 14, 13, 35, 11, 38, 10, 7, 5, 47, 55, 34, 2, 33, 31, 29, 52, 17, 16, 15, 12, 32, 8, 36, 0, 26, 27, 49, 44, 53, 43, 28, 25, 20, 40, 41, 24, 42, 22, 21, 50, 23, 54, 45, 30, 46, 1, 3, 48, 6];2541.0
7140.0;[55, 14, 32, 7, 8, 36, 37, 9, 11, 38, 39, 10, 51, 52, 26, 0, 33, 2, 17, 16, 15, 12, 13, 35, 6, 47, 27, 23, 54, 49, 45, 44, 53, 43, 28, 34, 1, 3, 4, 5, 48, 31, 29, 25, 20, 40, 50, 24, 42, 21, 22, 19, 18, 41, 30, 46];2398.0
7369.0;[50, 27, 23, 54, 33, 13, 35, 15, 17, 16, 39, 38, 37, 36, 9, 51, 12, 0, 55, 31, 46, 49, 45, 28, 29, 26, 52, 25, 24, 40, 18, 10, 32, 8, 7, 4, 6, 5, 47, 53, 43, 44, 30, 34, 3, 48, 1, 2, 14, 11, 19, 20, 42, 21, 22, 41];2313.0
7332.0;[50, 23, 54, 28, 53, 43, 44, 29, 33, 2, 17, 15, 16, 12, 51, 32, 36, 14, 45, 30, 1, 3, 27, 49, 25, 24, 18, 39, 38, 37, 9, 8, 7, 4, 6, 5, 48, 47, 55, 34, 31, 46, 26, 52, 0, 13, 35, 10, 11, 19, 20, 40, 21, 42, 22, 41];2387.0
7578.0;[5, 46, 29, 52, 0, 33, 1, 2, 14, 16, 15, 17, 26, 42, 23, 25, 24, 54, 45, 55, 34, 48, 3, 8, 36, 37, 9, 11, 19, 20, 21, 22, 18, 39, 38, 13, 35, 4, 32, 7, 10, 51, 12, 40, 41, 50, 27, 49, 43, 44, 28, 53, 30, 31, 47, 6];2326.0
7567.0;[5, 47, 31, 48, 33, 26, 52, 27, 49, 16, 17, 15, 12, 51, 14, 0, 25, 54, 45, 44, 30, 46, 28, 53, 43, 29, 50, 23, 24, 42, 41, 21, 22, 40, 20, 18, 19, 39, 37, 11, 38, 32, 36, 9, 10, 55, 34, 3, 1, 2, 13, 35, 8, 7, 4, 6];2433.0
8097.0;[50, 32, 7, 0, 33, 55, 31, 48, 1, 2, 17, 52, 26, 25, 54, 49, 45, 30, 46, 34, 3, 4, 8, 36, 9, 37, 12, 15, 16, 29, 27, 23, 24, 42, 21, 22, 19, 18, 39, 11, 38, 51, 10, 14, 13, 35, 6, 5, 47, 28, 53, 43, 44, 20, 40, 41];2277.0
7464.0;[17, 16, 15, 12, 37, 9, 7, 32, 8, 36, 10, 51, 0, 33, 46, 55, 2, 39, 38, 11, 18, 19, 42, 23, 24, 40, 20, 22, 41, 21, 50, 54, 53, 44, 30, 34, 13, 35, 4, 14, 25, 43, 28, 45, 1, 3, 6, 5, 47, 31, 48, 29, 27, 49, 52, 26];2560.0
7298.0;[9, 55, 31, 47, 28, 45, 30, 46, 2, 32, 36, 0, 34, 3, 48, 1, 26, 54, 29, 27, 49, 44, 53, 43, 25, 20, 40, 19, 39, 38, 10, 14, 17, 52, 33, 13, 35, 5, 6, 4, 8, 7, 51, 12, 15, 16, 42, 21, 22, 41, 50, 23, 24, 18, 11, 37];2537.0
7279.0;[52, 35, 5, 2, 14, 12, 15, 16, 17, 0, 46, 21, 22, 40, 41, 45, 55, 34, 1, 33, 25, 24, 27, 49, 30, 31, 47, 48, 3, 6, 4, 7, 10, 51, 13, 32, 8, 36, 9, 37, 11, 19, 20, 18, 39, 38, 26, 42, 50, 23, 54, 43, 28, 53, 44, 29];2516.0
7091.0;[53, 18, 38, 1, 3, 49, 43, 44, 0, 2, 33, 55, 31, 45, 30, 34, 13, 35, 4, 10, 14, 52, 26, 25, 24, 42, 22, 6, 5, 47, 48, 46, 29, 50, 23, 54, 27, 17, 16, 15, 12, 51, 39, 32, 7, 8, 36, 37, 9, 11, 19, 20, 40, 41, 21, 28];2854.0
7368.0;[36, 33, 2, 14, 10, 11, 21, 23, 53, 44, 31, 47, 3, 48, 13, 35, 5, 6, 4, 7, 26, 52, 18, 39, 38, 0, 55, 34, 1, 20, 19, 40, 45, 30, 46, 25, 24, 42, 22, 41, 50, 54, 27, 49, 29, 43, 28, 17, 16, 15, 12, 51, 37, 9, 32, 8];2834.0
7752.0;[47, 27, 43, 53, 44, 28, 29, 25, 42, 22, 19, 40, 41, 23, 54, 45, 30, 34, 1, 2, 11, 38, 10, 51, 14, 33, 3, 48, 7, 4, 12, 16, 15, 0, 55, 31, 46, 24, 20, 21, 50, 49, 52, 26, 17, 18, 39, 32, 8, 36, 37, 9, 13, 35, 6, 5];2576.0
7470.0;[18, 55, 34, 3, 6, 28, 53, 43, 44, 30, 46, 31, 47, 48, 2, 26, 52, 25, 24, 20, 42, 54, 49, 45, 1, 4, 7, 10, 51, 14, 0, 33, 13, 35, 5, 29, 23, 21, 22, 40, 41, 50, 27, 16, 17, 15, 32, 8, 36, 9, 37, 11, 38, 12, 39, 19];2651.0
7139.0;[39, 38, 13, 7, 35, 5, 6, 4, 10, 14, 52, 45, 28, 0, 33, 3, 32, 8, 36, 37, 9, 11, 24, 44, 53, 43, 23, 20, 40, 19, 18, 26, 27, 49, 29, 25, 42, 21, 22, 41, 50, 54, 55, 31, 48, 47, 30, 46, 34, 1, 2, 17, 15, 16, 12, 51];2613.0
6959.0;[15, 39, 40, 21, 23, 49, 45, 16, 17, 52, 0, 55, 31, 46, 29, 14, 13, 35, 5, 6, 47, 48, 2, 33, 20, 41, 22, 19, 18, 38, 11, 10, 51, 26, 27, 25, 24, 42, 50, 54, 43, 28, 53, 44, 30, 34, 1, 3, 4, 32, 8, 36, 37, 9, 7, 12];2528.0
7553.0;[11, 38, 4, 5, 6, 47, 44, 28, 53, 26, 25, 42, 50, 54, 49, 43, 23, 21, 22, 41, 27, 45, 30, 55, 34, 1, 3, 48, 2, 13, 35, 7, 32, 8, 36, 9, 12, 15, 17, 16, 31, 46, 29, 0, 33, 14, 52, 24, 40, 20, 19, 18, 39, 51, 10, 37];2263.0
7349.0;[54, 27, 53, 43, 41, 21, 50, 23, 24, 32, 36, 11, 38, 10, 12, 51, 13, 35, 15, 16, 45, 30, 47, 44, 28, 29, 49, 0, 2, 33, 55, 34, 1, 14, 17, 52, 26, 25, 19, 18, 39, 37, 9, 8, 7, 4, 6, 5, 3, 48, 31, 46, 42, 22, 40, 20];2561.0
6921.0;[35, 7, 0, 33, 34, 46, 27, 23, 42, 21, 49, 29, 52, 14, 51, 11, 38, 10, 32, 8, 4, 6, 5, 53, 28, 26, 2, 55, 47, 31, 48, 3, 36, 37, 9, 12, 15, 17, 16, 39, 19, 20, 18, 40, 22, 41, 50, 25, 24, 54, 43, 44, 45, 30, 1, 13];2634.0
7296.0;[47, 48, 3, 51, 39, 37, 0, 29, 49, 44, 53, 43, 28, 32, 36, 9, 11, 38, 10, 27, 23, 24, 20, 19, 18, 13, 35, 8, 7, 4, 6, 5, 2, 33, 55, 34, 1, 14, 12, 15, 16, 17, 52, 26, 25, 42, 21, 22, 40, 41, 50, 54, 45, 30, 46, 31];2432.0
7555.0;[3, 8, 51, 55, 34, 11, 19, 20, 40, 21, 22, 41, 27, 49, 29, 45, 46, 25, 18, 39, 38, 10, 32, 36, 9, 37, 42, 23, 0, 33, 2, 52, 14, 12, 15, 16, 17, 26, 24, 50, 54, 28, 53, 43, 44, 30, 31, 48, 1, 13, 35, 7, 4, 6, 5, 47];2674.0
7751.0;[51, 10, 7, 4, 6, 1, 33, 26, 25, 20, 40, 39, 0, 44, 53, 43, 28, 45, 55, 34, 3, 31, 48, 2, 13, 35, 5, 47, 30, 46, 52, 17, 16, 15, 12, 14, 24, 42, 50, 54, 27, 49, 29, 23, 21, 22, 41, 19, 18, 37, 36, 9, 11, 38, 32, 8];2493.0
7570.0;[55, 14, 24, 40, 20, 18, 12, 15, 17, 16, 52, 0, 31, 46, 34, 2, 33, 26, 25, 23, 54, 49, 43, 28, 29, 27, 53, 44, 30, 1, 3, 48, 47, 6, 13, 35, 4, 5, 7, 51, 10, 32, 8, 37, 36, 9, 11, 39, 38, 19, 42, 21, 22, 41, 50, 45];2535.0
7475.0;[55, 14, 51, 10, 13, 4, 6, 5, 47, 44, 28, 29, 0, 33, 2, 12, 15, 16, 17, 26, 52, 25, 18, 39, 35, 7, 32, 36, 9, 8, 49, 43, 53, 34, 1, 3, 48, 31, 27, 21, 22, 40, 41, 24, 38, 37, 11, 19, 20, 42, 50, 23, 54, 45, 30, 46];2508.0
7720.0;[47, 46, 1, 33, 55, 31, 45, 44, 28, 29, 16, 17, 52, 0, 26, 25, 40, 20, 41, 21, 50, 23, 24, 42, 22, 49, 30, 34, 3, 48, 4, 7, 51, 10, 14, 12, 15, 54, 27, 53, 43, 2, 13, 35, 11, 38, 19, 18, 39, 32, 36, 37, 9, 8, 6, 5];2519.0
7124.0;[34, 39, 38, 11, 10, 32, 8, 12, 15, 16, 17, 52, 33, 2, 26, 54, 27, 29, 0, 1, 3, 48, 14, 51, 13, 35, 4, 7, 25, 42, 22, 41, 21, 55, 31, 6, 5, 47, 28, 53, 44, 43, 23, 24, 20, 40, 18, 37, 36, 9, 19, 50, 49, 45, 30, 46];2695.0
7877.0;[10, 16, 17, 25, 54, 23, 20, 40, 18, 19, 14, 27, 49, 29, 45, 30, 34, 3, 48, 4, 32, 51, 12, 15, 52, 26, 0, 33, 2, 44, 28, 53, 43, 42, 21, 22, 41, 50, 24, 39, 37, 36, 9, 8, 6, 5, 47, 31, 46, 55, 1, 13, 35, 7, 11, 38];2514.0
7296.0;[42, 21, 39, 51, 55, 31, 7, 8, 32, 36, 9, 37, 14, 0, 33, 24, 20, 40, 50, 23, 49, 29, 27, 43, 44, 16, 12, 11, 38, 19, 18, 10, 13, 35, 5, 6, 47, 28, 53, 22, 41, 54, 48, 3, 4, 15, 17, 52, 26, 45, 30, 46, 34, 1, 2, 25];2837.0
7807.0;[5, 6, 4, 13, 35, 7, 10, 51, 32, 8, 36, 24, 18, 15, 16, 17, 52, 26, 25, 54, 27, 45, 30, 46, 1, 0, 33, 2, 14, 11, 37, 9, 12, 39, 38, 19, 41, 28, 53, 22, 40, 20, 42, 21, 50, 23, 49, 43, 44, 29, 55, 34, 47, 31, 48, 3];2453.0
7236.0;[27, 26, 17, 52, 33, 2, 25, 42, 21, 50, 22, 23, 54, 24, 20, 40, 18, 32, 8, 15, 16, 49, 45, 46, 29, 12, 39, 37, 9, 10, 51, 14, 0, 31, 44, 28, 53, 43, 30, 55, 34, 1, 48, 13, 35, 5, 47, 3, 6, 4, 7, 36, 11, 38, 19, 41];2659.0
7523.0;[55, 2, 14, 11, 38, 51, 12, 39, 19, 18, 13, 6, 5, 48, 15, 16, 17, 0, 33, 26, 25, 24, 20, 40, 21, 54, 28, 29, 27, 49, 34, 3, 31, 47, 44, 53, 43, 30, 46, 1, 4, 36, 9, 37, 10, 32, 8, 7, 35, 52, 42, 22, 41, 50, 23, 45];2542.0
7347.0;[24, 39, 37, 17, 52, 0, 46, 55, 34, 3, 7, 12, 15, 16, 40, 20, 42, 21, 50, 23, 54, 45, 30, 26, 14, 51, 32, 8, 36, 9, 11, 19, 18, 38, 10, 13, 35, 6, 4, 5, 48, 1, 2, 33, 47, 31, 44, 28, 53, 43, 22, 41, 29, 27, 49, 25];2448.0
7323.0;[41, 55, 1, 4, 6, 5, 2, 17, 15, 16, 52, 54, 49, 43, 28, 53, 22, 40, 20, 14, 0, 33, 31, 46, 29, 26, 25, 24, 18, 39, 12, 3, 48, 47, 44, 27, 23, 21, 50, 45, 30, 34, 13, 35, 7, 32, 8, 36, 9, 37, 51, 10, 11, 38, 19, 42];2705.0
7646.0;[25, 27, 28, 29, 20, 41, 21, 22, 40, 18, 39, 17, 16, 15, 12, 13, 35, 5, 47, 6, 32, 36, 37, 9, 0, 1, 3, 4, 51, 14, 49, 44, 53, 43, 23, 24, 54, 45, 30, 46, 31, 48, 7, 8, 10, 11, 38, 19, 42, 50, 55, 34, 2, 33, 26, 52];2688.0
7334.0;[28, 45, 29, 22, 19, 37, 11, 10, 32, 7, 8, 36, 9, 51, 14, 1, 2, 33, 26, 25, 20, 40, 39, 38, 13, 35, 4, 6, 5, 47, 44, 53, 43, 23, 24, 18, 12, 15, 16, 17, 52, 0, 42, 21, 41, 50, 54, 27, 49, 30, 46, 55, 34, 3, 48, 31];2357.0
7725.0;[12, 16, 15, 17, 0, 33, 26, 52, 14, 51, 11, 19, 20, 28, 53, 43, 44, 30, 46, 29, 45, 55, 34, 1, 2, 13, 35, 6, 5, 47, 31, 48, 3, 4, 7, 25, 42, 22, 40, 41, 21, 50, 54, 49, 27, 23, 24, 18, 39, 38, 10, 32, 8, 36, 9, 37];2167.0
7329.0;[14, 49, 45, 55, 1, 32, 8, 5, 6, 24, 54, 27, 29, 10, 11, 38, 18, 39, 19, 40, 20, 41, 46, 34, 16, 17, 52, 0, 33, 2, 13, 35, 7, 12, 15, 26, 25, 42, 21, 50, 23, 22, 28, 53, 43, 44, 30, 47, 31, 48, 3, 4, 37, 36, 9, 51];2790.0
6813.0;[3, 33, 2, 14, 8, 36, 9, 37, 12, 27, 23, 25, 24, 42, 22, 41, 29, 52, 0, 18, 39, 32, 4, 6, 5, 47, 45, 28, 53, 43, 44, 26, 17, 16, 15, 13, 35, 7, 10, 51, 11, 38, 19, 20, 40, 21, 50, 54, 49, 30, 46, 34, 48, 31, 55, 1];2387.0
7021.0;[42, 23, 29, 27, 45, 34, 13, 5, 6, 4, 10, 14, 1, 3, 2, 52, 20, 19, 18, 39, 37, 8, 36, 9, 11, 38, 12, 15, 17, 16, 51, 32, 35, 7, 0, 33, 40, 41, 21, 22, 50, 54, 49, 30, 46, 55, 31, 48, 47, 44, 53, 43, 28, 26, 25, 24];2525.0
7366.0;[52, 49, 46, 1, 2, 13, 35, 36, 11, 10, 12, 17, 26, 25, 54, 27, 45, 30, 32, 8, 15, 16, 0, 33, 55, 34, 48, 3, 31, 44, 28, 53, 43, 29, 14, 51, 37, 9, 7, 4, 6, 5, 47, 38, 19, 42, 21, 22, 41, 50, 23, 24, 20, 40, 18, 39];2630.0
6604.0;[12, 6, 47, 44, 49, 45, 2, 13, 35, 7, 32, 8, 36, 4, 5, 48, 1, 25, 24, 20, 40, 18, 38, 19, 22, 41, 21, 50, 30, 55, 34, 3, 31, 46, 43, 28, 53, 23, 42, 54, 27, 29, 52, 26, 0, 33, 14, 39, 37, 9, 11, 10, 51, 15, 17, 16];2663.0
7858.0;[6, 47, 48, 14, 51, 12, 35, 7, 10, 0, 33, 26, 27, 23, 18, 39, 38, 37, 11, 19, 20, 40, 41, 22, 54, 28, 53, 43, 44, 30, 46, 29, 52, 31, 3, 4, 32, 8, 36, 9, 15, 16, 17, 25, 24, 42, 21, 50, 49, 45, 55, 34, 1, 2, 13, 5];2390.0
6947.0;[51, 55, 34, 2, 4, 6, 5, 24, 20, 32, 8, 36, 14, 27, 49, 45, 30, 1, 3, 48, 46, 31, 47, 44, 28, 53, 43, 18, 39, 38, 12, 0, 33, 13, 35, 7, 10, 11, 19, 40, 22, 41, 54, 29, 52, 17, 15, 16, 26, 25, 42, 21, 50, 23, 37, 9];2738.0
7255.0;[34, 2, 14, 43, 44, 28, 25, 22, 41, 23, 24, 42, 21, 50, 26, 16, 15, 17, 52, 0, 33, 18, 39, 38, 11, 12, 51, 13, 35, 6, 5, 47, 1, 3, 48, 4, 7, 10, 32, 8, 36, 37, 9, 19, 20, 40, 54, 30, 46, 29, 27, 49, 45, 53, 55, 31];2512.0
7478.0;[20, 45, 47, 5, 6, 32, 8, 0, 33, 2, 14, 12, 15, 17, 16, 52, 25, 42, 50, 18, 39, 38, 40, 22, 41, 21, 13, 35, 36, 37, 9, 51, 26, 24, 27, 55, 31, 46, 29, 23, 54, 49, 43, 44, 28, 53, 30, 34, 48, 1, 3, 4, 7, 10, 11, 19];2759.0
7432.0;[14, 16, 15, 17, 52, 54, 26, 0, 33, 1, 2, 34, 48, 3, 4, 6, 32, 8, 36, 13, 35, 7, 51, 25, 24, 42, 40, 20, 19, 39, 5, 47, 31, 55, 53, 44, 28, 45, 30, 46, 29, 27, 49, 43, 22, 41, 21, 50, 23, 18, 38, 37, 9, 11, 10, 12];2419.0
7247.0;[27, 29, 55, 34, 41, 50, 28, 53, 43, 23, 24, 13, 35, 4, 5, 7, 32, 36, 8, 9, 37, 11, 19, 20, 54, 49, 44, 45, 30, 46, 31, 47, 6, 51, 14, 0, 1, 3, 48, 2, 33, 17, 16, 52, 26, 25, 42, 21, 22, 40, 18, 39, 38, 10, 12, 15];2704.0
6949.0;[14, 46, 29, 26, 51, 10, 12, 15, 52, 50, 23, 24, 45, 34, 1, 4, 7, 32, 8, 6, 48, 3, 36, 11, 19, 18, 39, 38, 0, 33, 55, 31, 44, 53, 43, 54, 27, 49, 30, 2, 17, 16, 13, 35, 5, 47, 28, 25, 42, 21, 22, 41, 40, 20, 37, 9];2839.0
7125.0;[21, 3, 48, 11, 38, 19, 20, 18, 39, 37, 9, 51, 10, 7, 32, 8, 36, 12, 14, 27, 29, 0, 33, 34, 1, 13, 35, 4, 6, 5, 47, 44, 49, 45, 28, 53, 43, 40, 22, 41, 50, 23, 54, 30, 46, 31, 55, 2, 17, 16, 15, 52, 26, 25, 24, 42];2468.0
7346.0;[20, 38, 10, 14, 15, 52, 29, 26, 41, 21, 44, 47, 31, 55, 34, 13, 35, 4, 5, 6, 7, 32, 8, 36, 37, 9, 11, 12, 16, 17, 54, 27, 49, 43, 28, 53, 22, 19, 18, 39, 51, 0, 2, 33, 25, 42, 50, 23, 45, 30, 46, 1, 3, 48, 24, 40];2645.0
7684.0;[32, 8, 33, 1, 3, 7, 11, 38, 17, 16, 15, 12, 51, 14, 52, 49, 28, 53, 43, 44, 29, 25, 24, 40, 18, 39, 4, 6, 5, 47, 45, 30, 46, 55, 34, 31, 48, 36, 9, 37, 0, 2, 13, 35, 19, 20, 42, 22, 41, 21, 50, 23, 54, 27, 26, 10];2560.0
7144.0;[7, 14, 52, 18, 19, 21, 22, 40, 20, 41, 43, 44, 29, 25, 42, 50, 49, 45, 55, 51, 32, 8, 36, 15, 16, 0, 33, 2, 17, 12, 10, 11, 37, 9, 26, 54, 27, 23, 24, 39, 38, 13, 35, 47, 31, 28, 53, 30, 46, 34, 48, 1, 3, 5, 6, 4];2732.0
7116.0;[10, 33, 1, 3, 7, 32, 8, 15, 17, 26, 25, 24, 40, 41, 50, 54, 16, 12, 37, 36, 9, 11, 38, 47, 44, 28, 53, 52, 0, 55, 34, 31, 48, 2, 13, 35, 4, 5, 6, 51, 14, 27, 49, 43, 45, 30, 46, 29, 23, 42, 21, 22, 19, 20, 39, 18];2691.0
6807.0;[47, 6, 37, 36, 9, 10, 12, 15, 16, 17, 0, 33, 46, 29, 27, 23, 24, 42, 54, 43, 28, 52, 26, 32, 8, 51, 13, 7, 35, 4, 5, 48, 2, 11, 19, 20, 18, 39, 38, 14, 55, 34, 1, 3, 31, 49, 45, 44, 53, 25, 40, 22, 41, 21, 50, 30];2699.0
7950.0;[34, 4, 5, 6, 31, 24, 54, 29, 26, 0, 33, 13, 35, 32, 7, 10, 11, 38, 19, 20, 18, 39, 51, 14, 12, 15, 16, 17, 25, 42, 22, 41, 30, 46, 55, 1, 2, 52, 27, 43, 44, 28, 53, 47, 48, 3, 8, 36, 9, 37, 40, 21, 50, 23, 49, 45];2579.0
7766.0;[29, 13, 35, 51, 10, 11, 19, 40, 20, 41, 21, 23, 54, 49, 27, 43, 44, 28, 53, 22, 18, 38, 32, 36, 12, 15, 16, 17, 0, 33, 52, 26, 25, 24, 42, 50, 45, 30, 46, 55, 34, 1, 2, 14, 39, 37, 9, 8, 7, 4, 5, 6, 47, 48, 3, 31];2242.0
6678.0;[10, 51, 12, 15, 16, 38, 11, 21, 50, 29, 26, 25, 42, 23, 44, 53, 43, 28, 2, 14, 17, 54, 27, 49, 52, 0, 33, 55, 34, 45, 30, 46, 24, 40, 19, 20, 41, 22, 18, 39, 13, 35, 36, 9, 37, 8, 7, 5, 47, 31, 48, 1, 3, 6, 4, 32];2719.0
7417.0;[29, 14, 11, 38, 40, 22, 41, 49, 13, 35, 7, 26, 25, 54, 27, 45, 30, 46, 55, 34, 15, 16, 17, 52, 0, 33, 2, 12, 51, 4, 6, 5, 48, 1, 3, 47, 28, 53, 43, 44, 24, 20, 18, 39, 19, 42, 21, 50, 23, 37, 9, 10, 32, 8, 36, 31];2743.0
7398.0;[20, 7, 4, 6, 5, 47, 16, 15, 17, 55, 31, 29, 27, 43, 44, 28, 53, 26, 25, 18, 39, 12, 14, 24, 42, 22, 21, 41, 50, 23, 54, 49, 45, 30, 46, 34, 3, 48, 1, 52, 0, 33, 2, 13, 35, 32, 8, 36, 9, 37, 51, 10, 11, 38, 19, 40];2264.0
7067.0;[54, 33, 10, 32, 36, 8, 37, 9, 11, 51, 14, 27, 49, 29, 45, 53, 43, 30, 46, 55, 34, 13, 35, 7, 12, 15, 16, 17, 42, 22, 44, 28, 26, 52, 0, 31, 48, 3, 4, 6, 5, 47, 1, 2, 25, 21, 50, 23, 24, 18, 39, 38, 19, 20, 40, 41];2512.0
6543.0;[28, 29, 52, 14, 51, 13, 35, 4, 5, 6, 47, 12, 15, 16, 17, 34, 1, 3, 48, 26, 25, 40, 20, 41, 54, 23, 24, 42, 21, 50, 22, 19, 18, 39, 11, 38, 37, 36, 9, 8, 7, 32, 10, 0, 33, 2, 55, 53, 43, 44, 30, 31, 46, 27, 49, 45];2384.0
7350.0;[52, 0, 55, 1, 35, 7, 10, 32, 8, 14, 50, 23, 27, 45, 34, 2, 33, 26, 42, 54, 29, 17, 16, 15, 25, 24, 20, 40, 41, 22, 21, 19, 18, 39, 38, 11, 37, 36, 9, 49, 28, 53, 43, 44, 30, 3, 4, 51, 12, 13, 6, 5, 47, 48, 31, 46];2623.0
7403.0;[5, 46, 50, 23, 18, 39, 51, 26, 24, 20, 40, 13, 35, 6, 4, 7, 10, 11, 38, 55, 34, 2, 32, 36, 9, 37, 25, 54, 27, 49, 29, 16, 17, 15, 12, 14, 52, 0, 33, 1, 3, 48, 31, 47, 30, 45, 44, 28, 53, 43, 42, 22, 41, 21, 19, 8];2846.0
6894.0;[49, 8, 9, 51, 33, 55, 31, 46, 29, 27, 23, 22, 41, 30, 34, 4, 7, 26, 45, 44, 53, 43, 28, 25, 18, 39, 10, 14, 0, 3, 6, 5, 47, 48, 1, 2, 16, 17, 52, 24, 42, 21, 50, 20, 40, 19, 38, 32, 36, 37, 11, 13, 35, 12, 15, 54];2860.0
7730.0;[18, 19, 41, 54, 49, 29, 0, 2, 7, 10, 14, 52, 26, 27, 45, 30, 34, 33, 1, 3, 4, 32, 8, 36, 9, 12, 15, 17, 16, 25, 24, 42, 39, 51, 13, 35, 6, 5, 48, 31, 46, 55, 47, 44, 28, 53, 43, 23, 21, 50, 22, 40, 20, 37, 11, 38];2425.0
7918.0;[48, 3, 36, 37, 9, 10, 12, 16, 15, 17, 52, 0, 26, 25, 40, 41, 50, 54, 43, 44, 28, 53, 30, 34, 1, 2, 33, 55, 31, 46, 29, 21, 23, 24, 42, 22, 19, 20, 18, 39, 11, 38, 51, 13, 32, 8, 35, 5, 6, 4, 7, 14, 27, 49, 45, 47];2302.0
7804.0;[46, 34, 2, 0, 33, 55, 3, 48, 14, 15, 17, 16, 25, 54, 49, 43, 45, 30, 31, 47, 53, 44, 28, 29, 23, 24, 20, 42, 27, 26, 52, 1, 6, 4, 12, 39, 11, 40, 22, 41, 21, 50, 19, 18, 38, 37, 36, 9, 10, 51, 13, 35, 32, 8, 7, 5];2604.0
6940.0;[18, 39, 14, 16, 15, 12, 51, 32, 36, 37, 9, 8, 5, 6, 4, 10, 26, 54, 49, 48, 3, 25, 20, 41, 21, 50, 23, 45, 30, 46, 29, 27, 34, 1, 2, 17, 52, 0, 33, 55, 31, 47, 44, 28, 53, 43, 24, 42, 22, 40, 19, 13, 35, 7, 11, 38];2535.0
7239.0;[29, 15, 16, 17, 48, 31, 3, 4, 10, 37, 11, 40, 41, 22, 18, 39, 51, 25, 24, 54, 27, 49, 26, 52, 0, 33, 2, 14, 13, 35, 7, 36, 9, 32, 8, 6, 5, 47, 45, 30, 46, 55, 34, 1, 12, 38, 19, 20, 42, 21, 50, 23, 44, 53, 43, 28];2383.0
6998.0;[29, 13, 7, 35, 6, 4, 12, 14, 51, 10, 32, 8, 36, 37, 9, 11, 52, 0, 33, 2, 15, 16, 17, 26, 25, 24, 30, 46, 55, 1, 39, 38, 20, 40, 41, 21, 23, 54, 49, 34, 3, 5, 47, 48, 31, 45, 44, 28, 53, 43, 22, 18, 19, 50, 42, 27];2604.0
7378.0;[13, 35, 7, 10, 51, 55, 34, 36, 9, 37, 11, 12, 15, 16, 17, 1, 3, 5, 6, 4, 32, 8, 14, 52, 0, 33, 40, 19, 18, 39, 38, 26, 25, 24, 20, 42, 21, 23, 43, 44, 28, 53, 22, 41, 50, 54, 45, 30, 46, 29, 27, 49, 31, 47, 48, 2];2444.0
6788.0;[55, 28, 29, 52, 0, 13, 11, 19, 20, 18, 38, 10, 51, 26, 42, 50, 25, 24, 54, 27, 23, 39, 12, 14, 15, 17, 16, 49, 45, 53, 43, 44, 30, 34, 1, 2, 33, 31, 47, 48, 3, 4, 32, 8, 7, 36, 9, 37, 40, 41, 21, 22, 35, 6, 5, 46];2748.0
6834.0;[15, 13, 35, 6, 5, 47, 48, 3, 4, 36, 9, 37, 11, 21, 49, 52, 0, 33, 39, 18, 19, 20, 42, 22, 53, 43, 30, 46, 31, 45, 44, 28, 29, 26, 25, 24, 40, 41, 50, 23, 54, 27, 55, 34, 1, 2, 14, 12, 38, 10, 32, 8, 7, 51, 17, 16];2474.0
6753.0;[31, 46, 25, 27, 16, 12, 15, 17, 0, 55, 47, 53, 43, 44, 28, 45, 29, 26, 52, 33, 34, 3, 4, 6, 5, 48, 1, 2, 13, 35, 32, 8, 36, 39, 19, 40, 21, 50, 23, 20, 18, 37, 9, 11, 38, 7, 10, 14, 51, 24, 42, 22, 41, 54, 49, 30];2491.0
7920.0;[1, 26, 18, 39, 7, 6, 4, 5, 48, 3, 47, 30, 46, 2, 14, 12, 13, 35, 32, 8, 36, 9, 37, 51, 27, 49, 45, 29, 52, 17, 16, 15, 25, 24, 20, 19, 38, 11, 10, 33, 55, 31, 44, 28, 42, 21, 22, 40, 41, 50, 23, 54, 53, 43, 0, 34];2631.0
7239.0;[48, 20, 19, 18, 32, 36, 37, 9, 11, 38, 10, 51, 12, 39, 16, 15, 17, 25, 24, 21, 23, 49, 30, 46, 29, 33, 55, 31, 53, 43, 44, 28, 52, 14, 13, 35, 4, 5, 47, 6, 7, 8, 0, 2, 26, 42, 22, 40, 41, 50, 54, 27, 45, 34, 1, 3];2516.0
7294.0;[19, 18, 39, 14, 53, 43, 44, 28, 45, 30, 46, 47, 31, 24, 40, 20, 51, 12, 15, 17, 16, 52, 0, 33, 2, 13, 35, 10, 11, 38, 26, 54, 49, 27, 29, 25, 42, 22, 41, 21, 50, 23, 55, 34, 1, 48, 3, 4, 5, 6, 7, 8, 32, 36, 9, 37];2489.0
7126.0;[23, 25, 24, 15, 16, 17, 33, 2, 13, 35, 51, 52, 27, 49, 29, 26, 40, 20, 18, 12, 14, 0, 46, 55, 34, 1, 3, 32, 8, 36, 9, 11, 38, 19, 39, 10, 37, 7, 4, 6, 5, 47, 48, 42, 21, 54, 43, 44, 28, 45, 30, 31, 53, 22, 41, 50];2628.0
7756.0;[33, 52, 26, 29, 49, 44, 30, 46, 1, 3, 31, 47, 48, 4, 5, 6, 35, 7, 51, 11, 38, 10, 32, 8, 25, 42, 27, 45, 55, 34, 2, 13, 36, 9, 37, 15, 12, 16, 17, 24, 40, 20, 18, 19, 39, 14, 43, 53, 23, 21, 22, 41, 50, 54, 28, 0];2761.0
6919.0;[49, 45, 30, 3, 6, 4, 10, 24, 42, 22, 41, 23, 27, 26, 2, 12, 39, 38, 51, 14, 0, 55, 34, 1, 33, 44, 53, 43, 28, 25, 20, 40, 19, 18, 37, 36, 9, 8, 32, 7, 11, 21, 50, 54, 52, 17, 15, 16, 13, 35, 5, 47, 31, 48, 46, 29];2641.0
7686.0;[51, 12, 14, 15, 16, 17, 26, 24, 50, 23, 22, 41, 45, 30, 46, 31, 27, 49, 44, 28, 29, 20, 40, 19, 39, 52, 2, 13, 35, 5, 47, 48, 3, 4, 6, 7, 32, 8, 36, 37, 9, 11, 0, 33, 55, 34, 1, 25, 42, 21, 54, 53, 43, 18, 38, 10];2487.0
7263.0;[23, 27, 55, 31, 29, 16, 15, 12, 39, 38, 37, 9, 8, 5, 6, 10, 14, 0, 33, 26, 52, 49, 45, 44, 28, 53, 43, 30, 46, 34, 1, 2, 17, 24, 20, 18, 13, 35, 51, 25, 42, 22, 41, 54, 47, 48, 3, 4, 7, 32, 36, 11, 19, 40, 21, 50];2534.0
7544.0;[37, 14, 52, 26, 24, 18, 11, 5, 6, 4, 8, 51, 13, 35, 7, 12, 15, 16, 17, 27, 49, 43, 53, 23, 20, 40, 19, 39, 38, 10, 0, 3, 48, 47, 31, 55, 34, 1, 2, 33, 25, 42, 22, 41, 21, 50, 54, 45, 44, 28, 30, 46, 29, 32, 36, 9];2425.0
6748.0;[25, 50, 23, 22, 40, 20, 19, 18, 39, 12, 15, 16, 17, 24, 42, 27, 44, 53, 43, 28, 45, 30, 46, 55, 52, 0, 33, 1, 2, 13, 35, 6, 4, 32, 8, 36, 11, 38, 37, 9, 7, 5, 47, 31, 34, 3, 48, 51, 10, 14, 41, 21, 54, 49, 29, 26];2364.0
7289.0;[7, 35, 32, 8, 36, 9, 11, 19, 18, 39, 38, 37, 10, 51, 14, 52, 27, 49, 53, 30, 46, 48, 3, 4, 6, 5, 47, 31, 25, 20, 40, 54, 43, 44, 28, 29, 26, 0, 33, 2, 24, 42, 21, 50, 22, 41, 23, 45, 55, 34, 1, 16, 17, 15, 12, 13];2277.0
7106.0;[7, 27, 49, 45, 31, 47, 48, 46, 29, 18, 39, 19, 20, 25, 24, 42, 50, 23, 54, 43, 28, 53, 44, 30, 55, 34, 1, 16, 17, 15, 38, 37, 9, 11, 41, 21, 22, 40, 32, 36, 14, 52, 26, 0, 33, 2, 12, 10, 8, 51, 13, 35, 6, 5, 3, 4];2621.0
7539.0;[1, 2, 14, 52, 33, 26, 25, 18, 39, 15, 17, 16, 13, 35, 7, 51, 12, 0, 55, 31, 29, 23, 24, 28, 53, 43, 44, 47, 5, 6, 4, 32, 8, 36, 37, 9, 20, 40, 21, 22, 41, 50, 45, 30, 46, 48, 3, 10, 11, 38, 19, 42, 54, 27, 49, 34];2566.0
8113.0;[53, 22, 41, 27, 46, 55, 31, 48, 2, 13, 35, 51, 52, 34, 1, 0, 33, 42, 50, 54, 43, 28, 29, 24, 39, 37, 9, 15, 16, 17, 26, 25, 49, 45, 30, 14, 12, 32, 36, 8, 7, 6, 5, 47, 3, 4, 10, 11, 38, 18, 19, 20, 40, 21, 23, 44];2735.0
6896.0;[22, 27, 29, 52, 0, 33, 34, 1, 3, 4, 7, 32, 8, 5, 6, 47, 44, 53, 43, 28, 14, 15, 16, 17, 45, 30, 46, 26, 25, 20, 18, 39, 13, 35, 10, 51, 12, 38, 37, 36, 9, 11, 19, 40, 41, 50, 23, 54, 49, 55, 31, 48, 2, 24, 42, 21];2377.0
7529.0;[23, 22, 41, 54, 27, 26, 33, 55, 34, 1, 37, 36, 9, 14, 0, 2, 52, 17, 15, 16, 13, 35, 7, 51, 12, 10, 11, 19, 40, 20, 49, 43, 53, 44, 28, 45, 30, 29, 25, 42, 21, 50, 24, 18, 39, 38, 32, 8, 4, 5, 6, 48, 3, 31, 47, 46];2417.0
6973.0;[31, 42, 50, 54, 52, 0, 33, 2, 17, 15, 16, 12, 13, 35, 8, 7, 43, 44, 21, 22, 40, 41, 27, 30, 46, 55, 34, 1, 3, 4, 6, 5, 47, 29, 23, 39, 38, 11, 37, 9, 36, 51, 14, 26, 25, 24, 49, 45, 28, 53, 20, 19, 18, 10, 32, 48];2814.0
7700.0;[27, 23, 25, 24, 45, 31, 3, 48, 0, 33, 2, 13, 35, 37, 36, 9, 11, 38, 18, 39, 19, 40, 20, 42, 21, 30, 46, 55, 34, 1, 14, 32, 8, 7, 10, 51, 12, 22, 41, 50, 54, 49, 29, 4, 6, 5, 47, 28, 53, 43, 44, 16, 15, 17, 52, 26];2523.0
7131.0;[46, 29, 27, 24, 42, 21, 41, 22, 40, 20, 19, 17, 52, 33, 6, 4, 8, 36, 37, 9, 44, 28, 45, 55, 34, 25, 18, 39, 11, 38, 14, 0, 31, 47, 5, 48, 3, 1, 2, 16, 15, 12, 51, 13, 35, 7, 32, 10, 26, 50, 23, 54, 49, 43, 53, 30];2743.0
8144.0;[21, 50, 25, 24, 42, 22, 40, 20, 41, 23, 54, 43, 28, 14, 12, 39, 35, 4, 7, 10, 51, 15, 17, 16, 49, 29, 26, 52, 0, 33, 2, 13, 6, 5, 47, 31, 48, 46, 27, 45, 44, 53, 30, 55, 34, 1, 3, 32, 8, 36, 9, 37, 11, 38, 18, 19];2315.0
7547.0;[32, 5, 6, 10, 11, 50, 23, 27, 49, 29, 14, 8, 36, 9, 37, 12, 15, 17, 16, 25, 42, 21, 54, 55, 3, 31, 48, 46, 26, 24, 20, 18, 39, 38, 19, 40, 41, 22, 45, 30, 34, 1, 2, 52, 0, 33, 47, 53, 43, 44, 28, 13, 35, 4, 7, 51];2706.0
6840.0;[23, 27, 46, 55, 1, 51, 10, 14, 15, 16, 17, 26, 24, 20, 40, 39, 12, 38, 52, 0, 33, 2, 31, 47, 44, 28, 53, 43, 34, 48, 3, 5, 6, 4, 32, 13, 35, 8, 7, 22, 41, 21, 54, 49, 45, 30, 29, 25, 18, 37, 9, 36, 11, 19, 42, 50];2645.0
7416.0;[40, 43, 45, 30, 31, 46, 48, 3, 47, 44, 28, 53, 51, 11, 38, 10, 14, 27, 49, 26, 0, 55, 34, 1, 2, 33, 24, 20, 41, 23, 54, 29, 52, 17, 16, 15, 12, 37, 36, 9, 32, 8, 13, 35, 5, 6, 4, 7, 25, 42, 21, 50, 22, 19, 18, 39];2629.0
7548.0;[11, 19, 50, 54, 27, 53, 44, 26, 0, 55, 31, 45, 30, 46, 29, 14, 51, 13, 35, 7, 49, 43, 28, 23, 18, 37, 9, 33, 1, 2, 52, 40, 20, 41, 22, 39, 38, 10, 25, 24, 42, 21, 34, 3, 4, 32, 8, 36, 6, 5, 47, 48, 17, 16, 15, 12];3023.0
7469.0;[14, 10, 51, 13, 35, 6, 4, 7, 8, 52, 27, 23, 54, 49, 15, 12, 38, 32, 36, 9, 37, 11, 19, 40, 18, 39, 0, 33, 55, 34, 1, 2, 16, 17, 44, 45, 30, 46, 47, 5, 48, 3, 31, 29, 25, 24, 20, 42, 21, 22, 41, 50, 53, 43, 28, 26];2573.0
7513.0;[51, 42, 21, 19, 20, 40, 50, 53, 43, 22, 41, 23, 45, 4, 8, 7, 12, 15, 16, 27, 28, 29, 52, 32, 36, 9, 37, 14, 0, 33, 55, 31, 34, 2, 17, 26, 25, 24, 54, 49, 44, 30, 46, 1, 13, 35, 6, 5, 47, 48, 3, 11, 38, 18, 39, 10];2801.0
7269.0;[12, 32, 8, 36, 9, 19, 50, 54, 24, 39, 11, 38, 37, 51, 14, 0, 33, 55, 34, 31, 27, 45, 30, 46, 29, 52, 26, 25, 40, 20, 41, 21, 23, 42, 22, 18, 13, 35, 4, 7, 10, 49, 44, 53, 43, 28, 3, 6, 5, 47, 48, 1, 2, 17, 16, 15];2536.0
7728.0;[28, 20, 18, 39, 10, 51, 14, 0, 33, 2, 15, 16, 17, 25, 24, 42, 22, 41, 21, 50, 23, 54, 29, 26, 55, 31, 47, 6, 5, 13, 35, 7, 32, 8, 36, 37, 9, 11, 38, 19, 40, 27, 45, 30, 46, 34, 1, 48, 3, 4, 12, 52, 49, 43, 53, 44];2274.0
7683.0;[22, 37, 9, 55, 34, 1, 14, 17, 0, 33, 2, 52, 26, 25, 24, 20, 10, 51, 12, 15, 16, 49, 31, 3, 48, 13, 35, 4, 6, 5, 47, 44, 53, 43, 28, 45, 30, 46, 29, 42, 21, 50, 54, 27, 23, 18, 39, 32, 7, 8, 36, 11, 38, 19, 40, 41];2461.0
7393.0;[5, 47, 1, 2, 0, 33, 34, 3, 48, 14, 51, 12, 19, 39, 11, 38, 10, 15, 16, 17, 52, 26, 42, 22, 41, 21, 54, 27, 45, 30, 46, 55, 31, 29, 25, 24, 40, 20, 50, 49, 44, 28, 53, 43, 23, 18, 37, 36, 9, 8, 13, 35, 32, 7, 4, 6];2305.0
7698.0;[3, 7, 51, 0, 2, 25, 20, 40, 19, 41, 22, 54, 29, 33, 1, 36, 9, 37, 14, 31, 47, 48, 4, 5, 6, 11, 38, 10, 12, 15, 16, 17, 42, 21, 50, 23, 24, 18, 39, 28, 53, 43, 44, 13, 35, 32, 8, 52, 26, 27, 49, 45, 30, 46, 55, 34];2797.0
7340.0;[28, 29, 26, 52, 46, 55, 34, 31, 47, 48, 2, 0, 33, 14, 12, 39, 37, 9, 10, 51, 32, 15, 16, 17, 25, 54, 27, 49, 45, 30, 1, 3, 4, 5, 6, 7, 11, 38, 19, 41, 21, 50, 23, 44, 53, 43, 24, 42, 22, 40, 20, 18, 13, 35, 8, 36];2495.0
7417.0;[24, 18, 37, 9, 11, 19, 40, 20, 42, 41, 21, 22, 50, 23, 54, 34, 13, 35, 5, 47, 48, 1, 3, 4, 6, 7, 36, 10, 26, 52, 0, 33, 2, 51, 12, 14, 15, 16, 17, 27, 49, 45, 30, 55, 31, 46, 44, 53, 43, 28, 29, 39, 38, 32, 8, 25];2457.0
6837.0;[12, 23, 54, 27, 30, 46, 55, 34, 1, 25, 21, 49, 45, 28, 53, 52, 17, 16, 15, 13, 35, 4, 6, 5, 47, 48, 3, 31, 29, 26, 0, 33, 2, 7, 32, 8, 36, 9, 37, 51, 24, 42, 22, 40, 41, 50, 43, 44, 14, 10, 11, 38, 19, 20, 18, 39];2507.0
6796.0;[31, 3, 48, 4, 7, 51, 12, 43, 53, 28, 26, 24, 21, 50, 27, 29, 52, 0, 33, 55, 34, 46, 1, 2, 14, 25, 42, 22, 40, 18, 39, 38, 11, 10, 32, 8, 36, 37, 9, 19, 20, 41, 23, 54, 49, 45, 44, 30, 17, 16, 15, 13, 35, 5, 6, 47];2460.0
7033.0;[3, 6, 4, 17, 16, 15, 12, 10, 11, 41, 50, 49, 26, 24, 42, 21, 22, 19, 32, 5, 47, 48, 31, 46, 55, 44, 29, 27, 23, 18, 39, 38, 51, 14, 0, 33, 2, 34, 1, 13, 35, 36, 9, 37, 8, 7, 52, 25, 20, 40, 54, 43, 53, 28, 45, 30];2731.0
6898.0;[10, 13, 35, 14, 15, 16, 24, 21, 53, 44, 29, 55, 31, 47, 45, 30, 48, 4, 7, 32, 8, 36, 11, 19, 20, 41, 50, 23, 54, 49, 26, 52, 17, 0, 2, 33, 1, 12, 39, 38, 51, 27, 43, 28, 46, 34, 3, 6, 5, 37, 9, 25, 42, 22, 40, 18];2802.0
7293.0;[50, 24, 32, 7, 27, 23, 6, 5, 2, 52, 26, 13, 35, 4, 8, 36, 51, 14, 0, 33, 42, 22, 41, 54, 49, 28, 45, 53, 43, 44, 30, 55, 46, 34, 1, 3, 48, 47, 31, 29, 25, 20, 40, 19, 18, 39, 11, 38, 37, 9, 10, 12, 15, 16, 17, 21];2696.0
7261.0;[36, 9, 51, 12, 40, 41, 49, 45, 1, 4, 8, 7, 14, 55, 34, 31, 30, 46, 29, 0, 33, 2, 17, 16, 15, 52, 26, 25, 20, 39, 38, 10, 13, 35, 6, 5, 48, 3, 47, 44, 28, 53, 43, 23, 54, 27, 24, 42, 21, 50, 22, 19, 18, 37, 11, 32];2469.0
6733.0;[11, 38, 19, 21, 50, 23, 28, 26, 15, 16, 17, 52, 0, 33, 1, 3, 4, 7, 10, 12, 45, 30, 46, 55, 31, 44, 53, 43, 34, 2, 14, 32, 8, 5, 6, 47, 48, 13, 35, 51, 42, 22, 41, 54, 27, 49, 29, 25, 24, 40, 20, 18, 39, 37, 36, 9];2534.0
7588.0;[2, 52, 43, 45, 55, 31, 46, 26, 0, 33, 28, 53, 44, 30, 34, 3, 48, 14, 12, 16, 15, 17, 25, 24, 54, 23, 27, 49, 29, 18, 39, 37, 11, 38, 19, 20, 42, 21, 50, 41, 22, 40, 10, 51, 7, 32, 8, 36, 9, 13, 35, 4, 6, 5, 47, 1];2461.0
7552.0;[38, 4, 8, 7, 0, 34, 31, 48, 2, 14, 51, 10, 37, 9, 12, 16, 15, 17, 33, 1, 3, 6, 5, 46, 29, 26, 49, 55, 47, 44, 28, 53, 23, 21, 50, 54, 27, 43, 45, 30, 13, 35, 52, 25, 24, 42, 41, 22, 40, 19, 20, 18, 39, 32, 36, 11];2625.0
7102.0;[18, 19, 40, 20, 7, 10, 51, 13, 35, 6, 4, 32, 8, 36, 9, 37, 12, 16, 15, 17, 0, 55, 31, 53, 44, 28, 29, 26, 42, 54, 27, 43, 22, 41, 50, 23, 21, 24, 39, 11, 38, 14, 52, 49, 45, 30, 46, 34, 1, 3, 48, 5, 47, 2, 33, 25];2453.0
7487.0;[18, 15, 16, 17, 0, 33, 34, 1, 2, 52, 26, 25, 20, 38, 11, 10, 7, 4, 6, 5, 47, 53, 43, 44, 28, 45, 30, 23, 24, 42, 50, 54, 27, 49, 46, 29, 14, 12, 39, 51, 13, 35, 32, 8, 36, 37, 9, 55, 48, 3, 31, 21, 22, 41, 40, 19];2446.0
7574.0;[14, 12, 13, 35, 4, 15, 16, 17, 54, 27, 45, 30, 29, 25, 18, 38, 11, 52, 26, 43, 44, 53, 20, 40, 19, 39, 37, 36, 9, 8, 32, 7, 10, 51, 0, 55, 46, 34, 1, 2, 33, 3, 6, 5, 47, 48, 31, 28, 24, 42, 22, 21, 41, 50, 23, 49];2620.0
7630.0;[11, 45, 29, 26, 52, 33, 17, 0, 1, 4, 6, 5, 47, 3, 48, 2, 51, 10, 12, 15, 16, 14, 13, 35, 7, 32, 42, 50, 23, 54, 27, 49, 43, 44, 28, 53, 30, 46, 55, 34, 31, 25, 24, 40, 20, 39, 38, 41, 21, 22, 19, 18, 37, 8, 36, 9];2499.0
7819.0;[5, 47, 30, 46, 27, 23, 22, 41, 21, 3, 4, 32, 8, 36, 51, 25, 42, 50, 54, 29, 26, 17, 16, 39, 37, 9, 11, 13, 35, 7, 12, 15, 52, 24, 40, 19, 20, 18, 38, 10, 14, 0, 33, 2, 34, 48, 31, 49, 44, 28, 53, 43, 45, 55, 1, 6];2591.0
8142.0;[29, 27, 32, 7, 8, 36, 37, 9, 10, 14, 0, 33, 55, 34, 3, 48, 1, 2, 25, 50, 23, 54, 49, 13, 35, 4, 12, 15, 16, 17, 52, 26, 47, 6, 5, 11, 38, 19, 20, 40, 41, 22, 18, 39, 51, 24, 42, 21, 45, 28, 53, 43, 44, 30, 46, 31];2548.0
7354.0;[23, 54, 27, 49, 45, 55, 48, 3, 31, 44, 53, 43, 28, 26, 39, 38, 52, 34, 1, 32, 8, 36, 9, 10, 0, 33, 2, 14, 51, 12, 16, 15, 17, 25, 24, 42, 22, 40, 20, 19, 18, 37, 11, 13, 35, 4, 7, 6, 5, 47, 30, 46, 29, 21, 41, 50];2370.0
7573.0;[44, 28, 17, 16, 15, 11, 19, 20, 41, 54, 27, 49, 55, 34, 3, 1, 33, 2, 25, 18, 38, 10, 21, 50, 23, 24, 42, 45, 30, 46, 31, 29, 26, 0, 13, 35, 8, 36, 37, 9, 51, 12, 14, 52, 43, 53, 22, 40, 39, 32, 7, 4, 6, 5, 47, 48];2766.0
7899.0;[39, 11, 38, 19, 20, 18, 51, 10, 4, 6, 7, 32, 8, 36, 37, 9, 12, 14, 24, 42, 23, 54, 27, 49, 29, 26, 52, 0, 33, 31, 30, 46, 55, 34, 1, 3, 48, 5, 47, 44, 53, 43, 28, 45, 2, 13, 35, 15, 16, 17, 25, 40, 41, 21, 50, 22];2332.0
7357.0;[47, 46, 55, 48, 3, 31, 44, 53, 43, 28, 26, 25, 42, 50, 29, 0, 33, 4, 32, 8, 36, 7, 51, 14, 34, 1, 52, 24, 41, 21, 22, 40, 37, 9, 11, 19, 20, 18, 39, 38, 10, 12, 15, 17, 16, 27, 23, 54, 49, 45, 30, 2, 13, 35, 6, 5];2502.0
7920.0;[44, 52, 17, 25, 24, 49, 29, 26, 0, 33, 14, 51, 42, 50, 23, 54, 55, 34, 1, 2, 15, 16, 12, 18, 39, 10, 32, 8, 13, 35, 4, 5, 6, 36, 9, 37, 11, 40, 21, 22, 28, 45, 30, 46, 47, 31, 48, 3, 7, 38, 19, 20, 41, 27, 43, 53];2701.0
7286.0;[11, 17, 52, 0, 33, 16, 15, 12, 51, 10, 7, 5, 48, 24, 20, 40, 19, 14, 26, 54, 27, 49, 43, 44, 28, 53, 22, 41, 21, 18, 39, 38, 55, 31, 46, 34, 3, 4, 6, 47, 29, 25, 42, 50, 23, 45, 30, 1, 2, 13, 35, 32, 8, 36, 37, 9];2580.0
8160.0;[14, 26, 50, 23, 27, 43, 28, 3, 48, 1, 12, 15, 16, 17, 52, 0, 33, 2, 13, 6, 4, 5, 31, 47, 29, 25, 18, 39, 38, 10, 37, 36, 9, 11, 19, 40, 20, 21, 24, 42, 22, 41, 54, 49, 45, 44, 53, 30, 46, 55, 34, 51, 32, 8, 35, 7];2461.0
7054.0;[3, 36, 10, 51, 13, 35, 7, 14, 26, 25, 54, 27, 30, 31, 46, 29, 0, 33, 47, 48, 2, 52, 24, 20, 18, 38, 12, 39, 37, 9, 11, 19, 40, 21, 44, 53, 43, 28, 16, 15, 17, 55, 34, 1, 4, 5, 6, 32, 8, 42, 22, 41, 50, 23, 49, 45];2730.0
7100.0;[21, 22, 28, 53, 43, 18, 39, 10, 51, 12, 14, 0, 33, 13, 35, 6, 47, 45, 30, 31, 46, 17, 16, 15, 7, 4, 5, 3, 48, 55, 34, 1, 2, 25, 24, 54, 27, 49, 44, 29, 26, 52, 37, 9, 8, 32, 36, 11, 19, 38, 40, 20, 41, 50, 23, 42];2602.0
7556.0;[28, 51, 10, 11, 38, 14, 0, 33, 2, 13, 35, 4, 6, 36, 37, 9, 12, 15, 17, 16, 32, 8, 7, 52, 26, 25, 18, 39, 55, 31, 46, 23, 22, 41, 50, 54, 27, 24, 42, 21, 20, 40, 19, 5, 47, 44, 53, 43, 30, 34, 1, 3, 48, 29, 49, 45];2624.0
7675.0;[17, 45, 30, 34, 1, 2, 14, 51, 32, 36, 11, 38, 19, 37, 9, 4, 6, 5, 46, 27, 24, 42, 21, 22, 40, 20, 18, 39, 0, 33, 55, 48, 3, 31, 47, 53, 43, 44, 28, 26, 52, 25, 41, 50, 23, 54, 49, 29, 13, 35, 7, 8, 10, 12, 15, 16];2407.0
7958.0;[28, 11, 19, 50, 46, 34, 3, 48, 7, 8, 12, 16, 15, 17, 52, 33, 55, 31, 29, 27, 23, 41, 21, 54, 49, 44, 45, 30, 32, 36, 9, 37, 0, 1, 2, 51, 14, 26, 25, 24, 42, 22, 20, 40, 18, 39, 38, 10, 13, 35, 4, 6, 5, 47, 53, 43];2684.0
7581.0;[30, 29, 19, 39, 37, 51, 12, 14, 0, 55, 34, 1, 21, 22, 53, 43, 23, 18, 11, 38, 10, 32, 7, 8, 36, 9, 15, 17, 16, 52, 25, 42, 50, 54, 27, 44, 28, 26, 33, 3, 48, 2, 13, 35, 6, 4, 5, 47, 31, 46, 24, 20, 40, 41, 49, 45];2683.0
6768.0;[26, 25, 24, 49, 1, 32, 36, 52, 46, 55, 34, 42, 22, 41, 21, 40, 20, 37, 9, 19, 18, 39, 38, 11, 12, 15, 16, 17, 45, 30, 4, 6, 7, 8, 10, 51, 14, 0, 33, 2, 13, 35, 5, 47, 48, 3, 31, 53, 43, 44, 28, 29, 27, 50, 23, 54];2774.0
7408.0;[48, 27, 23, 24, 13, 35, 12, 15, 16, 17, 43, 44, 28, 53, 22, 50, 45, 55, 31, 29, 20, 40, 19, 51, 14, 52, 25, 42, 41, 21, 54, 49, 30, 46, 34, 2, 33, 26, 18, 39, 4, 7, 32, 8, 11, 38, 10, 37, 36, 9, 0, 1, 3, 6, 5, 47];2779.0
7317.0;[37, 10, 14, 27, 49, 29, 52, 26, 25, 18, 19, 40, 20, 41, 21, 23, 54, 45, 34, 1, 3, 4, 6, 5, 48, 2, 33, 12, 15, 16, 17, 0, 55, 31, 46, 47, 44, 28, 53, 43, 30, 13, 35, 7, 51, 24, 42, 22, 50, 39, 32, 8, 9, 36, 11, 38];2421.0
7584.0;[26, 18, 32, 8, 24, 42, 22, 19, 37, 9, 36, 11, 51, 15, 17, 16, 13, 35, 5, 47, 29, 27, 54, 49, 45, 31, 48, 2, 12, 39, 38, 10, 14, 0, 33, 1, 3, 6, 4, 7, 25, 20, 40, 21, 41, 50, 23, 43, 28, 53, 44, 30, 46, 55, 34, 52];2645.0
7411.0;[9, 52, 24, 40, 20, 19, 15, 17, 16, 0, 2, 33, 26, 25, 42, 54, 43, 44, 30, 46, 29, 12, 39, 51, 14, 31, 27, 49, 45, 55, 34, 1, 3, 4, 6, 11, 38, 7, 32, 8, 36, 10, 13, 35, 5, 48, 47, 28, 53, 22, 41, 21, 50, 23, 18, 37];2643.0
7721.0;[28, 29, 13, 35, 6, 4, 12, 18, 39, 14, 51, 37, 36, 9, 8, 7, 10, 11, 38, 32, 5, 46, 55, 34, 31, 47, 3, 48, 1, 2, 52, 0, 33, 26, 17, 15, 16, 25, 24, 40, 19, 20, 42, 22, 41, 21, 50, 23, 54, 27, 49, 45, 30, 43, 44, 53];2276.0
6877.0;[9, 54, 45, 30, 55, 46, 27, 28, 29, 49, 26, 25, 42, 21, 50, 23, 24, 32, 8, 36, 10, 14, 0, 31, 44, 53, 43, 40, 20, 39, 51, 12, 15, 17, 16, 52, 33, 34, 2, 13, 35, 6, 5, 47, 48, 1, 3, 4, 7, 11, 41, 22, 19, 18, 38, 37];2653.0
7366.0;[50, 45, 3, 5, 6, 4, 32, 8, 10, 55, 34, 0, 33, 28, 53, 29, 26, 20, 40, 18, 39, 38, 12, 16, 15, 17, 25, 24, 42, 21, 22, 23, 54, 30, 46, 1, 2, 13, 35, 7, 52, 27, 49, 43, 44, 31, 47, 48, 14, 51, 37, 36, 9, 11, 19, 41];2695.0
8159.0;[6, 7, 10, 14, 55, 48, 3, 31, 45, 30, 46, 26, 17, 16, 15, 12, 39, 32, 8, 51, 0, 33, 34, 1, 2, 52, 25, 20, 40, 19, 13, 35, 47, 44, 28, 53, 43, 23, 54, 49, 29, 27, 24, 42, 22, 41, 21, 50, 18, 38, 11, 9, 37, 36, 4, 5];2479.0
7350.0;[32, 7, 55, 31, 47, 44, 28, 53, 21, 22, 41, 23, 25, 24, 54, 27, 14, 12, 39, 38, 37, 9, 13, 35, 4, 5, 6, 15, 16, 17, 33, 26, 43, 29, 52, 0, 3, 48, 8, 36, 11, 19, 18, 40, 20, 42, 50, 49, 45, 30, 46, 34, 1, 2, 51, 10];2548.0
7083.0;[21, 50, 36, 9, 14, 26, 27, 29, 52, 17, 16, 15, 12, 41, 23, 54, 49, 55, 31, 46, 2, 51, 10, 32, 8, 7, 0, 33, 34, 1, 3, 6, 5, 48, 47, 44, 53, 43, 28, 45, 30, 25, 24, 22, 20, 40, 19, 18, 39, 37, 11, 38, 13, 35, 4, 42];2667.0
6565.0;[28, 53, 30, 6, 5, 47, 2, 54, 27, 23, 49, 43, 44, 29, 52, 51, 10, 12, 15, 16, 0, 33, 34, 3, 4, 11, 38, 19, 20, 40, 41, 21, 22, 18, 39, 25, 24, 42, 50, 45, 46, 55, 31, 48, 1, 13, 35, 32, 8, 36, 9, 37, 7, 14, 17, 26];2648.0
7636.0;[33, 41, 27, 49, 29, 25, 24, 18, 37, 9, 51, 28, 53, 10, 11, 38, 19, 20, 22, 40, 39, 14, 0, 55, 2, 12, 15, 17, 16, 42, 21, 50, 23, 54, 43, 44, 45, 30, 34, 13, 32, 36, 8, 7, 35, 4, 6, 5, 47, 48, 1, 3, 31, 46, 26, 52];2791.0
8015.0;[53, 24, 18, 39, 52, 55, 1, 2, 48, 3, 4, 32, 36, 11, 38, 10, 51, 0, 33, 26, 27, 49, 44, 16, 17, 25, 42, 50, 23, 20, 40, 19, 13, 35, 7, 12, 15, 45, 30, 46, 34, 14, 37, 9, 8, 6, 5, 47, 31, 29, 21, 22, 41, 54, 43, 28];2762.0
7174.0;[37, 11, 12, 27, 23, 54, 34, 2, 52, 26, 25, 24, 42, 50, 49, 17, 16, 15, 32, 36, 9, 10, 0, 33, 55, 1, 13, 35, 6, 47, 30, 46, 14, 51, 8, 7, 4, 5, 48, 3, 31, 45, 53, 43, 44, 28, 29, 20, 40, 41, 21, 22, 19, 18, 39, 38];2550.0
7414.0;[43, 44, 30, 47, 6, 5, 10, 11, 38, 19, 18, 39, 20, 21, 54, 49, 29, 52, 26, 0, 3, 48, 31, 46, 34, 1, 2, 33, 55, 16, 17, 15, 12, 13, 35, 4, 32, 36, 37, 9, 8, 7, 51, 14, 25, 24, 42, 22, 40, 41, 50, 23, 27, 45, 28, 53];2203.0
6928.0;[3, 6, 47, 21, 22, 32, 8, 4, 5, 1, 2, 24, 42, 27, 49, 53, 43, 30, 46, 29, 25, 20, 40, 41, 23, 54, 26, 16, 15, 17, 52, 0, 33, 44, 28, 55, 34, 31, 48, 14, 12, 10, 37, 9, 51, 13, 35, 7, 36, 11, 38, 18, 39, 19, 50, 45];2985.0
7348.0;[55, 31, 46, 27, 49, 26, 18, 19, 41, 23, 25, 24, 40, 20, 39, 15, 17, 16, 12, 51, 10, 32, 8, 36, 9, 37, 54, 29, 52, 33, 34, 48, 3, 6, 5, 47, 44, 53, 43, 28, 45, 30, 1, 2, 42, 21, 50, 22, 11, 38, 13, 35, 4, 7, 14, 0];2531.0
7112.0;[23, 37, 9, 51, 26, 25, 18, 10, 0, 3, 6, 4, 7, 14, 52, 33, 47, 45, 30, 46, 55, 31, 29, 27, 24, 42, 54, 49, 13, 35, 5, 48, 34, 1, 2, 43, 44, 28, 53, 22, 20, 40, 19, 39, 38, 12, 15, 16, 17, 32, 8, 36, 11, 41, 21, 50];2808.0
7847.0;[18, 39, 11, 19, 38, 12, 16, 15, 17, 25, 20, 40, 37, 36, 9, 8, 7, 45, 30, 46, 27, 23, 24, 42, 21, 22, 41, 50, 54, 13, 35, 4, 6, 5, 47, 2, 33, 0, 55, 3, 48, 31, 34, 1, 14, 51, 32, 10, 52, 26, 49, 53, 43, 44, 28, 29];2621.0
2078.0;[52, 16, 17, 15, 12, 14, 51, 10, 37, 11, 19, 41, 54, 49, 29, 27, 0, 2, 33, 25, 24, 42, 21, 50, 23, 22, 40, 20, 18, 39, 38, 13, 35, 32, 8, 36, 9, 7, 4, 6, 5, 47, 30, 46, 55, 34, 1, 3, 48, 31, 45, 53, 43, 44, 28, 26]
