ftv35
4958.0;[29, 31, 5, 6, 7, 3, 26, 25, 17, 10, 9, 0, 35, 32, 27, 30, 16, 14, 15, 11, 12, 34, 8, 13, 1, 2, 4, 23, 24, 33, 18, 19, 20, 21, 22, 28];2071.0
4616.0;[27, 28, 29, 31, 2, 4, 30, 17, 10, 33, 21, 20, 22, 23, 19, 18, 11, 14, 15, 16, 1, 3, 12, 5, 13, 0, 26, 25, 24, 9, 34, 8, 6, 7, 35, 32];2088.0
5214.0;[32, 35, 23, 24, 20, 21, 22, 31, 4, 7, 6, 2, 16, 0, 1, 3, 12, 5, 34, 9, 8, 25, 27, 28, 29, 30, 26, 15, 14, 11, 10, 33, 18, 19, 17, 13];2128.0
5327.0;[13, 1, 26, 25, 21, 33, 18, 19, 20, 22, 23, 2, 5, 34, 9, 8, 11, 12, 7, 6, 4, 32, 30, 27, 24, 17, 10, 14, 15, 16, 28, 29, 31, 35, 3, 0];2051.0
4632.0;[30, 25, 10, 9, 14, 11, 34, 8, 13, 1, 32, 35, 2, 3, 16, 15, 24, 21, 33, 20, 23, 27, 31, 19, 18, 17, 12, 6, 4, 7, 5, 0, 26, 22, 28, 29];2270.0
4826.0;[33, 10, 9, 14, 15, 1, 3, 32, 30, 26, 25, 27, 23, 20, 22, 28, 31, 35, 4, 2, 5, 34, 8, 13, 0, 16, 24, 19, 18, 17, 11, 12, 7, 6, 29, 21];2104.0
4696.0;[35, 1, 25, 21, 20, 23, 27, 30, 24, 19, 18, 17, 14, 16, 15, 11, 10, 33, 22, 28, 31, 2, 3, 13, 12, 5, 6, 29, 26, 0, 34, 9, 8, 7, 4, 32];2208.0
4763.0;[18, 23, 24, 20, 21, 22, 28, 31, 35, 2, 0, 26, 25, 19, 17, 34, 8, 9, 14, 15, 16, 12, 5, 6, 7, 4, 32, 30, 27, 29, 1, 3, 13, 11, 10, 33];1878.0
4726.0;[7, 5, 13, 24, 28, 29, 30, 19, 17, 10, 9, 16, 15, 14, 11, 34, 8, 0, 1, 3, 26, 25, 20, 22, 23, 27, 31, 35, 32, 2, 4, 21, 33, 18, 12, 6];2136.0
4604.0;[19, 20, 1, 3, 0, 13, 12, 5, 34, 8, 25, 24, 30, 32, 7, 6, 29, 31, 35, 2, 4, 11, 14, 15, 16, 17, 18, 10, 9, 26, 27, 28, 22, 23, 21, 33];2274.0
5128.0;[1, 2, 4, 32, 30, 26, 11, 12, 5, 6, 7, 14, 15, 16, 25, 24, 17, 10, 33, 18, 19, 21, 22, 28, 29, 27, 31, 35, 3, 0, 13, 34, 8, 9, 20, 23];1923.0
5027.0;[23, 31, 27, 20, 21, 22, 28, 13, 12, 5, 9, 10, 33, 18, 17, 0, 1, 3, 2, 4, 7, 6, 32, 35, 29, 30, 16, 15, 14, 11, 34, 8, 26, 25, 24, 19];2106.0
4815.0;[28, 29, 31, 26, 16, 0, 13, 12, 5, 6, 7, 11, 14, 15, 1, 35, 2, 3, 4, 32, 30, 27, 23, 21, 19, 10, 33, 18, 17, 34, 9, 8, 25, 24, 20, 22];1860.0
5187.0;[3, 26, 31, 35, 32, 4, 2, 12, 5, 6, 7, 34, 8, 9, 11, 14, 15, 16, 13, 0, 25, 24, 27, 23, 20, 22, 28, 29, 30, 21, 19, 10, 33, 18, 17, 1];1825.0
4499.0;[22, 20, 21, 23, 17, 10, 9, 14, 15, 16, 0, 1, 29, 31, 35, 2, 3, 13, 26, 25, 24, 19, 33, 18, 34, 8, 11, 12, 5, 6, 7, 4, 32, 30, 27, 28];1865.0
5324.0;[20, 22, 34, 9, 8, 11, 28, 29, 30, 26, 3, 0, 16, 14, 15, 10, 33, 17, 12, 5, 7, 6, 31, 25, 24, 21, 18, 19, 13, 1, 35, 2, 4, 32, 23, 27];2328.0
4860.0;[30, 26, 15, 10, 33, 18, 17, 19, 21, 20, 23, 27, 28, 22, 29, 31, 32, 4, 12, 5, 6, 7, 8, 9, 13, 34, 11, 14, 16, 1, 35, 2, 3, 0, 25, 24];1953.0
4721.0;[19, 23, 15, 16, 10, 17, 7, 6, 32, 4, 30, 27, 31, 35, 2, 3, 12, 5, 8, 34, 9, 11, 14, 13, 0, 1, 28, 29, 26, 25, 24, 20, 22, 21, 33, 18];2148.0
4638.0;[29, 25, 18, 19, 23, 31, 30, 1, 13, 11, 10, 33, 17, 34, 8, 9, 12, 5, 7, 6, 35, 32, 2, 4, 3, 0, 15, 14, 16, 26, 24, 20, 21, 22, 27, 28];1972.0
5161.0;[33, 18, 13, 26, 22, 23, 25, 24, 30, 1, 35, 2, 4, 34, 8, 5, 7, 6, 32, 20, 21, 19, 17, 9, 12, 27, 28, 29, 31, 3, 0, 16, 15, 14, 11, 10];2181.0
5123.0;[1, 32, 29, 30, 16, 26, 25, 24, 19, 23, 20, 21, 33, 18, 17, 5, 7, 6, 31, 35, 4, 2, 3, 0, 27, 28, 22, 13, 12, 34, 8, 11, 14, 15, 10, 9];2181.0
3881.0;[29, 22, 21, 33, 18, 19, 17, 10, 9, 28, 31, 35, 32, 4, 2, 3, 1, 25, 20, 23, 24, 27, 30, 26, 16, 15, 11, 14, 0, 13, 34, 8, 12, 5, 6, 7];1982.0
4730.0;[20, 22, 28, 29, 2, 3, 16, 15, 1, 32, 30, 27, 31, 35, 4, 5, 6, 7, 13, 25, 19, 17, 10, 33, 18, 11, 14, 12, 34, 8, 9, 0, 26, 24, 23, 21];1975.0
5008.0;[25, 24, 27, 23, 20, 22, 21, 19, 18, 17, 12, 34, 8, 9, 10, 33, 28, 29, 31, 5, 7, 6, 32, 30, 26, 0, 1, 35, 4, 2, 3, 13, 11, 14, 16, 15];1945.0
5142.0;[17, 9, 11, 13, 0, 35, 2, 32, 4, 34, 8, 20, 23, 27, 15, 14, 16, 25, 10, 33, 18, 21, 22, 28, 29, 31, 30, 26, 1, 3, 12, 5, 6, 7, 24, 19];2215.0
5101.0;[21, 20, 30, 26, 1, 2, 4, 3, 15, 14, 11, 12, 5, 7, 6, 32, 27, 23, 22, 28, 29, 31, 35, 13, 34, 8, 9, 10, 33, 18, 17, 16, 0, 25, 24, 19];1896.0
5210.0;[13, 1, 3, 0, 26, 32, 35, 30, 23, 21, 20, 10, 33, 18, 11, 14, 16, 15, 25, 24, 19, 17, 12, 6, 29, 28, 22, 27, 31, 2, 4, 7, 34, 5, 8, 9];2235.0
4836.0;[18, 22, 23, 15, 16, 14, 11, 34, 8, 13, 25, 19, 20, 21, 17, 12, 7, 5, 6, 32, 2, 3, 0, 1, 26, 24, 28, 29, 27, 31, 30, 35, 4, 9, 10, 33];2237.0
4664.0;[9, 11, 13, 14, 25, 24, 23, 20, 21, 19, 12, 7, 6, 32, 22, 28, 29, 30, 15, 16, 1, 2, 3, 0, 26, 27, 31, 35, 4, 10, 33, 18, 17, 34, 8, 5];2127.0
5201.0;[23, 20, 27, 31, 35, 2, 4, 5, 7, 18, 17, 1, 3, 0, 15, 14, 16, 24, 19, 33, 10, 9, 11, 13, 34, 8, 12, 6, 32, 30, 28, 29, 26, 25, 21, 22];2094.0
4754.0;[27, 31, 14, 15, 11, 10, 9, 5, 7, 6, 3, 12, 13, 26, 28, 29, 30, 1, 35, 2, 4, 32, 22, 21, 33, 18, 17, 19, 20, 23, 24, 34, 8, 0, 16, 25];2220.0
4961.0;[4, 7, 5, 11, 13, 0, 1, 30, 26, 27, 28, 29, 12, 9, 25, 24, 31, 35, 32, 2, 3, 14, 15, 16, 20, 22, 23, 21, 19, 17, 10, 33, 18, 34, 8, 6];2155.0
4386.0;[22, 28, 29, 30, 27, 23, 31, 32, 26, 25, 10, 33, 18, 19, 17, 1, 35, 2, 3, 15, 11, 12, 5, 7, 6, 4, 0, 13, 34, 8, 9, 14, 16, 24, 20, 21];1887.0
4701.0;[9, 14, 15, 1, 4, 32, 30, 27, 22, 23, 20, 21, 33, 18, 17, 6, 7, 13, 0, 26, 28, 29, 31, 3, 35, 2, 16, 11, 12, 5, 8, 34, 25, 24, 19, 10];2120.0
4729.0;[17, 13, 26, 25, 24, 27, 30, 1, 2, 4, 7, 6, 32, 28, 29, 31, 35, 3, 0, 16, 15, 14, 11, 12, 5, 34, 8, 9, 10, 33, 18, 19, 20, 21, 22, 23];1740.0
4724.0;[25, 24, 19, 17, 34, 8, 27, 31, 32, 35, 4, 2, 3, 12, 5, 6, 7, 18, 20, 21, 33, 10, 9, 13, 0, 23, 22, 28, 29, 30, 1, 11, 14, 15, 16, 26];2096.0
4281.0;[15, 11, 33, 18, 10, 9, 13, 12, 5, 6, 7, 27, 28, 29, 26, 25, 20, 22, 21, 19, 17, 34, 8, 14, 16, 24, 23, 31, 35, 2, 4, 32, 30, 1, 3, 0];2121.0
4776.0;[19, 18, 20, 23, 31, 5, 7, 6, 4, 2, 3, 35, 32, 30, 22, 21, 33, 17, 16, 15, 26, 27, 28, 29, 10, 9, 11, 14, 12, 34, 8, 13, 0, 1, 25, 24];2186.0
4799.0;[14, 15, 11, 13, 12, 34, 8, 5, 6, 7, 9, 26, 25, 24, 19, 20, 23, 29, 31, 35, 32, 2, 4, 30, 27, 28, 22, 21, 33, 10, 18, 17, 1, 3, 0, 16];1908.0
4617.0;[3, 1, 26, 27, 31, 32, 4, 2, 0, 15, 16, 14, 11, 34, 8, 24, 20, 21, 33, 18, 17, 13, 25, 19, 10, 9, 12, 5, 7, 6, 30, 23, 22, 28, 29, 35];2073.0
4529.0;[24, 20, 23, 19, 17, 18, 10, 9, 12, 34, 8, 13, 26, 1, 3, 35, 2, 4, 7, 5, 6, 0, 16, 14, 15, 11, 33, 21, 22, 27, 28, 29, 30, 31, 32, 25];2053.0
4999.0;[10, 26, 20, 22, 28, 7, 6, 3, 25, 24, 19, 18, 17, 12, 5, 34, 8, 9, 11, 13, 0, 29, 31, 30, 14, 15, 16, 1, 35, 2, 4, 32, 27, 23, 21, 33];2245.0
4939.0;[28, 31, 35, 0, 13, 12, 6, 3, 11, 14, 15, 16, 1, 2, 4, 5, 7, 32, 26, 25, 27, 29, 30, 23, 24, 34, 8, 9, 18, 17, 10, 33, 19, 21, 20, 22];2033.0
4966.0;[23, 9, 13, 12, 7, 6, 31, 35, 3, 0, 26, 24, 17, 10, 33, 18, 19, 27, 28, 29, 30, 16, 14, 15, 11, 34, 8, 5, 1, 2, 4, 32, 25, 20, 21, 22];2068.0
4680.0;[13, 0, 26, 30, 27, 28, 22, 23, 24, 19, 11, 14, 16, 15, 12, 34, 8, 25, 20, 21, 33, 18, 17, 10, 9, 1, 2, 4, 5, 7, 6, 32, 29, 31, 35, 3];1903.0
4761.0;[15, 16, 25, 24, 20, 22, 21, 23, 27, 31, 35, 32, 30, 28, 29, 1, 2, 4, 3, 26, 19, 17, 12, 6, 7, 5, 34, 8, 9, 10, 33, 18, 11, 13, 0, 14];1895.0
4678.0;[10, 33, 18, 19, 22, 28, 29, 30, 25, 24, 20, 21, 23, 17, 15, 16, 1, 2, 3, 12, 34, 8, 9, 13, 0, 26, 27, 31, 35, 4, 32, 5, 6, 7, 14, 11];1941.0
5002.0;[30, 26, 1, 35, 32, 2, 4, 3, 0, 16, 15, 14, 11, 34, 8, 9, 13, 12, 7, 5, 6, 31, 25, 17, 18, 19, 27, 23, 24, 10, 33, 20, 21, 22, 28, 29];1879.0
4707.0;[10, 21, 28, 22, 23, 24, 17, 33, 18, 19, 20, 27, 30, 3, 0, 16, 26, 25, 29, 31, 32, 4, 34, 11, 13, 14, 15, 1, 35, 2, 12, 5, 6, 7, 8, 9];2116.0
5218.0;[13, 11, 0, 28, 29, 26, 16, 14, 15, 1, 2, 3, 12, 34, 8, 24, 20, 21, 33, 10, 9, 25, 27, 30, 23, 17, 18, 19, 22, 31, 35, 32, 4, 6, 7, 5];2152.0
4998.0;[8, 1, 3, 12, 34, 9, 10, 33, 18, 21, 22, 27, 28, 29, 35, 32, 30, 13, 0, 19, 17, 11, 15, 14, 16, 26, 25, 24, 20, 23, 31, 2, 4, 5, 6, 7];2049.0
4855.0;[6, 7, 32, 16, 15, 11, 14, 1, 2, 3, 25, 24, 12, 5, 8, 34, 20, 22, 23, 17, 18, 19, 21, 33, 10, 9, 13, 0, 26, 27, 28, 29, 30, 31, 35, 4];2193.0
4368.0;[6, 29, 31, 35, 3, 16, 0, 1, 2, 4, 7, 32, 30, 26, 14, 15, 25, 24, 19, 21, 20, 27, 28, 22, 23, 10, 33, 18, 17, 34, 8, 9, 13, 11, 12, 5];1937.0
4806.0;[28, 29, 4, 2, 5, 10, 33, 19, 18, 17, 1, 26, 25, 24, 20, 31, 35, 3, 13, 0, 15, 16, 14, 11, 34, 8, 9, 12, 7, 6, 32, 30, 27, 23, 21, 22];2037.0
4635.0;[5, 13, 27, 31, 35, 3, 22, 23, 34, 8, 6, 7, 24, 20, 21, 33, 14, 15, 26, 25, 19, 18, 17, 10, 9, 11, 16, 1, 2, 4, 32, 30, 28, 29, 0, 12];2391.0
4999.0;[29, 30, 26, 16, 15, 24, 20, 21, 33, 34, 8, 1, 3, 25, 19, 10, 9, 12, 5, 7, 18, 17, 11, 14, 13, 0, 27, 28, 22, 23, 31, 35, 2, 4, 6, 32];2245.0
4579.0;[29, 10, 33, 18, 17, 7, 6, 2, 4, 3, 1, 0, 11, 13, 12, 5, 34, 8, 9, 14, 15, 16, 26, 21, 22, 23, 25, 24, 19, 20, 31, 35, 32, 30, 27, 28];2029.0
4480.0;[17, 18, 19, 20, 21, 22, 30, 0, 26, 25, 24, 28, 29, 34, 8, 10, 33, 23, 27, 31, 35, 32, 4, 7, 6, 2, 13, 11, 14, 15, 16, 1, 3, 12, 5, 9];2115.0
5224.0;[9, 33, 18, 13, 2, 3, 16, 0, 1, 32, 29, 28, 22, 23, 21, 20, 12, 34, 8, 11, 14, 15, 26, 25, 27, 31, 35, 4, 5, 7, 6, 30, 24, 19, 17, 10];2250.0
4812.0;[30, 26, 1, 32, 25, 10, 9, 34, 8, 6, 7, 4, 27, 23, 20, 22, 28, 29, 31, 35, 2, 3, 0, 16, 14, 15, 11, 12, 5, 13, 24, 21, 33, 18, 17, 19];2059.0
4746.0;[32, 30, 27, 23, 17, 14, 15, 11, 12, 5, 6, 7, 26, 19, 22, 28, 29, 31, 35, 4, 2, 3, 16, 25, 24, 20, 21, 33, 18, 10, 9, 34, 8, 13, 0, 1];1938.0
4546.0;[1, 32, 4, 2, 13, 0, 16, 23, 20, 21, 17, 6, 7, 5, 14, 15, 11, 10, 33, 18, 19, 22, 28, 29, 26, 25, 24, 30, 27, 31, 35, 3, 12, 34, 8, 9];2077.0
4786.0;[23, 19, 10, 33, 0, 32, 29, 31, 26, 1, 35, 4, 5, 12, 7, 6, 2, 3, 15, 16, 25, 24, 11, 14, 27, 30, 20, 21, 18, 17, 34, 8, 9, 13, 28, 22];2365.0
5085.0;[27, 23, 25, 19, 17, 13, 12, 5, 34, 9, 8, 26, 28, 29, 30, 20, 21, 22, 24, 10, 33, 18, 11, 15, 14, 16, 0, 1, 2, 4, 6, 7, 32, 31, 35, 3];2119.0
4735.0;[6, 7, 8, 9, 1, 3, 0, 10, 33, 21, 19, 18, 17, 13, 16, 15, 14, 11, 12, 5, 34, 26, 25, 24, 27, 29, 30, 23, 20, 22, 28, 31, 35, 2, 4, 32];2010.0
5189.0;[10, 9, 14, 16, 26, 25, 24, 28, 29, 27, 31, 35, 2, 4, 6, 3, 0, 13, 17, 12, 5, 7, 34, 8, 11, 15, 1, 32, 30, 23, 20, 22, 21, 19, 33, 18];2039.0
5267.0;[16, 25, 21, 20, 23, 30, 15, 14, 11, 1, 3, 24, 19, 10, 33, 18, 17, 9, 34, 8, 13, 26, 27, 22, 28, 29, 31, 12, 7, 5, 6, 4, 32, 35, 2, 0];2057.0
4956.0;[28, 14, 15, 16, 0, 26, 3, 13, 1, 35, 32, 31, 30, 23, 27, 20, 21, 33, 18, 17, 10, 9, 12, 6, 7, 2, 4, 5, 8, 34, 11, 24, 25, 19, 22, 29];2140.0
4326.0;[7, 2, 4, 34, 8, 13, 0, 11, 14, 15, 16, 26, 1, 3, 30, 25, 24, 19, 22, 28, 29, 31, 35, 32, 27, 23, 20, 21, 33, 17, 18, 10, 9, 12, 5, 6];1781.0
4833.0;[22, 33, 18, 11, 12, 34, 8, 13, 1, 3, 0, 26, 30, 23, 20, 21, 19, 17, 10, 9, 14, 15, 16, 25, 24, 27, 31, 35, 2, 4, 5, 6, 7, 32, 28, 29];1991.0
4557.0;[23, 31, 2, 4, 6, 7, 5, 34, 8, 13, 14, 15, 16, 27, 28, 29, 26, 25, 24, 33, 17, 10, 9, 0, 1, 35, 32, 30, 3, 12, 11, 18, 19, 21, 20, 22];1971.0
4824.0;[3, 15, 16, 14, 11, 8, 34, 9, 13, 27, 31, 35, 32, 20, 23, 25, 24, 17, 10, 18, 19, 33, 21, 22, 28, 29, 30, 1, 26, 0, 12, 5, 7, 6, 4, 2];1890.0
5133.0;[4, 5, 25, 24, 21, 19, 17, 7, 6, 32, 35, 2, 3, 0, 12, 34, 8, 9, 10, 33, 18, 13, 11, 14, 15, 16, 1, 26, 30, 27, 29, 23, 20, 22, 28, 31];2091.0
4662.0;[3, 14, 11, 13, 0, 28, 29, 26, 15, 16, 1, 35, 2, 4, 32, 27, 22, 21, 19, 17, 8, 34, 9, 10, 33, 18, 20, 23, 25, 24, 31, 30, 12, 5, 6, 7];2121.0
4538.0;[16, 15, 28, 29, 27, 31, 30, 26, 1, 35, 32, 4, 5, 34, 8, 18, 22, 23, 24, 20, 21, 33, 10, 9, 13, 11, 12, 7, 6, 2, 3, 0, 25, 19, 17, 14];2045.0
4967.0;[18, 14, 16, 35, 4, 32, 34, 8, 21, 33, 23, 27, 25, 24, 20, 22, 28, 29, 15, 11, 12, 5, 7, 6, 31, 30, 17, 10, 9, 1, 3, 2, 0, 13, 26, 19];2485.0
4821.0;[1, 4, 32, 5, 7, 13, 19, 17, 18, 34, 8, 16, 26, 25, 24, 22, 23, 20, 21, 33, 10, 9, 11, 14, 15, 12, 6, 29, 30, 27, 28, 31, 35, 2, 3, 0];2113.0
5070.0;[24, 30, 26, 1, 2, 3, 0, 12, 5, 18, 17, 10, 9, 11, 13, 34, 8, 14, 15, 16, 4, 7, 6, 31, 35, 32, 27, 28, 29, 25, 20, 21, 19, 33, 22, 23];2128.0
4885.0;[27, 23, 20, 22, 28, 29, 31, 30, 26, 25, 24, 21, 19, 17, 34, 8, 9, 12, 5, 6, 7, 32, 4, 2, 15, 16, 1, 35, 3, 0, 13, 10, 33, 18, 11, 14];1909.0
5252.0;[28, 29, 30, 17, 34, 8, 9, 11, 14, 16, 15, 26, 25, 24, 20, 21, 19, 18, 10, 33, 22, 23, 27, 31, 32, 35, 2, 0, 1, 3, 12, 7, 5, 6, 4, 13];1978.0
4314.0;[13, 11, 15, 14, 16, 21, 33, 20, 22, 28, 29, 30, 24, 19, 18, 34, 8, 1, 3, 0, 26, 25, 27, 23, 17, 10, 9, 12, 5, 6, 7, 32, 31, 35, 4, 2];2057.0
4843.0;[0, 26, 25, 24, 22, 28, 31, 2, 3, 35, 32, 4, 7, 5, 6, 29, 21, 20, 23, 27, 30, 16, 15, 14, 12, 34, 8, 9, 10, 33, 18, 19, 17, 11, 13, 1];1973.0
4604.0;[8, 34, 9, 11, 13, 0, 25, 24, 21, 20, 31, 2, 1, 3, 27, 28, 29, 30, 26, 16, 15, 14, 35, 32, 4, 22, 23, 19, 10, 33, 18, 17, 12, 5, 6, 7];2065.0
5062.0;[1, 26, 25, 20, 21, 17, 13, 0, 16, 24, 23, 27, 30, 15, 14, 12, 34, 8, 6, 32, 4, 7, 5, 9, 11, 10, 33, 18, 19, 22, 28, 29, 31, 35, 2, 3];2030.0
4609.0;[31, 35, 32, 27, 23, 19, 18, 17, 13, 0, 8, 34, 7, 4, 2, 1, 25, 24, 22, 28, 29, 30, 12, 5, 6, 3, 20, 21, 33, 10, 9, 11, 14, 15, 16, 26];2221.0
4883.0;[33, 18, 17, 14, 11, 34, 8, 16, 15, 4, 7, 5, 0, 1, 2, 3, 26, 25, 27, 23, 24, 19, 10, 9, 13, 12, 6, 29, 31, 35, 32, 30, 28, 22, 20, 21];2129.0
4986.0;[6, 7, 17, 10, 9, 12, 5, 0, 13, 11, 34, 8, 14, 15, 24, 20, 23, 27, 31, 35, 3, 2, 4, 32, 30, 16, 1, 26, 25, 33, 18, 19, 21, 22, 28, 29];2255.0
4908.0;[25, 20, 23, 24, 17, 11, 14, 15, 16, 27, 28, 29, 13, 34, 8, 9, 0, 1, 35, 2, 3, 12, 5, 7, 6, 32, 4, 31, 30, 22, 21, 19, 18, 10, 33, 26];2076.0
5025.0;[11, 34, 8, 12, 7, 5, 13, 21, 20, 22, 23, 28, 31, 35, 32, 27, 30, 2, 4, 6, 29, 26, 25, 24, 19, 33, 18, 17, 10, 9, 0, 1, 3, 15, 16, 14];2056.0
4786.0;[9, 13, 20, 21, 22, 1, 4, 32, 30, 23, 25, 24, 19, 33, 18, 17, 0, 26, 27, 28, 29, 31, 35, 2, 3, 12, 34, 8, 6, 7, 5, 11, 14, 15, 16, 10];2034.0
4334.0;[32, 30, 26, 14, 15, 16, 27, 22, 28, 29, 0, 13, 34, 8, 9, 11, 12, 5, 6, 7, 4, 2, 1, 3, 25, 24, 20, 23, 21, 19, 18, 17, 10, 33, 31, 35];1956.0
5049.0;[22, 23, 25, 24, 17, 18, 19, 20, 21, 33, 10, 9, 8, 13, 1, 35, 32, 30, 26, 0, 27, 28, 29, 31, 3, 16, 15, 14, 11, 12, 34, 5, 7, 6, 4, 2];1932.0
4707.0;[0, 16, 15, 3, 12, 5, 26, 25, 19, 17, 34, 8, 1, 35, 32, 30, 27, 24, 20, 21, 22, 23, 28, 29, 31, 2, 4, 6, 7, 9, 10, 33, 18, 11, 14, 13];2040.0
4447.0;[4, 27, 20, 21, 22, 28, 29, 30, 13, 11, 10, 9, 8, 34, 14, 15, 16, 25, 24, 17, 18, 19, 33, 23, 31, 35, 2, 3, 0, 26, 1, 12, 7, 5, 6, 32];1980.0
5460.0;[29, 31, 26, 25, 24, 19, 34, 8, 9, 10, 17, 13, 0, 1, 35, 4, 32, 30, 22, 23, 20, 21, 33, 18, 12, 5, 7, 6, 2, 3, 11, 14, 15, 16, 27, 28];1949.0
4782.0;[19, 17, 23, 27, 28, 29, 6, 7, 11, 14, 16, 15, 25, 21, 20, 22, 31, 35, 2, 4, 8, 9, 12, 5, 34, 13, 0, 1, 3, 32, 30, 26, 24, 10, 33, 18];2190.0
4235.0;[2, 4, 32, 30, 27, 22, 23, 34, 8, 25, 24, 28, 29, 12, 5, 7, 6, 31, 35, 3, 26, 1, 13, 0, 16, 15, 14, 11, 10, 33, 18, 19, 20, 21, 17, 9];2193.0
4648.0;[3, 12, 5, 0, 1, 4, 6, 7, 34, 8, 9, 25, 19, 17, 10, 33, 18, 11, 13, 15, 14, 16, 26, 28, 22, 29, 31, 35, 2, 32, 30, 27, 23, 24, 20, 21];2147.0
4706.0;[13, 0, 16, 26, 25, 20, 23, 24, 27, 28, 22, 21, 10, 33, 19, 17, 18, 11, 12, 34, 9, 14, 15, 1, 3, 32, 31, 35, 2, 4, 5, 8, 7, 6, 29, 30];2066.0
4793.0;[11, 13, 14, 27, 29, 31, 30, 26, 0, 1, 2, 4, 32, 24, 20, 23, 21, 33, 10, 9, 8, 34, 25, 19, 18, 22, 28, 35, 3, 16, 15, 17, 12, 6, 7, 5];2345.0
4445.0;[32, 24, 17, 13, 26, 28, 29, 30, 22, 23, 15, 14, 16, 25, 20, 21, 19, 18, 0, 1, 2, 3, 27, 31, 35, 11, 34, 8, 9, 10, 33, 12, 5, 7, 6, 4];2323.0
4642.0;[19, 17, 11, 34, 8, 27, 20, 23, 22, 28, 29, 30, 16, 14, 15, 0, 13, 12, 5, 7, 6, 32, 31, 35, 4, 2, 3, 1, 25, 21, 33, 18, 10, 9, 26, 24];2018.0
4981.0;[19, 17, 13, 27, 31, 3, 35, 2, 4, 5, 34, 8, 0, 26, 1, 25, 24, 28, 29, 22, 33, 10, 9, 11, 14, 15, 16, 12, 7, 6, 32, 30, 23, 20, 21, 18];2065.0
5041.0;[28, 0, 12, 5, 6, 7, 8, 34, 11, 15, 14, 16, 25, 24, 29, 31, 30, 23, 20, 21, 19, 33, 18, 17, 10, 9, 13, 1, 35, 32, 4, 2, 3, 26, 27, 22];1927.0
4725.0;[17, 18, 19, 20, 21, 22, 12, 7, 6, 4, 5, 34, 8, 9, 13, 26, 1, 3, 0, 11, 14, 16, 15, 23, 25, 24, 30, 27, 28, 29, 31, 35, 32, 2, 10, 33];1976.0
4993.0;[34, 8, 0, 25, 24, 10, 9, 19, 20, 22, 28, 29, 30, 27, 31, 2, 1, 35, 32, 4, 3, 13, 11, 14, 15, 16, 26, 23, 21, 33, 18, 17, 12, 6, 7, 5];1932.0
4844.0;[7, 14, 15, 11, 18, 17, 0, 16, 1, 32, 31, 35, 4, 2, 3, 30, 26, 25, 27, 28, 29, 22, 21, 20, 23, 24, 19, 33, 10, 9, 13, 12, 34, 8, 5, 6];2025.0
4805.0;[7, 6, 28, 29, 14, 15, 16, 25, 19, 17, 0, 26, 24, 31, 35, 32, 2, 3, 13, 11, 10, 33, 18, 12, 34, 8, 9, 21, 20, 22, 23, 27, 30, 1, 4, 5];2175.0
4933.0;[32, 29, 30, 26, 25, 24, 19, 31, 4, 7, 6, 2, 3, 0, 13, 14, 15, 16, 27, 28, 22, 23, 20, 21, 33, 18, 17, 10, 9, 11, 12, 5, 34, 8, 1, 35];1825.0
4890.0;[29, 30, 31, 32, 4, 0, 25, 19, 17, 10, 33, 18, 14, 16, 15, 1, 35, 2, 3, 11, 12, 5, 6, 7, 34, 8, 9, 13, 26, 24, 20, 21, 22, 23, 27, 28];1827.0
5199.0;[3, 25, 24, 17, 10, 9, 12, 34, 8, 13, 0, 26, 30, 27, 28, 29, 22, 21, 33, 18, 19, 20, 23, 31, 6, 7, 5, 11, 14, 15, 16, 1, 35, 32, 4, 2];1889.0
4874.0;[33, 23, 27, 30, 1, 3, 16, 15, 11, 34, 8, 9, 13, 14, 26, 0, 25, 19, 18, 17, 12, 5, 7, 6, 31, 35, 2, 4, 32, 29, 28, 22, 21, 20, 24, 10];1961.0
4595.0;[34, 1, 3, 12, 8, 9, 11, 13, 15, 14, 16, 32, 30, 26, 0, 25, 24, 27, 31, 35, 2, 4, 5, 6, 7, 29, 28, 22, 23, 20, 21, 10, 33, 18, 19, 17];1963.0
4702.0;[30, 26, 0, 1, 3, 35, 32, 25, 19, 12, 5, 34, 8, 9, 10, 20, 22, 23, 28, 29, 27, 24, 21, 33, 18, 17, 11, 14, 16, 15, 13, 2, 4, 7, 6, 31];2129.0
5124.0;[24, 10, 9, 27, 23, 30, 26, 0, 14, 15, 16, 28, 22, 20, 21, 33, 19, 18, 17, 11, 12, 5, 6, 7, 34, 8, 13, 1, 4, 32, 29, 31, 35, 2, 3, 25];2035.0
5486.0;[12, 13, 0, 25, 24, 27, 30, 1, 4, 5, 8, 34, 18, 19, 20, 23, 21, 33, 17, 10, 9, 26, 22, 28, 29, 31, 35, 32, 7, 6, 2, 3, 16, 15, 14, 11];2064.0
5001.0;[6, 2, 3, 28, 29, 31, 4, 5, 34, 1, 35, 32, 30, 16, 0, 26, 19, 18, 17, 13, 15, 14, 11, 10, 9, 8, 25, 24, 20, 27, 22, 23, 21, 33, 12, 7];2281.0
4347.0;[31, 26, 1, 0, 16, 25, 24, 12, 7, 5, 6, 2, 4, 3, 35, 32, 27, 23, 21, 22, 28, 29, 30, 19, 18, 17, 13, 15, 14, 11, 34, 8, 9, 10, 33, 20];2133.0
5069.0;[23, 20, 22, 28, 29, 30, 4, 5, 34, 8, 16, 0, 1, 25, 24, 19, 21, 33, 18, 17, 10, 9, 11, 14, 15, 26, 27, 31, 35, 2, 3, 13, 12, 7, 6, 32];1861.0
5000.0;[29, 26, 1, 3, 0, 16, 25, 20, 22, 28, 31, 32, 30, 27, 23, 24, 17, 34, 8, 9, 13, 11, 12, 5, 6, 7, 4, 35, 2, 15, 14, 10, 33, 18, 19, 21];1965.0
5305.0;[16, 15, 11, 18, 19, 20, 35, 32, 4, 2, 0, 26, 25, 24, 22, 23, 27, 28, 29, 31, 30, 1, 3, 12, 5, 6, 7, 34, 8, 13, 21, 33, 17, 10, 9, 14];2016.0
4728.0;[18, 26, 1, 4, 5, 7, 6, 32, 27, 28, 29, 31, 2, 3, 35, 30, 22, 23, 24, 19, 17, 10, 9, 34, 8, 12, 11, 13, 0, 15, 14, 16, 25, 20, 21, 33];1941.0
4884.0;[12, 32, 27, 28, 29, 30, 22, 21, 19, 33, 18, 17, 13, 11, 14, 15, 16, 24, 20, 23, 31, 4, 6, 7, 5, 8, 34, 1, 35, 2, 3, 0, 26, 25, 10, 9];2112.0
4888.0;[28, 29, 26, 27, 31, 2, 3, 1, 35, 32, 30, 22, 23, 25, 24, 20, 21, 19, 17, 16, 15, 14, 12, 6, 7, 13, 0, 4, 5, 34, 9, 8, 11, 10, 33, 18];2122.0
5133.0;[4, 5, 8, 9, 11, 34, 13, 0, 25, 20, 23, 27, 31, 2, 3, 1, 26, 21, 22, 28, 29, 30, 14, 15, 16, 24, 19, 17, 10, 33, 18, 12, 6, 7, 32, 35];2012.0
4949.0;[18, 22, 28, 29, 23, 27, 31, 30, 34, 8, 14, 16, 15, 25, 24, 19, 20, 21, 17, 13, 0, 26, 1, 2, 4, 32, 35, 3, 12, 6, 7, 5, 9, 11, 10, 33];2019.0
5426.0;[18, 23, 29, 30, 16, 14, 15, 12, 6, 32, 4, 5, 7, 34, 8, 9, 13, 11, 10, 17, 0, 26, 1, 31, 35, 2, 3, 25, 24, 27, 28, 22, 20, 21, 19, 33];2104.0
5192.0;[29, 30, 24, 27, 31, 26, 16, 15, 14, 20, 21, 22, 23, 1, 3, 0, 34, 9, 10, 33, 18, 17, 13, 11, 12, 8, 5, 6, 7, 35, 2, 4, 32, 25, 19, 28];2217.0
4186.0;[6, 2, 3, 16, 26, 28, 29, 31, 32, 30, 27, 23, 24, 19, 10, 9, 11, 14, 15, 34, 8, 0, 25, 20, 22, 21, 33, 18, 17, 13, 1, 35, 4, 5, 12, 7];1986.0
4966.0;[27, 31, 35, 0, 26, 25, 24, 4, 7, 5, 6, 14, 15, 16, 20, 22, 28, 29, 2, 3, 1, 32, 30, 23, 21, 19, 12, 34, 8, 9, 10, 33, 18, 17, 11, 13];2303.0
5146.0;[9, 8, 7, 6, 30, 27, 21, 19, 10, 33, 18, 17, 11, 15, 14, 16, 25, 24, 20, 22, 23, 1, 4, 32, 13, 0, 26, 28, 29, 31, 35, 2, 3, 12, 5, 34];2028.0
5037.0;[23, 24, 12, 13, 0, 25, 17, 10, 9, 34, 8, 11, 14, 26, 30, 27, 20, 21, 33, 18, 19, 22, 28, 29, 31, 35, 3, 15, 16, 1, 2, 4, 7, 5, 6, 32];2022.0
4905.0;[23, 25, 24, 19, 7, 6, 0, 16, 15, 26, 27, 20, 22, 21, 33, 18, 17, 10, 9, 28, 29, 30, 31, 2, 3, 12, 5, 34, 8, 13, 11, 14, 1, 4, 35, 32];2197.0
4560.0;[24, 17, 6, 32, 31, 35, 3, 12, 26, 20, 22, 28, 29, 27, 30, 23, 21, 19, 10, 33, 18, 11, 15, 14, 16, 1, 2, 4, 5, 7, 8, 34, 9, 13, 0, 25];2145.0
4592.0;[15, 26, 1, 25, 24, 19, 17, 0, 13, 11, 10, 9, 34, 8, 12, 5, 7, 6, 4, 32, 35, 30, 23, 27, 21, 33, 18, 20, 22, 28, 29, 31, 2, 3, 16, 14];1842.0
5096.0;[26, 15, 16, 25, 17, 10, 9, 13, 14, 11, 12, 5, 34, 8, 0, 1, 3, 35, 2, 4, 7, 6, 32, 23, 24, 20, 21, 33, 18, 19, 22, 28, 29, 31, 30, 27];1842.0
4684.0;[35, 32, 31, 30, 27, 23, 24, 17, 10, 9, 13, 25, 20, 21, 33, 18, 19, 22, 28, 29, 26, 2, 4, 5, 34, 12, 7, 6, 8, 11, 14, 15, 0, 16, 1, 3];1903.0
4612.0;[15, 16, 3, 12, 18, 19, 13, 0, 25, 20, 22, 28, 29, 30, 23, 24, 27, 31, 35, 32, 26, 1, 2, 4, 5, 6, 7, 9, 10, 21, 33, 17, 34, 8, 11, 14];2130.0
4919.0;[28, 29, 27, 23, 17, 10, 9, 8, 34, 13, 15, 14, 11, 12, 5, 7, 6, 32, 4, 30, 26, 31, 35, 2, 3, 0, 1, 16, 25, 24, 21, 33, 19, 18, 20, 22];1918.0
4546.0;[24, 22, 23, 27, 26, 12, 7, 6, 35, 32, 30, 28, 29, 31, 2, 4, 5, 0, 1, 3, 13, 18, 19, 20, 21, 33, 17, 10, 9, 34, 8, 11, 15, 14, 16, 25];1972.0
5042.0;[11, 14, 15, 16, 34, 9, 13, 0, 1, 4, 7, 5, 8, 25, 24, 30, 26, 27, 22, 23, 28, 29, 12, 6, 32, 31, 35, 2, 3, 20, 21, 19, 18, 17, 10, 33];2222.0
5098.0;[32, 30, 26, 14, 16, 15, 1, 2, 3, 25, 24, 17, 11, 12, 5, 6, 7, 34, 9, 8, 13, 0, 4, 29, 23, 27, 21, 19, 10, 33, 18, 20, 22, 28, 31, 35];2054.0
5032.0;[23, 27, 29, 30, 26, 1, 3, 12, 5, 6, 7, 20, 21, 22, 28, 31, 32, 35, 4, 2, 0, 25, 24, 19, 16, 15, 14, 10, 33, 18, 17, 34, 8, 9, 11, 13];2082.0
4704.0;[22, 23, 24, 19, 8, 34, 5, 6, 3, 0, 13, 11, 14, 15, 16, 26, 27, 28, 29, 31, 1, 35, 2, 25, 20, 21, 33, 18, 17, 10, 9, 12, 7, 4, 32, 30];2014.0
4290.0;[19, 6, 7, 5, 14, 16, 15, 11, 12, 13, 0, 25, 21, 33, 18, 17, 1, 35, 32, 4, 2, 3, 26, 30, 27, 28, 29, 31, 34, 8, 9, 10, 20, 22, 23, 24];2231.0
4527.0;[8, 34, 11, 14, 15, 16, 25, 24, 19, 18, 17, 10, 9, 13, 27, 28, 29, 31, 3, 0, 35, 32, 30, 26, 1, 2, 4, 22, 23, 20, 21, 33, 12, 5, 6, 7];1984.0
5021.0;[27, 30, 26, 16, 14, 15, 13, 34, 9, 8, 11, 18, 10, 33, 23, 24, 19, 17, 12, 5, 7, 6, 4, 2, 0, 25, 20, 21, 22, 28, 29, 31, 3, 1, 35, 32];1967.0
5026.0;[7, 6, 8, 9, 10, 33, 20, 21, 22, 23, 31, 32, 4, 5, 34, 11, 13, 1, 3, 0, 25, 24, 19, 18, 17, 14, 15, 16, 26, 28, 29, 27, 30, 35, 2, 12];1990.0
4675.0;[5, 10, 22, 23, 27, 31, 35, 32, 28, 29, 30, 26, 25, 24, 20, 21, 33, 19, 18, 17, 11, 14, 16, 15, 1, 2, 4, 3, 0, 13, 34, 9, 8, 12, 6, 7];1946.0
5038.0;[13, 1, 32, 30, 21, 22, 28, 26, 34, 8, 25, 19, 33, 18, 17, 15, 14, 16, 24, 20, 23, 27, 29, 31, 35, 2, 12, 5, 7, 6, 4, 3, 0, 11, 10, 9];2156.0
4883.0;[5, 11, 10, 33, 19, 18, 20, 23, 35, 7, 6, 24, 17, 34, 8, 9, 25, 21, 22, 28, 29, 27, 31, 32, 30, 15, 14, 16, 26, 1, 2, 4, 3, 0, 13, 12];2243.0
4718.0;[28, 26, 25, 10, 9, 4, 32, 29, 31, 35, 2, 3, 1, 12, 6, 7, 5, 8, 34, 13, 0, 11, 14, 16, 15, 24, 20, 21, 33, 17, 18, 19, 22, 23, 30, 27];2047.0
4984.0;[1, 4, 5, 14, 16, 15, 24, 19, 17, 12, 6, 7, 32, 30, 26, 25, 23, 21, 20, 22, 28, 29, 27, 31, 35, 2, 3, 11, 10, 33, 18, 34, 8, 9, 13, 0];1999.0
4522.0;[22, 28, 29, 30, 25, 24, 20, 23, 21, 19, 17, 13, 12, 5, 6, 7, 34, 8, 9, 14, 16, 26, 3, 15, 11, 10, 33, 18, 0, 1, 2, 4, 32, 31, 35, 27];1968.0
5024.0;[17, 18, 35, 32, 30, 26, 1, 2, 3, 16, 27, 22, 28, 29, 31, 0, 13, 11, 15, 14, 25, 20, 21, 33, 10, 9, 34, 8, 12, 5, 6, 7, 4, 23, 24, 19];2115.0
4942.0;[17, 11, 14, 16, 15, 13, 12, 5, 1, 24, 18, 19, 34, 8, 9, 26, 25, 20, 21, 22, 23, 27, 4, 6, 7, 32, 29, 30, 28, 31, 35, 2, 3, 0, 10, 33];2199.0
4465.0;[26, 0, 14, 15, 16, 20, 21, 22, 31, 2, 25, 33, 18, 19, 17, 10, 9, 8, 5, 34, 13, 1, 3, 11, 12, 6, 7, 4, 32, 35, 27, 23, 24, 28, 29, 30];2121.0
4959.0;[4, 32, 31, 30, 25, 20, 21, 22, 28, 29, 27, 23, 24, 18, 19, 33, 17, 10, 9, 8, 13, 11, 12, 34, 5, 6, 7, 2, 3, 0, 16, 14, 15, 26, 1, 35];1829.0
5128.0;[22, 21, 18, 13, 1, 35, 2, 3, 12, 0, 16, 26, 27, 31, 32, 4, 5, 6, 7, 11, 14, 15, 25, 28, 29, 30, 23, 24, 19, 17, 8, 34, 9, 10, 33, 20];2120.0
4732.0;[14, 35, 32, 30, 26, 15, 16, 25, 24, 20, 23, 21, 19, 33, 18, 17, 10, 9, 1, 3, 0, 27, 22, 28, 29, 31, 2, 4, 6, 7, 5, 8, 34, 13, 12, 11];1937.0
5261.0;[32, 3, 1, 4, 5, 25, 24, 31, 35, 2, 13, 0, 16, 15, 14, 11, 34, 8, 9, 18, 19, 20, 22, 28, 29, 30, 26, 27, 23, 21, 33, 17, 10, 12, 7, 6];1990.0
4906.0;[10, 33, 23, 31, 30, 35, 32, 4, 7, 5, 6, 34, 9, 13, 1, 2, 3, 12, 8, 25, 24, 20, 21, 22, 27, 28, 29, 26, 16, 15, 14, 11, 0, 19, 18, 17];2045.0
4858.0;[30, 1, 32, 29, 22, 28, 31, 35, 2, 3, 26, 25, 19, 18, 17, 14, 15, 10, 9, 8, 34, 7, 6, 4, 5, 11, 12, 13, 0, 16, 24, 21, 33, 20, 23, 27];2142.0
4921.0;[16, 19, 10, 9, 13, 0, 23, 20, 22, 28, 29, 1, 35, 2, 4, 8, 34, 11, 15, 14, 27, 31, 32, 30, 26, 25, 24, 21, 33, 18, 17, 12, 7, 5, 6, 3];2135.0
5281.0;[23, 27, 31, 32, 30, 17, 10, 9, 8, 34, 1, 35, 2, 3, 0, 26, 25, 24, 19, 20, 21, 33, 18, 11, 14, 15, 16, 13, 12, 5, 6, 7, 4, 29, 28, 22];1916.0
4522.0;[19, 20, 23, 22, 28, 26, 0, 11, 13, 12, 6, 7, 5, 34, 8, 14, 15, 16, 17, 10, 9, 1, 2, 4, 32, 30, 27, 29, 31, 35, 3, 25, 24, 21, 33, 18];1942.0
4824.0;[31, 30, 1, 3, 13, 10, 20, 21, 33, 18, 19, 17, 12, 7, 6, 34, 9, 11, 14, 15, 16, 35, 32, 2, 4, 5, 8, 0, 26, 27, 22, 23, 25, 24, 28, 29];2014.0
4327.0;[11, 15, 14, 16, 25, 24, 10, 9, 0, 26, 27, 28, 22, 23, 5, 7, 6, 4, 32, 35, 2, 3, 1, 29, 31, 30, 20, 21, 33, 18, 19, 17, 12, 34, 8, 13];2063.0
4945.0;[8, 22, 28, 29, 30, 16, 15, 14, 23, 20, 21, 18, 19, 10, 33, 17, 1, 3, 35, 32, 2, 13, 11, 12, 34, 9, 0, 26, 25, 24, 27, 31, 4, 6, 7, 5];2152.0
5011.0;[25, 24, 20, 23, 15, 14, 16, 3, 0, 26, 1, 32, 29, 31, 27, 30, 28, 22, 21, 19, 17, 10, 33, 18, 34, 9, 8, 13, 11, 12, 7, 6, 35, 2, 4, 5];2094.0
5161.0;[28, 22, 10, 9, 26, 25, 19, 18, 20, 23, 24, 27, 31, 35, 32, 4, 2, 3, 12, 5, 7, 6, 29, 30, 21, 33, 17, 34, 8, 11, 13, 14, 15, 16, 0, 1];2075.0
4927.0;[6, 23, 27, 10, 9, 13, 0, 1, 2, 3, 14, 15, 16, 26, 25, 24, 33, 18, 17, 19, 21, 20, 22, 28, 29, 30, 31, 35, 32, 4, 5, 7, 34, 8, 11, 12];1963.0
4609.0;[21, 31, 35, 2, 3, 0, 27, 30, 16, 26, 25, 24, 17, 34, 8, 9, 13, 1, 4, 32, 12, 5, 6, 7, 14, 15, 11, 10, 33, 18, 19, 22, 28, 29, 23, 20];2020.0
4886.0;[30, 26, 0, 1, 3, 16, 15, 14, 10, 21, 33, 19, 17, 18, 34, 8, 6, 7, 5, 9, 12, 11, 13, 31, 35, 2, 4, 32, 27, 23, 25, 24, 20, 22, 28, 29];2019.0
4903.0;[16, 14, 15, 26, 25, 24, 20, 22, 28, 31, 32, 29, 30, 27, 23, 21, 19, 10, 33, 18, 17, 13, 0, 11, 34, 9, 12, 6, 7, 5, 8, 1, 35, 4, 2, 3];1861.0
4881.0;[10, 9, 12, 5, 6, 7, 29, 25, 33, 18, 11, 14, 15, 16, 26, 1, 3, 0, 2, 4, 34, 8, 13, 20, 21, 22, 28, 31, 32, 35, 30, 27, 23, 24, 19, 17];2082.0
4759.0;[32, 35, 2, 4, 5, 34, 8, 9, 11, 14, 15, 27, 31, 26, 25, 24, 20, 22, 28, 29, 30, 23, 21, 33, 18, 19, 17, 10, 12, 6, 7, 13, 1, 3, 0, 16];1883.0
4768.0;[18, 28, 22, 29, 31, 30, 14, 16, 15, 2, 4, 35, 32, 27, 23, 24, 19, 17, 10, 0, 1, 3, 12, 5, 6, 7, 34, 9, 8, 11, 13, 26, 25, 20, 21, 33];2072.0
4375.0;[9, 34, 8, 11, 15, 14, 16, 13, 12, 6, 7, 32, 30, 20, 23, 27, 31, 35, 3, 1, 2, 4, 5, 0, 26, 25, 18, 19, 21, 22, 28, 29, 24, 33, 17, 10];2009.0
4571.0;[23, 31, 35, 32, 29, 30, 26, 25, 24, 20, 27, 28, 22, 21, 19, 17, 10, 33, 1, 2, 4, 3, 34, 13, 0, 16, 14, 15, 11, 12, 7, 5, 6, 8, 9, 18];2121.0
4469.0;[11, 14, 16, 15, 12, 5, 7, 6, 30, 26, 25, 24, 20, 21, 22, 23, 31, 3, 0, 34, 8, 9, 13, 1, 35, 2, 4, 32, 27, 28, 29, 19, 18, 17, 10, 33];1920.0
4669.0;[21, 20, 22, 23, 28, 29, 35, 2, 3, 1, 0, 13, 11, 12, 34, 8, 9, 18, 17, 10, 14, 16, 15, 26, 27, 31, 4, 5, 7, 6, 32, 30, 25, 24, 33, 19];1979.0
4836.0;[32, 4, 34, 8, 12, 5, 6, 7, 2, 3, 0, 26, 27, 28, 22, 23, 19, 17, 10, 9, 25, 24, 20, 21, 33, 18, 13, 11, 15, 14, 16, 1, 30, 29, 31, 35];1916.0
4639.0;[21, 19, 17, 34, 8, 26, 25, 24, 27, 22, 23, 30, 12, 6, 32, 28, 29, 31, 4, 5, 7, 9, 13, 14, 16, 15, 1, 35, 2, 3, 0, 11, 10, 33, 18, 20];2082.0
5383.0;[17, 6, 7, 34, 8, 14, 16, 15, 3, 12, 26, 27, 28, 29, 31, 30, 1, 32, 35, 2, 4, 5, 11, 10, 9, 13, 0, 25, 20, 21, 22, 23, 24, 18, 19, 33];2130.0
5118.0;[18, 17, 13, 1, 4, 32, 30, 27, 23, 31, 35, 2, 3, 25, 24, 19, 12, 6, 7, 5, 34, 8, 9, 0, 26, 21, 20, 22, 28, 29, 16, 15, 11, 14, 10, 33];1972.0
4628.0;[29, 34, 8, 10, 9, 12, 5, 11, 27, 31, 35, 4, 6, 7, 32, 20, 23, 30, 0, 26, 25, 21, 33, 19, 17, 18, 13, 1, 2, 3, 16, 15, 14, 24, 22, 28];2414.0
4617.0;[26, 27, 31, 35, 32, 4, 15, 16, 14, 11, 34, 8, 1, 30, 23, 20, 21, 22, 28, 29, 25, 24, 19, 33, 18, 17, 10, 9, 13, 12, 5, 6, 7, 2, 3, 0];1837.0
4935.0;[9, 14, 16, 1, 29, 30, 13, 12, 7, 6, 32, 2, 4, 3, 0, 27, 23, 20, 22, 28, 31, 35, 5, 34, 8, 11, 15, 26, 25, 24, 19, 21, 33, 18, 17, 10];2006.0
4796.0;[32, 30, 27, 26, 1, 35, 2, 4, 29, 22, 28, 31, 3, 12, 5, 11, 14, 15, 24, 20, 23, 21, 33, 10, 9, 8, 13, 0, 16, 25, 19, 18, 17, 34, 7, 6];2102.0
4728.0;[23, 17, 13, 24, 25, 31, 35, 2, 4, 12, 5, 7, 6, 32, 27, 28, 29, 30, 26, 16, 14, 15, 1, 3, 0, 34, 9, 8, 11, 10, 33, 18, 19, 20, 21, 22];1952.0
5088.0;[2, 10, 33, 13, 26, 25, 17, 14, 15, 16, 1, 4, 32, 30, 20, 22, 23, 27, 28, 29, 31, 3, 11, 12, 5, 6, 7, 34, 8, 9, 0, 24, 19, 21, 18, 35];2307.0
5037.0;[11, 28, 29, 15, 14, 18, 19, 33, 21, 20, 22, 27, 23, 25, 24, 17, 10, 9, 12, 5, 7, 6, 32, 30, 31, 35, 4, 2, 0, 16, 26, 1, 3, 13, 34, 8];2045.0
4214.0;[12, 34, 5, 7, 6, 27, 22, 20, 21, 33, 10, 9, 8, 11, 14, 15, 16, 25, 24, 13, 0, 1, 35, 32, 4, 2, 3, 26, 28, 29, 31, 30, 23, 19, 18, 17];2063.0
4805.0;[32, 30, 27, 21, 33, 20, 22, 28, 29, 31, 35, 2, 26, 17, 18, 19, 23, 25, 24, 10, 9, 11, 13, 14, 16, 15, 1, 3, 12, 5, 6, 7, 34, 8, 0, 4];1957.0
5064.0;[7, 29, 24, 20, 23, 27, 28, 22, 21, 33, 18, 34, 8, 35, 2, 3, 0, 1, 4, 32, 31, 30, 26, 16, 15, 14, 11, 12, 13, 25, 19, 17, 10, 9, 5, 6];2142.0
5114.0;[33, 18, 19, 17, 10, 21, 29, 30, 34, 9, 12, 5, 8, 26, 25, 24, 27, 28, 22, 20, 23, 31, 35, 32, 2, 3, 15, 14, 16, 0, 1, 4, 6, 7, 11, 13];2213.0
4714.0;[28, 29, 30, 16, 15, 11, 14, 1, 2, 3, 0, 26, 31, 35, 32, 4, 6, 7, 5, 10, 33, 21, 20, 23, 19, 18, 17, 12, 34, 8, 9, 13, 25, 24, 27, 22];1934.0
4924.0;[28, 29, 30, 26, 16, 14, 15, 34, 9, 10, 33, 18, 23, 24, 20, 21, 19, 17, 12, 6, 32, 35, 4, 7, 5, 8, 11, 13, 0, 27, 31, 2, 1, 3, 25, 22];2091.0
5012.0;[30, 35, 2, 1, 26, 27, 29, 28, 22, 23, 31, 32, 4, 3, 15, 14, 16, 20, 21, 33, 19, 18, 17, 12, 6, 7, 5, 34, 8, 11, 10, 9, 13, 0, 25, 24];2075.0
5133.0;[6, 0, 13, 26, 1, 35, 2, 4, 32, 23, 25, 24, 29, 30, 31, 3, 12, 5, 34, 11, 14, 15, 16, 27, 28, 22, 20, 21, 19, 33, 18, 17, 10, 9, 8, 7];1982.0
4775.0;[9, 13, 14, 11, 10, 33, 18, 19, 22, 28, 29, 27, 31, 35, 4, 2, 0, 16, 15, 26, 21, 20, 23, 30, 1, 3, 12, 7, 5, 6, 32, 25, 24, 17, 34, 8];1940.0
5134.0;[13, 11, 8, 5, 0, 27, 30, 23, 21, 33, 20, 22, 28, 29, 26, 15, 16, 14, 12, 7, 6, 31, 35, 32, 4, 1, 2, 3, 25, 24, 19, 17, 10, 18, 34, 9];2167.0
4995.0;[18, 12, 11, 14, 35, 32, 29, 30, 23, 20, 21, 22, 24, 17, 13, 26, 1, 2, 3, 0, 16, 15, 25, 27, 28, 31, 4, 6, 7, 5, 34, 8, 9, 10, 33, 19];2055.0
4838.0;[8, 5, 7, 9, 13, 0, 11, 14, 15, 16, 1, 26, 35, 32, 27, 23, 22, 28, 29, 30, 25, 24, 17, 10, 33, 18, 19, 21, 20, 31, 2, 3, 12, 6, 4, 34];1898.0
5237.0;[21, 20, 27, 13, 11, 12, 7, 5, 10, 33, 8, 6, 4, 32, 29, 31, 30, 16, 15, 14, 28, 22, 23, 34, 9, 0, 1, 3, 35, 2, 26, 25, 24, 17, 18, 19];2350.0
4832.0;[22, 28, 12, 7, 5, 6, 23, 24, 19, 21, 33, 10, 9, 8, 1, 35, 32, 4, 34, 18, 17, 13, 14, 11, 15, 16, 26, 30, 27, 29, 31, 2, 3, 0, 25, 20];2359.0
4488.0;[2, 15, 14, 16, 20, 21, 33, 23, 31, 35, 0, 26, 1, 3, 25, 19, 18, 34, 8, 11, 12, 5, 6, 7, 32, 29, 30, 27, 28, 22, 24, 17, 10, 9, 13, 4];2189.0
4834.0;[5, 13, 0, 16, 1, 35, 32, 4, 6, 23, 10, 33, 18, 34, 7, 8, 9, 11, 15, 14, 27, 20, 21, 22, 28, 29, 30, 31, 2, 3, 26, 25, 24, 19, 17, 12];2181.0
5280.0;[1, 26, 19, 9, 30, 27, 28, 22, 21, 20, 23, 25, 24, 29, 31, 35, 4, 32, 2, 3, 0, 16, 14, 15, 11, 34, 8, 12, 5, 6, 7, 10, 33, 18, 17, 13];2097.0
5183.0;[0, 14, 16, 15, 26, 25, 24, 10, 33, 18, 11, 13, 1, 3, 12, 5, 7, 6, 4, 32, 30, 21, 19, 17, 9, 34, 8, 27, 23, 20, 22, 28, 29, 31, 35, 2];1916.0
4694.0;[30, 26, 16, 15, 14, 25, 18, 19, 34, 9, 10, 33, 17, 11, 0, 4, 7, 6, 32, 27, 23, 20, 21, 22, 28, 29, 31, 35, 2, 1, 3, 13, 12, 5, 8, 24];2154.0
4813.0;[1, 32, 4, 34, 8, 15, 14, 16, 26, 27, 28, 29, 31, 35, 2, 3, 0, 13, 11, 12, 7, 5, 6, 30, 20, 22, 23, 25, 24, 19, 21, 33, 18, 17, 10, 9];1870.0
4543.0;[6, 29, 31, 30, 27, 28, 22, 17, 34, 8, 7, 32, 35, 3, 15, 16, 14, 26, 25, 24, 23, 20, 21, 19, 33, 18, 10, 9, 12, 11, 13, 0, 1, 2, 4, 5];2012.0
5302.0;[25, 27, 24, 19, 18, 17, 14, 15, 16, 1, 30, 28, 29, 12, 7, 5, 6, 31, 35, 32, 4, 3, 2, 0, 26, 13, 8, 34, 9, 11, 10, 33, 21, 20, 22, 23];2156.0
4739.0;[19, 17, 12, 5, 6, 7, 29, 31, 2, 4, 32, 35, 3, 15, 16, 26, 25, 24, 20, 21, 18, 34, 8, 9, 14, 11, 10, 33, 13, 0, 1, 30, 27, 28, 22, 23];2041.0
4966.0;[32, 30, 18, 17, 10, 9, 1, 3, 0, 16, 14, 15, 12, 5, 6, 7, 26, 25, 24, 19, 33, 21, 22, 28, 29, 31, 35, 11, 34, 8, 13, 20, 23, 27, 2, 4];2139.0
4913.0;[21, 13, 0, 25, 24, 10, 33, 7, 6, 31, 30, 27, 28, 29, 12, 5, 34, 8, 9, 18, 19, 22, 23, 17, 11, 15, 14, 16, 1, 35, 32, 4, 2, 3, 26, 20];2299.0
5170.0;[26, 27, 28, 29, 30, 25, 20, 23, 24, 19, 33, 21, 22, 31, 2, 4, 7, 6, 32, 35, 3, 12, 5, 18, 17, 13, 15, 14, 11, 10, 9, 34, 8, 0, 16, 1];2087.0
4847.0;[8, 11, 10, 9, 13, 1, 35, 32, 30, 25, 33, 18, 23, 20, 21, 22, 27, 28, 29, 31, 26, 16, 15, 14, 12, 5, 6, 7, 4, 2, 3, 0, 24, 19, 17, 34];1987.0
4502.0;[23, 24, 20, 21, 15, 14, 16, 26, 25, 27, 31, 35, 2, 3, 0, 11, 12, 5, 13, 1, 4, 8, 9, 10, 33, 18, 19, 17, 34, 7, 6, 32, 29, 30, 28, 22];2052.0
4888.0;[26, 25, 19, 10, 33, 18, 17, 34, 9, 11, 13, 14, 15, 16, 0, 1, 24, 20, 22, 28, 31, 2, 3, 12, 5, 8, 6, 4, 7, 32, 35, 27, 23, 21, 29, 30];2064.0
4903.0;[26, 1, 25, 21, 33, 10, 9, 12, 7, 5, 34, 8, 6, 30, 27, 23, 31, 32, 35, 2, 4, 3, 13, 0, 11, 14, 15, 16, 24, 17, 18, 19, 20, 22, 28, 29];1947.0
5116.0;[13, 29, 28, 31, 3, 16, 14, 15, 12, 6, 2, 35, 32, 30, 27, 23, 20, 21, 22, 25, 24, 10, 33, 18, 19, 17, 0, 26, 1, 4, 5, 7, 34, 9, 8, 11];2075.0
4351.0;[23, 31, 0, 11, 10, 33, 18, 1, 35, 32, 30, 27, 21, 19, 17, 9, 13, 28, 22, 29, 16, 14, 15, 12, 34, 8, 5, 7, 6, 4, 2, 3, 26, 25, 24, 20];2209.0
4767.0;[9, 32, 30, 27, 31, 35, 3, 12, 13, 0, 26, 25, 24, 17, 34, 8, 11, 14, 16, 15, 1, 2, 4, 5, 7, 6, 29, 28, 22, 18, 19, 20, 23, 21, 33, 10];2035.0
5151.0;[20, 21, 33, 34, 8, 12, 11, 1, 4, 5, 7, 6, 2, 14, 15, 16, 26, 25, 24, 19, 18, 17, 10, 9, 35, 32, 30, 27, 28, 29, 31, 3, 0, 13, 22, 23];2025.0
5282.0;[34, 8, 14, 15, 16, 24, 17, 18, 20, 23, 30, 27, 31, 32, 35, 2, 3, 0, 26, 25, 19, 33, 21, 22, 28, 29, 1, 12, 7, 5, 6, 4, 13, 11, 10, 9];2003.0
4838.0;[0, 13, 34, 8, 9, 10, 33, 18, 20, 23, 27, 30, 26, 25, 21, 22, 28, 29, 31, 12, 5, 7, 6, 4, 32, 3, 16, 24, 19, 17, 11, 14, 15, 1, 35, 2];1899.0
4617.0;[19, 33, 21, 20, 31, 35, 4, 32, 30, 1, 16, 15, 14, 11, 10, 17, 12, 5, 6, 7, 2, 3, 34, 8, 9, 0, 13, 27, 23, 22, 28, 29, 26, 25, 24, 18];2085.0
4756.0;[19, 14, 15, 11, 12, 5, 34, 8, 9, 10, 33, 18, 17, 1, 35, 32, 2, 4, 6, 7, 13, 16, 25, 24, 20, 22, 28, 29, 30, 27, 31, 3, 0, 26, 23, 21];1983.0
5115.0;[9, 8, 16, 23, 30, 27, 31, 32, 35, 2, 4, 6, 7, 11, 14, 15, 10, 33, 21, 20, 22, 28, 29, 26, 1, 3, 25, 24, 19, 17, 18, 0, 13, 12, 5, 34];2052.0
5313.0;[29, 1, 4, 32, 27, 30, 12, 9, 11, 10, 33, 18, 19, 22, 28, 31, 35, 2, 3, 0, 13, 14, 15, 16, 26, 25, 24, 20, 21, 23, 17, 34, 8, 5, 7, 6];1989.0
4991.0;[23, 20, 21, 22, 28, 29, 31, 32, 4, 30, 26, 25, 24, 19, 17, 13, 11, 8, 34, 9, 0, 1, 35, 2, 3, 16, 10, 33, 18, 14, 15, 12, 5, 7, 6, 27];1990.0
4681.0;[6, 32, 29, 30, 16, 15, 14, 11, 10, 21, 33, 20, 23, 22, 28, 31, 35, 4, 2, 25, 24, 19, 18, 34, 8, 9, 13, 0, 26, 27, 17, 1, 3, 12, 5, 7];2120.0
4829.0;[3, 24, 21, 20, 23, 27, 30, 32, 4, 6, 7, 10, 33, 18, 19, 22, 28, 29, 31, 35, 2, 16, 15, 14, 13, 0, 26, 25, 17, 11, 12, 5, 34, 9, 8, 1];2005.0
4891.0;[24, 20, 21, 33, 19, 18, 17, 10, 9, 11, 13, 12, 5, 34, 8, 27, 28, 22, 23, 31, 35, 4, 7, 6, 32, 30, 29, 16, 14, 15, 1, 2, 3, 0, 26, 25];1886.0
4393.0;[14, 16, 24, 22, 28, 29, 30, 27, 31, 26, 1, 35, 2, 32, 4, 5, 34, 8, 10, 9, 12, 7, 6, 3, 0, 25, 20, 23, 21, 33, 19, 18, 17, 11, 13, 15];2005.0
4697.0;[11, 10, 33, 18, 17, 19, 28, 29, 30, 0, 26, 25, 24, 21, 20, 22, 23, 27, 31, 35, 3, 1, 32, 4, 2, 16, 14, 15, 12, 6, 7, 5, 34, 9, 8, 13];1873.0
4910.0;[32, 2, 4, 7, 5, 34, 8, 11, 13, 0, 1, 3, 16, 15, 14, 25, 24, 10, 9, 26, 28, 22, 23, 20, 21, 33, 18, 17, 19, 12, 6, 29, 30, 27, 31, 35];1963.0
5025.0;[12, 34, 13, 0, 25, 24, 18, 19, 20, 22, 28, 31, 2, 4, 32, 35, 27, 29, 30, 23, 21, 33, 10, 9, 8, 5, 6, 7, 14, 15, 16, 1, 3, 26, 17, 11];2080.0
4707.0;[31, 35, 11, 10, 33, 13, 16, 14, 15, 34, 8, 9, 17, 18, 19, 23, 30, 27, 26, 1, 12, 5, 6, 7, 32, 4, 2, 3, 0, 25, 24, 20, 21, 22, 28, 29];2023.0
5133.0;[1, 0, 26, 25, 24, 17, 10, 33, 19, 20, 21, 23, 30, 27, 22, 28, 29, 31, 2, 4, 32, 35, 3, 16, 15, 14, 11, 12, 6, 7, 5, 8, 34, 9, 18, 13];1852.0
5009.0;[23, 31, 2, 4, 5, 9, 13, 11, 12, 34, 8, 7, 6, 3, 35, 32, 27, 21, 22, 28, 29, 30, 26, 16, 14, 15, 24, 19, 10, 33, 18, 17, 0, 1, 25, 20];2022.0
4775.0;[18, 22, 28, 29, 15, 16, 1, 3, 26, 24, 17, 19, 20, 21, 23, 27, 30, 31, 2, 0, 14, 11, 34, 8, 9, 13, 12, 5, 7, 6, 4, 35, 32, 25, 10, 33];2010.0
4704.0;[25, 24, 22, 28, 1, 3, 12, 7, 5, 34, 8, 6, 32, 30, 23, 20, 21, 19, 13, 0, 26, 27, 29, 31, 35, 4, 2, 11, 10, 33, 18, 17, 9, 14, 16, 15];2135.0
4834.0;[29, 30, 13, 11, 15, 14, 16, 26, 25, 18, 17, 10, 8, 9, 34, 7, 6, 31, 35, 32, 4, 2, 3, 12, 5, 0, 1, 24, 19, 33, 21, 20, 22, 23, 27, 28];1958.0
4874.0;[11, 10, 22, 28, 29, 14, 15, 16, 26, 30, 27, 31, 3, 1, 35, 32, 4, 34, 8, 25, 24, 20, 23, 21, 19, 33, 18, 17, 9, 13, 12, 5, 7, 6, 2, 0];2098.0
4632.0;[8, 0, 1, 32, 35, 3, 12, 6, 30, 26, 16, 13, 34, 9, 24, 17, 10, 33, 19, 18, 11, 14, 15, 25, 20, 22, 21, 28, 29, 23, 27, 31, 2, 4, 7, 5];2222.0
4563.0;[0, 34, 8, 9, 26, 24, 27, 22, 23, 28, 29, 31, 35, 3, 1, 16, 15, 14, 11, 12, 5, 6, 7, 2, 4, 32, 30, 25, 20, 21, 19, 18, 17, 10, 33, 13];1905.0
4782.0;[3, 13, 16, 0, 26, 31, 35, 23, 25, 24, 19, 17, 18, 12, 5, 7, 6, 32, 30, 27, 28, 29, 22, 20, 21, 33, 10, 9, 34, 8, 11, 14, 15, 1, 4, 2];1958.0
4557.0;[25, 19, 21, 20, 22, 23, 24, 27, 12, 7, 6, 32, 4, 30, 16, 15, 14, 11, 10, 33, 18, 17, 34, 8, 5, 9, 13, 26, 28, 29, 31, 35, 2, 3, 0, 1];2005.0
5266.0;[32, 30, 26, 27, 23, 20, 21, 18, 34, 8, 9, 13, 11, 14, 15, 16, 25, 24, 19, 17, 10, 33, 22, 28, 29, 31, 35, 2, 4, 0, 1, 3, 12, 5, 6, 7];1788.0
5356.0;[6, 7, 5, 11, 10, 33, 20, 24, 21, 22, 23, 27, 14, 16, 15, 1, 2, 3, 12, 34, 8, 9, 35, 32, 30, 25, 19, 18, 17, 13, 0, 26, 28, 29, 31, 4];2103.0
4823.0;[16, 15, 14, 11, 34, 8, 9, 13, 0, 26, 1, 2, 3, 25, 19, 10, 33, 18, 17, 12, 5, 7, 6, 4, 35, 32, 27, 23, 24, 20, 21, 22, 28, 29, 31, 30];1735.0
5423.0;[30, 34, 8, 13, 11, 12, 6, 29, 27, 23, 26, 25, 24, 17, 10, 9, 14, 15, 16, 0, 1, 35, 2, 3, 21, 33, 18, 19, 20, 22, 28, 31, 4, 5, 7, 32];2126.0
5175.0;[19, 11, 26, 27, 31, 2, 3, 16, 14, 15, 1, 35, 32, 4, 30, 20, 23, 24, 17, 10, 9, 34, 8, 7, 6, 29, 28, 22, 21, 33, 18, 12, 5, 13, 0, 25];2149.0
4919.0;[30, 26, 25, 31, 27, 23, 10, 9, 3, 2, 4, 29, 28, 22, 24, 19, 18, 20, 21, 33, 17, 11, 12, 5, 6, 7, 34, 8, 0, 13, 14, 15, 16, 1, 35, 32];2103.0
5399.0;[4, 29, 31, 27, 20, 23, 21, 33, 18, 34, 8, 1, 32, 30, 26, 17, 10, 9, 13, 15, 14, 11, 12, 5, 6, 7, 3, 0, 16, 25, 24, 19, 22, 28, 35, 2];2148.0
4956.0;[3, 35, 32, 2, 4, 8, 34, 9, 11, 10, 33, 17, 0, 13, 14, 16, 15, 27, 23, 25, 24, 19, 18, 20, 21, 22, 28, 29, 26, 12, 5, 6, 7, 31, 30, 1];2009.0
5334.0;[17, 1, 3, 12, 7, 4, 32, 30, 27, 29, 26, 0, 13, 34, 8, 11, 15, 14, 16, 24, 20, 21, 22, 28, 31, 35, 2, 25, 19, 33, 10, 9, 5, 6, 23, 18];2254.0
5365.0;[5, 7, 6, 4, 34, 27, 23, 20, 21, 22, 28, 31, 35, 2, 3, 0, 25, 24, 17, 10, 9, 8, 11, 18, 19, 33, 13, 1, 32, 29, 30, 26, 16, 15, 14, 12];2018.0
5031.0;[4, 29, 30, 1, 3, 0, 14, 15, 16, 26, 25, 24, 11, 13, 27, 28, 22, 23, 20, 21, 33, 19, 18, 17, 10, 9, 8, 12, 5, 34, 7, 6, 31, 35, 32, 2];1944.0
5257.0;[4, 5, 8, 11, 14, 15, 16, 34, 9, 13, 0, 27, 23, 20, 21, 18, 10, 33, 22, 28, 29, 31, 2, 3, 12, 7, 6, 30, 1, 26, 25, 24, 19, 17, 35, 32];2050.0
4686.0;[24, 10, 9, 11, 13, 27, 23, 17, 34, 8, 21, 22, 28, 0, 16, 14, 15, 33, 18, 19, 20, 31, 35, 4, 2, 3, 12, 5, 7, 6, 29, 30, 26, 1, 32, 25];2339.0
4787.0;[23, 17, 10, 9, 34, 8, 14, 16, 15, 12, 5, 11, 18, 19, 33, 13, 2, 4, 7, 6, 3, 0, 24, 20, 21, 22, 28, 29, 31, 35, 32, 30, 1, 26, 25, 27];2071.0
4955.0;[35, 3, 34, 8, 9, 26, 24, 23, 27, 31, 30, 0, 13, 11, 14, 15, 16, 21, 20, 22, 28, 29, 25, 19, 17, 10, 33, 18, 12, 5, 6, 7, 1, 2, 4, 32];2030.0
5266.0;[29, 31, 30, 27, 22, 23, 24, 19, 17, 13, 12, 34, 11, 15, 14, 16, 0, 1, 26, 25, 20, 21, 33, 18, 10, 9, 8, 5, 6, 7, 4, 32, 35, 2, 3, 28];1872.0
4677.0;[30, 28, 22, 29, 1, 26, 20, 21, 33, 18, 17, 14, 16, 15, 10, 9, 34, 8, 11, 13, 12, 5, 7, 6, 32, 4, 2, 3, 0, 25, 24, 19, 23, 27, 31, 35];1980.0
5260.0;[14, 19, 10, 33, 18, 17, 13, 0, 1, 3, 25, 24, 20, 21, 22, 23, 31, 35, 2, 34, 8, 9, 11, 12, 5, 6, 7, 4, 32, 27, 28, 29, 30, 26, 16, 15];1854.0
5183.0;[0, 13, 25, 24, 22, 28, 29, 27, 31, 32, 30, 1, 12, 34, 8, 11, 14, 15, 16, 26, 23, 20, 21, 33, 18, 19, 17, 10, 9, 35, 4, 5, 7, 6, 2, 3];1865.0
4591.0;[29, 28, 22, 21, 23, 31, 35, 2, 3, 19, 17, 1, 4, 7, 6, 32, 30, 10, 33, 18, 14, 16, 15, 11, 12, 5, 34, 8, 9, 13, 0, 26, 25, 24, 20, 27];2126.0
4706.0;[33, 23, 27, 29, 31, 30, 26, 1, 2, 4, 32, 35, 0, 13, 11, 15, 14, 16, 25, 17, 18, 10, 9, 34, 8, 12, 5, 7, 6, 3, 20, 21, 28, 22, 24, 19];2002.0
5186.0;[2, 3, 13, 0, 35, 32, 27, 23, 20, 21, 33, 18, 19, 17, 34, 8, 26, 25, 24, 22, 28, 29, 31, 10, 9, 11, 12, 7, 5, 6, 4, 30, 16, 14, 15, 1];2015.0
4569.0;[19, 17, 0, 1, 2, 4, 32, 29, 30, 16, 14, 15, 25, 24, 10, 9, 34, 8, 13, 11, 12, 7, 5, 6, 3, 26, 21, 33, 18, 20, 22, 28, 31, 35, 27, 23];2092.0
4776.0;[15, 14, 11, 13, 27, 20, 21, 22, 23, 24, 18, 19, 28, 29, 31, 35, 2, 0, 16, 26, 25, 10, 33, 17, 9, 12, 34, 8, 7, 5, 6, 4, 32, 30, 1, 3];2016.0
5097.0;[32, 30, 25, 24, 21, 20, 23, 27, 31, 19, 17, 10, 33, 18, 22, 28, 29, 34, 8, 9, 13, 26, 0, 1, 3, 16, 15, 14, 11, 12, 5, 7, 6, 35, 2, 4];1914.0
5086.0;[16, 27, 28, 29, 30, 23, 24, 19, 18, 17, 34, 8, 26, 25, 20, 22, 21, 33, 10, 9, 11, 14, 15, 13, 12, 5, 7, 6, 32, 4, 2, 3, 1, 31, 35, 0];1940.0
4610.0;[26, 27, 30, 6, 7, 5, 14, 15, 16, 28, 29, 31, 32, 35, 2, 4, 3, 12, 34, 8, 11, 1, 25, 24, 22, 23, 20, 21, 33, 18, 19, 17, 10, 9, 13, 0];1996.0
5385.0;[20, 21, 22, 28, 29, 31, 35, 32, 0, 16, 26, 25, 17, 10, 9, 12, 6, 4, 5, 7, 34, 8, 14, 15, 1, 2, 3, 11, 13, 33, 18, 19, 23, 27, 30, 24];2006.0
4825.0;[27, 2, 3, 1, 30, 31, 35, 32, 4, 7, 6, 8, 9, 11, 14, 15, 16, 12, 5, 34, 13, 0, 26, 25, 19, 33, 18, 17, 10, 21, 22, 28, 29, 24, 20, 23];1953.0
5226.0;[33, 3, 0, 16, 1, 30, 27, 23, 19, 34, 8, 12, 5, 14, 15, 11, 18, 17, 10, 9, 13, 26, 25, 24, 28, 29, 31, 2, 4, 6, 7, 35, 32, 22, 20, 21];2299.0
4368.0;[30, 26, 0, 13, 12, 9, 27, 28, 29, 22, 23, 31, 35, 2, 4, 32, 24, 10, 33, 18, 11, 14, 16, 15, 1, 3, 25, 20, 21, 19, 17, 34, 8, 5, 7, 6];2126.0
5163.0;[20, 35, 5, 11, 14, 16, 15, 1, 3, 0, 25, 24, 17, 34, 8, 9, 13, 12, 10, 33, 18, 19, 21, 22, 28, 31, 32, 30, 26, 2, 4, 7, 6, 29, 27, 23];2152.0
5327.0;[20, 2, 3, 0, 24, 17, 10, 15, 14, 16, 1, 35, 32, 30, 26, 25, 19, 33, 18, 23, 29, 31, 4, 5, 6, 7, 34, 9, 8, 11, 12, 13, 27, 28, 22, 21];2233.0
5174.0;[34, 27, 28, 22, 21, 19, 33, 18, 17, 13, 25, 24, 20, 23, 31, 35, 26, 1, 2, 4, 3, 0, 15, 16, 14, 11, 12, 5, 7, 6, 32, 29, 30, 10, 9, 8];2064.0
4783.0;[13, 27, 30, 26, 25, 33, 18, 19, 17, 14, 15, 16, 24, 23, 31, 35, 2, 3, 12, 7, 6, 4, 32, 5, 34, 9, 8, 11, 10, 21, 20, 22, 28, 29, 1, 0];2110.0
4592.0;[26, 16, 1, 32, 4, 2, 3, 25, 24, 19, 22, 28, 31, 35, 13, 0, 12, 5, 6, 7, 29, 30, 27, 23, 20, 21, 33, 18, 17, 10, 9, 8, 34, 11, 15, 14];1873.0
4656.0;[6, 7, 24, 21, 20, 22, 28, 29, 31, 23, 27, 30, 26, 25, 19, 17, 34, 8, 9, 10, 33, 18, 11, 14, 16, 15, 1, 2, 4, 32, 35, 3, 0, 13, 12, 5];1896.0
4735.0;[15, 24, 22, 28, 29, 31, 4, 34, 8, 11, 14, 13, 0, 17, 10, 9, 12, 5, 7, 6, 32, 35, 2, 3, 1, 26, 25, 33, 18, 19, 20, 21, 23, 27, 30, 16];1938.0
5410.0;[26, 2, 4, 3, 35, 32, 30, 23, 19, 34, 8, 9, 12, 25, 24, 27, 28, 29, 31, 16, 15, 14, 10, 33, 20, 22, 21, 18, 17, 5, 6, 7, 11, 13, 0, 1];2236.0
4954.0;[6, 31, 13, 34, 8, 9, 1, 2, 4, 32, 35, 3, 10, 33, 22, 23, 27, 28, 29, 30, 26, 0, 16, 14, 15, 25, 24, 20, 21, 19, 18, 17, 11, 12, 5, 7];1965.0
4938.0;[34, 8, 2, 3, 26, 25, 20, 21, 22, 28, 29, 30, 0, 13, 14, 15, 16, 1, 35, 32, 27, 24, 17, 12, 9, 11, 10, 33, 18, 19, 23, 31, 4, 6, 7, 5];2026.0
4792.0;[21, 19, 18, 10, 33, 22, 23, 20, 31, 35, 3, 26, 25, 24, 17, 34, 8, 9, 13, 1, 2, 4, 32, 27, 28, 29, 30, 16, 14, 15, 11, 12, 5, 6, 7, 0];2014.0
4485.0;[35, 32, 30, 0, 26, 13, 1, 4, 34, 9, 8, 27, 28, 29, 25, 17, 10, 33, 12, 7, 5, 6, 2, 3, 16, 15, 11, 14, 18, 19, 21, 22, 24, 20, 23, 31];2249.0
4809.0;[1, 35, 2, 4, 32, 29, 31, 30, 27, 28, 22, 34, 8, 9, 13, 12, 11, 14, 26, 25, 23, 24, 19, 17, 10, 33, 20, 21, 18, 5, 7, 6, 3, 0, 15, 16];2092.0
4927.0;[16, 15, 13, 1, 3, 12, 6, 32, 31, 35, 28, 29, 30, 27, 21, 33, 18, 34, 8, 5, 7, 4, 2, 0, 26, 25, 24, 20, 22, 23, 19, 17, 10, 9, 11, 14];1955.0
4533.0;[31, 32, 29, 30, 26, 0, 13, 34, 9, 11, 14, 15, 1, 3, 12, 5, 7, 6, 4, 8, 16, 20, 23, 24, 27, 35, 2, 25, 17, 10, 18, 19, 33, 21, 22, 28];2102.0
4760.0;[21, 23, 16, 15, 14, 11, 13, 27, 29, 30, 1, 32, 4, 34, 8, 9, 18, 22, 28, 31, 35, 12, 5, 7, 6, 2, 3, 0, 26, 25, 24, 19, 17, 10, 33, 20];2029.0
4975.0;[1, 3, 0, 20, 21, 23, 31, 2, 35, 32, 30, 27, 28, 22, 29, 26, 25, 24, 19, 33, 18, 17, 10, 9, 16, 15, 14, 11, 12, 34, 8, 7, 6, 4, 5, 13];1931.0
1735.0;[16, 15, 14, 11, 34, 8, 9, 13, 0, 26, 1, 2, 3, 25, 19, 10, 33, 18, 17, 12, 5, 7, 6, 4, 35, 32, 27, 23, 24, 20, 21, 22, 28, 29, 31, 30]
