ftv70
9567.0;[14, 64, 25, 6, 28, 42, 69, 41, 35, 19, 20, 23, 60, 33, 17, 66, 12, 15, 16, 11, 10, 59, 8, 67, 48, 51, 50, 43, 37, 38, 34, 36, 63, 68, 54, 55, 56, 52, 53, 44, 70, 58, 61, 57, 3, 4, 5, 45, 46, 62, 49, 47, 39, 40, 32, 26, 22, 18, 21, 24, 30, 29, 31, 0, 65, 1, 2, 7, 9, 27, 13];3100.0
9170.0;[19, 0, 3, 55, 56, 70, 57, 58, 61, 37, 63, 36, 38, 34, 26, 17, 9, 64, 28, 24, 25, 27, 6, 7, 10, 11, 8, 59, 1, 2, 4, 5, 44, 43, 42, 32, 23, 20, 21, 22, 66, 13, 14, 12, 15, 16, 60, 33, 35, 69, 41, 68, 54, 51, 52, 53, 29, 30, 31, 65, 45, 46, 62, 49, 48, 50, 67, 47, 39, 40, 18];3122.0
9602.0;[39, 52, 45, 53, 64, 24, 65, 43, 42, 32, 9, 10, 61, 59, 13, 12, 16, 19, 20, 22, 66, 14, 15, 18, 21, 1, 2, 5, 28, 0, 31, 30, 29, 25, 27, 23, 60, 69, 38, 36, 26, 17, 68, 62, 49, 48, 50, 54, 55, 56, 70, 3, 4, 8, 44, 41, 37, 63, 40, 35, 34, 33, 6, 7, 11, 58, 57, 46, 51, 67, 47];3546.0
9533.0;[10, 49, 47, 48, 50, 42, 35, 32, 22, 64, 17, 18, 19, 1, 70, 3, 8, 7, 9, 14, 43, 41, 37, 63, 68, 52, 66, 12, 15, 16, 65, 45, 53, 44, 56, 57, 58, 61, 59, 4, 2, 5, 31, 30, 29, 24, 26, 23, 20, 21, 28, 25, 27, 6, 13, 0, 51, 67, 39, 34, 60, 33, 69, 38, 36, 46, 40, 62, 54, 55, 11];3451.0
9978.0;[52, 44, 43, 42, 32, 66, 12, 25, 27, 6, 28, 0, 1, 8, 7, 9, 14, 13, 17, 18, 19, 15, 16, 64, 24, 29, 30, 31, 65, 35, 69, 41, 48, 51, 46, 40, 36, 37, 63, 38, 34, 23, 20, 21, 45, 53, 68, 55, 56, 49, 50, 67, 47, 39, 60, 33, 26, 22, 11, 10, 58, 61, 59, 4, 5, 2, 3, 57, 70, 62, 54];3221.0
9620.0;[57, 35, 34, 36, 60, 22, 66, 14, 45, 47, 39, 46, 62, 53, 24, 17, 64, 1, 2, 56, 52, 31, 30, 29, 26, 23, 20, 21, 9, 10, 59, 5, 44, 43, 42, 33, 32, 25, 27, 13, 12, 15, 18, 19, 16, 28, 0, 70, 3, 4, 65, 69, 41, 37, 38, 63, 40, 68, 49, 67, 48, 51, 50, 54, 55, 8, 6, 7, 11, 58, 61];3435.0
9874.0;[52, 53, 41, 37, 38, 36, 47, 39, 48, 58, 61, 25, 27, 6, 7, 12, 15, 66, 14, 13, 9, 11, 10, 8, 59, 5, 0, 1, 2, 65, 44, 45, 46, 55, 56, 70, 3, 4, 28, 18, 19, 16, 24, 29, 30, 31, 43, 68, 40, 60, 33, 35, 34, 69, 63, 42, 32, 26, 22, 62, 54, 51, 50, 67, 49, 23, 20, 21, 17, 64, 57];3193.0
9561.0;[68, 49, 47, 48, 51, 53, 1, 70, 3, 4, 25, 9, 10, 11, 66, 12, 15, 0, 42, 32, 18, 21, 19, 16, 24, 29, 30, 22, 23, 20, 27, 6, 7, 13, 14, 17, 64, 28, 31, 65, 44, 43, 69, 41, 36, 37, 38, 63, 40, 50, 67, 39, 60, 33, 35, 34, 26, 2, 5, 45, 46, 62, 52, 54, 55, 58, 61, 8, 59, 57, 56];3216.0
9245.0;[69, 41, 37, 38, 60, 11, 56, 52, 43, 42, 35, 34, 32, 26, 24, 29, 1, 2, 5, 17, 18, 21, 64, 45, 53, 65, 31, 30, 44, 46, 40, 63, 23, 19, 25, 27, 6, 66, 15, 16, 14, 13, 28, 0, 62, 50, 54, 55, 70, 3, 4, 9, 10, 58, 61, 59, 57, 8, 7, 12, 20, 22, 33, 36, 68, 48, 51, 67, 49, 39, 47];3447.0
10088.0;[10, 11, 29, 30, 24, 26, 22, 0, 1, 2, 5, 69, 41, 63, 62, 13, 14, 27, 6, 7, 9, 18, 33, 34, 35, 36, 54, 67, 47, 39, 68, 46, 49, 48, 51, 50, 52, 40, 37, 38, 60, 66, 12, 15, 16, 64, 17, 28, 31, 65, 45, 53, 44, 43, 42, 32, 23, 19, 20, 21, 25, 58, 61, 57, 55, 56, 70, 3, 4, 59, 8];3197.0
9325.0;[54, 3, 5, 28, 12, 15, 20, 21, 17, 64, 18, 19, 16, 45, 48, 51, 55, 59, 9, 66, 14, 13, 29, 31, 30, 24, 23, 60, 69, 41, 37, 33, 22, 2, 70, 57, 52, 46, 62, 53, 44, 25, 27, 6, 0, 1, 4, 8, 7, 11, 10, 58, 61, 56, 40, 63, 47, 39, 38, 36, 34, 35, 32, 26, 65, 43, 42, 68, 49, 50, 67];3420.0
10251.0;[11, 9, 1, 2, 5, 0, 65, 62, 49, 51, 48, 50, 67, 47, 42, 68, 46, 52, 44, 45, 53, 31, 30, 29, 25, 10, 58, 61, 56, 57, 59, 7, 66, 12, 15, 20, 34, 63, 54, 55, 70, 4, 24, 26, 21, 22, 17, 64, 28, 43, 69, 41, 37, 38, 60, 32, 23, 19, 16, 14, 13, 27, 6, 18, 33, 35, 36, 39, 40, 3, 8];3290.0
9708.0;[46, 53, 45, 48, 67, 49, 47, 39, 26, 28, 29, 30, 24, 23, 60, 34, 36, 63, 54, 55, 58, 61, 59, 5, 0, 41, 37, 38, 35, 19, 20, 21, 25, 13, 64, 1, 2, 70, 3, 4, 8, 7, 9, 27, 6, 11, 10, 57, 56, 62, 51, 50, 52, 44, 31, 65, 43, 42, 32, 66, 14, 12, 15, 16, 17, 18, 22, 33, 69, 40, 68];3136.0
10278.0;[6, 11, 0, 31, 65, 56, 46, 41, 63, 40, 68, 62, 53, 34, 35, 69, 38, 36, 37, 39, 47, 67, 49, 52, 19, 16, 21, 22, 66, 14, 12, 15, 13, 64, 43, 42, 32, 17, 1, 2, 25, 10, 61, 57, 58, 59, 4, 5, 30, 29, 24, 18, 20, 23, 60, 33, 26, 28, 44, 45, 54, 51, 48, 50, 55, 70, 3, 8, 7, 9, 27];3374.0
10314.0;[33, 26, 13, 17, 19, 20, 22, 32, 23, 60, 68, 55, 3, 57, 56, 46, 62, 54, 52, 53, 45, 51, 50, 67, 49, 47, 39, 48, 18, 21, 64, 24, 29, 30, 31, 2, 4, 5, 0, 28, 25, 66, 15, 16, 65, 1, 70, 58, 61, 11, 10, 59, 8, 27, 6, 7, 9, 14, 12, 44, 43, 35, 36, 37, 63, 40, 42, 69, 41, 38, 34];3185.0
9185.0;[6, 10, 11, 13, 14, 15, 16, 17, 0, 58, 61, 59, 49, 47, 48, 51, 50, 67, 53, 28, 66, 12, 19, 20, 23, 60, 36, 55, 56, 65, 1, 2, 43, 32, 33, 26, 64, 70, 57, 40, 42, 69, 41, 38, 35, 34, 37, 63, 39, 68, 46, 54, 3, 4, 5, 44, 45, 62, 52, 31, 30, 29, 24, 18, 21, 22, 8, 7, 9, 27, 25];3428.0
10026.0;[56, 45, 44, 43, 42, 32, 17, 66, 13, 0, 46, 47, 38, 34, 36, 60, 22, 18, 21, 33, 35, 69, 41, 37, 63, 64, 25, 10, 61, 52, 62, 53, 65, 2, 5, 24, 26, 23, 20, 1, 4, 8, 7, 11, 9, 27, 6, 14, 15, 12, 16, 19, 28, 29, 31, 30, 70, 3, 59, 57, 58, 54, 51, 50, 67, 49, 48, 39, 40, 68, 55];3326.0
9651.0;[32, 26, 22, 33, 23, 19, 1, 2, 45, 53, 52, 46, 47, 39, 40, 60, 35, 34, 69, 38, 36, 63, 54, 57, 56, 3, 8, 7, 9, 10, 11, 17, 28, 0, 44, 65, 31, 30, 29, 24, 66, 12, 15, 16, 18, 21, 64, 43, 42, 41, 37, 68, 62, 49, 48, 51, 50, 67, 55, 70, 58, 61, 59, 4, 5, 25, 6, 13, 27, 14, 20];2966.0
10199.0;[33, 35, 69, 41, 37, 38, 36, 40, 3, 4, 0, 31, 30, 29, 24, 64, 18, 20, 21, 32, 23, 26, 22, 13, 27, 17, 1, 5, 2, 43, 42, 34, 63, 68, 46, 54, 55, 56, 52, 53, 70, 25, 6, 7, 9, 11, 10, 58, 61, 57, 59, 8, 66, 12, 14, 15, 19, 16, 28, 65, 44, 45, 62, 49, 51, 50, 67, 47, 48, 39, 60];2909.0
9752.0;[35, 34, 26, 18, 21, 70, 3, 4, 5, 1, 2, 57, 56, 46, 47, 38, 36, 37, 39, 48, 51, 52, 65, 44, 43, 42, 32, 17, 28, 68, 62, 49, 50, 67, 30, 31, 29, 24, 64, 66, 13, 27, 25, 6, 10, 61, 58, 59, 8, 11, 12, 15, 16, 19, 14, 0, 45, 53, 54, 55, 7, 9, 23, 20, 22, 69, 41, 63, 40, 60, 33];3453.0
9000.0;[18, 21, 0, 1, 2, 4, 8, 7, 10, 11, 9, 17, 64, 26, 22, 24, 29, 30, 31, 41, 40, 68, 53, 28, 25, 27, 19, 16, 14, 13, 66, 12, 15, 33, 69, 37, 63, 36, 38, 34, 60, 23, 20, 6, 61, 59, 57, 58, 70, 3, 5, 65, 45, 44, 43, 42, 50, 67, 48, 51, 54, 55, 56, 52, 46, 62, 49, 47, 39, 35, 32];3220.0
10594.0;[7, 9, 45, 62, 54, 56, 70, 67, 49, 55, 3, 59, 8, 58, 61, 57, 51, 50, 52, 53, 69, 41, 40, 37, 38, 36, 63, 68, 46, 43, 42, 20, 21, 18, 19, 16, 66, 12, 15, 14, 6, 13, 17, 64, 24, 29, 30, 31, 28, 0, 65, 44, 34, 33, 35, 32, 26, 22, 23, 60, 39, 47, 48, 4, 5, 1, 2, 25, 27, 11, 10];3167.0
9813.0;[19, 16, 28, 0, 1, 70, 59, 7, 9, 24, 29, 30, 31, 2, 5, 65, 35, 34, 33, 69, 41, 68, 46, 52, 53, 44, 45, 43, 42, 37, 63, 40, 49, 47, 39, 36, 38, 60, 32, 26, 22, 23, 20, 21, 17, 12, 11, 10, 58, 61, 57, 62, 54, 50, 67, 48, 51, 55, 56, 3, 4, 8, 13, 64, 25, 27, 6, 66, 14, 15, 18];2722.0
9879.0;[12, 54, 52, 46, 42, 17, 64, 2, 59, 56, 3, 5, 30, 29, 31, 0, 65, 1, 4, 7, 9, 25, 27, 6, 15, 20, 21, 69, 38, 36, 39, 47, 48, 67, 23, 60, 33, 34, 35, 32, 26, 22, 18, 19, 16, 24, 28, 44, 45, 53, 43, 41, 37, 63, 40, 68, 62, 49, 51, 50, 55, 70, 57, 58, 61, 8, 10, 11, 13, 66, 14];3189.0
9894.0;[60, 35, 69, 40, 68, 52, 53, 44, 23, 20, 22, 66, 14, 0, 1, 3, 8, 59, 4, 28, 24, 64, 17, 18, 21, 33, 34, 36, 37, 43, 41, 63, 42, 32, 26, 25, 10, 11, 13, 29, 30, 31, 49, 51, 55, 56, 62, 48, 67, 50, 54, 5, 2, 70, 57, 58, 61, 7, 9, 27, 6, 12, 15, 19, 16, 65, 45, 46, 47, 39, 38];3305.0
9334.0;[37, 63, 0, 24, 23, 60, 69, 41, 58, 61, 59, 57, 52, 53, 44, 1, 2, 5, 43, 42, 34, 35, 32, 26, 22, 64, 17, 66, 12, 15, 16, 28, 29, 30, 31, 65, 45, 49, 47, 18, 19, 20, 21, 33, 36, 38, 39, 50, 67, 48, 51, 55, 56, 40, 68, 46, 62, 54, 70, 3, 8, 7, 14, 13, 25, 27, 6, 9, 10, 11, 4];3314.0
8944.0;[18, 19, 16, 28, 44, 45, 54, 55, 70, 57, 56, 52, 37, 63, 43, 42, 17, 9, 10, 7, 66, 14, 12, 15, 20, 35, 34, 39, 48, 67, 49, 47, 40, 32, 26, 23, 60, 33, 69, 41, 38, 36, 3, 5, 24, 25, 27, 6, 13, 64, 68, 46, 62, 31, 30, 29, 0, 65, 1, 2, 4, 8, 11, 61, 59, 58, 51, 50, 53, 21, 22];3385.0
9753.0;[61, 59, 1, 2, 26, 17, 0, 45, 53, 70, 57, 58, 56, 3, 5, 28, 66, 13, 25, 27, 6, 37, 63, 69, 41, 40, 68, 54, 50, 67, 39, 36, 38, 60, 33, 32, 22, 24, 29, 30, 31, 46, 62, 52, 49, 47, 48, 51, 55, 4, 8, 7, 14, 12, 15, 18, 19, 16, 64, 65, 44, 43, 42, 35, 34, 23, 20, 21, 9, 11, 10];3184.0
9656.0;[14, 70, 57, 38, 34, 36, 37, 60, 33, 44, 53, 43, 62, 52, 30, 24, 29, 31, 65, 45, 46, 49, 48, 51, 55, 56, 3, 4, 8, 12, 15, 16, 18, 23, 35, 69, 41, 63, 40, 68, 54, 50, 67, 47, 39, 42, 32, 26, 0, 1, 2, 58, 61, 59, 5, 28, 64, 21, 22, 25, 27, 13, 6, 7, 10, 11, 9, 17, 19, 20, 66];3281.0
9575.0;[53, 28, 0, 29, 30, 31, 1, 5, 2, 3, 4, 8, 15, 16, 17, 64, 24, 26, 23, 60, 33, 35, 69, 41, 70, 57, 56, 46, 62, 47, 39, 40, 37, 38, 36, 63, 34, 32, 18, 19, 20, 21, 22, 13, 66, 14, 12, 11, 10, 61, 59, 25, 27, 6, 7, 9, 58, 51, 67, 49, 48, 50, 54, 55, 52, 44, 65, 45, 43, 42, 68];2832.0
9988.0;[25, 6, 28, 45, 53, 3, 57, 56, 52, 65, 1, 2, 5, 27, 11, 10, 7, 18, 21, 19, 9, 13, 0, 43, 41, 38, 60, 26, 64, 17, 24, 22, 33, 34, 36, 40, 68, 62, 51, 50, 54, 44, 42, 32, 23, 20, 63, 46, 67, 49, 31, 30, 29, 66, 14, 12, 15, 16, 35, 69, 37, 39, 47, 48, 55, 70, 58, 61, 8, 59, 4];3518.0
9882.0;[31, 4, 8, 59, 24, 26, 28, 2, 5, 25, 27, 66, 15, 19, 16, 14, 12, 45, 65, 62, 52, 53, 44, 69, 41, 68, 46, 40, 32, 22, 18, 23, 20, 21, 17, 64, 0, 1, 56, 70, 51, 50, 67, 49, 48, 54, 55, 3, 58, 61, 57, 43, 42, 35, 34, 37, 38, 36, 63, 47, 39, 60, 33, 6, 7, 10, 11, 9, 13, 29, 30];3307.0
9374.0;[69, 41, 47, 39, 48, 67, 49, 50, 54, 51, 55, 56, 70, 3, 5, 2, 24, 26, 23, 60, 37, 38, 35, 34, 36, 63, 68, 62, 52, 53, 1, 4, 8, 59, 7, 19, 20, 21, 22, 17, 13, 64, 29, 30, 31, 46, 40, 42, 33, 32, 25, 27, 6, 66, 14, 12, 15, 16, 18, 28, 0, 65, 45, 58, 61, 57, 9, 11, 10, 44, 43];3082.0
10134.0;[13, 11, 56, 52, 42, 23, 21, 66, 12, 14, 15, 16, 18, 19, 20, 69, 41, 63, 32, 26, 22, 17, 64, 24, 1, 2, 5, 29, 30, 31, 43, 60, 33, 35, 34, 40, 68, 50, 67, 39, 38, 36, 37, 46, 62, 49, 47, 48, 51, 54, 55, 70, 57, 3, 4, 44, 45, 53, 65, 0, 28, 25, 27, 6, 10, 58, 61, 59, 8, 7, 9];2942.0
10151.0;[66, 14, 12, 15, 40, 68, 58, 61, 59, 8, 70, 57, 56, 46, 54, 50, 45, 53, 37, 38, 36, 63, 62, 52, 65, 18, 19, 16, 25, 6, 13, 24, 29, 30, 1, 2, 44, 43, 42, 33, 32, 23, 20, 21, 22, 17, 64, 28, 31, 49, 67, 47, 48, 51, 55, 7, 27, 9, 10, 11, 3, 4, 5, 0, 69, 41, 39, 35, 34, 60, 26];3497.0
9612.0;[15, 1, 70, 57, 56, 42, 32, 26, 17, 64, 18, 21, 22, 0, 65, 43, 35, 60, 33, 23, 19, 16, 28, 45, 53, 44, 31, 30, 29, 24, 66, 14, 13, 27, 6, 20, 34, 36, 37, 38, 69, 41, 63, 68, 46, 3, 8, 7, 10, 11, 58, 61, 59, 4, 5, 2, 52, 62, 49, 48, 51, 50, 67, 47, 39, 40, 54, 55, 25, 9, 12];3080.0
9087.0;[44, 14, 16, 24, 29, 1, 70, 57, 67, 49, 51, 65, 30, 31, 45, 53, 43, 41, 34, 33, 26, 18, 21, 47, 39, 42, 35, 69, 37, 63, 40, 38, 36, 68, 54, 55, 3, 4, 5, 2, 8, 59, 56, 0, 28, 17, 66, 12, 15, 19, 20, 23, 60, 32, 22, 64, 25, 9, 13, 27, 6, 7, 11, 10, 58, 61, 46, 62, 48, 50, 52];3185.0
10115.0;[8, 59, 31, 30, 29, 24, 64, 18, 22, 37, 39, 47, 65, 0, 44, 45, 53, 43, 35, 34, 32, 26, 33, 36, 63, 40, 68, 46, 42, 69, 41, 38, 60, 23, 19, 62, 48, 67, 49, 50, 54, 55, 70, 57, 51, 52, 1, 2, 5, 28, 12, 15, 16, 20, 21, 17, 66, 14, 13, 58, 61, 56, 3, 4, 25, 27, 6, 7, 9, 11, 10];3186.0
10361.0;[21, 28, 46, 40, 68, 62, 52, 67, 47, 39, 34, 32, 26, 17, 27, 9, 65, 44, 70, 57, 58, 61, 59, 8, 4, 1, 2, 5, 31, 30, 29, 25, 6, 7, 11, 10, 45, 53, 43, 42, 49, 48, 51, 50, 54, 55, 56, 3, 0, 24, 64, 19, 16, 66, 14, 13, 12, 15, 20, 23, 60, 33, 35, 69, 41, 37, 38, 36, 63, 22, 18];3032.0
9761.0;[64, 44, 35, 69, 41, 52, 30, 29, 31, 37, 63, 40, 46, 53, 1, 2, 45, 62, 54, 65, 19, 16, 12, 11, 10, 58, 61, 7, 9, 66, 14, 15, 18, 21, 60, 32, 33, 34, 36, 38, 39, 55, 57, 56, 43, 42, 68, 70, 3, 4, 5, 0, 28, 24, 25, 27, 6, 59, 8, 51, 49, 48, 50, 67, 47, 26, 22, 23, 20, 13, 17];3579.0
9813.0;[22, 44, 53, 45, 62, 56, 57, 8, 13, 27, 66, 14, 12, 15, 16, 1, 4, 5, 2, 42, 37, 38, 32, 26, 64, 31, 30, 29, 24, 25, 6, 10, 11, 9, 28, 0, 65, 43, 69, 41, 63, 54, 70, 3, 17, 18, 19, 20, 23, 60, 34, 33, 35, 36, 50, 52, 46, 47, 39, 40, 68, 49, 67, 48, 51, 55, 58, 61, 59, 7, 21];3328.0
9703.0;[61, 44, 69, 41, 52, 53, 46, 62, 43, 42, 35, 32, 25, 27, 6, 11, 58, 55, 56, 0, 28, 66, 14, 12, 24, 30, 29, 31, 1, 2, 5, 65, 45, 49, 47, 39, 48, 51, 50, 67, 38, 36, 37, 63, 40, 68, 54, 70, 57, 3, 4, 59, 8, 7, 15, 16, 19, 20, 23, 60, 34, 33, 26, 64, 17, 18, 21, 22, 13, 9, 10];3104.0
10322.0;[67, 64, 21, 32, 26, 22, 11, 58, 51, 53, 44, 1, 2, 62, 49, 47, 39, 42, 35, 36, 40, 37, 63, 69, 41, 38, 34, 60, 33, 23, 20, 66, 12, 14, 27, 6, 13, 29, 30, 24, 25, 10, 61, 57, 52, 46, 54, 55, 4, 5, 31, 45, 56, 70, 3, 59, 8, 7, 9, 15, 18, 19, 16, 17, 28, 0, 65, 43, 68, 48, 50];3293.0
9729.0;[65, 54, 52, 46, 37, 40, 62, 48, 51, 31, 24, 26, 66, 12, 11, 59, 4, 43, 34, 60, 33, 22, 32, 23, 20, 45, 53, 70, 57, 50, 67, 49, 47, 39, 38, 36, 63, 68, 30, 29, 64, 14, 15, 16, 19, 18, 21, 9, 10, 58, 61, 8, 56, 44, 42, 35, 69, 41, 55, 3, 5, 25, 27, 6, 7, 13, 17, 28, 1, 2, 0];3512.0
9944.0;[41, 63, 40, 58, 61, 11, 10, 59, 57, 54, 55, 56, 4, 8, 7, 9, 45, 46, 52, 53, 65, 12, 15, 16, 18, 21, 23, 19, 20, 43, 42, 32, 26, 22, 17, 31, 30, 29, 24, 66, 14, 64, 25, 27, 6, 13, 28, 70, 3, 5, 0, 1, 2, 44, 67, 49, 47, 68, 62, 48, 51, 50, 39, 38, 60, 33, 35, 34, 36, 37, 69];3195.0
9516.0;[64, 28, 0, 1, 2, 4, 8, 7, 59, 57, 34, 60, 33, 32, 26, 17, 14, 13, 43, 42, 22, 25, 6, 24, 29, 65, 70, 3, 5, 45, 46, 37, 38, 36, 63, 40, 68, 49, 50, 67, 48, 51, 54, 55, 53, 44, 31, 30, 18, 21, 66, 12, 15, 16, 27, 9, 11, 10, 58, 61, 56, 52, 62, 47, 39, 35, 69, 41, 23, 19, 20];3256.0
10079.0;[22, 18, 42, 68, 62, 52, 45, 53, 65, 31, 30, 29, 24, 17, 66, 14, 12, 11, 10, 54, 55, 56, 70, 58, 61, 59, 8, 7, 9, 27, 6, 13, 1, 2, 5, 25, 15, 16, 21, 64, 28, 0, 44, 43, 49, 67, 48, 51, 50, 3, 57, 4, 26, 19, 20, 23, 60, 33, 35, 38, 34, 69, 41, 36, 37, 63, 40, 46, 47, 39, 32];3127.0
9741.0;[21, 4, 5, 65, 43, 37, 36, 63, 68, 53, 44, 49, 51, 52, 18, 22, 64, 1, 2, 25, 24, 29, 30, 31, 23, 60, 32, 26, 66, 13, 17, 28, 0, 45, 46, 40, 42, 41, 38, 34, 33, 35, 69, 39, 48, 50, 67, 47, 62, 54, 55, 70, 56, 3, 57, 8, 11, 10, 58, 61, 59, 7, 27, 6, 9, 14, 12, 16, 19, 15, 20];3310.0
10239.0;[10, 58, 57, 70, 0, 24, 64, 15, 16, 14, 13, 66, 12, 11, 61, 59, 8, 3, 4, 5, 29, 30, 31, 1, 2, 44, 45, 46, 38, 34, 35, 69, 68, 50, 67, 49, 48, 51, 52, 53, 43, 32, 26, 60, 33, 41, 37, 36, 63, 42, 23, 20, 21, 22, 18, 19, 17, 28, 65, 56, 47, 39, 40, 62, 54, 55, 25, 27, 6, 7, 9];3098.0
9911.0;[46, 52, 53, 45, 40, 68, 62, 49, 47, 69, 41, 63, 54, 55, 56, 70, 3, 4, 10, 58, 61, 51, 50, 19, 20, 22, 1, 2, 5, 0, 43, 42, 35, 36, 39, 48, 67, 38, 33, 32, 26, 25, 27, 6, 17, 64, 24, 28, 29, 30, 31, 44, 65, 57, 59, 8, 7, 9, 11, 13, 66, 14, 12, 15, 16, 18, 21, 23, 60, 34, 37];3071.0
9839.0;[17, 64, 28, 0, 44, 45, 62, 46, 34, 35, 69, 41, 38, 36, 47, 39, 60, 15, 16, 1, 2, 4, 5, 24, 26, 18, 19, 25, 59, 8, 56, 70, 57, 58, 61, 67, 49, 50, 52, 53, 65, 29, 30, 31, 43, 42, 32, 23, 20, 21, 22, 33, 37, 63, 40, 68, 48, 51, 54, 55, 3, 7, 10, 11, 9, 66, 14, 12, 13, 27, 6];3153.0
9352.0;[28, 24, 29, 31, 30, 1, 57, 58, 61, 43, 35, 34, 63, 68, 46, 62, 47, 39, 19, 20, 22, 17, 64, 18, 21, 2, 70, 59, 8, 7, 9, 66, 14, 12, 15, 16, 27, 6, 65, 45, 49, 50, 67, 51, 54, 55, 56, 3, 4, 25, 11, 10, 13, 23, 60, 33, 69, 41, 38, 36, 40, 37, 48, 52, 53, 5, 0, 44, 42, 32, 26];3266.0
9908.0;[15, 11, 59, 5, 0, 50, 67, 51, 53, 45, 47, 39, 68, 46, 62, 54, 3, 8, 57, 52, 44, 65, 43, 42, 34, 35, 69, 37, 36, 63, 32, 26, 24, 30, 29, 31, 1, 2, 25, 27, 6, 7, 17, 28, 64, 41, 40, 49, 48, 55, 56, 70, 4, 23, 20, 21, 22, 18, 19, 16, 14, 13, 9, 10, 58, 61, 38, 60, 33, 66, 12];3411.0
10589.0;[47, 39, 46, 53, 65, 1, 2, 45, 49, 48, 51, 44, 31, 30, 64, 18, 21, 60, 33, 32, 22, 28, 29, 57, 56, 4, 5, 0, 25, 12, 15, 16, 19, 24, 26, 23, 20, 17, 13, 70, 3, 59, 8, 7, 9, 11, 10, 58, 61, 37, 38, 36, 63, 40, 68, 62, 54, 55, 52, 43, 42, 69, 41, 34, 35, 66, 14, 27, 6, 50, 67];3343.0
10117.0;[19, 17, 1, 2, 8, 13, 66, 14, 44, 45, 53, 46, 54, 4, 5, 18, 21, 22, 64, 24, 0, 70, 57, 58, 61, 43, 69, 41, 38, 39, 47, 55, 56, 3, 59, 10, 11, 12, 20, 23, 60, 34, 36, 42, 35, 32, 26, 33, 37, 63, 40, 68, 62, 52, 29, 30, 31, 48, 51, 67, 49, 50, 65, 28, 25, 27, 6, 7, 9, 15, 16];3369.0
10528.0;[21, 45, 52, 53, 44, 42, 41, 37, 34, 35, 69, 63, 1, 5, 2, 0, 30, 31, 29, 24, 25, 14, 20, 23, 19, 16, 54, 51, 50, 67, 47, 39, 36, 38, 60, 33, 22, 17, 64, 66, 12, 15, 70, 57, 58, 61, 56, 40, 68, 46, 62, 49, 48, 55, 3, 4, 8, 59, 27, 6, 7, 10, 11, 9, 13, 28, 65, 43, 32, 26, 18];3208.0
10543.0;[70, 3, 28, 64, 25, 61, 52, 54, 67, 50, 65, 1, 2, 5, 0, 31, 29, 30, 24, 17, 18, 19, 20, 21, 22, 32, 26, 45, 49, 48, 51, 55, 56, 4, 8, 7, 10, 59, 46, 47, 39, 36, 63, 40, 68, 62, 53, 44, 43, 42, 35, 69, 41, 37, 38, 60, 33, 34, 23, 15, 16, 27, 6, 9, 13, 14, 66, 12, 11, 58, 57];3122.0
9585.0;[61, 70, 56, 52, 46, 62, 43, 42, 15, 16, 2, 8, 7, 13, 64, 1, 3, 57, 58, 59, 9, 66, 14, 12, 45, 49, 51, 53, 35, 26, 22, 24, 28, 29, 31, 30, 44, 65, 0, 18, 19, 20, 21, 23, 60, 36, 68, 54, 55, 4, 5, 69, 41, 63, 40, 37, 38, 39, 48, 50, 67, 47, 34, 33, 32, 17, 25, 27, 6, 11, 10];3476.0
9271.0;[28, 45, 50, 67, 44, 30, 31, 29, 18, 21, 34, 35, 36, 63, 62, 51, 54, 55, 32, 33, 69, 41, 26, 17, 24, 2, 70, 3, 52, 53, 65, 1, 5, 43, 42, 37, 38, 60, 66, 14, 6, 7, 9, 20, 22, 23, 19, 11, 10, 58, 61, 25, 27, 12, 15, 16, 13, 64, 4, 8, 59, 57, 56, 49, 48, 39, 47, 40, 68, 46, 0];3772.0
8960.0;[0, 44, 45, 39, 38, 22, 18, 16, 12, 11, 58, 61, 4, 28, 24, 26, 34, 36, 46, 62, 52, 53, 1, 2, 5, 30, 31, 29, 49, 50, 67, 47, 48, 51, 54, 55, 56, 70, 57, 3, 65, 43, 63, 40, 68, 42, 32, 33, 35, 69, 41, 37, 60, 23, 19, 15, 20, 21, 25, 27, 6, 7, 9, 10, 59, 8, 66, 14, 13, 17, 64];3163.0
9907.0;[53, 0, 31, 1, 8, 7, 9, 24, 29, 30, 28, 21, 22, 17, 14, 13, 18, 33, 35, 69, 41, 40, 65, 2, 4, 5, 64, 19, 16, 25, 6, 27, 10, 11, 58, 61, 47, 39, 38, 36, 37, 63, 52, 45, 44, 43, 42, 32, 26, 66, 12, 15, 20, 23, 60, 34, 68, 54, 55, 56, 70, 3, 59, 57, 46, 62, 67, 49, 48, 51, 50];3161.0
8964.0;[16, 43, 41, 40, 42, 64, 24, 26, 33, 69, 68, 3, 4, 8, 11, 59, 57, 46, 62, 54, 58, 61, 56, 52, 53, 45, 65, 0, 28, 29, 30, 31, 49, 48, 51, 55, 70, 7, 13, 66, 14, 12, 17, 1, 2, 5, 44, 34, 35, 32, 23, 20, 18, 21, 25, 27, 6, 9, 10, 50, 67, 47, 39, 36, 63, 37, 38, 60, 22, 19, 15];3449.0
10257.0;[2, 9, 11, 10, 61, 53, 31, 30, 24, 25, 27, 6, 66, 12, 15, 16, 21, 28, 29, 45, 46, 47, 39, 42, 43, 35, 34, 36, 38, 33, 32, 26, 22, 64, 0, 65, 1, 70, 58, 8, 59, 57, 56, 3, 5, 4, 7, 14, 13, 17, 18, 19, 20, 23, 60, 69, 41, 37, 63, 40, 68, 62, 49, 48, 67, 51, 50, 54, 55, 52, 44];2856.0
10428.0;[38, 18, 19, 16, 14, 12, 17, 64, 24, 26, 33, 34, 60, 32, 13, 27, 6, 11, 56, 52, 62, 54, 55, 31, 30, 29, 28, 47, 48, 2, 5, 0, 45, 53, 44, 65, 1, 25, 10, 59, 57, 58, 61, 42, 41, 37, 39, 40, 68, 49, 67, 51, 50, 43, 35, 69, 63, 46, 70, 3, 4, 8, 7, 9, 66, 15, 20, 21, 22, 23, 36];3447.0
9793.0;[0, 30, 29, 31, 65, 43, 35, 60, 26, 17, 45, 62, 46, 54, 55, 3, 8, 59, 4, 5, 1, 2, 28, 24, 64, 18, 19, 16, 13, 6, 7, 10, 57, 56, 52, 53, 69, 41, 40, 42, 32, 23, 20, 66, 14, 12, 15, 21, 22, 33, 34, 68, 49, 67, 47, 38, 36, 37, 63, 39, 48, 51, 50, 44, 25, 27, 9, 11, 58, 61, 70];3126.0
9944.0;[66, 12, 15, 21, 32, 26, 10, 50, 52, 44, 43, 42, 46, 70, 57, 58, 61, 59, 13, 18, 19, 16, 14, 17, 28, 45, 53, 65, 31, 0, 1, 2, 5, 62, 49, 48, 51, 67, 47, 39, 36, 38, 60, 33, 23, 20, 22, 64, 29, 30, 24, 25, 27, 6, 34, 35, 69, 41, 37, 63, 40, 68, 54, 55, 56, 3, 4, 8, 7, 11, 9];3081.0
9442.0;[13, 45, 46, 62, 52, 35, 34, 49, 48, 55, 5, 1, 2, 44, 32, 26, 22, 0, 70, 57, 58, 51, 67, 50, 53, 65, 28, 15, 16, 66, 14, 12, 11, 10, 61, 59, 56, 3, 4, 8, 7, 9, 31, 30, 29, 24, 64, 17, 21, 18, 19, 20, 23, 60, 33, 69, 38, 36, 37, 47, 39, 40, 43, 42, 41, 63, 68, 54, 25, 27, 6];3239.0
10399.0;[17, 65, 43, 63, 40, 68, 42, 27, 6, 66, 14, 12, 24, 26, 18, 19, 20, 21, 22, 64, 29, 30, 31, 44, 45, 53, 1, 3, 7, 9, 13, 28, 0, 25, 11, 10, 58, 51, 50, 52, 46, 62, 49, 48, 55, 56, 61, 8, 59, 4, 5, 2, 70, 57, 54, 67, 47, 39, 38, 60, 33, 35, 69, 41, 36, 37, 34, 32, 23, 15, 16];3055.0
10027.0;[54, 70, 3, 4, 44, 45, 53, 42, 41, 38, 34, 36, 63, 23, 19, 16, 18, 17, 66, 14, 9, 10, 11, 13, 28, 43, 35, 60, 33, 32, 26, 25, 27, 6, 0, 65, 1, 2, 5, 58, 61, 59, 57, 56, 46, 40, 68, 62, 52, 69, 37, 39, 47, 48, 50, 67, 49, 51, 55, 8, 7, 12, 15, 20, 21, 22, 64, 24, 29, 31, 30];3049.0
10134.0;[37, 65, 44, 34, 33, 35, 69, 63, 40, 42, 41, 38, 60, 23, 20, 22, 66, 14, 27, 6, 10, 61, 57, 52, 53, 43, 32, 26, 64, 28, 0, 45, 46, 62, 49, 47, 39, 68, 54, 70, 59, 12, 15, 16, 19, 17, 1, 8, 7, 9, 11, 58, 51, 48, 50, 67, 55, 56, 3, 4, 5, 2, 31, 30, 29, 24, 25, 13, 18, 21, 36];3193.0
10004.0;[26, 2, 5, 0, 14, 66, 12, 6, 9, 13, 21, 32, 23, 19, 16, 28, 44, 47, 39, 43, 42, 35, 34, 36, 37, 68, 31, 29, 30, 24, 64, 17, 18, 22, 25, 27, 10, 11, 61, 59, 8, 57, 58, 51, 50, 45, 53, 65, 1, 70, 56, 52, 46, 62, 49, 48, 67, 54, 55, 3, 4, 7, 15, 20, 60, 33, 69, 41, 63, 40, 38];3352.0
9774.0;[40, 46, 52, 65, 28, 64, 25, 27, 13, 6, 9, 10, 11, 12, 15, 19, 20, 33, 36, 38, 60, 32, 26, 66, 14, 24, 29, 31, 30, 45, 53, 44, 57, 58, 61, 59, 5, 0, 1, 2, 70, 56, 62, 67, 49, 48, 51, 50, 54, 55, 3, 4, 8, 7, 17, 18, 21, 22, 23, 16, 43, 42, 34, 35, 69, 41, 63, 68, 47, 39, 37];2929.0
10360.0;[22, 66, 13, 64, 45, 53, 43, 69, 41, 39, 51, 46, 62, 54, 3, 8, 7, 9, 17, 28, 0, 65, 1, 70, 57, 58, 61, 4, 5, 25, 27, 6, 11, 10, 59, 2, 44, 42, 68, 49, 47, 48, 50, 67, 55, 56, 52, 40, 63, 38, 36, 37, 60, 33, 34, 35, 23, 19, 16, 14, 12, 15, 20, 21, 24, 29, 31, 30, 32, 26, 18];2960.0
9022.0;[28, 45, 62, 53, 43, 32, 26, 10, 58, 54, 55, 70, 57, 56, 52, 44, 65, 0, 12, 15, 19, 20, 21, 13, 27, 6, 9, 66, 14, 16, 17, 41, 63, 40, 68, 46, 51, 50, 67, 49, 47, 48, 39, 64, 24, 29, 30, 31, 1, 2, 3, 5, 25, 11, 61, 8, 59, 4, 7, 18, 23, 60, 33, 35, 34, 69, 38, 36, 37, 42, 22];3280.0
10013.0;[39, 23, 20, 65, 44, 62, 49, 47, 40, 42, 32, 26, 24, 28, 1, 2, 5, 0, 29, 30, 31, 43, 35, 34, 69, 41, 37, 63, 68, 52, 53, 46, 51, 48, 36, 38, 60, 33, 25, 27, 6, 13, 45, 54, 55, 70, 57, 56, 3, 4, 8, 7, 14, 12, 15, 19, 16, 64, 18, 21, 22, 17, 66, 9, 11, 10, 61, 59, 58, 50, 67];3138.0
9194.0;[18, 46, 62, 57, 56, 52, 49, 48, 67, 47, 39, 43, 42, 35, 34, 36, 38, 37, 68, 65, 1, 2, 8, 10, 58, 61, 59, 4, 0, 45, 53, 31, 30, 29, 24, 17, 12, 15, 16, 19, 66, 14, 64, 25, 27, 6, 7, 9, 11, 13, 28, 44, 51, 50, 54, 55, 70, 3, 5, 23, 20, 21, 22, 60, 33, 69, 41, 63, 40, 32, 26];3084.0
10346.0;[69, 41, 63, 39, 40, 36, 37, 38, 34, 22, 19, 20, 21, 12, 15, 16, 28, 45, 53, 25, 27, 6, 13, 66, 14, 24, 29, 30, 43, 42, 32, 26, 17, 64, 0, 1, 70, 4, 5, 2, 44, 31, 65, 46, 68, 55, 56, 3, 59, 8, 52, 62, 67, 49, 47, 48, 51, 50, 54, 57, 58, 61, 7, 11, 9, 10, 18, 23, 60, 33, 35];3047.0
10234.0;[68, 53, 44, 43, 42, 69, 41, 40, 65, 31, 30, 14, 15, 36, 38, 66, 12, 11, 10, 61, 56, 52, 62, 54, 55, 4, 5, 0, 25, 27, 6, 24, 29, 45, 46, 48, 51, 50, 67, 49, 47, 39, 32, 26, 16, 18, 22, 33, 34, 35, 60, 23, 19, 20, 21, 64, 28, 1, 2, 70, 3, 57, 58, 59, 8, 7, 9, 13, 17, 37, 63];3301.0
9644.0;[15, 19, 16, 24, 29, 30, 31, 35, 36, 70, 58, 67, 50, 1, 5, 2, 4, 7, 9, 13, 28, 0, 37, 63, 68, 54, 46, 47, 39, 40, 42, 26, 22, 21, 17, 64, 66, 14, 12, 11, 10, 61, 57, 56, 52, 53, 44, 45, 65, 62, 49, 48, 51, 55, 3, 8, 59, 43, 69, 41, 38, 34, 33, 32, 23, 60, 18, 20, 25, 27, 6];3393.0
9433.0;[36, 37, 44, 45, 53, 1, 2, 3, 4, 25, 27, 10, 11, 46, 62, 54, 51, 52, 65, 5, 0, 28, 31, 43, 42, 68, 70, 8, 7, 26, 22, 23, 20, 21, 34, 60, 63, 40, 55, 57, 58, 61, 59, 56, 49, 48, 50, 67, 47, 39, 14, 6, 9, 13, 29, 30, 24, 64, 66, 12, 15, 16, 17, 19, 18, 32, 33, 35, 69, 41, 38];3423.0
10041.0;[1, 2, 44, 42, 63, 68, 40, 32, 0, 70, 3, 4, 5, 43, 37, 38, 36, 39, 34, 35, 69, 41, 53, 57, 58, 61, 7, 13, 28, 31, 29, 30, 24, 23, 60, 33, 26, 22, 64, 17, 66, 14, 16, 18, 19, 20, 21, 25, 27, 6, 65, 45, 46, 50, 67, 49, 47, 48, 51, 52, 62, 54, 55, 56, 59, 8, 10, 11, 9, 12, 15];3181.0
9872.0;[62, 54, 55, 70, 57, 59, 8, 7, 28, 0, 37, 63, 40, 3, 4, 30, 31, 1, 2, 5, 25, 27, 6, 13, 64, 24, 29, 43, 35, 69, 41, 38, 33, 32, 26, 9, 11, 10, 58, 61, 44, 45, 53, 42, 68, 65, 17, 66, 14, 12, 15, 16, 19, 20, 21, 22, 18, 23, 60, 34, 36, 39, 47, 48, 67, 49, 51, 50, 56, 52, 46];2937.0
10169.0;[41, 60, 33, 63, 52, 44, 45, 53, 28, 66, 14, 1, 5, 65, 46, 51, 55, 56, 70, 3, 59, 4, 25, 27, 6, 0, 31, 42, 47, 39, 67, 49, 48, 50, 2, 8, 12, 15, 20, 22, 24, 29, 30, 26, 23, 19, 16, 17, 64, 43, 35, 34, 37, 38, 36, 40, 68, 62, 54, 57, 58, 61, 7, 10, 9, 11, 13, 18, 21, 32, 69];3508.0
10074.0;[52, 31, 30, 46, 54, 57, 56, 40, 68, 62, 44, 45, 53, 29, 28, 24, 26, 33, 22, 1, 70, 3, 4, 64, 18, 19, 16, 15, 20, 21, 23, 60, 36, 39, 47, 48, 55, 5, 2, 0, 65, 43, 41, 38, 34, 35, 69, 37, 63, 42, 32, 17, 66, 14, 12, 6, 7, 13, 27, 25, 9, 10, 11, 61, 8, 59, 58, 51, 50, 67, 49];3203.0
9334.0;[2, 4, 8, 52, 37, 38, 34, 25, 27, 6, 7, 13, 29, 24, 26, 17, 64, 28, 70, 58, 61, 3, 57, 46, 54, 55, 56, 53, 44, 43, 35, 69, 41, 40, 42, 66, 15, 16, 19, 20, 21, 18, 23, 60, 33, 32, 22, 9, 11, 10, 59, 5, 0, 30, 31, 45, 48, 51, 50, 67, 49, 47, 39, 36, 63, 68, 62, 65, 14, 12, 1];3291.0
10463.0;[28, 54, 55, 70, 57, 58, 61, 56, 4, 25, 17, 64, 45, 46, 62, 52, 53, 43, 42, 35, 34, 69, 41, 66, 14, 27, 6, 59, 5, 29, 30, 31, 44, 65, 1, 2, 0, 24, 22, 33, 32, 26, 18, 19, 12, 15, 16, 49, 48, 50, 51, 67, 47, 39, 23, 20, 21, 60, 36, 38, 37, 63, 40, 68, 3, 8, 7, 9, 10, 11, 13];3382.0
9960.0;[29, 54, 55, 70, 56, 52, 53, 44, 45, 65, 5, 25, 6, 43, 69, 63, 42, 17, 18, 19, 16, 66, 14, 12, 15, 24, 26, 34, 35, 60, 33, 32, 22, 23, 20, 21, 64, 28, 0, 41, 38, 36, 39, 47, 48, 50, 1, 2, 3, 4, 59, 8, 62, 49, 51, 67, 57, 58, 61, 11, 10, 7, 9, 13, 27, 37, 40, 68, 46, 31, 30];3448.0
10203.0;[39, 32, 0, 44, 45, 53, 65, 2, 61, 59, 8, 7, 9, 69, 41, 3, 4, 5, 31, 30, 66, 14, 13, 64, 1, 70, 57, 56, 40, 37, 36, 63, 68, 46, 48, 51, 50, 52, 62, 28, 25, 12, 15, 17, 24, 29, 43, 42, 38, 60, 33, 35, 34, 26, 22, 23, 20, 19, 16, 18, 21, 27, 6, 11, 10, 58, 54, 55, 49, 67, 47];3501.0
9036.0;[40, 44, 65, 8, 59, 11, 10, 12, 15, 20, 22, 17, 0, 49, 50, 67, 47, 38, 60, 33, 34, 35, 36, 39, 48, 51, 57, 58, 61, 52, 53, 42, 69, 63, 68, 31, 30, 29, 24, 26, 18, 21, 32, 23, 19, 16, 1, 2, 5, 25, 27, 6, 7, 9, 13, 66, 14, 64, 28, 45, 46, 62, 54, 55, 56, 70, 3, 4, 43, 41, 37];3148.0
9483.0;[24, 1, 57, 56, 44, 65, 62, 49, 50, 67, 48, 51, 55, 59, 8, 7, 30, 29, 31, 0, 43, 42, 26, 17, 64, 18, 19, 20, 21, 22, 66, 12, 15, 16, 28, 2, 70, 3, 4, 5, 35, 34, 36, 38, 33, 69, 41, 40, 68, 54, 58, 61, 52, 53, 45, 46, 47, 39, 37, 63, 60, 32, 23, 25, 6, 14, 27, 10, 11, 9, 13];3240.0
9182.0;[66, 13, 69, 37, 39, 47, 48, 55, 56, 52, 49, 67, 51, 50, 53, 45, 44, 43, 42, 32, 33, 35, 34, 60, 38, 36, 63, 40, 46, 62, 54, 70, 3, 4, 5, 41, 68, 2, 31, 30, 29, 24, 26, 23, 19, 16, 14, 12, 15, 20, 21, 22, 18, 0, 65, 1, 57, 58, 61, 59, 8, 7, 10, 11, 9, 27, 6, 17, 64, 28, 25];3002.0
9153.0;[59, 57, 8, 13, 24, 28, 0, 41, 46, 49, 39, 47, 32, 26, 66, 14, 29, 30, 31, 44, 45, 53, 56, 52, 65, 1, 5, 2, 3, 4, 7, 9, 12, 15, 17, 64, 43, 42, 34, 60, 33, 35, 69, 37, 63, 38, 36, 40, 68, 62, 54, 23, 20, 22, 18, 19, 16, 21, 27, 25, 6, 10, 11, 61, 58, 50, 67, 48, 51, 55, 70];3236.0
9735.0;[27, 31, 45, 53, 62, 51, 50, 44, 42, 68, 49, 48, 67, 47, 39, 38, 36, 37, 34, 18, 19, 6, 9, 10, 11, 13, 0, 43, 32, 26, 22, 17, 64, 66, 14, 41, 63, 40, 46, 54, 55, 52, 65, 1, 4, 8, 7, 12, 15, 16, 21, 33, 35, 69, 60, 23, 20, 28, 2, 3, 57, 56, 70, 58, 61, 59, 5, 30, 29, 24, 25];3343.0
10348.0;[16, 62, 55, 70, 57, 56, 28, 0, 40, 68, 46, 26, 22, 64, 25, 27, 6, 13, 17, 24, 35, 69, 63, 3, 5, 2, 45, 53, 65, 44, 43, 42, 41, 37, 38, 34, 36, 39, 47, 48, 51, 50, 67, 49, 54, 52, 29, 31, 30, 1, 58, 61, 11, 10, 8, 59, 4, 7, 9, 66, 14, 15, 12, 20, 21, 23, 60, 33, 32, 18, 19];3200.0
9336.0;[9, 65, 44, 62, 54, 55, 45, 53, 23, 20, 70, 3, 8, 11, 10, 59, 5, 28, 64, 13, 17, 21, 33, 35, 36, 37, 63, 68, 40, 46, 49, 47, 39, 48, 50, 67, 51, 52, 31, 30, 29, 22, 18, 19, 16, 24, 1, 2, 4, 7, 66, 14, 12, 15, 0, 43, 42, 69, 41, 38, 34, 60, 32, 26, 58, 61, 57, 56, 25, 27, 6];3352.0
9408.0;[54, 55, 56, 4, 8, 7, 9, 45, 53, 70, 3, 43, 32, 26, 22, 66, 14, 13, 44, 37, 38, 68, 65, 1, 2, 28, 64, 24, 29, 31, 30, 17, 12, 15, 18, 20, 21, 0, 62, 50, 67, 49, 47, 39, 42, 23, 19, 16, 25, 27, 6, 11, 10, 61, 52, 46, 48, 51, 57, 58, 59, 5, 34, 35, 36, 60, 33, 69, 41, 63, 40];3415.0
7921.0;[43, 68, 54, 51, 44, 32, 22, 28, 0, 1, 57, 56, 70, 58, 61, 62, 49, 50, 3, 4, 5, 2, 31, 30, 29, 25, 27, 6, 14, 12, 13, 41, 38, 60, 18, 19, 34, 36, 37, 63, 40, 42, 23, 20, 21, 45, 46, 52, 53, 65, 64, 66, 15, 16, 17, 24, 26, 33, 35, 69, 39, 47, 48, 67, 55, 59, 8, 7, 9, 11, 10];3532.0
9214.0;[2, 0, 14, 13, 42, 69, 37, 34, 35, 26, 64, 25, 27, 28, 31, 29, 30, 24, 6, 11, 10, 52, 53, 46, 62, 49, 47, 39, 38, 60, 33, 32, 22, 23, 36, 63, 40, 54, 55, 56, 4, 18, 19, 20, 21, 66, 12, 16, 15, 57, 70, 3, 8, 59, 5, 65, 44, 45, 43, 41, 68, 48, 50, 67, 51, 58, 61, 7, 9, 17, 1];3508.0
9765.0;[9, 13, 66, 14, 17, 64, 1, 70, 3, 28, 24, 0, 59, 57, 58, 61, 56, 40, 42, 32, 26, 22, 19, 20, 23, 60, 33, 35, 69, 41, 38, 36, 68, 51, 67, 49, 39, 47, 48, 50, 52, 45, 53, 65, 2, 4, 5, 30, 29, 31, 44, 43, 34, 37, 63, 46, 62, 54, 55, 8, 7, 27, 6, 12, 15, 16, 18, 21, 25, 10, 11];2866.0
10342.0;[24, 8, 7, 29, 31, 30, 44, 45, 53, 42, 32, 26, 17, 0, 65, 1, 2, 52, 43, 36, 37, 38, 60, 15, 16, 18, 19, 22, 23, 20, 21, 62, 49, 51, 54, 55, 70, 3, 56, 68, 46, 47, 48, 50, 67, 39, 40, 34, 35, 69, 41, 63, 33, 25, 27, 6, 9, 66, 14, 13, 12, 11, 10, 57, 58, 61, 59, 4, 5, 28, 64];3307.0
9381.0;[45, 46, 47, 39, 38, 60, 26, 22, 0, 44, 69, 41, 37, 40, 43, 42, 35, 34, 36, 63, 68, 62, 52, 54, 55, 56, 53, 33, 32, 23, 20, 64, 24, 29, 30, 31, 28, 19, 15, 16, 18, 21, 17, 25, 6, 9, 10, 5, 2, 65, 1, 3, 4, 7, 13, 66, 12, 14, 27, 11, 58, 61, 8, 59, 57, 70, 50, 67, 49, 48, 51];3028.0
9337.0;[64, 19, 20, 17, 66, 14, 48, 67, 49, 51, 50, 25, 27, 44, 45, 53, 62, 54, 52, 69, 41, 35, 34, 33, 28, 29, 30, 31, 1, 2, 70, 3, 57, 58, 11, 10, 61, 5, 24, 22, 23, 60, 32, 26, 12, 15, 16, 18, 21, 0, 65, 43, 42, 37, 38, 36, 63, 40, 68, 46, 47, 39, 55, 56, 4, 59, 8, 7, 9, 6, 13];3320.0
9309.0;[56, 52, 44, 43, 69, 41, 40, 22, 66, 14, 27, 25, 6, 17, 64, 28, 2, 5, 0, 30, 31, 29, 45, 46, 51, 53, 70, 4, 7, 9, 13, 18, 19, 16, 42, 62, 49, 47, 48, 50, 67, 39, 36, 37, 38, 34, 35, 24, 26, 65, 1, 3, 59, 57, 58, 61, 8, 10, 11, 12, 15, 20, 21, 23, 60, 32, 33, 63, 68, 54, 55];3237.0
9869.0;[18, 24, 29, 30, 25, 6, 10, 61, 59, 28, 64, 17, 66, 12, 15, 45, 62, 49, 47, 39, 36, 63, 68, 53, 44, 65, 1, 2, 5, 0, 31, 40, 43, 42, 26, 13, 27, 9, 11, 58, 67, 51, 55, 70, 57, 56, 52, 46, 48, 50, 54, 3, 4, 8, 7, 14, 20, 21, 22, 33, 69, 41, 37, 38, 60, 34, 35, 32, 23, 19, 16];3098.0
9797.0;[66, 50, 67, 32, 19, 16, 28, 2, 5, 0, 44, 43, 42, 47, 39, 40, 37, 38, 36, 34, 35, 26, 14, 12, 15, 20, 22, 64, 24, 29, 30, 31, 65, 45, 46, 49, 48, 51, 52, 62, 53, 1, 70, 57, 56, 3, 25, 27, 6, 18, 21, 23, 60, 33, 69, 41, 63, 68, 54, 55, 4, 8, 9, 11, 10, 58, 61, 59, 7, 13, 17];3118.0
9836.0;[9, 10, 59, 5, 0, 28, 29, 30, 31, 44, 45, 48, 50, 53, 24, 26, 15, 16, 66, 14, 12, 11, 58, 61, 57, 62, 54, 55, 25, 27, 6, 13, 17, 65, 43, 42, 32, 33, 34, 60, 23, 19, 20, 21, 18, 22, 64, 1, 2, 56, 70, 3, 4, 8, 7, 35, 69, 41, 38, 36, 37, 63, 40, 68, 52, 46, 49, 51, 67, 47, 39];3203.0
10317.0;[28, 64, 24, 29, 30, 31, 41, 63, 68, 4, 5, 2, 52, 46, 40, 35, 33, 69, 38, 34, 36, 37, 48, 51, 50, 67, 49, 47, 39, 18, 16, 0, 1, 44, 45, 53, 43, 42, 32, 26, 17, 66, 15, 65, 62, 54, 55, 56, 70, 57, 3, 58, 61, 25, 6, 14, 12, 13, 27, 10, 59, 8, 7, 9, 11, 19, 20, 21, 23, 60, 22];3289.0
9803.0;[52, 42, 32, 64, 24, 29, 30, 31, 65, 8, 11, 9, 10, 4, 5, 18, 21, 25, 27, 6, 13, 14, 1, 2, 70, 56, 47, 39, 23, 20, 35, 69, 41, 38, 60, 26, 22, 33, 40, 51, 50, 67, 53, 44, 43, 34, 36, 37, 63, 68, 62, 54, 3, 7, 66, 12, 15, 16, 19, 17, 28, 0, 45, 46, 49, 48, 55, 57, 58, 61, 59];3458.0
8447.0;[44, 1, 2, 5, 45, 53, 43, 42, 63, 40, 46, 47, 39, 22, 18, 21, 17, 66, 13, 31, 30, 29, 24, 25, 27, 6, 10, 58, 61, 57, 70, 3, 51, 50, 67, 49, 48, 32, 26, 19, 16, 64, 28, 0, 7, 11, 9, 14, 12, 15, 20, 23, 60, 33, 36, 68, 55, 56, 8, 59, 4, 34, 35, 69, 41, 37, 38, 62, 54, 52, 65];3148.0
10360.0;[28, 43, 37, 39, 54, 55, 52, 46, 47, 48, 51, 50, 67, 49, 45, 53, 65, 44, 40, 68, 1, 2, 5, 70, 59, 7, 17, 64, 18, 69, 41, 63, 62, 31, 30, 29, 24, 23, 20, 33, 35, 34, 32, 9, 11, 10, 58, 61, 57, 56, 3, 4, 8, 66, 14, 12, 15, 16, 19, 21, 22, 25, 27, 6, 13, 0, 42, 36, 38, 60, 26];3352.0
10078.0;[45, 70, 59, 14, 12, 16, 17, 13, 64, 1, 57, 58, 51, 50, 49, 67, 47, 26, 0, 43, 69, 41, 37, 39, 42, 63, 40, 68, 62, 48, 44, 28, 24, 30, 29, 31, 65, 2, 5, 3, 4, 8, 66, 15, 20, 21, 22, 23, 60, 36, 38, 34, 35, 33, 32, 18, 19, 25, 27, 6, 7, 9, 10, 11, 61, 56, 52, 46, 54, 55, 53];3262.0
9395.0;[46, 44, 1, 2, 43, 42, 34, 35, 25, 10, 61, 4, 30, 29, 64, 17, 28, 65, 45, 31, 24, 26, 19, 16, 27, 6, 13, 66, 14, 12, 15, 18, 22, 36, 62, 54, 55, 56, 57, 48, 50, 52, 53, 70, 3, 5, 0, 32, 23, 20, 21, 9, 59, 8, 7, 11, 58, 51, 67, 49, 47, 39, 40, 37, 63, 38, 60, 33, 69, 41, 68];3348.0
9551.0;[58, 8, 7, 61, 57, 59, 4, 69, 40, 68, 42, 32, 19, 20, 23, 60, 33, 17, 65, 45, 53, 44, 1, 2, 5, 0, 43, 41, 37, 38, 47, 39, 64, 25, 6, 66, 12, 15, 16, 14, 27, 9, 13, 28, 35, 34, 36, 63, 54, 55, 56, 70, 3, 52, 62, 50, 46, 48, 67, 49, 51, 31, 30, 29, 24, 26, 22, 18, 21, 11, 10];3448.0
10008.0;[68, 58, 61, 52, 53, 44, 28, 24, 30, 29, 31, 65, 45, 54, 70, 57, 59, 4, 1, 2, 8, 7, 9, 64, 0, 43, 49, 50, 67, 48, 51, 55, 56, 3, 5, 26, 23, 60, 69, 41, 37, 38, 34, 35, 36, 63, 46, 40, 42, 32, 33, 22, 17, 18, 25, 27, 66, 14, 12, 15, 16, 19, 20, 21, 13, 6, 10, 11, 62, 47, 39];3217.0
10044.0;[18, 22, 65, 46, 63, 40, 35, 34, 23, 20, 21, 28, 0, 1, 4, 5, 45, 62, 47, 39, 38, 36, 37, 60, 33, 17, 24, 29, 30, 31, 70, 57, 52, 53, 44, 43, 42, 69, 41, 68, 49, 67, 48, 51, 50, 54, 25, 27, 6, 7, 9, 13, 66, 64, 2, 3, 59, 8, 11, 10, 61, 58, 55, 56, 32, 26, 19, 16, 14, 12, 15];3187.0
9812.0;[9, 27, 6, 18, 19, 16, 14, 17, 64, 38, 36, 37, 1, 2, 65, 44, 45, 46, 62, 54, 43, 26, 22, 13, 11, 58, 51, 52, 53, 66, 12, 15, 20, 21, 33, 69, 41, 48, 50, 67, 49, 47, 39, 42, 32, 23, 60, 35, 34, 63, 40, 68, 55, 56, 3, 4, 5, 0, 28, 24, 25, 10, 61, 59, 29, 30, 31, 70, 57, 8, 7];3333.0
10382.0;[55, 8, 13, 24, 22, 33, 32, 26, 0, 44, 43, 68, 46, 62, 51, 52, 23, 19, 20, 28, 45, 53, 65, 1, 2, 27, 14, 66, 12, 15, 16, 18, 21, 17, 64, 25, 6, 11, 57, 56, 70, 3, 7, 9, 10, 58, 61, 59, 4, 5, 31, 30, 29, 42, 35, 34, 60, 69, 40, 41, 37, 63, 38, 36, 39, 47, 48, 67, 49, 50, 54];3092.0
9452.0;[6, 42, 54, 8, 59, 40, 68, 46, 53, 1, 65, 0, 31, 30, 29, 24, 17, 66, 14, 9, 61, 57, 56, 52, 44, 43, 32, 26, 23, 19, 16, 18, 20, 21, 64, 45, 62, 49, 48, 51, 58, 11, 10, 7, 13, 12, 15, 22, 69, 41, 37, 50, 67, 47, 39, 38, 34, 60, 33, 35, 36, 63, 55, 4, 2, 70, 3, 5, 28, 25, 27];3411.0
10281.0;[7, 9, 13, 14, 18, 32, 26, 66, 12, 15, 19, 16, 25, 27, 6, 43, 42, 34, 33, 35, 69, 41, 60, 23, 20, 21, 22, 17, 24, 29, 30, 31, 1, 2, 4, 8, 11, 10, 61, 59, 5, 64, 28, 0, 65, 53, 44, 45, 54, 55, 56, 3, 57, 70, 58, 50, 52, 46, 62, 51, 67, 49, 48, 39, 47, 38, 36, 37, 63, 40, 68];2943.0
8705.0;[43, 42, 66, 12, 15, 16, 0, 65, 46, 40, 19, 20, 22, 17, 24, 64, 28, 45, 62, 51, 67, 49, 48, 50, 54, 53, 31, 29, 30, 1, 5, 2, 4, 8, 59, 52, 47, 38, 34, 35, 69, 41, 37, 39, 68, 18, 21, 32, 26, 23, 60, 33, 36, 63, 55, 70, 58, 61, 57, 56, 3, 7, 27, 25, 6, 9, 10, 11, 14, 13, 44];3369.0
9236.0;[33, 32, 22, 18, 19, 20, 25, 6, 66, 14, 12, 15, 16, 27, 9, 10, 58, 67, 49, 51, 52, 42, 35, 26, 13, 28, 43, 69, 41, 68, 54, 4, 5, 65, 44, 1, 2, 0, 31, 45, 46, 62, 48, 50, 53, 30, 29, 24, 64, 17, 21, 23, 60, 34, 36, 63, 55, 8, 7, 11, 61, 57, 56, 70, 3, 59, 47, 39, 40, 37, 38];3260.0
10255.0;[57, 56, 19, 20, 22, 17, 18, 21, 66, 13, 65, 44, 45, 54, 50, 53, 43, 42, 68, 62, 52, 46, 40, 36, 38, 34, 23, 60, 33, 32, 26, 2, 4, 5, 31, 30, 29, 24, 25, 27, 6, 9, 14, 12, 15, 16, 64, 28, 0, 1, 70, 3, 59, 8, 7, 10, 61, 11, 58, 51, 47, 35, 69, 41, 37, 63, 39, 48, 67, 49, 55];3167.0
9726.0;[57, 56, 54, 55, 4, 5, 0, 30, 29, 31, 49, 67, 47, 39, 35, 69, 62, 53, 44, 45, 43, 41, 37, 63, 68, 46, 40, 42, 23, 20, 34, 36, 38, 60, 33, 32, 19, 16, 28, 8, 7, 11, 10, 48, 51, 50, 52, 24, 26, 18, 21, 22, 17, 25, 27, 6, 9, 14, 12, 13, 66, 15, 64, 65, 1, 2, 70, 3, 59, 58, 61];3179.0
10080.0;[49, 66, 14, 27, 17, 29, 24, 26, 18, 19, 64, 28, 2, 70, 3, 4, 8, 7, 11, 10, 59, 57, 58, 61, 56, 53, 1, 5, 0, 31, 30, 43, 63, 39, 47, 48, 50, 67, 51, 54, 55, 52, 44, 65, 25, 6, 9, 13, 12, 15, 16, 22, 69, 41, 37, 38, 36, 40, 68, 46, 42, 35, 34, 60, 33, 32, 23, 20, 21, 45, 62];3000.0
9109.0;[57, 40, 62, 49, 48, 1, 2, 69, 41, 63, 68, 52, 44, 43, 42, 35, 34, 33, 22, 64, 28, 65, 45, 53, 46, 54, 55, 56, 59, 8, 7, 9, 13, 17, 0, 70, 3, 4, 5, 31, 30, 29, 24, 25, 27, 58, 51, 50, 67, 47, 39, 36, 37, 38, 60, 32, 26, 18, 21, 66, 14, 12, 15, 20, 23, 19, 16, 6, 11, 10, 61];2931.0
10718.0;[21, 22, 66, 0, 44, 69, 63, 42, 17, 25, 13, 33, 35, 34, 36, 1, 2, 28, 64, 24, 29, 56, 3, 30, 31, 70, 57, 58, 61, 11, 9, 27, 6, 10, 59, 4, 5, 26, 23, 19, 20, 65, 67, 49, 48, 51, 50, 52, 53, 43, 68, 46, 47, 39, 40, 41, 37, 38, 60, 32, 14, 12, 15, 16, 45, 62, 54, 55, 8, 7, 18];3729.0
9902.0;[5, 1, 58, 61, 56, 3, 0, 28, 25, 13, 22, 32, 26, 64, 45, 62, 54, 52, 53, 44, 43, 35, 36, 34, 23, 19, 20, 18, 21, 66, 14, 27, 6, 11, 10, 8, 7, 9, 12, 15, 16, 17, 24, 29, 30, 31, 65, 42, 46, 47, 39, 40, 37, 38, 60, 33, 69, 41, 63, 68, 49, 48, 50, 67, 51, 55, 70, 57, 59, 4, 2];2984.0
9663.0;[39, 54, 4, 5, 0, 28, 30, 29, 31, 65, 1, 2, 25, 66, 14, 12, 17, 24, 26, 38, 60, 23, 15, 16, 18, 19, 64, 68, 46, 47, 48, 67, 49, 51, 50, 52, 62, 55, 56, 3, 59, 8, 7, 27, 6, 9, 13, 44, 45, 53, 43, 42, 36, 63, 40, 70, 58, 61, 57, 10, 11, 20, 21, 22, 32, 33, 35, 34, 69, 41, 37];3270.0
9404.0;[50, 45, 1, 5, 28, 25, 27, 6, 61, 56, 52, 44, 43, 42, 46, 55, 70, 57, 59, 9, 66, 14, 12, 15, 16, 13, 0, 31, 65, 2, 3, 4, 8, 7, 11, 10, 58, 51, 21, 33, 32, 26, 22, 64, 29, 30, 24, 17, 18, 19, 20, 23, 60, 35, 34, 36, 37, 63, 40, 68, 62, 54, 53, 69, 41, 38, 39, 47, 48, 67, 49];3010.0
10504.0;[30, 1, 70, 3, 2, 0, 25, 27, 16, 19, 20, 22, 33, 35, 34, 26, 28, 29, 24, 17, 64, 45, 46, 49, 47, 68, 62, 54, 55, 57, 56, 52, 43, 41, 39, 48, 50, 67, 51, 58, 4, 5, 6, 11, 10, 61, 59, 8, 7, 9, 18, 21, 23, 60, 32, 66, 14, 13, 12, 15, 42, 69, 38, 36, 37, 63, 40, 53, 65, 44, 31];3245.0
9693.0;[4, 17, 18, 22, 24, 30, 29, 31, 65, 44, 1, 5, 26, 60, 33, 32, 23, 20, 21, 46, 52, 53, 25, 6, 7, 13, 14, 27, 9, 11, 10, 61, 57, 58, 59, 8, 66, 12, 15, 16, 19, 64, 28, 0, 2, 45, 43, 42, 63, 40, 48, 67, 49, 47, 39, 34, 35, 69, 41, 38, 36, 37, 68, 62, 54, 51, 50, 55, 56, 70, 3];2901.0
10510.0;[25, 10, 7, 18, 22, 64, 17, 24, 28, 0, 45, 53, 43, 51, 50, 67, 47, 39, 60, 33, 32, 1, 3, 66, 14, 13, 46, 54, 52, 40, 42, 69, 41, 38, 37, 34, 35, 36, 63, 68, 62, 49, 48, 44, 65, 30, 31, 29, 26, 23, 19, 15, 20, 21, 27, 6, 9, 11, 12, 16, 2, 70, 57, 58, 55, 56, 61, 59, 8, 4, 5];3440.0
9754.0;[70, 26, 22, 66, 14, 12, 24, 29, 2, 3, 30, 31, 68, 46, 25, 11, 4, 0, 28, 17, 13, 27, 6, 10, 58, 61, 56, 57, 59, 8, 7, 9, 15, 16, 18, 19, 20, 21, 23, 60, 33, 36, 40, 50, 54, 52, 53, 65, 1, 5, 45, 62, 49, 48, 51, 67, 47, 39, 32, 64, 44, 43, 42, 34, 35, 69, 41, 37, 38, 63, 55];3338.0
9928.0;[58, 61, 53, 0, 65, 44, 45, 62, 49, 50, 70, 8, 59, 57, 52, 35, 36, 37, 38, 34, 25, 27, 17, 28, 63, 40, 68, 46, 54, 51, 67, 55, 56, 3, 4, 2, 5, 31, 30, 64, 18, 19, 20, 21, 22, 23, 60, 33, 69, 41, 39, 47, 48, 6, 7, 9, 10, 11, 13, 66, 14, 12, 15, 16, 43, 42, 32, 26, 24, 29, 1];3266.0
9759.0;[14, 33, 32, 26, 22, 44, 45, 47, 48, 51, 55, 56, 57, 52, 46, 67, 49, 50, 1, 8, 10, 11, 12, 15, 16, 17, 24, 29, 30, 2, 58, 61, 59, 7, 9, 18, 21, 42, 68, 62, 54, 70, 3, 4, 5, 0, 31, 65, 43, 69, 41, 38, 36, 39, 37, 63, 40, 53, 28, 64, 25, 27, 6, 13, 19, 20, 23, 60, 34, 35, 66];3312.0
9945.0;[36, 68, 52, 29, 30, 31, 65, 44, 43, 42, 63, 40, 32, 23, 20, 64, 24, 25, 9, 27, 6, 7, 17, 0, 45, 46, 62, 48, 51, 50, 67, 49, 47, 39, 60, 26, 22, 19, 15, 16, 14, 13, 66, 12, 11, 10, 56, 4, 1, 2, 5, 28, 18, 21, 33, 35, 34, 37, 54, 55, 70, 3, 8, 59, 58, 61, 57, 53, 69, 41, 38];2985.0
10184.0;[9, 18, 19, 16, 45, 46, 47, 39, 48, 67, 49, 51, 50, 54, 11, 10, 61, 59, 7, 12, 15, 31, 30, 29, 24, 25, 6, 13, 17, 64, 28, 1, 70, 57, 52, 44, 42, 35, 34, 60, 33, 32, 26, 21, 22, 23, 20, 66, 14, 27, 58, 55, 56, 3, 4, 5, 43, 69, 41, 38, 36, 37, 63, 40, 68, 62, 53, 0, 65, 2, 8];3067.0
9913.0;[10, 61, 56, 40, 68, 44, 20, 21, 36, 38, 37, 63, 22, 27, 6, 7, 9, 11, 17, 1, 2, 5, 0, 45, 54, 55, 3, 4, 43, 42, 32, 26, 23, 60, 33, 34, 35, 69, 41, 39, 47, 48, 67, 49, 51, 50, 52, 46, 62, 53, 65, 31, 30, 70, 57, 58, 59, 8, 66, 14, 13, 12, 15, 18, 19, 16, 64, 24, 29, 28, 25];3190.0
9881.0;[11, 4, 5, 0, 2, 47, 48, 67, 50, 45, 53, 65, 1, 70, 3, 8, 59, 28, 64, 25, 10, 58, 61, 57, 41, 36, 37, 39, 38, 60, 33, 26, 17, 24, 30, 29, 31, 44, 43, 42, 35, 34, 32, 23, 19, 20, 21, 22, 12, 15, 16, 14, 27, 6, 9, 66, 13, 18, 69, 63, 40, 68, 62, 49, 51, 54, 52, 46, 55, 56, 7];3244.0
9918.0;[41, 37, 42, 22, 18, 34, 36, 4, 8, 57, 52, 53, 65, 17, 64, 28, 0, 45, 70, 3, 67, 49, 47, 39, 48, 51, 1, 2, 31, 30, 29, 24, 66, 14, 13, 12, 15, 16, 19, 20, 21, 27, 11, 58, 50, 54, 55, 56, 46, 62, 44, 5, 25, 6, 7, 9, 10, 61, 59, 26, 23, 60, 33, 32, 35, 69, 38, 63, 68, 40, 43];3419.0
10246.0;[11, 14, 13, 64, 24, 28, 0, 43, 35, 34, 69, 38, 36, 44, 2, 5, 41, 37, 60, 33, 17, 66, 12, 15, 45, 53, 56, 70, 58, 61, 50, 52, 40, 68, 62, 49, 48, 51, 67, 47, 39, 32, 26, 18, 21, 23, 20, 22, 1, 4, 7, 9, 25, 27, 6, 16, 19, 29, 30, 31, 65, 42, 63, 46, 54, 55, 3, 57, 8, 59, 10];3391.0
9690.0;[56, 52, 35, 34, 44, 45, 3, 4, 5, 8, 7, 64, 25, 27, 28, 0, 17, 66, 14, 13, 6, 9, 11, 10, 59, 58, 61, 57, 53, 43, 42, 41, 38, 36, 37, 65, 1, 2, 70, 51, 67, 47, 39, 40, 32, 16, 12, 15, 31, 46, 62, 49, 48, 50, 30, 29, 24, 26, 18, 19, 20, 21, 22, 23, 60, 33, 69, 63, 68, 54, 55];3265.0
9326.0;[27, 46, 54, 55, 59, 56, 5, 0, 28, 65, 47, 39, 62, 52, 44, 45, 53, 3, 4, 2, 33, 35, 34, 48, 51, 50, 67, 49, 66, 12, 14, 15, 16, 18, 19, 17, 64, 26, 23, 20, 21, 22, 1, 70, 57, 58, 61, 8, 6, 7, 9, 10, 11, 13, 24, 29, 31, 30, 68, 40, 43, 42, 69, 41, 63, 38, 36, 37, 60, 32, 25];3441.0
9769.0;[30, 29, 24, 0, 65, 68, 62, 49, 48, 44, 45, 46, 40, 42, 32, 66, 14, 19, 20, 22, 1, 4, 5, 28, 64, 17, 18, 21, 10, 61, 56, 3, 7, 9, 11, 58, 54, 51, 55, 43, 23, 60, 33, 26, 25, 27, 6, 13, 12, 15, 16, 2, 70, 59, 8, 57, 50, 67, 47, 39, 34, 35, 69, 41, 37, 38, 36, 63, 52, 53, 31];3305.0
9780.0;[63, 39, 38, 60, 19, 16, 14, 12, 15, 18, 21, 64, 17, 28, 24, 29, 30, 31, 45, 53, 65, 44, 54, 70, 25, 66, 13, 0, 1, 5, 2, 58, 61, 57, 56, 52, 43, 32, 26, 22, 23, 20, 33, 35, 34, 40, 68, 46, 62, 49, 51, 50, 67, 47, 48, 55, 3, 4, 8, 7, 9, 27, 6, 11, 10, 59, 42, 69, 41, 37, 36];2950.0
9646.0;[51, 50, 67, 48, 64, 17, 18, 21, 28, 0, 1, 2, 6, 7, 9, 47, 39, 40, 26, 12, 11, 58, 61, 57, 52, 53, 44, 43, 42, 41, 38, 35, 32, 23, 60, 34, 36, 63, 68, 46, 45, 65, 31, 30, 29, 24, 13, 66, 14, 15, 16, 19, 20, 22, 33, 69, 37, 62, 54, 55, 56, 4, 8, 70, 3, 5, 25, 27, 10, 59, 49];3297.0
9671.0;[24, 6, 13, 17, 54, 3, 28, 0, 45, 53, 56, 62, 51, 50, 67, 49, 47, 39, 48, 52, 1, 2, 65, 44, 43, 42, 35, 34, 36, 68, 58, 61, 57, 8, 7, 14, 15, 16, 19, 46, 55, 70, 66, 12, 20, 21, 18, 32, 33, 69, 41, 63, 40, 37, 38, 23, 60, 26, 22, 25, 27, 9, 11, 10, 59, 4, 5, 31, 29, 30, 64];3411.0
9246.0;[25, 6, 13, 27, 11, 9, 10, 51, 50, 65, 45, 53, 70, 3, 47, 39, 22, 66, 17, 18, 19, 20, 21, 64, 24, 28, 0, 31, 2, 4, 8, 7, 14, 12, 15, 16, 30, 29, 42, 68, 46, 52, 44, 43, 35, 34, 33, 32, 26, 23, 60, 69, 41, 37, 38, 36, 63, 40, 62, 54, 55, 56, 58, 61, 59, 57, 67, 49, 48, 1, 5];3093.0
10176.0;[7, 42, 35, 32, 45, 53, 3, 4, 5, 26, 22, 28, 44, 65, 43, 36, 37, 63, 40, 68, 70, 57, 58, 61, 59, 8, 12, 15, 16, 19, 24, 29, 30, 31, 47, 39, 48, 54, 55, 56, 46, 62, 49, 51, 67, 50, 52, 1, 2, 0, 64, 17, 66, 14, 18, 21, 33, 69, 41, 38, 34, 60, 23, 20, 25, 27, 13, 6, 9, 11, 10];3210.0
10204.0;[33, 2, 5, 44, 69, 63, 26, 17, 27, 6, 9, 13, 66, 14, 65, 43, 42, 41, 37, 39, 38, 35, 19, 20, 34, 36, 68, 55, 3, 4, 46, 40, 32, 22, 64, 0, 31, 30, 29, 1, 70, 57, 58, 61, 59, 56, 52, 62, 49, 47, 48, 67, 51, 50, 54, 45, 53, 28, 24, 25, 10, 11, 8, 7, 12, 15, 16, 18, 21, 23, 60];3484.0
9254.0;[27, 44, 45, 47, 39, 40, 19, 20, 21, 0, 43, 41, 37, 38, 36, 54, 65, 28, 18, 23, 60, 32, 22, 17, 64, 66, 14, 13, 29, 30, 2, 3, 4, 5, 26, 33, 34, 68, 62, 52, 42, 35, 69, 63, 48, 67, 50, 53, 1, 57, 58, 61, 59, 8, 7, 9, 10, 11, 6, 12, 15, 16, 24, 31, 46, 49, 51, 55, 56, 70, 25];3566.0
9690.0;[14, 54, 55, 70, 56, 52, 53, 45, 46, 51, 50, 3, 7, 13, 64, 25, 11, 10, 4, 5, 0, 28, 24, 12, 20, 22, 23, 60, 35, 69, 41, 63, 65, 30, 29, 31, 1, 2, 44, 43, 42, 37, 68, 49, 48, 67, 39, 47, 40, 62, 57, 58, 61, 59, 8, 9, 27, 6, 21, 33, 34, 36, 38, 32, 26, 18, 19, 15, 16, 17, 66];3314.0
9724.0;[51, 52, 46, 62, 44, 65, 45, 47, 39, 38, 60, 17, 6, 9, 11, 10, 58, 61, 8, 7, 13, 18, 21, 33, 32, 66, 14, 24, 28, 26, 22, 19, 16, 29, 30, 31, 1, 2, 4, 5, 0, 43, 42, 41, 34, 35, 23, 20, 64, 25, 27, 12, 15, 69, 37, 36, 63, 40, 68, 55, 56, 53, 70, 3, 57, 59, 54, 50, 67, 49, 48];3202.0
10024.0;[15, 16, 45, 53, 46, 47, 42, 23, 20, 21, 24, 26, 22, 64, 0, 31, 1, 58, 61, 59, 5, 34, 36, 63, 37, 38, 60, 32, 29, 30, 2, 57, 56, 70, 4, 25, 27, 6, 9, 13, 33, 35, 69, 41, 40, 62, 52, 65, 66, 14, 12, 44, 43, 68, 54, 55, 3, 8, 7, 11, 10, 17, 28, 49, 48, 51, 50, 67, 39, 18, 19];3561.0
10011.0;[26, 2, 5, 3, 59, 11, 10, 13, 17, 64, 18, 22, 24, 28, 4, 8, 7, 9, 66, 14, 1, 70, 57, 58, 61, 56, 53, 0, 30, 29, 31, 65, 44, 45, 51, 50, 67, 48, 39, 47, 40, 68, 46, 49, 42, 32, 25, 27, 6, 12, 15, 16, 19, 20, 21, 23, 60, 36, 37, 63, 54, 55, 62, 52, 43, 69, 41, 38, 34, 35, 33];3161.0
9457.0;[55, 58, 11, 13, 28, 40, 68, 30, 29, 31, 1, 2, 3, 4, 0, 65, 44, 43, 42, 35, 34, 36, 39, 48, 51, 67, 47, 38, 33, 22, 64, 24, 46, 62, 52, 53, 45, 56, 70, 8, 7, 9, 14, 66, 12, 15, 16, 10, 61, 57, 59, 5, 25, 27, 6, 17, 18, 23, 60, 69, 41, 37, 63, 32, 26, 19, 20, 21, 49, 50, 54];3346.0
9634.0;[65, 44, 62, 49, 51, 58, 11, 64, 28, 45, 54, 55, 4, 25, 10, 61, 57, 56, 52, 53, 29, 30, 31, 69, 41, 38, 37, 40, 43, 42, 32, 22, 17, 19, 20, 18, 21, 1, 5, 2, 70, 3, 8, 59, 24, 26, 23, 60, 33, 35, 34, 36, 63, 68, 46, 39, 47, 48, 67, 50, 66, 12, 15, 16, 14, 27, 6, 7, 9, 13, 0];3239.0
9881.0;[6, 24, 0, 1, 70, 8, 7, 9, 11, 10, 61, 57, 52, 53, 44, 45, 65, 30, 31, 29, 26, 18, 22, 66, 12, 15, 43, 42, 41, 63, 68, 62, 54, 3, 4, 5, 2, 35, 34, 60, 33, 69, 38, 36, 37, 39, 48, 50, 47, 40, 32, 23, 16, 19, 20, 21, 17, 64, 28, 46, 67, 49, 51, 55, 56, 58, 59, 13, 14, 25, 27];3117.0
9944.0;[36, 63, 46, 42, 26, 66, 14, 13, 47, 48, 50, 44, 65, 45, 70, 57, 59, 5, 2, 43, 69, 41, 37, 38, 34, 35, 33, 32, 22, 64, 29, 31, 30, 24, 18, 19, 16, 21, 28, 62, 54, 55, 56, 7, 9, 17, 0, 1, 3, 4, 8, 11, 10, 61, 58, 67, 39, 40, 68, 49, 51, 52, 53, 25, 27, 6, 12, 15, 20, 23, 60];3292.0
9699.0;[65, 58, 51, 50, 67, 49, 48, 38, 60, 32, 26, 12, 15, 18, 19, 16, 17, 28, 29, 31, 30, 24, 22, 23, 20, 21, 33, 34, 46, 62, 47, 39, 40, 42, 64, 25, 6, 7, 66, 14, 13, 27, 9, 11, 10, 61, 57, 59, 5, 0, 1, 2, 70, 3, 4, 8, 55, 56, 52, 43, 35, 69, 41, 36, 37, 63, 68, 54, 45, 53, 44];2931.0
9699.0;[26, 57, 70, 5, 25, 11, 59, 8, 27, 6, 7, 9, 10, 58, 61, 51, 50, 53, 28, 17, 64, 66, 12, 15, 16, 24, 29, 30, 31, 65, 3, 4, 0, 1, 2, 44, 45, 46, 54, 55, 56, 52, 68, 62, 49, 48, 67, 47, 39, 63, 40, 43, 42, 60, 33, 34, 35, 69, 41, 38, 36, 37, 23, 20, 18, 19, 14, 13, 21, 22, 32];3065.0
10807.0;[50, 44, 65, 25, 27, 11, 10, 61, 4, 28, 0, 2, 5, 31, 29, 30, 24, 6, 7, 9, 13, 17, 64, 1, 70, 57, 53, 34, 32, 26, 23, 60, 39, 47, 46, 62, 52, 45, 43, 42, 41, 37, 38, 36, 40, 18, 66, 14, 12, 15, 16, 19, 20, 21, 22, 33, 35, 69, 63, 68, 54, 55, 56, 3, 8, 59, 58, 51, 67, 49, 48];3039.0
10309.0;[2, 25, 6, 17, 66, 14, 27, 10, 7, 9, 13, 12, 20, 21, 23, 60, 33, 47, 39, 42, 32, 26, 22, 64, 28, 45, 49, 48, 67, 51, 50, 54, 55, 34, 35, 69, 37, 56, 70, 3, 8, 11, 61, 57, 58, 59, 4, 5, 0, 44, 43, 41, 38, 36, 63, 40, 68, 46, 62, 52, 53, 30, 29, 24, 18, 19, 15, 16, 31, 65, 1];3046.0
10000.0;[46, 54, 62, 52, 29, 30, 47, 48, 53, 44, 65, 1, 2, 70, 59, 8, 7, 13, 14, 64, 24, 45, 49, 51, 55, 58, 61, 57, 56, 3, 4, 5, 31, 0, 43, 34, 36, 37, 63, 40, 68, 28, 27, 25, 6, 9, 11, 10, 50, 67, 39, 42, 32, 26, 17, 66, 12, 15, 16, 21, 22, 18, 19, 20, 23, 60, 33, 35, 69, 41, 38];3082.0
9536.0;[46, 54, 44, 1, 2, 70, 56, 52, 32, 26, 43, 42, 35, 69, 41, 38, 37, 63, 40, 57, 58, 11, 17, 66, 13, 6, 7, 64, 24, 21, 22, 14, 12, 15, 16, 19, 18, 20, 23, 60, 33, 34, 36, 68, 53, 65, 30, 29, 31, 62, 48, 50, 67, 49, 51, 55, 3, 5, 25, 27, 9, 10, 61, 59, 8, 4, 0, 28, 45, 47, 39];3230.0
8881.0;[63, 32, 33, 35, 69, 41, 40, 46, 62, 54, 70, 7, 14, 9, 11, 10, 61, 8, 59, 56, 52, 43, 68, 49, 39, 47, 38, 60, 34, 36, 37, 57, 58, 51, 50, 67, 48, 55, 3, 4, 31, 29, 30, 23, 20, 17, 64, 1, 2, 5, 0, 24, 26, 66, 12, 15, 16, 19, 18, 21, 22, 25, 27, 6, 13, 28, 65, 45, 53, 44, 42];3125.0
9781.0;[70, 3, 0, 31, 42, 35, 34, 33, 25, 27, 29, 30, 2, 5, 6, 11, 59, 51, 50, 48, 67, 49, 69, 41, 68, 46, 62, 54, 55, 56, 53, 44, 43, 38, 36, 37, 63, 39, 47, 40, 52, 45, 65, 28, 17, 66, 14, 13, 12, 15, 19, 16, 18, 20, 21, 64, 24, 23, 60, 32, 26, 22, 1, 4, 8, 7, 9, 10, 58, 61, 57];3216.0
9433.0;[63, 40, 44, 65, 3, 5, 45, 62, 67, 49, 48, 51, 50, 54, 55, 56, 52, 46, 47, 39, 38, 60, 32, 23, 20, 64, 24, 26, 22, 19, 16, 14, 13, 17, 28, 43, 42, 35, 69, 41, 37, 68, 53, 0, 31, 30, 29, 1, 2, 70, 57, 58, 61, 59, 8, 4, 25, 27, 6, 7, 9, 10, 11, 66, 12, 15, 18, 21, 33, 34, 36];2706.0
10301.0;[46, 54, 55, 3, 5, 45, 40, 68, 49, 48, 66, 14, 28, 43, 42, 32, 25, 10, 61, 56, 52, 53, 44, 65, 0, 64, 18, 20, 21, 17, 1, 2, 70, 57, 8, 59, 4, 30, 29, 24, 26, 23, 60, 36, 37, 38, 34, 19, 16, 12, 15, 13, 27, 6, 7, 9, 11, 58, 51, 31, 22, 33, 35, 69, 41, 63, 62, 50, 67, 47, 39];3402.0
9515.0;[40, 50, 52, 53, 45, 44, 34, 36, 46, 1, 2, 25, 11, 10, 58, 61, 57, 59, 8, 7, 9, 13, 14, 27, 6, 66, 12, 16, 15, 20, 21, 23, 60, 33, 62, 54, 55, 56, 70, 3, 4, 5, 31, 29, 30, 24, 28, 0, 48, 51, 67, 49, 43, 42, 32, 26, 22, 17, 18, 19, 64, 65, 41, 37, 38, 35, 69, 63, 68, 47, 39];3029.0
10368.0;[49, 43, 42, 22, 23, 60, 33, 35, 69, 48, 50, 54, 4, 0, 31, 45, 53, 44, 65, 1, 2, 52, 47, 39, 40, 41, 38, 34, 32, 26, 18, 19, 20, 21, 36, 37, 63, 68, 62, 55, 56, 70, 3, 59, 8, 7, 9, 14, 12, 15, 16, 17, 29, 30, 24, 64, 25, 11, 10, 58, 61, 57, 5, 27, 6, 13, 66, 28, 46, 51, 67];3034.0
9546.0;[40, 3, 4, 54, 51, 55, 56, 70, 8, 7, 9, 17, 0, 43, 41, 38, 36, 37, 42, 64, 26, 19, 16, 11, 10, 61, 59, 57, 58, 67, 48, 50, 52, 44, 45, 46, 62, 49, 47, 39, 68, 53, 65, 25, 27, 6, 13, 14, 24, 29, 30, 31, 35, 34, 60, 33, 32, 22, 28, 1, 2, 5, 66, 12, 15, 18, 21, 23, 20, 69, 63];3309.0
9863.0;[28, 44, 43, 35, 34, 37, 38, 36, 40, 62, 65, 31, 30, 29, 24, 25, 6, 9, 11, 58, 50, 67, 47, 39, 48, 49, 51, 45, 53, 46, 54, 70, 59, 8, 7, 10, 61, 57, 52, 42, 32, 23, 60, 33, 26, 22, 19, 20, 66, 13, 1, 2, 5, 0, 69, 41, 63, 68, 55, 56, 3, 4, 27, 14, 12, 15, 16, 17, 18, 21, 64];3103.0
9947.0;[56, 37, 40, 42, 28, 0, 17, 66, 14, 13, 64, 25, 27, 6, 45, 46, 50, 67, 51, 54, 70, 7, 9, 11, 10, 57, 58, 61, 52, 53, 44, 65, 1, 2, 3, 8, 59, 4, 5, 43, 69, 41, 63, 68, 62, 49, 47, 38, 34, 35, 32, 26, 21, 22, 31, 30, 29, 24, 12, 15, 16, 18, 19, 20, 23, 60, 33, 36, 39, 48, 55];3067.0
9846.0;[9, 45, 53, 57, 58, 11, 10, 61, 59, 2, 5, 0, 31, 1, 70, 3, 4, 30, 29, 24, 64, 66, 14, 12, 13, 33, 32, 26, 22, 23, 20, 21, 18, 19, 15, 16, 17, 28, 44, 54, 51, 50, 52, 40, 68, 65, 25, 27, 6, 43, 42, 34, 35, 69, 41, 38, 60, 36, 37, 63, 46, 62, 49, 39, 47, 48, 67, 55, 56, 8, 7];3047.0
9989.0;[55, 56, 52, 44, 65, 37, 36, 46, 8, 7, 9, 14, 13, 66, 15, 12, 18, 19, 16, 45, 53, 43, 42, 34, 32, 26, 22, 17, 1, 2, 70, 3, 57, 58, 61, 59, 4, 5, 31, 29, 30, 24, 25, 27, 6, 11, 10, 67, 39, 38, 60, 33, 35, 69, 41, 63, 40, 68, 62, 49, 47, 48, 51, 50, 0, 23, 20, 21, 64, 28, 54];3035.0
9759.0;[4, 5, 30, 24, 29, 31, 65, 42, 69, 41, 36, 63, 40, 1, 2, 45, 53, 56, 70, 51, 50, 67, 49, 47, 48, 39, 68, 62, 54, 55, 3, 8, 7, 14, 12, 15, 16, 28, 0, 44, 43, 34, 35, 33, 32, 23, 19, 20, 21, 17, 13, 64, 25, 27, 6, 58, 61, 57, 52, 46, 37, 38, 60, 26, 22, 18, 66, 9, 11, 10, 59];2906.0
10008.0;[55, 5, 28, 64, 17, 24, 29, 30, 43, 32, 26, 18, 19, 58, 51, 52, 66, 14, 27, 12, 16, 15, 0, 65, 41, 63, 40, 68, 47, 39, 48, 50, 67, 45, 53, 1, 2, 57, 56, 70, 3, 59, 4, 31, 44, 42, 35, 34, 36, 38, 60, 23, 20, 22, 25, 6, 11, 10, 61, 8, 7, 9, 13, 21, 33, 69, 37, 46, 62, 49, 54];3387.0
8941.0;[47, 48, 50, 0, 28, 24, 29, 30, 69, 37, 52, 53, 66, 14, 12, 13, 17, 19, 15, 16, 65, 44, 43, 35, 33, 32, 26, 64, 1, 2, 5, 25, 6, 27, 9, 10, 11, 58, 61, 57, 67, 39, 40, 42, 41, 38, 36, 63, 62, 49, 51, 55, 59, 8, 7, 21, 22, 18, 20, 23, 60, 34, 68, 54, 70, 3, 4, 31, 45, 56, 46];3344.0
10057.0;[11, 9, 66, 17, 42, 63, 40, 54, 53, 44, 1, 5, 10, 58, 61, 57, 52, 65, 31, 45, 62, 49, 51, 50, 43, 68, 46, 35, 69, 41, 38, 32, 25, 27, 6, 14, 13, 64, 24, 29, 30, 26, 18, 21, 22, 19, 20, 23, 60, 33, 34, 36, 37, 39, 47, 48, 67, 55, 56, 12, 15, 16, 28, 0, 2, 70, 3, 59, 4, 8, 7];3258.0
9718.0;[4, 59, 8, 7, 9, 65, 44, 1, 58, 61, 35, 34, 36, 39, 37, 38, 60, 23, 19, 20, 21, 22, 66, 16, 45, 46, 40, 42, 33, 32, 26, 17, 64, 2, 52, 62, 49, 47, 67, 48, 51, 50, 53, 25, 27, 6, 10, 11, 13, 24, 29, 30, 31, 43, 68, 54, 70, 57, 56, 5, 0, 28, 14, 12, 15, 18, 69, 41, 63, 55, 3];3414.0
8673.0;[60, 32, 33, 67, 48, 51, 54, 3, 4, 11, 10, 61, 57, 58, 55, 56, 59, 8, 7, 9, 66, 13, 43, 34, 35, 69, 63, 40, 46, 52, 65, 1, 2, 0, 29, 30, 31, 44, 42, 62, 70, 5, 25, 27, 6, 14, 12, 15, 16, 19, 20, 23, 21, 64, 24, 26, 18, 22, 17, 28, 45, 47, 39, 36, 37, 68, 49, 50, 53, 41, 38];3281.0
10090.0;[0, 64, 17, 24, 29, 1, 5, 2, 70, 3, 4, 8, 7, 10, 58, 11, 61, 59, 56, 57, 37, 36, 39, 48, 51, 31, 30, 65, 44, 45, 53, 43, 42, 26, 22, 19, 16, 27, 25, 6, 9, 13, 14, 66, 12, 15, 33, 69, 41, 63, 54, 55, 52, 46, 62, 47, 40, 68, 50, 67, 49, 38, 60, 34, 35, 32, 23, 20, 18, 21, 28];3165.0
9542.0;[67, 31, 30, 70, 56, 38, 36, 60, 33, 28, 45, 53, 44, 35, 34, 32, 19, 16, 18, 64, 25, 6, 66, 12, 15, 14, 13, 24, 29, 43, 37, 63, 40, 26, 22, 23, 20, 21, 17, 65, 52, 46, 62, 54, 55, 3, 8, 7, 27, 9, 11, 10, 58, 61, 57, 59, 4, 5, 0, 1, 2, 49, 47, 39, 42, 69, 41, 68, 48, 51, 50];3309.0
9838.0;[55, 56, 31, 30, 29, 24, 0, 1, 52, 40, 43, 42, 46, 62, 49, 47, 39, 32, 26, 18, 19, 12, 15, 16, 25, 27, 6, 13, 66, 14, 9, 11, 57, 58, 51, 50, 67, 48, 70, 3, 8, 7, 10, 61, 59, 4, 5, 2, 45, 53, 44, 65, 28, 64, 17, 21, 22, 23, 20, 60, 33, 35, 34, 36, 37, 38, 69, 41, 63, 68, 54];2850.0
9597.0;[39, 58, 11, 17, 26, 22, 1, 2, 25, 14, 12, 15, 16, 18, 19, 23, 20, 21, 24, 29, 31, 30, 28, 0, 44, 43, 34, 60, 33, 32, 64, 49, 51, 50, 67, 48, 54, 55, 56, 70, 4, 8, 59, 7, 9, 66, 13, 27, 6, 10, 61, 57, 40, 42, 35, 69, 41, 38, 36, 37, 63, 68, 52, 53, 3, 5, 65, 45, 46, 62, 47];3077.0
9658.0;[38, 14, 16, 28, 45, 50, 67, 48, 51, 55, 3, 4, 17, 66, 12, 15, 1, 2, 5, 44, 43, 42, 34, 36, 63, 49, 47, 39, 40, 68, 62, 31, 30, 29, 26, 33, 32, 25, 27, 6, 64, 24, 0, 65, 53, 52, 46, 54, 56, 70, 58, 61, 57, 8, 59, 7, 10, 11, 9, 13, 18, 21, 22, 19, 20, 23, 60, 35, 69, 41, 37];3131.0
9563.0;[41, 63, 23, 20, 64, 24, 32, 26, 22, 17, 66, 12, 15, 19, 16, 18, 21, 25, 27, 6, 13, 14, 1, 70, 8, 7, 9, 28, 30, 29, 31, 42, 68, 46, 62, 49, 51, 54, 55, 58, 11, 10, 61, 57, 56, 3, 4, 59, 5, 0, 65, 2, 44, 45, 53, 43, 34, 35, 36, 52, 48, 50, 67, 47, 39, 40, 37, 38, 60, 33, 69];2986.0
9960.0;[53, 56, 70, 7, 9, 11, 10, 8, 59, 58, 61, 57, 52, 34, 35, 1, 2, 28, 66, 14, 12, 15, 16, 6, 13, 64, 24, 25, 27, 43, 42, 41, 38, 33, 32, 26, 17, 18, 19, 20, 21, 22, 23, 60, 69, 40, 68, 3, 4, 5, 0, 29, 31, 30, 65, 44, 45, 62, 49, 48, 50, 46, 54, 55, 51, 67, 47, 39, 36, 37, 63];3201.0
9224.0;[23, 60, 36, 37, 55, 70, 4, 5, 64, 17, 12, 11, 10, 61, 56, 3, 28, 24, 26, 21, 22, 19, 16, 18, 45, 53, 44, 43, 42, 33, 32, 0, 1, 2, 8, 59, 58, 57, 52, 46, 51, 48, 50, 67, 49, 47, 39, 38, 34, 35, 69, 41, 63, 40, 68, 62, 54, 65, 31, 30, 29, 25, 27, 6, 7, 9, 13, 66, 14, 15, 20];2917.0
10186.0;[36, 39, 31, 0, 19, 20, 23, 60, 33, 34, 35, 69, 37, 38, 32, 18, 21, 22, 57, 58, 61, 59, 65, 44, 45, 46, 52, 53, 42, 43, 41, 63, 40, 68, 54, 55, 56, 70, 3, 4, 8, 7, 10, 11, 24, 26, 17, 64, 29, 30, 1, 2, 5, 28, 25, 27, 6, 9, 66, 14, 12, 13, 15, 16, 62, 48, 51, 50, 67, 49, 47];3059.0
9343.0;[64, 25, 17, 21, 34, 60, 23, 20, 36, 37, 38, 39, 46, 44, 45, 43, 42, 41, 62, 53, 30, 31, 29, 3, 59, 58, 61, 57, 54, 50, 52, 40, 32, 26, 22, 33, 35, 69, 63, 68, 56, 4, 5, 0, 28, 24, 18, 19, 16, 14, 66, 12, 15, 65, 1, 2, 70, 51, 67, 49, 47, 48, 55, 8, 7, 10, 11, 9, 27, 6, 13];3426.0
9837.0;[21, 1, 2, 45, 47, 39, 55, 56, 70, 3, 4, 5, 30, 29, 31, 44, 65, 43, 42, 32, 33, 35, 34, 68, 46, 62, 53, 17, 64, 24, 26, 23, 60, 69, 41, 37, 38, 36, 63, 40, 54, 58, 61, 59, 8, 57, 52, 49, 48, 67, 51, 50, 0, 28, 27, 25, 6, 9, 11, 10, 7, 13, 66, 14, 12, 16, 15, 19, 20, 22, 18];2879.0
9292.0;[24, 29, 48, 50, 52, 43, 69, 37, 68, 66, 14, 27, 10, 59, 4, 25, 6, 7, 11, 9, 18, 19, 20, 21, 28, 42, 41, 36, 63, 40, 35, 34, 33, 30, 31, 70, 56, 49, 51, 1, 2, 5, 0, 65, 53, 44, 45, 46, 62, 55, 3, 8, 57, 58, 61, 54, 67, 47, 39, 38, 60, 32, 26, 22, 23, 15, 16, 12, 13, 17, 64];3468.0
9642.0;[65, 44, 69, 41, 37, 63, 40, 68, 53, 1, 8, 7, 24, 26, 18, 21, 17, 66, 9, 11, 10, 5, 2, 70, 67, 38, 36, 47, 48, 39, 43, 42, 35, 34, 46, 58, 61, 59, 57, 52, 31, 29, 30, 28, 64, 25, 27, 6, 13, 0, 45, 62, 49, 51, 50, 54, 55, 56, 3, 4, 14, 12, 15, 16, 19, 20, 23, 60, 33, 32, 22];3227.0
10167.0;[64, 24, 1, 45, 53, 44, 43, 68, 62, 52, 46, 54, 3, 4, 2, 0, 29, 30, 31, 42, 63, 40, 67, 49, 48, 51, 50, 55, 70, 5, 28, 17, 19, 15, 16, 21, 23, 20, 33, 32, 26, 18, 22, 25, 27, 6, 11, 10, 58, 61, 57, 59, 56, 8, 7, 9, 66, 12, 14, 13, 65, 47, 39, 34, 35, 69, 41, 38, 36, 37, 60];3076.0
9437.0;[45, 65, 1, 52, 53, 64, 15, 16, 68, 49, 51, 50, 67, 58, 8, 7, 14, 13, 17, 25, 27, 6, 9, 11, 10, 61, 59, 4, 5, 2, 43, 42, 35, 34, 33, 69, 41, 40, 32, 26, 22, 29, 30, 24, 18, 19, 21, 28, 46, 62, 31, 66, 12, 20, 23, 60, 38, 36, 37, 63, 39, 47, 48, 54, 55, 70, 57, 56, 3, 0, 44];3252.0
9528.0;[21, 17, 24, 45, 53, 29, 30, 31, 65, 42, 68, 56, 3, 4, 2, 70, 5, 0, 28, 1, 44, 43, 69, 41, 37, 63, 40, 26, 18, 19, 64, 25, 27, 6, 11, 10, 61, 52, 47, 38, 39, 32, 22, 23, 60, 33, 34, 35, 36, 62, 49, 51, 50, 67, 48, 46, 54, 55, 57, 58, 8, 59, 7, 9, 13, 66, 14, 12, 15, 16, 20];3000.0
9738.0;[3, 4, 5, 57, 56, 70, 52, 46, 67, 50, 44, 65, 1, 2, 24, 26, 23, 19, 16, 27, 11, 10, 58, 61, 9, 18, 33, 69, 41, 38, 34, 60, 32, 66, 12, 15, 20, 21, 22, 29, 31, 30, 43, 42, 40, 68, 62, 53, 0, 28, 25, 6, 13, 14, 17, 64, 45, 49, 48, 51, 55, 59, 8, 7, 35, 36, 39, 47, 37, 63, 54];3500.0
9865.0;[26, 22, 18, 19, 40, 68, 1, 4, 5, 2, 31, 30, 29, 24, 14, 12, 11, 10, 48, 51, 67, 49, 50, 53, 44, 43, 42, 32, 17, 66, 15, 20, 33, 34, 36, 63, 47, 39, 35, 69, 41, 37, 38, 64, 25, 27, 6, 13, 28, 0, 65, 45, 70, 57, 58, 61, 52, 46, 62, 54, 55, 56, 3, 59, 8, 7, 9, 16, 21, 23, 60];3252.0
10313.0;[55, 52, 53, 44, 43, 42, 68, 47, 39, 33, 32, 25, 6, 27, 13, 24, 26, 22, 23, 60, 17, 0, 65, 1, 2, 46, 67, 48, 51, 58, 11, 9, 10, 7, 18, 19, 15, 20, 21, 66, 12, 14, 16, 64, 28, 29, 30, 45, 56, 70, 4, 8, 59, 61, 57, 3, 5, 31, 35, 34, 38, 36, 37, 69, 41, 63, 40, 62, 49, 50, 54];3267.0
10001.0;[58, 56, 52, 46, 40, 42, 41, 68, 62, 54, 55, 4, 5, 0, 44, 45, 65, 31, 29, 30, 25, 6, 7, 11, 61, 70, 3, 24, 23, 60, 33, 26, 64, 28, 1, 2, 59, 8, 57, 43, 35, 69, 63, 49, 47, 39, 48, 67, 51, 50, 53, 34, 36, 37, 38, 32, 22, 66, 14, 15, 12, 20, 21, 18, 19, 16, 17, 13, 27, 9, 10];3125.0
9893.0;[29, 49, 39, 47, 50, 52, 45, 53, 43, 42, 69, 41, 37, 38, 70, 3, 8, 7, 12, 15, 16, 18, 21, 64, 28, 1, 57, 58, 61, 0, 24, 26, 22, 23, 19, 20, 33, 34, 60, 32, 17, 25, 27, 6, 66, 14, 13, 9, 10, 11, 59, 4, 2, 5, 35, 36, 63, 40, 68, 46, 62, 54, 55, 56, 67, 48, 51, 44, 65, 31, 30];3119.0
10291.0;[47, 26, 65, 53, 45, 46, 49, 50, 52, 36, 63, 40, 68, 62, 54, 70, 57, 59, 8, 7, 13, 18, 21, 0, 28, 64, 19, 16, 14, 66, 12, 15, 17, 24, 29, 30, 1, 2, 5, 31, 44, 42, 35, 34, 60, 33, 69, 41, 37, 38, 39, 48, 55, 56, 3, 4, 43, 32, 23, 20, 22, 25, 27, 6, 9, 10, 11, 58, 61, 51, 67];3064.0
9307.0;[32, 23, 21, 22, 45, 53, 35, 34, 25, 27, 6, 9, 10, 11, 58, 61, 59, 4, 5, 0, 65, 1, 2, 31, 30, 29, 44, 43, 42, 68, 62, 3, 8, 7, 13, 14, 64, 17, 66, 12, 15, 16, 28, 24, 26, 18, 19, 20, 70, 57, 54, 55, 56, 52, 46, 48, 51, 50, 67, 49, 47, 60, 33, 69, 41, 39, 37, 38, 36, 63, 40];2989.0
9232.0;[13, 64, 17, 18, 19, 42, 41, 38, 36, 46, 70, 4, 5, 45, 53, 1, 2, 44, 65, 31, 30, 29, 24, 26, 22, 28, 0, 43, 34, 35, 69, 63, 68, 54, 55, 56, 52, 49, 48, 50, 51, 58, 61, 57, 3, 59, 8, 7, 9, 11, 10, 67, 47, 39, 37, 40, 62, 25, 27, 6, 66, 14, 12, 15, 16, 20, 21, 23, 60, 33, 32];3061.0
9427.0;[37, 54, 55, 46, 52, 62, 1, 2, 3, 5, 41, 63, 42, 32, 26, 24, 29, 30, 31, 45, 53, 0, 65, 68, 49, 48, 44, 43, 23, 20, 17, 28, 64, 4, 8, 7, 9, 13, 18, 21, 35, 34, 60, 33, 22, 19, 66, 14, 12, 15, 16, 25, 27, 6, 11, 10, 61, 59, 56, 70, 57, 58, 51, 50, 67, 47, 39, 40, 69, 38, 36];3177.0
9822.0;[41, 55, 56, 3, 59, 4, 8, 7, 13, 17, 66, 64, 0, 31, 24, 33, 32, 26, 18, 19, 16, 62, 54, 70, 57, 58, 61, 50, 67, 49, 47, 48, 51, 53, 25, 6, 27, 10, 11, 9, 14, 12, 15, 29, 30, 42, 35, 34, 60, 23, 20, 21, 22, 28, 65, 1, 2, 5, 45, 44, 43, 37, 39, 38, 36, 63, 68, 52, 46, 40, 69];3172.0
9592.0;[37, 38, 68, 46, 62, 54, 56, 52, 49, 51, 50, 44, 31, 30, 29, 24, 26, 22, 18, 19, 20, 60, 34, 35, 36, 63, 1, 70, 8, 7, 27, 9, 11, 10, 61, 4, 45, 53, 43, 41, 40, 42, 32, 23, 17, 64, 2, 5, 0, 65, 28, 25, 6, 13, 14, 66, 12, 15, 16, 21, 33, 69, 48, 55, 3, 59, 57, 58, 67, 47, 39];3280.0
9842.0;[65, 0, 24, 23, 60, 34, 51, 52, 69, 41, 37, 38, 36, 63, 40, 68, 46, 62, 53, 43, 42, 35, 25, 27, 6, 11, 59, 57, 58, 50, 67, 49, 47, 48, 39, 33, 32, 26, 22, 10, 61, 56, 70, 8, 7, 9, 64, 28, 29, 30, 31, 1, 5, 2, 44, 45, 54, 55, 3, 4, 12, 15, 16, 18, 19, 20, 21, 66, 14, 13, 17];3144.0
9871.0;[64, 24, 30, 29, 31, 42, 68, 39, 40, 54, 55, 11, 10, 58, 61, 59, 57, 3, 4, 8, 14, 20, 23, 60, 33, 36, 37, 63, 27, 6, 7, 17, 0, 2, 5, 25, 9, 13, 66, 28, 65, 44, 45, 53, 43, 69, 41, 38, 34, 35, 32, 19, 16, 12, 15, 1, 70, 56, 52, 46, 62, 49, 48, 51, 50, 67, 47, 26, 22, 18, 21];3256.0
10623.0;[20, 33, 32, 64, 0, 44, 45, 53, 65, 1, 31, 30, 29, 24, 25, 6, 27, 9, 11, 10, 59, 4, 5, 2, 57, 58, 61, 8, 7, 17, 26, 22, 66, 14, 13, 12, 15, 16, 18, 21, 28, 46, 54, 55, 70, 3, 56, 43, 34, 36, 63, 40, 37, 38, 60, 35, 69, 41, 68, 49, 48, 50, 52, 62, 51, 67, 47, 39, 42, 23, 19];2910.0
9897.0;[4, 24, 26, 22, 18, 21, 1, 57, 59, 0, 44, 65, 43, 42, 2, 5, 25, 6, 10, 58, 40, 35, 34, 63, 68, 53, 8, 7, 17, 45, 46, 51, 52, 62, 49, 50, 54, 55, 56, 70, 3, 31, 30, 29, 28, 64, 66, 14, 12, 15, 16, 19, 20, 23, 60, 69, 41, 36, 37, 39, 48, 67, 47, 38, 33, 32, 13, 27, 9, 11, 61];3462.0
9823.0;[63, 55, 56, 28, 64, 24, 44, 45, 53, 1, 2, 36, 38, 60, 26, 66, 14, 13, 17, 19, 0, 70, 3, 57, 51, 50, 52, 43, 34, 33, 32, 23, 20, 18, 21, 22, 25, 27, 6, 7, 9, 15, 16, 12, 11, 10, 59, 8, 4, 5, 42, 35, 69, 41, 68, 62, 54, 65, 30, 29, 31, 58, 61, 46, 49, 48, 67, 47, 39, 40, 37];3299.0
9668.0;[50, 47, 39, 68, 46, 62, 70, 57, 58, 61, 56, 52, 34, 35, 17, 64, 24, 28, 1, 2, 3, 4, 8, 59, 5, 0, 29, 30, 31, 44, 43, 42, 26, 22, 18, 19, 20, 21, 66, 12, 15, 23, 60, 32, 13, 14, 16, 33, 69, 41, 37, 38, 36, 63, 40, 48, 67, 49, 51, 54, 55, 45, 53, 65, 25, 27, 6, 9, 7, 11, 10];3090.0
9572.0;[13, 18, 21, 32, 26, 17, 28, 44, 45, 3, 4, 5, 31, 30, 65, 1, 2, 43, 42, 68, 46, 62, 52, 25, 27, 6, 22, 33, 35, 34, 19, 16, 14, 12, 15, 20, 23, 60, 38, 36, 37, 63, 40, 49, 51, 54, 55, 56, 70, 8, 7, 9, 64, 0, 69, 41, 39, 47, 50, 67, 48, 11, 10, 59, 58, 61, 57, 53, 29, 24, 66];3237.0
9684.0;[57, 52, 43, 42, 53, 45, 48, 50, 28, 64, 0, 4, 5, 30, 31, 41, 37, 63, 54, 55, 56, 70, 3, 59, 8, 7, 9, 14, 13, 66, 15, 12, 16, 17, 18, 19, 24, 29, 65, 1, 2, 44, 34, 35, 69, 60, 33, 32, 26, 22, 25, 27, 6, 11, 10, 61, 58, 51, 67, 49, 47, 39, 38, 36, 68, 62, 46, 40, 23, 20, 21];3230.0
10516.0;[28, 66, 27, 25, 6, 50, 52, 32, 33, 26, 17, 64, 31, 1, 2, 44, 65, 45, 3, 59, 8, 7, 9, 10, 11, 13, 24, 29, 30, 18, 22, 23, 20, 21, 19, 16, 14, 12, 15, 42, 68, 46, 47, 39, 37, 38, 60, 34, 36, 62, 54, 55, 53, 43, 35, 69, 41, 63, 40, 48, 51, 67, 49, 58, 61, 57, 56, 70, 4, 5, 0];3214.0
10013.0;[12, 15, 28, 0, 1, 2, 31, 30, 29, 24, 26, 22, 23, 20, 21, 69, 40, 63, 54, 59, 8, 17, 64, 45, 49, 39, 47, 68, 46, 62, 52, 3, 4, 5, 65, 44, 42, 35, 34, 32, 18, 19, 16, 53, 43, 41, 37, 38, 36, 60, 33, 25, 27, 6, 9, 11, 10, 58, 50, 67, 48, 51, 55, 56, 70, 57, 61, 7, 13, 14, 66];3191.0
9236.0;[65, 37, 39, 40, 46, 62, 19, 20, 31, 30, 29, 24, 26, 33, 34, 68, 55, 3, 4, 28, 23, 60, 22, 18, 21, 17, 13, 66, 12, 14, 15, 16, 0, 44, 45, 57, 61, 56, 52, 53, 1, 5, 2, 70, 59, 8, 25, 27, 6, 7, 9, 11, 10, 58, 54, 67, 49, 47, 48, 51, 50, 43, 42, 35, 69, 41, 38, 36, 63, 32, 64];3344.0
9645.0;[1, 2, 44, 69, 41, 3, 59, 53, 45, 43, 36, 37, 63, 54, 57, 58, 50, 67, 39, 34, 33, 35, 32, 26, 0, 31, 30, 29, 24, 18, 21, 64, 28, 65, 4, 5, 25, 11, 10, 61, 46, 40, 38, 60, 23, 19, 20, 22, 17, 42, 68, 62, 52, 49, 47, 48, 51, 55, 56, 70, 8, 13, 66, 12, 15, 16, 14, 27, 6, 7, 9];3450.0
9736.0;[21, 13, 14, 9, 10, 58, 57, 70, 3, 4, 0, 31, 30, 65, 1, 2, 5, 25, 27, 6, 28, 45, 43, 35, 60, 33, 17, 64, 66, 12, 11, 61, 59, 8, 7, 15, 16, 18, 24, 29, 44, 42, 34, 38, 36, 37, 39, 47, 48, 50, 52, 69, 41, 63, 40, 68, 62, 49, 51, 67, 55, 56, 46, 54, 53, 32, 26, 22, 23, 19, 20];3061.0
10227.0;[47, 48, 51, 55, 27, 6, 45, 46, 49, 67, 50, 64, 21, 22, 17, 24, 28, 30, 29, 31, 65, 3, 4, 5, 43, 69, 41, 40, 68, 62, 54, 52, 53, 56, 70, 57, 59, 8, 7, 9, 66, 14, 12, 20, 23, 60, 33, 32, 26, 18, 19, 15, 16, 13, 0, 1, 2, 25, 11, 10, 58, 61, 44, 42, 34, 35, 37, 38, 36, 63, 39];3103.0
9920.0;[57, 58, 59, 8, 7, 64, 0, 65, 44, 1, 2, 17, 14, 13, 24, 29, 30, 45, 46, 62, 54, 55, 56, 47, 39, 40, 68, 3, 5, 25, 27, 6, 9, 11, 10, 61, 52, 53, 43, 41, 37, 38, 36, 63, 26, 22, 66, 12, 15, 16, 19, 20, 21, 31, 42, 49, 48, 51, 50, 67, 70, 4, 28, 18, 23, 60, 33, 32, 34, 35, 69];3207.0
9607.0;[65, 44, 45, 53, 43, 42, 69, 41, 63, 35, 34, 37, 38, 36, 40, 68, 54, 55, 70, 4, 5, 2, 18, 19, 16, 15, 20, 21, 22, 17, 0, 1, 8, 7, 9, 10, 58, 67, 49, 51, 50, 52, 46, 62, 39, 47, 48, 66, 12, 11, 61, 59, 57, 56, 3, 31, 30, 29, 24, 26, 23, 60, 33, 32, 25, 27, 6, 14, 13, 64, 28];2897.0
9930.0;[67, 42, 32, 64, 24, 26, 69, 41, 55, 56, 52, 37, 63, 68, 62, 54, 70, 3, 4, 0, 65, 44, 1, 57, 8, 7, 9, 23, 60, 33, 35, 36, 40, 66, 15, 20, 21, 22, 17, 14, 12, 16, 18, 19, 25, 27, 6, 11, 10, 58, 61, 59, 13, 28, 29, 30, 31, 43, 34, 38, 39, 47, 48, 50, 53, 2, 5, 45, 46, 49, 51];3350.0
10061.0;[21, 63, 40, 68, 52, 2, 5, 31, 0, 65, 44, 45, 46, 62, 54, 50, 53, 42, 32, 26, 22, 17, 25, 6, 13, 27, 14, 24, 29, 30, 1, 70, 4, 11, 10, 61, 59, 57, 58, 51, 67, 48, 55, 56, 3, 8, 7, 9, 66, 12, 15, 18, 19, 16, 64, 28, 43, 49, 47, 39, 35, 69, 41, 36, 37, 38, 34, 60, 33, 23, 20];2978.0
10433.0;[48, 50, 30, 24, 29, 31, 38, 36, 68, 65, 44, 41, 63, 54, 56, 52, 46, 40, 42, 32, 19, 20, 21, 64, 17, 66, 12, 14, 15, 16, 18, 23, 60, 33, 26, 22, 11, 59, 8, 62, 49, 67, 51, 55, 70, 57, 58, 61, 3, 4, 5, 25, 27, 6, 10, 7, 9, 13, 28, 0, 1, 2, 45, 53, 43, 35, 34, 69, 37, 39, 47];3194.0
10037.0;[3, 56, 46, 62, 45, 44, 32, 22, 18, 17, 65, 1, 2, 5, 25, 27, 10, 61, 57, 58, 59, 28, 24, 26, 34, 36, 63, 40, 68, 51, 67, 49, 52, 53, 6, 7, 9, 11, 13, 0, 31, 43, 42, 38, 60, 33, 23, 19, 64, 29, 30, 66, 14, 12, 15, 16, 20, 21, 35, 69, 41, 39, 37, 47, 48, 50, 54, 55, 4, 8, 70];3338.0
9669.0;[36, 46, 52, 44, 54, 55, 28, 24, 25, 27, 6, 13, 41, 38, 37, 63, 39, 47, 40, 42, 22, 18, 19, 16, 21, 17, 2, 4, 8, 7, 9, 10, 11, 64, 0, 1, 70, 57, 56, 3, 5, 65, 45, 53, 43, 32, 33, 35, 34, 60, 69, 68, 62, 49, 48, 50, 67, 51, 58, 61, 59, 31, 30, 29, 26, 66, 14, 12, 15, 20, 23];3264.0
9466.0;[26, 43, 68, 29, 30, 31, 1, 57, 59, 4, 5, 0, 28, 25, 27, 11, 10, 61, 58, 67, 39, 47, 40, 42, 66, 6, 13, 18, 21, 64, 62, 49, 48, 51, 50, 52, 53, 44, 65, 2, 45, 46, 54, 55, 56, 70, 3, 8, 7, 9, 14, 12, 15, 16, 19, 20, 69, 41, 38, 34, 35, 33, 32, 23, 60, 36, 37, 63, 22, 17, 24];3173.0
9996.0;[37, 60, 32, 33, 38, 36, 4, 5, 1, 2, 44, 45, 47, 39, 40, 68, 46, 0, 17, 66, 14, 13, 12, 15, 24, 29, 30, 70, 57, 58, 51, 50, 67, 49, 48, 53, 43, 34, 35, 69, 63, 62, 54, 55, 3, 25, 9, 20, 21, 22, 18, 64, 28, 31, 65, 42, 26, 23, 19, 16, 27, 6, 7, 11, 10, 61, 8, 59, 56, 52, 41];3315.0
10120.0;[62, 48, 51, 50, 52, 23, 60, 32, 17, 64, 28, 1, 2, 3, 4, 5, 0, 31, 65, 44, 42, 69, 41, 63, 46, 53, 45, 43, 68, 54, 55, 56, 70, 30, 29, 24, 25, 6, 7, 14, 12, 15, 16, 19, 20, 66, 13, 27, 9, 11, 10, 58, 61, 8, 57, 59, 49, 67, 47, 39, 40, 26, 22, 18, 21, 33, 35, 34, 38, 36, 37];2950.0
10432.0;[3, 5, 25, 9, 10, 59, 4, 28, 64, 18, 16, 0, 65, 45, 40, 47, 39, 38, 34, 32, 22, 21, 66, 14, 12, 15, 19, 20, 69, 41, 63, 54, 55, 52, 43, 42, 26, 17, 13, 27, 6, 7, 11, 58, 61, 8, 57, 56, 31, 30, 29, 24, 23, 60, 33, 35, 36, 37, 68, 46, 62, 50, 67, 49, 48, 51, 53, 44, 1, 2, 70];3031.0
9481.0;[67, 51, 52, 44, 43, 42, 69, 63, 68, 31, 30, 29, 24, 64, 66, 15, 23, 60, 35, 34, 47, 48, 50, 53, 1, 2, 4, 5, 25, 27, 6, 18, 19, 20, 21, 22, 16, 14, 12, 9, 11, 10, 58, 61, 57, 3, 59, 8, 7, 13, 41, 38, 36, 37, 39, 40, 54, 55, 56, 70, 0, 65, 32, 33, 26, 17, 28, 45, 46, 62, 49];3100.0
9705.0;[61, 56, 4, 0, 25, 11, 10, 51, 67, 47, 39, 37, 38, 36, 26, 22, 23, 20, 45, 40, 42, 35, 34, 60, 33, 32, 19, 18, 21, 17, 66, 12, 15, 16, 64, 28, 24, 30, 29, 31, 54, 55, 5, 2, 43, 69, 41, 63, 68, 46, 62, 70, 3, 59, 8, 7, 9, 14, 27, 6, 13, 49, 48, 50, 53, 52, 44, 65, 1, 57, 58];3210.0
10082.0;[22, 0, 1, 8, 7, 24, 28, 17, 18, 21, 60, 33, 26, 64, 25, 9, 11, 10, 59, 4, 2, 70, 3, 5, 43, 42, 68, 62, 52, 65, 44, 31, 30, 29, 36, 38, 34, 35, 69, 41, 37, 63, 40, 46, 53, 45, 48, 50, 54, 55, 56, 58, 61, 57, 49, 51, 67, 47, 39, 32, 23, 19, 66, 14, 27, 6, 13, 12, 15, 16, 20];3062.0
10037.0;[44, 43, 35, 34, 37, 46, 52, 65, 66, 12, 15, 16, 45, 53, 1, 25, 27, 10, 59, 0, 28, 29, 31, 30, 49, 67, 48, 51, 17, 14, 64, 24, 26, 23, 60, 32, 18, 19, 20, 22, 21, 33, 69, 63, 40, 68, 62, 54, 55, 70, 3, 57, 8, 7, 9, 13, 6, 11, 58, 61, 56, 4, 5, 2, 42, 41, 38, 36, 39, 47, 50];3283.0
9479.0;[60, 1, 57, 58, 61, 65, 44, 2, 70, 3, 5, 26, 22, 28, 24, 64, 17, 18, 21, 19, 15, 16, 14, 13, 9, 11, 10, 0, 35, 34, 33, 69, 37, 39, 51, 29, 30, 31, 62, 54, 55, 56, 4, 8, 59, 7, 66, 43, 41, 38, 36, 63, 40, 68, 52, 46, 47, 48, 67, 49, 50, 45, 53, 42, 32, 25, 27, 6, 12, 20, 23];3464.0
10276.0;[27, 6, 0, 65, 43, 35, 34, 38, 36, 68, 50, 67, 49, 55, 56, 52, 53, 28, 24, 26, 22, 66, 14, 12, 29, 30, 31, 54, 70, 3, 4, 8, 10, 11, 64, 1, 57, 58, 61, 59, 5, 2, 44, 45, 46, 62, 47, 48, 51, 7, 9, 13, 17, 18, 19, 15, 16, 20, 21, 23, 60, 33, 69, 41, 37, 63, 39, 40, 42, 32, 25];3084.0
9847.0;[38, 36, 55, 56, 5, 25, 10, 11, 58, 61, 20, 21, 33, 63, 68, 46, 47, 39, 22, 18, 19, 16, 12, 15, 28, 1, 8, 59, 57, 70, 3, 4, 42, 34, 35, 32, 26, 17, 0, 48, 67, 49, 50, 52, 65, 2, 66, 14, 27, 6, 7, 9, 13, 64, 44, 45, 53, 43, 37, 40, 62, 54, 51, 31, 30, 29, 24, 23, 60, 69, 41];3551.0
9195.0;[18, 16, 64, 44, 42, 35, 32, 17, 19, 20, 21, 1, 2, 5, 0, 31, 30, 29, 24, 26, 22, 33, 36, 37, 54, 8, 7, 9, 13, 66, 14, 12, 15, 6, 28, 65, 43, 69, 41, 63, 40, 68, 62, 52, 53, 45, 46, 49, 48, 55, 4, 25, 27, 11, 10, 61, 59, 57, 56, 3, 70, 58, 51, 50, 67, 47, 39, 38, 34, 23, 60];3128.0
9447.0;[21, 58, 61, 11, 10, 7, 9, 26, 23, 60, 46, 54, 52, 43, 41, 40, 37, 63, 42, 25, 27, 6, 14, 12, 16, 28, 0, 45, 53, 44, 65, 1, 2, 4, 5, 70, 57, 59, 51, 50, 67, 39, 19, 15, 20, 22, 32, 33, 34, 36, 38, 35, 69, 68, 62, 49, 47, 48, 55, 56, 3, 8, 66, 13, 64, 24, 29, 30, 31, 17, 18];3456.0
10098.0;[67, 49, 55, 58, 61, 59, 57, 56, 70, 3, 8, 17, 64, 15, 16, 24, 29, 31, 30, 37, 63, 42, 32, 33, 34, 35, 36, 38, 22, 18, 19, 20, 21, 23, 60, 26, 28, 45, 46, 62, 54, 51, 50, 52, 53, 65, 1, 2, 5, 0, 25, 6, 7, 66, 14, 12, 13, 27, 11, 9, 10, 4, 44, 43, 69, 41, 39, 40, 68, 47, 48];2977.0
10184.0;[33, 32, 66, 12, 11, 10, 58, 57, 5, 25, 27, 6, 0, 1, 62, 54, 55, 56, 70, 3, 59, 4, 2, 44, 37, 38, 36, 63, 49, 50, 52, 53, 28, 64, 17, 13, 9, 61, 8, 7, 14, 15, 24, 29, 30, 31, 65, 45, 48, 51, 67, 47, 39, 40, 68, 46, 43, 42, 35, 26, 22, 23, 20, 19, 16, 18, 21, 34, 69, 41, 60];3159.0
9904.0;[20, 4, 5, 1, 2, 70, 7, 9, 13, 17, 69, 41, 38, 23, 60, 36, 63, 40, 42, 32, 29, 30, 31, 62, 54, 55, 56, 3, 8, 66, 14, 15, 45, 53, 44, 65, 0, 28, 24, 64, 25, 27, 6, 18, 21, 22, 16, 12, 11, 10, 58, 61, 59, 57, 52, 51, 50, 67, 49, 47, 48, 39, 68, 37, 46, 43, 35, 34, 33, 26, 19];3371.0
10156.0;[15, 20, 23, 19, 16, 17, 28, 64, 25, 11, 58, 61, 0, 30, 24, 29, 31, 65, 45, 48, 67, 49, 47, 39, 40, 37, 69, 38, 36, 63, 62, 54, 50, 52, 1, 68, 46, 55, 3, 4, 2, 5, 57, 56, 70, 51, 53, 44, 43, 42, 41, 60, 33, 35, 34, 32, 26, 22, 18, 21, 66, 12, 14, 13, 27, 6, 10, 59, 8, 7, 9];3075.0
10371.0;[36, 37, 54, 55, 5, 0, 65, 44, 43, 32, 26, 22, 18, 24, 30, 31, 1, 2, 3, 4, 9, 11, 10, 8, 7, 64, 25, 27, 6, 13, 17, 28, 29, 45, 53, 70, 58, 61, 59, 57, 56, 40, 42, 35, 34, 63, 68, 62, 50, 67, 49, 47, 48, 51, 52, 46, 39, 38, 69, 41, 33, 66, 15, 16, 14, 12, 19, 20, 21, 23, 60];3056.0
9299.0;[62, 0, 65, 44, 43, 35, 69, 41, 37, 66, 13, 17, 28, 42, 63, 40, 32, 26, 45, 46, 54, 8, 7, 14, 12, 15, 16, 64, 24, 29, 30, 31, 1, 2, 57, 58, 55, 52, 53, 56, 70, 3, 59, 4, 5, 18, 22, 33, 34, 60, 23, 19, 20, 21, 49, 48, 51, 50, 67, 25, 27, 6, 11, 9, 10, 61, 47, 39, 38, 36, 68];3489.0
9834.0;[1, 2, 56, 70, 58, 61, 57, 44, 45, 40, 63, 42, 12, 15, 25, 27, 6, 64, 17, 24, 22, 33, 69, 41, 68, 46, 54, 55, 3, 4, 5, 29, 31, 30, 65, 43, 32, 23, 16, 18, 19, 20, 21, 36, 37, 47, 48, 39, 38, 34, 35, 60, 26, 0, 59, 8, 7, 9, 10, 11, 13, 66, 14, 28, 62, 51, 67, 49, 50, 52, 53];3297.0
9581.0;[42, 26, 21, 22, 33, 32, 24, 29, 30, 31, 65, 1, 2, 70, 3, 56, 47, 39, 46, 54, 4, 25, 27, 6, 64, 28, 0, 44, 35, 34, 36, 63, 68, 62, 52, 53, 45, 49, 48, 50, 67, 51, 55, 7, 9, 10, 11, 43, 69, 41, 37, 38, 60, 23, 20, 17, 66, 14, 13, 12, 15, 18, 19, 16, 5, 57, 58, 61, 59, 8, 40];3222.0
10326.0;[37, 38, 17, 66, 14, 62, 49, 51, 67, 48, 50, 52, 46, 40, 63, 42, 26, 1, 70, 57, 58, 61, 59, 4, 5, 2, 0, 31, 29, 30, 24, 25, 27, 12, 15, 18, 22, 34, 36, 68, 53, 6, 9, 13, 19, 16, 54, 55, 56, 3, 8, 7, 10, 11, 65, 44, 43, 35, 69, 41, 60, 33, 32, 23, 20, 21, 64, 28, 45, 47, 39];3492.0
10003.0;[27, 13, 66, 14, 28, 65, 1, 2, 70, 3, 4, 5, 18, 19, 16, 36, 37, 62, 45, 31, 0, 12, 15, 20, 23, 60, 26, 22, 25, 6, 9, 11, 64, 24, 29, 30, 17, 21, 33, 35, 69, 68, 46, 52, 53, 44, 43, 42, 41, 63, 54, 55, 56, 57, 59, 8, 7, 10, 61, 58, 51, 48, 50, 67, 49, 47, 39, 40, 38, 34, 32];3228.0
10477.0;[55, 5, 25, 66, 14, 27, 6, 7, 9, 13, 18, 21, 0, 44, 45, 46, 47, 39, 42, 69, 41, 37, 36, 63, 38, 60, 33, 26, 22, 17, 64, 24, 30, 29, 31, 65, 43, 32, 23, 20, 53, 3, 4, 8, 10, 11, 12, 15, 19, 16, 28, 1, 2, 70, 57, 58, 61, 59, 56, 52, 62, 48, 51, 50, 67, 49, 40, 35, 34, 68, 54];2948.0
9782.0;[1, 2, 45, 46, 62, 70, 5, 25, 6, 14, 13, 17, 18, 19, 20, 22, 23, 69, 41, 68, 52, 53, 0, 28, 24, 64, 66, 27, 10, 61, 57, 59, 8, 4, 31, 29, 30, 43, 35, 34, 60, 33, 32, 26, 12, 15, 16, 21, 65, 44, 42, 49, 48, 54, 55, 56, 3, 7, 9, 11, 58, 51, 50, 67, 47, 39, 38, 36, 37, 63, 40];3058.0
8592.0;[50, 8, 13, 27, 25, 6, 7, 9, 11, 10, 61, 59, 58, 57, 40, 63, 68, 49, 67, 38, 34, 32, 26, 66, 14, 12, 15, 16, 17, 64, 2, 56, 46, 62, 52, 1, 5, 28, 24, 30, 29, 31, 65, 44, 45, 53, 43, 42, 54, 55, 70, 3, 4, 0, 18, 19, 20, 21, 22, 23, 60, 33, 35, 69, 41, 36, 37, 39, 47, 48, 51];2871.0
9601.0;[35, 34, 36, 63, 62, 54, 55, 3, 4, 5, 0, 37, 40, 68, 46, 52, 31, 29, 30, 24, 25, 11, 10, 58, 61, 56, 70, 28, 45, 53, 44, 65, 43, 42, 23, 20, 22, 1, 2, 59, 8, 57, 69, 41, 39, 48, 51, 50, 67, 49, 47, 38, 60, 33, 32, 26, 27, 6, 7, 9, 13, 64, 19, 17, 66, 14, 12, 15, 16, 18, 21];2941.0
9351.0;[36, 39, 40, 68, 46, 53, 29, 30, 31, 45, 47, 48, 25, 27, 13, 17, 18, 21, 28, 0, 65, 44, 49, 51, 50, 52, 2, 5, 66, 14, 20, 23, 32, 26, 22, 24, 43, 42, 34, 60, 33, 35, 69, 41, 37, 63, 62, 54, 55, 56, 4, 6, 11, 10, 58, 61, 8, 59, 7, 9, 12, 15, 16, 19, 64, 1, 3, 57, 70, 67, 38];3292.0
9628.0;[42, 31, 65, 44, 45, 53, 43, 33, 35, 34, 36, 68, 62, 52, 46, 47, 39, 38, 60, 32, 28, 8, 59, 7, 24, 29, 30, 26, 23, 20, 1, 70, 57, 3, 5, 0, 64, 17, 18, 21, 22, 49, 51, 50, 67, 48, 54, 55, 25, 27, 9, 6, 13, 66, 14, 12, 15, 16, 19, 11, 10, 61, 58, 56, 4, 2, 69, 41, 37, 63, 40];3404.0
9431.0;[70, 61, 59, 8, 7, 9, 17, 45, 46, 47, 39, 68, 29, 24, 64, 21, 22, 33, 32, 26, 28, 1, 2, 30, 31, 42, 41, 38, 40, 57, 58, 67, 49, 50, 52, 53, 44, 43, 35, 69, 37, 54, 55, 56, 3, 4, 5, 25, 6, 13, 66, 14, 27, 10, 11, 12, 16, 15, 18, 19, 20, 23, 60, 34, 36, 63, 62, 48, 51, 0, 65];3325.0
9305.0;[44, 2, 8, 59, 34, 33, 14, 13, 17, 28, 0, 42, 35, 32, 26, 66, 12, 15, 16, 18, 21, 22, 64, 24, 29, 30, 31, 45, 62, 49, 51, 67, 47, 38, 36, 68, 54, 55, 56, 70, 3, 4, 7, 19, 20, 23, 60, 37, 39, 48, 50, 52, 53, 65, 1, 5, 25, 27, 6, 9, 11, 10, 58, 61, 57, 43, 69, 41, 63, 40, 46];3009.0
10066.0;[46, 47, 32, 0, 2, 57, 56, 40, 42, 41, 37, 26, 22, 23, 60, 25, 27, 6, 28, 65, 43, 62, 53, 44, 45, 1, 5, 31, 29, 30, 24, 64, 17, 66, 14, 18, 19, 20, 21, 33, 35, 34, 63, 68, 3, 4, 11, 10, 50, 54, 52, 69, 38, 36, 39, 67, 49, 48, 51, 55, 70, 58, 61, 59, 8, 7, 13, 9, 12, 15, 16];3601.0
9684.0;[69, 50, 52, 42, 33, 32, 22, 17, 25, 27, 6, 43, 68, 2, 5, 45, 53, 44, 65, 29, 30, 31, 1, 0, 18, 19, 20, 21, 28, 49, 51, 66, 12, 15, 16, 64, 46, 62, 54, 4, 7, 9, 14, 13, 24, 26, 23, 60, 41, 38, 36, 37, 63, 40, 55, 58, 61, 11, 10, 8, 59, 57, 56, 70, 3, 67, 47, 48, 39, 35, 34];3665.0
9070.0;[24, 29, 64, 17, 66, 13, 43, 42, 34, 35, 26, 22, 28, 1, 8, 7, 9, 15, 19, 16, 14, 12, 11, 10, 2, 45, 62, 52, 53, 65, 0, 31, 30, 44, 68, 46, 54, 55, 56, 3, 4, 5, 23, 20, 21, 69, 41, 63, 49, 67, 47, 48, 51, 50, 70, 58, 61, 59, 57, 40, 37, 36, 39, 38, 60, 33, 32, 18, 25, 27, 6];3327.0
9260.0;[48, 17, 21, 35, 36, 63, 68, 62, 70, 57, 56, 4, 5, 3, 58, 67, 50, 52, 30, 31, 29, 66, 14, 45, 46, 49, 51, 54, 55, 53, 44, 65, 1, 2, 25, 27, 11, 10, 61, 59, 8, 7, 9, 13, 6, 18, 20, 23, 19, 16, 12, 15, 64, 28, 0, 43, 42, 41, 40, 37, 38, 34, 60, 32, 22, 24, 26, 33, 69, 39, 47];3346.0
9368.0;[58, 59, 4, 5, 0, 24, 26, 66, 14, 17, 28, 62, 44, 43, 35, 34, 63, 49, 51, 67, 48, 50, 52, 21, 22, 64, 45, 53, 65, 27, 12, 15, 16, 30, 29, 31, 1, 2, 25, 6, 13, 42, 69, 41, 54, 55, 8, 7, 18, 19, 20, 23, 60, 36, 40, 68, 46, 47, 39, 37, 38, 33, 32, 9, 10, 11, 61, 56, 70, 3, 57];3516.0
9398.0;[48, 50, 67, 49, 47, 39, 40, 68, 46, 32, 66, 14, 1, 2, 56, 70, 4, 5, 28, 24, 26, 17, 18, 22, 19, 20, 21, 43, 42, 41, 37, 63, 54, 51, 52, 34, 35, 33, 23, 60, 69, 38, 36, 55, 3, 8, 7, 12, 15, 16, 64, 0, 44, 45, 53, 65, 57, 58, 59, 31, 30, 29, 25, 6, 13, 27, 9, 10, 11, 61, 62];3299.0
9199.0;[17, 70, 3, 49, 51, 53, 0, 66, 14, 42, 32, 26, 64, 28, 1, 4, 7, 9, 11, 10, 8, 59, 31, 30, 43, 34, 36, 37, 63, 40, 68, 54, 55, 56, 57, 58, 61, 52, 45, 46, 62, 38, 60, 33, 35, 69, 41, 39, 47, 48, 50, 67, 44, 65, 2, 5, 29, 24, 22, 23, 20, 18, 21, 25, 27, 6, 13, 12, 15, 16, 19];3227.0
10118.0;[50, 67, 54, 55, 56, 18, 21, 37, 39, 40, 53, 45, 65, 44, 43, 32, 28, 29, 31, 30, 46, 49, 47, 48, 51, 52, 0, 25, 27, 6, 7, 13, 42, 35, 34, 36, 38, 60, 23, 20, 22, 17, 24, 26, 33, 69, 41, 63, 68, 62, 1, 4, 8, 57, 61, 59, 2, 70, 3, 5, 64, 19, 15, 16, 14, 66, 12, 9, 11, 10, 58];3387.0
10371.0;[44, 43, 42, 35, 34, 33, 32, 23, 60, 69, 41, 63, 40, 68, 46, 52, 53, 1, 4, 5, 25, 27, 28, 65, 0, 31, 30, 29, 24, 26, 66, 13, 17, 2, 70, 57, 56, 54, 55, 3, 59, 8, 7, 12, 15, 20, 21, 64, 45, 62, 51, 50, 67, 49, 48, 39, 47, 36, 37, 38, 22, 18, 19, 16, 14, 6, 9, 10, 11, 58, 61];2942.0
10109.0;[12, 15, 11, 50, 47, 39, 22, 17, 66, 14, 64, 68, 62, 54, 57, 56, 70, 4, 1, 2, 49, 51, 67, 48, 55, 3, 8, 7, 9, 13, 27, 25, 6, 10, 58, 61, 59, 5, 43, 69, 41, 63, 40, 42, 26, 18, 19, 16, 24, 29, 30, 31, 35, 34, 36, 37, 38, 60, 33, 32, 23, 20, 21, 45, 53, 46, 52, 65, 44, 0, 28];3376.0
10245.0;[43, 69, 37, 38, 60, 32, 64, 29, 30, 31, 44, 46, 62, 1, 8, 7, 9, 66, 15, 16, 17, 54, 55, 3, 4, 5, 0, 28, 24, 22, 23, 19, 20, 11, 10, 61, 59, 2, 35, 34, 33, 36, 63, 68, 49, 51, 52, 45, 56, 70, 57, 58, 50, 67, 47, 39, 40, 26, 18, 21, 25, 27, 6, 13, 14, 12, 65, 42, 41, 48, 53];3403.0
9640.0;[23, 16, 0, 28, 17, 66, 13, 31, 63, 68, 54, 53, 45, 44, 65, 43, 35, 69, 41, 37, 38, 60, 33, 34, 36, 39, 48, 51, 55, 56, 5, 26, 18, 19, 20, 21, 22, 64, 25, 27, 6, 10, 58, 61, 7, 11, 9, 14, 12, 15, 24, 29, 30, 1, 3, 8, 59, 4, 2, 70, 57, 67, 47, 40, 46, 62, 49, 50, 52, 42, 32];3116.0
9881.0;[61, 52, 40, 19, 15, 16, 18, 21, 22, 33, 34, 35, 69, 38, 36, 37, 63, 46, 54, 0, 17, 66, 14, 12, 45, 49, 47, 39, 48, 51, 50, 67, 55, 57, 56, 70, 3, 4, 5, 28, 20, 23, 60, 32, 26, 64, 25, 27, 6, 7, 9, 13, 24, 30, 29, 31, 44, 43, 42, 41, 68, 62, 53, 65, 1, 2, 59, 8, 11, 10, 58];2937.0
10028.0;[64, 28, 0, 1, 4, 11, 10, 40, 68, 46, 54, 58, 61, 57, 52, 62, 45, 53, 44, 43, 35, 60, 23, 20, 21, 66, 12, 15, 16, 18, 22, 33, 34, 38, 36, 63, 42, 32, 2, 70, 3, 5, 25, 27, 6, 13, 17, 29, 30, 31, 65, 8, 9, 24, 26, 69, 41, 37, 39, 47, 48, 51, 50, 67, 49, 55, 56, 59, 7, 14, 19];3283.0
9855.0;[57, 52, 44, 0, 65, 1, 2, 25, 13, 17, 64, 24, 29, 31, 30, 42, 69, 37, 60, 32, 26, 22, 66, 14, 62, 49, 51, 67, 39, 38, 36, 63, 40, 68, 55, 56, 70, 3, 4, 8, 59, 58, 61, 5, 45, 53, 43, 41, 35, 34, 33, 23, 20, 21, 27, 6, 7, 9, 10, 11, 12, 15, 18, 19, 16, 28, 46, 47, 48, 50, 54];3049.0
10084.0;[40, 28, 0, 46, 62, 56, 70, 57, 59, 8, 7, 9, 66, 14, 15, 18, 21, 58, 67, 52, 65, 1, 2, 45, 53, 44, 43, 35, 34, 33, 32, 10, 61, 11, 12, 20, 23, 60, 26, 22, 17, 24, 29, 30, 31, 49, 48, 51, 50, 54, 55, 3, 4, 5, 19, 16, 25, 27, 6, 13, 64, 38, 36, 37, 63, 68, 47, 39, 42, 69, 41];3448.0
9277.0;[51, 19, 16, 18, 22, 17, 24, 0, 65, 4, 9, 13, 66, 12, 15, 25, 14, 28, 44, 45, 68, 46, 62, 54, 50, 47, 48, 39, 38, 34, 35, 32, 64, 1, 2, 5, 31, 30, 29, 26, 33, 36, 63, 40, 55, 8, 7, 27, 6, 11, 10, 61, 59, 52, 43, 42, 69, 41, 37, 60, 23, 20, 21, 53, 57, 56, 70, 3, 58, 67, 49];3492.0
9800.0;[25, 27, 6, 8, 7, 11, 10, 58, 61, 52, 1, 2, 44, 65, 45, 53, 0, 28, 64, 66, 14, 17, 24, 29, 31, 30, 43, 68, 46, 62, 47, 48, 51, 55, 56, 70, 57, 59, 4, 5, 42, 69, 41, 37, 39, 40, 32, 23, 60, 33, 26, 9, 13, 12, 15, 16, 19, 20, 22, 18, 21, 34, 35, 38, 36, 63, 49, 50, 67, 54, 3];2992.0
9617.0;[25, 58, 50, 54, 55, 70, 57, 56, 61, 59, 8, 7, 66, 14, 18, 32, 26, 24, 29, 30, 31, 45, 52, 53, 44, 65, 0, 1, 2, 3, 4, 5, 19, 16, 27, 6, 9, 10, 11, 12, 15, 20, 21, 22, 17, 13, 28, 64, 49, 48, 40, 43, 69, 41, 63, 68, 46, 62, 51, 67, 47, 39, 42, 37, 36, 38, 34, 35, 23, 60, 33];3306.0
10164.0;[8, 11, 14, 13, 64, 17, 18, 66, 12, 15, 16, 19, 20, 22, 21, 23, 60, 69, 41, 39, 37, 63, 40, 68, 55, 3, 4, 5, 31, 0, 25, 6, 24, 29, 30, 44, 45, 53, 65, 1, 2, 58, 61, 57, 56, 52, 46, 62, 49, 47, 67, 48, 51, 50, 54, 70, 7, 9, 28, 43, 42, 35, 36, 38, 34, 33, 32, 26, 27, 10, 59];2964.0
9962.0;[65, 0, 13, 66, 6, 7, 9, 14, 15, 12, 16, 62, 52, 24, 26, 22, 35, 34, 32, 18, 21, 28, 29, 30, 31, 43, 42, 68, 54, 55, 70, 56, 46, 40, 38, 60, 33, 23, 19, 20, 17, 64, 3, 4, 45, 53, 44, 1, 5, 2, 25, 27, 11, 10, 8, 59, 58, 61, 57, 51, 50, 67, 49, 47, 69, 41, 37, 63, 36, 39, 48];3332.0
9272.0;[34, 33, 18, 21, 17, 24, 28, 0, 62, 47, 42, 35, 69, 37, 68, 46, 40, 43, 41, 39, 48, 53, 31, 30, 29, 65, 2, 5, 44, 45, 32, 26, 22, 13, 11, 10, 57, 52, 51, 50, 67, 49, 36, 63, 54, 55, 56, 3, 8, 7, 9, 14, 15, 16, 64, 1, 70, 58, 61, 59, 4, 25, 27, 6, 66, 12, 19, 20, 23, 60, 38];3280.0
9573.0;[16, 64, 70, 7, 9, 0, 65, 43, 38, 60, 34, 37, 36, 3, 4, 5, 31, 29, 30, 35, 33, 32, 22, 23, 20, 21, 17, 24, 26, 28, 1, 2, 48, 55, 57, 58, 51, 50, 67, 49, 39, 47, 40, 42, 18, 19, 25, 6, 13, 66, 14, 27, 10, 61, 56, 69, 41, 63, 68, 46, 52, 53, 44, 45, 62, 54, 59, 8, 11, 12, 15];3575.0
9702.0;[0, 23, 19, 20, 69, 41, 63, 53, 45, 70, 3, 4, 8, 46, 47, 39, 26, 22, 65, 44, 43, 42, 38, 36, 40, 68, 62, 31, 29, 30, 28, 24, 27, 11, 10, 59, 67, 49, 51, 55, 56, 58, 61, 57, 52, 35, 34, 60, 32, 17, 66, 14, 12, 15, 16, 1, 2, 64, 25, 6, 7, 9, 13, 18, 21, 33, 37, 48, 50, 54, 5];3546.0
10158.0;[44, 0, 17, 64, 24, 29, 45, 46, 62, 30, 31, 65, 1, 70, 57, 52, 53, 28, 25, 27, 6, 9, 11, 59, 40, 32, 21, 18, 20, 66, 12, 15, 16, 19, 14, 13, 41, 63, 54, 55, 8, 7, 10, 58, 61, 56, 3, 4, 5, 2, 43, 42, 26, 22, 23, 60, 33, 34, 35, 69, 37, 38, 36, 39, 68, 67, 49, 47, 48, 51, 50];3180.0
10154.0;[32, 26, 46, 47, 39, 38, 36, 62, 54, 52, 66, 15, 16, 17, 65, 45, 53, 44, 63, 40, 68, 49, 50, 43, 42, 35, 34, 69, 41, 37, 60, 33, 24, 29, 31, 30, 28, 25, 27, 18, 19, 14, 12, 20, 22, 64, 0, 1, 2, 70, 3, 59, 58, 67, 48, 51, 55, 5, 6, 9, 11, 10, 61, 57, 56, 4, 8, 7, 13, 21, 23];3341.0
9785.0;[46, 62, 52, 49, 47, 48, 67, 39, 38, 37, 36, 43, 42, 35, 69, 41, 63, 40, 26, 66, 13, 45, 53, 44, 1, 8, 7, 9, 18, 21, 25, 27, 6, 11, 10, 17, 64, 2, 70, 57, 58, 61, 59, 4, 5, 0, 34, 60, 33, 32, 23, 19, 16, 14, 12, 15, 20, 22, 28, 65, 54, 55, 56, 3, 24, 29, 31, 30, 68, 51, 50];3175.0
8800.0;[17, 57, 56, 47, 48, 38, 39, 43, 42, 41, 36, 37, 54, 4, 5, 1, 2, 70, 3, 51, 67, 49, 50, 52, 25, 27, 10, 61, 59, 8, 7, 9, 6, 64, 28, 0, 45, 46, 62, 53, 44, 65, 30, 31, 29, 24, 26, 23, 60, 33, 35, 34, 32, 66, 14, 12, 15, 16, 69, 63, 40, 68, 55, 58, 11, 13, 19, 20, 21, 22, 18];3408.0
10276.0;[41, 68, 53, 1, 2, 3, 4, 5, 64, 66, 14, 17, 24, 29, 30, 31, 65, 44, 43, 42, 46, 54, 55, 70, 25, 6, 13, 45, 62, 49, 48, 51, 67, 47, 39, 50, 52, 0, 28, 18, 19, 20, 21, 34, 36, 37, 63, 40, 38, 35, 32, 26, 27, 10, 56, 57, 58, 61, 59, 8, 7, 11, 9, 12, 15, 16, 22, 23, 60, 33, 69];2983.0
10116.0;[15, 17, 24, 26, 19, 16, 64, 0, 37, 38, 34, 36, 39, 58, 61, 45, 53, 43, 41, 63, 68, 49, 51, 54, 55, 70, 25, 27, 21, 22, 18, 32, 23, 20, 29, 30, 31, 44, 65, 1, 2, 3, 4, 5, 28, 14, 9, 13, 6, 7, 11, 10, 59, 8, 57, 56, 62, 67, 48, 50, 52, 46, 47, 60, 33, 35, 69, 40, 42, 66, 12];3450.0
10485.0;[40, 26, 17, 66, 13, 64, 24, 29, 30, 31, 45, 46, 62, 49, 48, 65, 5, 10, 61, 42, 32, 33, 69, 38, 36, 63, 68, 52, 53, 43, 35, 34, 37, 56, 70, 4, 8, 7, 11, 9, 14, 12, 27, 25, 6, 1, 2, 3, 59, 67, 47, 39, 60, 23, 20, 18, 19, 15, 16, 21, 22, 28, 0, 44, 41, 54, 55, 57, 58, 51, 50];3586.0
9878.0;[53, 32, 23, 20, 45, 57, 58, 11, 10, 61, 59, 5, 43, 34, 36, 63, 42, 19, 16, 50, 67, 49, 51, 48, 39, 47, 38, 37, 40, 68, 62, 0, 28, 66, 14, 64, 1, 2, 70, 3, 4, 8, 7, 9, 13, 17, 65, 44, 31, 30, 29, 24, 26, 18, 22, 25, 27, 6, 12, 15, 21, 33, 35, 60, 69, 41, 46, 54, 55, 56, 52];3381.0
10095.0;[62, 52, 46, 54, 55, 56, 3, 5, 0, 66, 12, 64, 28, 29, 31, 30, 24, 23, 20, 1, 58, 61, 4, 2, 70, 57, 51, 67, 39, 38, 34, 60, 33, 69, 41, 63, 40, 32, 26, 25, 27, 6, 11, 10, 59, 8, 7, 9, 14, 13, 17, 19, 15, 16, 18, 21, 22, 65, 44, 45, 49, 47, 48, 50, 53, 43, 42, 35, 36, 37, 68];2888.0
9609.0;[14, 27, 11, 10, 58, 61, 57, 8, 59, 7, 9, 64, 44, 46, 62, 52, 53, 70, 3, 25, 6, 13, 24, 29, 31, 30, 65, 43, 42, 32, 23, 19, 20, 22, 66, 12, 15, 16, 17, 18, 21, 48, 50, 67, 51, 55, 56, 28, 26, 33, 34, 35, 69, 41, 68, 54, 4, 5, 0, 1, 2, 45, 49, 47, 39, 38, 36, 63, 40, 37, 60];3161.0
9130.0;[54, 53, 30, 31, 45, 46, 40, 34, 33, 35, 25, 6, 9, 11, 10, 44, 43, 42, 63, 39, 47, 48, 50, 52, 29, 24, 64, 2, 5, 0, 28, 65, 1, 57, 58, 61, 59, 8, 7, 14, 12, 15, 16, 17, 66, 13, 27, 18, 23, 60, 32, 26, 19, 20, 21, 22, 62, 49, 51, 67, 55, 56, 70, 3, 4, 69, 41, 37, 38, 36, 68];3228.0
10405.0;[32, 64, 17, 24, 29, 30, 66, 13, 28, 45, 53, 44, 2, 5, 0, 65, 31, 37, 40, 69, 41, 63, 68, 46, 62, 54, 55, 56, 57, 52, 43, 42, 26, 22, 23, 20, 21, 33, 35, 34, 18, 19, 14, 12, 15, 16, 1, 70, 3, 4, 59, 8, 27, 25, 6, 7, 9, 11, 10, 61, 58, 50, 67, 51, 49, 48, 39, 47, 38, 36, 60];3023.0
10414.0;[69, 38, 39, 46, 62, 52, 53, 44, 1, 2, 35, 34, 60, 33, 22, 17, 64, 28, 65, 0, 24, 23, 20, 29, 30, 31, 66, 15, 70, 57, 58, 61, 8, 59, 7, 13, 41, 63, 40, 42, 32, 26, 25, 6, 14, 12, 27, 9, 10, 11, 19, 16, 18, 21, 36, 37, 68, 54, 55, 56, 3, 4, 5, 45, 51, 50, 67, 49, 47, 48, 43];3362.0
9411.0;[53, 44, 3, 4, 65, 35, 34, 60, 17, 64, 2, 8, 7, 12, 15, 16, 18, 20, 21, 1, 70, 57, 56, 52, 46, 40, 42, 41, 38, 36, 63, 54, 55, 58, 11, 66, 14, 13, 24, 28, 45, 62, 49, 48, 51, 67, 50, 25, 27, 6, 9, 10, 61, 59, 5, 30, 31, 29, 33, 32, 26, 22, 23, 19, 0, 43, 69, 37, 47, 39, 68];3424.0
9194.0;[25, 9, 66, 14, 0, 31, 65, 44, 34, 60, 33, 32, 12, 15, 18, 19, 16, 17, 28, 43, 35, 69, 63, 68, 62, 52, 53, 41, 37, 38, 36, 23, 20, 21, 64, 24, 29, 30, 45, 49, 51, 50, 54, 55, 1, 2, 5, 70, 3, 8, 57, 56, 46, 67, 47, 48, 39, 40, 42, 26, 22, 13, 27, 6, 7, 11, 10, 58, 61, 59, 4];3052.0
2706.0;[63, 40, 44, 65, 3, 5, 45, 62, 67, 49, 48, 51, 50, 54, 55, 56, 52, 46, 47, 39, 38, 60, 32, 23, 20, 64, 24, 26, 22, 19, 16, 14, 13, 17, 28, 43, 42, 35, 69, 41, 37, 68, 53, 0, 31, 30, 29, 1, 2, 70, 57, 58, 61, 59, 8, 4, 25, 27, 6, 7, 9, 10, 11, 66, 12, 15, 18, 21, 33, 34, 36]
