kro124p
[47, 40, 99, 70, 13, 42, 45, 28, 33, 54, 82, 2, 51, 36, 81, 94, 12, 75, 32, 4, 77, 95, 38, 29, 8, 56, 85, 26, 19, 34, 76, 97, 46, 71, 20, 58, 73, 35, 37, 83, 9, 17, 23, 98, 10, 90, 22, 31, 16, 14, 44, 61, 59, 11, 6, 86, 50, 24, 41, 55, 74, 3, 25, 65, 64, 15, 21, 69, 96, 79, 30, 88, 7, 91, 18, 78, 52, 5, 48, 53, 1, 63, 39, 68, 66, 27, 92, 0, 62, 89, 87, 93, 57, 60, 80, 72, 84, 67, 43, 49];49476.0;59477.58620689655;6952090.793103448;384.0;225720.0;203.0
[86, 45, 13, 47, 2, 11, 44, 31, 90, 22, 12, 75, 95, 77, 4, 36, 32, 94, 81, 49, 24, 8, 56, 59, 14, 16, 20, 73, 58, 71, 35, 83, 9, 66, 27, 92, 0, 37, 23, 98, 17, 78, 52, 87, 93, 10, 97, 76, 57, 60, 80, 39, 63, 72, 43, 1, 53, 25, 64, 48, 5, 91, 89, 62, 46, 50, 6, 82, 85, 26, 54, 42, 40, 99, 70, 28, 33, 38, 84, 67, 51, 29, 68, 41, 7, 19, 34, 61, 30, 79, 55, 65, 15, 21, 69, 3, 74, 18, 96, 88];61571.0
[52, 64, 25, 65, 69, 87, 15, 21, 93, 96, 30, 94, 12, 75, 32, 36, 81, 39, 88, 79, 55, 3, 78, 17, 37, 23, 98, 89, 41, 7, 66, 27, 57, 60, 68, 67, 84, 13, 70, 47, 77, 95, 4, 51, 29, 28, 54, 6, 86, 56, 11, 33, 45, 40, 99, 82, 8, 49, 43, 1, 63, 53, 80, 61, 59, 22, 97, 90, 50, 24, 72, 38, 2, 42, 19, 34, 14, 16, 20, 35, 83, 9, 71, 58, 73, 10, 46, 62, 5, 48, 91, 74, 18, 0, 92, 85, 26, 76, 44, 31];55182.0
[78, 17, 23, 37, 98, 20, 71, 9, 25, 55, 0, 57, 66, 27, 92, 85, 26, 11, 6, 45, 29, 51, 77, 95, 12, 75, 94, 1, 63, 41, 7, 91, 62, 90, 22, 31, 16, 44, 61, 34, 82, 54, 2, 42, 19, 83, 87, 69, 64, 65, 3, 96, 79, 30, 88, 68, 72, 49, 43, 53, 39, 60, 50, 14, 10, 73, 5, 48, 74, 18, 52, 15, 21, 93, 35, 58, 59, 8, 86, 24, 80, 67, 84, 81, 32, 4, 36, 38, 13, 70, 40, 47, 99, 28, 33, 56, 76, 97, 46, 89];54166.0
[25, 81, 32, 38, 29, 28, 33, 85, 22, 44, 31, 16, 61, 34, 82, 54, 6, 8, 56, 11, 42, 40, 47, 13, 14, 10, 20, 35, 9, 83, 87, 15, 21, 69, 93, 23, 98, 37, 58, 73, 12, 75, 94, 49, 24, 97, 90, 59, 60, 80, 84, 67, 1, 63, 39, 57, 66, 27, 92, 89, 52, 64, 65, 18, 46, 26, 19, 86, 50, 0, 5, 74, 96, 41, 68, 72, 43, 53, 30, 7, 48, 71, 76, 77, 95, 36, 4, 51, 99, 70, 2, 45, 62, 17, 78, 91, 88, 79, 55, 3];66899.0
[74, 3, 25, 64, 65, 96, 79, 30, 88, 68, 49, 12, 75, 94, 43, 53, 87, 69, 17, 23, 98, 35, 83, 37, 78, 52, 89, 9, 71, 62, 5, 48, 18, 55, 41, 66, 19, 2, 51, 77, 32, 81, 1, 39, 63, 72, 84, 80, 24, 76, 44, 31, 14, 10, 73, 20, 58, 16, 29, 95, 4, 36, 57, 27, 92, 60, 67, 38, 47, 13, 45, 54, 82, 8, 86, 50, 21, 15, 93, 46, 22, 97, 90, 59, 61, 34, 85, 26, 42, 40, 70, 99, 28, 33, 91, 7, 56, 11, 6, 0];60561.0
[15, 21, 93, 69, 64, 25, 87, 17, 23, 98, 35, 37, 83, 89, 18, 52, 3, 65, 78, 9, 71, 20, 58, 73, 16, 44, 22, 42, 40, 47, 99, 70, 13, 29, 43, 63, 39, 32, 4, 51, 95, 77, 2, 45, 34, 59, 61, 6, 19, 85, 26, 11, 97, 90, 31, 5, 48, 7, 91, 88, 50, 28, 33, 8, 60, 24, 66, 41, 79, 96, 74, 10, 14, 76, 86, 38, 36, 84, 67, 0, 62, 46, 92, 27, 57, 68, 72, 49, 82, 54, 56, 80, 1, 94, 12, 75, 81, 53, 30, 55];58539.0
[69, 64, 65, 3, 25, 96, 79, 30, 53, 36, 4, 12, 75, 32, 94, 81, 38, 80, 66, 88, 74, 18, 52, 9, 71, 20, 90, 59, 61, 34, 56, 86, 24, 50, 28, 99, 40, 70, 2, 45, 11, 6, 92, 0, 27, 57, 60, 67, 29, 47, 13, 42, 82, 54, 76, 22, 31, 16, 98, 23, 35, 37, 83, 95, 51, 77, 84, 8, 33, 72, 49, 1, 63, 39, 43, 68, 73, 58, 44, 85, 26, 19, 62, 48, 5, 55, 41, 7, 91, 14, 10, 97, 46, 89, 17, 78, 87, 15, 93, 21];59596.0
[41, 64, 25, 65, 3, 69, 52, 87, 15, 21, 93, 96, 30, 88, 39, 1, 4, 51, 95, 36, 75, 32, 12, 81, 94, 49, 67, 84, 80, 20, 73, 58, 16, 10, 90, 22, 44, 31, 14, 46, 97, 62, 89, 48, 57, 60, 50, 6, 28, 33, 11, 19, 85, 34, 40, 99, 70, 47, 77, 72, 74, 18, 83, 37, 23, 17, 78, 9, 71, 98, 35, 43, 38, 29, 8, 56, 82, 2, 45, 13, 42, 54, 26, 76, 7, 91, 79, 55, 5, 0, 92, 27, 66, 63, 53, 68, 59, 61, 86, 24];59854.0
[45, 70, 99, 28, 34, 61, 31, 16, 14, 10, 71, 35, 37, 23, 98, 20, 73, 58, 33, 2, 77, 95, 4, 51, 13, 54, 11, 6, 8, 56, 50, 60, 92, 0, 91, 62, 97, 90, 59, 42, 40, 47, 36, 32, 75, 38, 29, 85, 22, 9, 78, 52, 15, 93, 46, 86, 24, 84, 67, 43, 49, 72, 80, 66, 7, 89, 83, 17, 21, 87, 69, 65, 96, 55, 41, 53, 81, 94, 12, 1, 63, 39, 68, 82, 26, 19, 3, 25, 64, 74, 18, 48, 5, 44, 76, 57, 27, 79, 30, 88];63099.0
[99, 51, 29, 72, 41, 55, 3, 25, 64, 65, 69, 11, 54, 42, 2, 28, 33, 82, 8, 86, 57, 27, 92, 0, 5, 48, 74, 18, 96, 79, 30, 88, 68, 49, 12, 32, 75, 94, 81, 53, 7, 91, 62, 73, 58, 10, 16, 44, 19, 85, 34, 61, 67, 84, 80, 20, 35, 37, 23, 98, 83, 9, 40, 70, 13, 46, 89, 52, 87, 17, 66, 60, 50, 24, 6, 56, 45, 47, 36, 4, 1, 63, 39, 43, 77, 95, 38, 59, 31, 14, 71, 78, 15, 21, 93, 90, 22, 97, 76, 26];64736.0
[45, 13, 40, 99, 70, 47, 77, 4, 51, 95, 36, 32, 49, 66, 27, 46, 89, 3, 65, 69, 21, 87, 17, 23, 11, 54, 82, 8, 86, 50, 80, 24, 6, 56, 7, 30, 79, 96, 78, 52, 15, 93, 18, 88, 39, 43, 29, 33, 61, 31, 20, 35, 83, 37, 98, 73, 58, 16, 97, 76, 57, 60, 68, 63, 53, 25, 64, 74, 5, 91, 85, 26, 19, 34, 59, 71, 48, 55, 41, 90, 22, 44, 14, 10, 72, 67, 84, 38, 12, 75, 94, 81, 1, 62, 9, 0, 92, 2, 42, 28];63271.0
[87, 15, 21, 69, 93, 64, 25, 65, 3, 30, 88, 81, 94, 12, 75, 51, 29, 47, 40, 99, 70, 2, 97, 46, 62, 55, 79, 41, 66, 92, 27, 57, 68, 72, 49, 38, 95, 77, 4, 36, 32, 1, 39, 63, 84, 13, 45, 42, 28, 33, 67, 43, 53, 0, 98, 35, 37, 23, 17, 78, 52, 18, 74, 96, 5, 48, 89, 9, 83, 14, 16, 44, 22, 59, 61, 50, 60, 86, 80, 24, 19, 34, 76, 91, 7, 8, 11, 6, 56, 90, 73, 71, 20, 58, 10, 31, 85, 26, 82, 54];57311.0
[89, 52, 15, 21, 93, 10, 97, 66, 81, 94, 12, 75, 32, 24, 76, 90, 20, 58, 23, 98, 17, 37, 78, 87, 69, 55, 41, 30, 74, 18, 73, 71, 9, 48, 5, 83, 35, 14, 16, 19, 34, 61, 59, 8, 11, 6, 56, 85, 26, 82, 54, 70, 2, 42, 45, 13, 29, 51, 77, 95, 36, 4, 40, 47, 99, 28, 33, 84, 67, 38, 49, 43, 68, 60, 27, 57, 50, 86, 80, 72, 1, 39, 63, 53, 92, 0, 62, 46, 22, 44, 31, 25, 65, 64, 3, 96, 79, 88, 7, 91];54365.0
[23, 98, 35, 37, 78, 15, 21, 93, 69, 87, 83, 20, 76, 6, 45, 13, 28, 34, 61, 59, 44, 31, 22, 97, 90, 46, 89, 52, 64, 65, 3, 73, 58, 16, 14, 10, 62, 5, 48, 55, 79, 30, 66, 60, 86, 50, 24, 57, 92, 0, 91, 68, 99, 70, 47, 77, 4, 12, 75, 29, 2, 11, 19, 85, 26, 42, 40, 51, 95, 36, 32, 94, 81, 43, 88, 96, 74, 7, 72, 67, 84, 80, 39, 63, 53, 27, 71, 9, 17, 25, 41, 8, 56, 82, 54, 33, 38, 49, 1, 18];60873.0
[32, 75, 12, 94, 49, 53, 79, 55, 74, 18, 52, 69, 64, 25, 65, 3, 96, 24, 8, 86, 50, 76, 97, 90, 73, 58, 16, 10, 46, 57, 60, 56, 26, 85, 11, 6, 45, 47, 13, 70, 99, 40, 51, 77, 29, 28, 19, 34, 61, 98, 35, 37, 23, 17, 78, 83, 48, 5, 62, 89, 7, 39, 72, 84, 67, 43, 80, 66, 27, 41, 30, 88, 33, 2, 42, 82, 92, 0, 91, 63, 1, 81, 38, 54, 59, 22, 44, 31, 14, 20, 71, 9, 15, 21, 93, 87, 68, 95, 4, 36];59185.0
[79, 65, 15, 21, 87, 69, 93, 5, 39, 1, 94, 81, 12, 75, 32, 36, 4, 95, 51, 77, 50, 96, 3, 25, 64, 55, 41, 7, 66, 92, 0, 91, 88, 30, 74, 18, 52, 23, 98, 17, 71, 20, 35, 37, 78, 9, 68, 67, 84, 29, 47, 45, 19, 85, 26, 72, 43, 53, 49, 38, 2, 42, 13, 70, 40, 99, 28, 33, 34, 61, 59, 22, 44, 57, 27, 76, 97, 90, 31, 73, 58, 16, 14, 10, 46, 60, 80, 82, 8, 86, 62, 48, 89, 83, 11, 54, 6, 56, 24, 63];59338.0
[12, 75, 32, 63, 39, 91, 89, 98, 35, 37, 23, 15, 21, 69, 64, 65, 87, 93, 83, 95, 77, 51, 13, 26, 19, 34, 59, 22, 44, 73, 20, 58, 17, 78, 52, 18, 3, 25, 55, 88, 38, 47, 40, 99, 70, 42, 2, 45, 29, 72, 53, 30, 79, 96, 74, 5, 0, 92, 28, 33, 82, 54, 11, 6, 84, 81, 94, 49, 24, 8, 86, 80, 68, 76, 97, 90, 31, 16, 14, 10, 46, 62, 71, 9, 48, 41, 7, 66, 27, 57, 60, 56, 85, 61, 50, 67, 43, 1, 4, 36];58375.0
[6, 45, 42, 2, 36, 94, 32, 81, 1, 63, 88, 55, 21, 93, 23, 98, 20, 58, 10, 16, 9, 83, 74, 96, 30, 79, 25, 69, 87, 17, 37, 35, 73, 71, 15, 64, 65, 3, 41, 68, 24, 8, 84, 67, 39, 0, 62, 5, 48, 44, 22, 90, 97, 76, 59, 61, 86, 80, 72, 49, 43, 53, 89, 78, 52, 18, 91, 7, 66, 85, 26, 11, 56, 50, 57, 27, 92, 46, 60, 29, 95, 38, 54, 82, 33, 13, 99, 70, 40, 47, 77, 4, 12, 75, 51, 28, 19, 31, 14, 34];60943.0
[13, 40, 99, 47, 77, 95, 38, 53, 79, 55, 3, 65, 52, 15, 21, 93, 64, 25, 69, 87, 23, 98, 35, 73, 85, 26, 28, 33, 84, 67, 29, 51, 36, 4, 70, 2, 42, 45, 19, 31, 71, 9, 17, 37, 58, 44, 22, 56, 11, 6, 24, 80, 68, 39, 63, 41, 7, 91, 89, 78, 83, 20, 16, 14, 10, 18, 96, 74, 62, 97, 90, 59, 61, 34, 76, 57, 27, 92, 5, 48, 0, 1, 94, 75, 32, 12, 81, 43, 72, 49, 54, 82, 8, 86, 50, 46, 30, 88, 66, 60];57757.0
[25, 64, 65, 69, 15, 21, 87, 93, 23, 35, 90, 50, 2, 42, 40, 99, 70, 13, 28, 29, 24, 74, 18, 89, 83, 20, 73, 58, 16, 61, 34, 11, 6, 56, 8, 86, 80, 82, 33, 45, 47, 77, 95, 36, 32, 12, 75, 39, 41, 30, 79, 55, 48, 5, 62, 9, 0, 91, 7, 27, 92, 22, 97, 76, 26, 19, 85, 3, 96, 88, 53, 63, 66, 44, 31, 14, 71, 78, 17, 37, 98, 10, 57, 60, 67, 43, 1, 72, 68, 49, 84, 81, 94, 4, 51, 38, 54, 59, 46, 52];59387.0
[77, 36, 12, 75, 47, 13, 70, 40, 99, 29, 3, 25, 69, 64, 65, 15, 93, 96, 30, 88, 53, 81, 94, 32, 4, 51, 95, 38, 1, 63, 39, 79, 55, 74, 5, 31, 14, 10, 97, 76, 61, 34, 56, 11, 54, 2, 42, 45, 28, 33, 16, 98, 37, 23, 57, 60, 67, 84, 86, 59, 90, 20, 35, 17, 21, 78, 41, 66, 27, 92, 0, 62, 46, 44, 22, 7, 91, 50, 8, 19, 85, 26, 58, 73, 52, 87, 18, 89, 48, 83, 9, 71, 68, 72, 49, 43, 80, 24, 6, 82];63170.0
[12, 75, 32, 43, 80, 66, 62, 71, 20, 58, 9, 83, 87, 69, 65, 3, 96, 37, 23, 35, 73, 16, 14, 44, 22, 7, 79, 30, 19, 85, 26, 11, 57, 27, 18, 15, 78, 91, 0, 92, 38, 95, 77, 33, 82, 56, 76, 98, 17, 93, 21, 74, 5, 48, 55, 88, 39, 1, 94, 81, 49, 72, 89, 52, 25, 64, 41, 68, 36, 4, 51, 28, 54, 6, 8, 86, 24, 63, 53, 97, 90, 50, 60, 67, 84, 29, 47, 13, 40, 99, 70, 42, 2, 45, 34, 59, 61, 31, 10, 46];66609.0
[13, 40, 99, 70, 47, 51, 77, 2, 45, 42, 28, 33, 82, 54, 26, 85, 34, 61, 59, 31, 20, 58, 73, 10, 57, 68, 49, 12, 75, 32, 36, 4, 1, 63, 39, 41, 55, 65, 15, 21, 93, 18, 74, 96, 79, 30, 88, 66, 60, 50, 6, 24, 72, 81, 94, 35, 37, 23, 98, 83, 27, 92, 29, 95, 38, 80, 0, 5, 48, 7, 91, 62, 46, 14, 16, 97, 90, 22, 43, 53, 67, 84, 8, 56, 76, 71, 9, 86, 11, 19, 44, 89, 52, 17, 78, 87, 69, 64, 25, 3];62124.0
[64, 65, 15, 21, 87, 93, 69, 55, 41, 12, 75, 94, 32, 4, 51, 99, 70, 13, 54, 26, 85, 82, 38, 36, 81, 49, 1, 43, 53, 30, 79, 96, 74, 18, 66, 67, 29, 8, 19, 31, 20, 35, 37, 17, 78, 52, 23, 98, 73, 58, 16, 61, 42, 45, 47, 77, 95, 40, 2, 28, 33, 44, 9, 83, 71, 89, 48, 91, 7, 50, 6, 56, 11, 22, 0, 88, 39, 63, 72, 84, 80, 68, 24, 14, 10, 46, 27, 92, 5, 62, 57, 60, 86, 34, 59, 76, 97, 90, 3, 25];62112.0
[71, 23, 93, 87, 69, 64, 65, 96, 48, 14, 16, 34, 29, 47, 40, 99, 70, 2, 42, 28, 33, 54, 26, 19, 10, 98, 35, 37, 17, 78, 52, 3, 25, 15, 21, 79, 55, 41, 30, 88, 39, 1, 63, 53, 91, 7, 62, 9, 5, 46, 56, 45, 13, 82, 85, 61, 59, 22, 97, 90, 44, 31, 76, 57, 60, 24, 8, 11, 6, 27, 92, 0, 66, 36, 4, 51, 77, 95, 38, 12, 81, 67, 84, 43, 68, 86, 50, 80, 72, 49, 32, 75, 94, 74, 18, 89, 83, 20, 58, 73];57224.0
[82, 36, 32, 12, 75, 94, 81, 72, 48, 21, 69, 87, 78, 83, 9, 66, 63, 39, 91, 74, 18, 96, 88, 68, 49, 77, 4, 51, 95, 38, 46, 62, 5, 89, 98, 17, 37, 23, 35, 73, 71, 20, 58, 10, 27, 92, 0, 52, 15, 93, 16, 34, 42, 40, 70, 99, 47, 45, 13, 28, 33, 6, 56, 61, 59, 22, 97, 76, 8, 84, 67, 60, 19, 85, 57, 79, 30, 53, 1, 43, 29, 2, 54, 26, 11, 64, 25, 65, 3, 55, 41, 7, 90, 44, 86, 50, 24, 80, 31, 14];65959.0
[82, 54, 26, 85, 33, 2, 42, 45, 13, 40, 99, 70, 47, 77, 36, 32, 75, 12, 94, 81, 62, 9, 78, 17, 15, 93, 21, 87, 69, 5, 48, 55, 74, 18, 52, 25, 64, 65, 3, 96, 89, 83, 20, 90, 97, 76, 50, 86, 80, 39, 63, 53, 1, 43, 38, 84, 67, 57, 92, 46, 71, 73, 31, 14, 10, 58, 35, 37, 23, 98, 16, 44, 22, 59, 61, 11, 6, 28, 29, 95, 4, 51, 68, 27, 0, 91, 7, 79, 30, 88, 41, 66, 60, 24, 72, 49, 8, 56, 19, 34];51011.0
[83, 35, 37, 23, 98, 20, 58, 73, 71, 9, 78, 17, 93, 21, 69, 87, 48, 66, 85, 26, 19, 54, 86, 50, 6, 56, 11, 33, 45, 42, 34, 61, 31, 16, 74, 18, 55, 41, 30, 88, 57, 60, 80, 67, 84, 81, 94, 32, 36, 4, 51, 29, 43, 53, 79, 25, 64, 65, 3, 96, 28, 13, 70, 47, 77, 95, 38, 59, 14, 10, 46, 0, 91, 7, 27, 92, 5, 89, 52, 15, 63, 39, 72, 49, 1, 68, 24, 8, 82, 2, 40, 99, 12, 75, 76, 44, 22, 97, 90, 62];58880.0
[32, 4, 13, 70, 28, 33, 44, 14, 31, 46, 3, 25, 65, 69, 64, 96, 49, 12, 36, 38, 29, 2, 45, 11, 6, 86, 50, 80, 24, 60, 57, 27, 66, 63, 53, 39, 1, 72, 43, 7, 89, 52, 15, 21, 87, 93, 23, 35, 98, 20, 58, 16, 10, 73, 71, 48, 5, 62, 92, 0, 91, 74, 18, 78, 17, 37, 83, 9, 68, 67, 84, 19, 34, 61, 76, 59, 85, 26, 56, 82, 54, 42, 40, 99, 47, 77, 51, 95, 8, 22, 97, 90, 79, 55, 41, 30, 88, 81, 94, 75];56383.0
[68, 47, 40, 99, 70, 13, 45, 19, 20, 83, 37, 98, 35, 73, 58, 16, 10, 97, 90, 59, 61, 34, 33, 29, 12, 75, 32, 4, 51, 50, 76, 22, 44, 31, 14, 71, 9, 23, 17, 93, 15, 21, 87, 78, 89, 7, 66, 60, 86, 80, 0, 74, 96, 79, 1, 43, 77, 95, 36, 72, 49, 67, 63, 53, 39, 41, 30, 88, 24, 8, 82, 54, 38, 94, 81, 84, 28, 2, 42, 26, 85, 46, 62, 5, 48, 91, 27, 57, 11, 6, 56, 92, 3, 25, 65, 69, 18, 52, 64, 55];61226.0
[27, 92, 3, 65, 25, 64, 96, 55, 74, 18, 87, 69, 93, 79, 30, 88, 41, 7, 91, 5, 0, 66, 67, 38, 95, 36, 32, 12, 75, 4, 51, 77, 29, 40, 99, 47, 13, 70, 2, 42, 45, 34, 59, 22, 16, 58, 20, 73, 71, 9, 46, 26, 11, 82, 54, 6, 56, 76, 97, 44, 31, 14, 10, 35, 37, 17, 23, 98, 83, 62, 57, 60, 86, 80, 24, 50, 8, 19, 85, 61, 90, 78, 52, 15, 21, 89, 48, 63, 68, 72, 49, 43, 53, 39, 1, 94, 81, 84, 28, 33];52927.0
[84, 29, 95, 36, 75, 32, 12, 81, 94, 4, 51, 77, 2, 45, 34, 61, 59, 66, 27, 92, 57, 60, 80, 39, 63, 1, 43, 53, 9, 83, 20, 10, 14, 97, 76, 38, 47, 13, 28, 33, 82, 54, 11, 6, 56, 50, 79, 96, 25, 69, 87, 93, 78, 52, 55, 41, 30, 88, 7, 71, 16, 44, 31, 73, 58, 35, 98, 37, 23, 17, 15, 21, 89, 8, 86, 24, 49, 67, 72, 64, 65, 3, 18, 74, 5, 48, 62, 46, 90, 22, 0, 91, 68, 40, 99, 70, 42, 19, 85, 26];58638.0
[91, 89, 87, 78, 17, 35, 37, 23, 98, 20, 57, 24, 49, 1, 81, 94, 12, 75, 32, 43, 53, 96, 3, 65, 25, 64, 74, 48, 5, 62, 27, 92, 60, 80, 82, 13, 47, 77, 95, 36, 4, 67, 76, 97, 46, 73, 58, 52, 15, 21, 69, 0, 61, 59, 34, 11, 6, 56, 45, 99, 70, 40, 51, 29, 38, 84, 8, 19, 85, 26, 42, 2, 28, 33, 54, 86, 50, 79, 55, 41, 7, 90, 22, 44, 31, 16, 10, 14, 71, 9, 83, 93, 18, 30, 88, 68, 72, 39, 63, 66];56442.0
[67, 84, 29, 95, 4, 12, 32, 75, 94, 81, 38, 36, 51, 77, 47, 99, 40, 70, 13, 2, 42, 54, 26, 19, 27, 66, 88, 96, 25, 65, 64, 52, 15, 3, 1, 43, 68, 41, 78, 17, 23, 98, 20, 58, 10, 57, 60, 86, 45, 28, 33, 82, 93, 21, 69, 35, 83, 37, 87, 18, 74, 7, 91, 62, 90, 59, 61, 85, 34, 76, 92, 5, 89, 9, 16, 44, 22, 97, 46, 0, 63, 53, 39, 79, 30, 55, 48, 71, 73, 14, 31, 50, 8, 11, 6, 56, 24, 80, 72, 49];59216.0
[40, 99, 47, 2, 42, 45, 34, 61, 59, 22, 83, 37, 9, 71, 20, 58, 14, 10, 97, 92, 66, 27, 0, 91, 3, 65, 69, 87, 93, 23, 98, 44, 76, 6, 8, 36, 32, 12, 75, 51, 77, 95, 4, 81, 94, 49, 24, 57, 41, 7, 88, 39, 72, 68, 29, 38, 13, 70, 28, 86, 50, 89, 52, 78, 17, 35, 73, 60, 80, 67, 84, 43, 1, 63, 53, 30, 55, 79, 96, 74, 18, 15, 21, 5, 48, 62, 46, 90, 31, 16, 85, 19, 82, 54, 25, 64, 56, 26, 11, 33];61392.0
[18, 52, 15, 93, 23, 98, 35, 73, 16, 44, 19, 85, 26, 99, 70, 2, 86, 17, 37, 83, 14, 59, 11, 54, 42, 40, 47, 77, 12, 75, 95, 13, 45, 82, 6, 56, 92, 66, 91, 62, 96, 79, 30, 88, 50, 60, 68, 67, 29, 38, 84, 8, 34, 61, 9, 78, 21, 69, 87, 71, 20, 58, 10, 27, 57, 72, 49, 1, 63, 53, 39, 43, 24, 80, 81, 94, 32, 36, 4, 51, 28, 33, 0, 5, 48, 46, 97, 76, 22, 90, 31, 89, 3, 65, 64, 25, 55, 41, 7, 74];59146.0
[30, 88, 96, 74, 18, 69, 87, 93, 73, 16, 61, 85, 26, 11, 6, 56, 59, 31, 20, 58, 17, 23, 35, 14, 76, 34, 2, 13, 12, 75, 94, 63, 66, 7, 91, 0, 92, 27, 50, 54, 42, 40, 70, 28, 33, 82, 8, 86, 80, 84, 67, 38, 29, 51, 36, 32, 4, 47, 99, 45, 19, 3, 25, 65, 15, 21, 78, 83, 9, 71, 10, 46, 89, 52, 64, 55, 41, 57, 97, 90, 22, 44, 60, 68, 49, 77, 95, 81, 62, 5, 48, 37, 98, 24, 72, 43, 1, 39, 53, 79];62106.0
[75, 12, 81, 79, 25, 64, 52, 15, 21, 69, 55, 41, 68, 67, 84, 28, 33, 59, 0, 91, 74, 65, 3, 96, 30, 88, 7, 66, 60, 82, 13, 70, 99, 47, 95, 77, 35, 98, 37, 17, 23, 93, 87, 18, 78, 83, 9, 71, 31, 11, 54, 56, 80, 72, 43, 49, 50, 6, 8, 86, 97, 90, 22, 61, 34, 85, 26, 29, 38, 36, 32, 4, 51, 40, 2, 42, 45, 19, 27, 92, 46, 14, 10, 20, 73, 58, 16, 44, 76, 57, 24, 63, 39, 5, 48, 89, 62, 53, 1, 94];60783.0
[52, 25, 64, 41, 47, 40, 99, 70, 13, 84, 43, 1, 63, 39, 88, 96, 78, 17, 71, 86, 38, 95, 4, 81, 53, 30, 79, 55, 74, 5, 62, 92, 80, 24, 60, 0, 9, 23, 35, 37, 98, 20, 58, 73, 14, 10, 82, 54, 2, 42, 61, 31, 16, 44, 8, 28, 36, 32, 94, 57, 27, 15, 21, 93, 83, 97, 76, 29, 51, 77, 67, 50, 46, 89, 48, 91, 68, 49, 72, 11, 85, 26, 19, 87, 69, 65, 3, 7, 66, 6, 33, 45, 34, 59, 90, 22, 56, 12, 75, 18];74275.0
[95, 38, 84, 8, 19, 85, 26, 42, 40, 99, 70, 13, 2, 28, 34, 59, 14, 10, 20, 58, 16, 61, 11, 33, 45, 47, 51, 29, 6, 56, 86, 24, 68, 67, 50, 60, 80, 81, 32, 36, 4, 12, 75, 94, 0, 62, 74, 96, 79, 30, 88, 55, 41, 66, 27, 92, 5, 48, 21, 15, 93, 69, 17, 37, 23, 98, 35, 73, 71, 54, 82, 25, 64, 65, 3, 78, 83, 9, 46, 22, 44, 76, 57, 7, 91, 89, 52, 87, 18, 53, 1, 39, 97, 90, 31, 63, 72, 49, 43, 77];59572.0
[3, 18, 78, 52, 15, 21, 93, 69, 87, 17, 23, 98, 20, 71, 73, 58, 16, 44, 40, 99, 47, 13, 70, 2, 45, 42, 28, 33, 82, 54, 11, 6, 86, 59, 22, 90, 31, 9, 65, 25, 64, 96, 30, 94, 12, 75, 32, 95, 77, 19, 34, 56, 80, 36, 4, 51, 29, 38, 81, 49, 72, 67, 84, 8, 26, 85, 61, 14, 10, 46, 57, 60, 0, 62, 5, 88, 39, 63, 53, 1, 43, 68, 79, 91, 89, 48, 97, 76, 50, 24, 41, 7, 66, 27, 92, 83, 35, 37, 74, 55];57674.0
[81, 94, 12, 75, 32, 36, 51, 77, 47, 40, 99, 70, 2, 45, 66, 88, 25, 64, 65, 69, 87, 93, 17, 23, 98, 20, 71, 76, 38, 95, 4, 1, 63, 39, 43, 68, 24, 97, 90, 22, 44, 61, 34, 59, 46, 89, 52, 78, 9, 54, 42, 13, 29, 60, 0, 62, 5, 91, 27, 57, 50, 6, 28, 33, 82, 56, 92, 41, 7, 18, 15, 21, 83, 73, 31, 14, 16, 48, 55, 3, 74, 96, 79, 30, 53, 67, 84, 8, 11, 19, 85, 26, 58, 35, 37, 10, 86, 80, 72, 49];60818.0
[65, 3, 74, 18, 62, 82, 2, 70, 40, 99, 47, 13, 36, 32, 12, 75, 81, 94, 1, 79, 30, 55, 96, 64, 25, 69, 87, 78, 23, 35, 37, 98, 17, 89, 5, 48, 83, 9, 71, 20, 73, 58, 85, 26, 29, 77, 4, 51, 95, 38, 84, 8, 6, 86, 92, 0, 91, 88, 41, 7, 66, 60, 50, 24, 72, 49, 43, 80, 56, 61, 34, 59, 11, 19, 76, 97, 90, 31, 14, 10, 16, 44, 22, 63, 39, 53, 68, 67, 28, 33, 45, 42, 54, 57, 27, 46, 52, 15, 21, 93];53838.0
[56, 82, 95, 4, 12, 75, 32, 36, 38, 49, 43, 1, 81, 94, 72, 24, 68, 39, 63, 53, 79, 30, 88, 44, 61, 11, 54, 26, 85, 19, 34, 6, 86, 50, 60, 76, 59, 22, 31, 16, 14, 20, 35, 83, 9, 0, 91, 55, 41, 7, 92, 46, 71, 78, 52, 87, 17, 89, 48, 5, 62, 27, 57, 29, 51, 77, 47, 13, 28, 33, 45, 42, 40, 99, 70, 2, 96, 25, 65, 3, 69, 93, 21, 90, 97, 8, 80, 66, 74, 18, 64, 15, 37, 73, 58, 10, 84, 67, 23, 98];62129.0
[59, 36, 4, 51, 99, 70, 2, 28, 41, 30, 55, 3, 25, 64, 65, 15, 21, 69, 18, 74, 5, 48, 91, 7, 56, 82, 85, 76, 9, 78, 52, 89, 58, 16, 44, 22, 97, 46, 0, 92, 60, 86, 80, 68, 39, 63, 53, 1, 43, 88, 79, 96, 27, 57, 45, 13, 29, 95, 77, 81, 94, 12, 75, 32, 62, 83, 35, 37, 98, 23, 93, 87, 17, 71, 20, 11, 6, 8, 33, 54, 26, 19, 31, 14, 90, 50, 67, 84, 72, 24, 61, 34, 42, 40, 47, 38, 49, 66, 10, 73];63701.0
[12, 75, 32, 43, 53, 39, 63, 1, 81, 94, 77, 47, 40, 99, 13, 70, 2, 42, 45, 54, 82, 60, 92, 5, 74, 96, 79, 30, 88, 38, 36, 4, 68, 64, 65, 69, 87, 18, 52, 15, 83, 20, 73, 58, 10, 46, 62, 27, 57, 50, 86, 56, 80, 66, 3, 25, 21, 93, 23, 35, 37, 98, 78, 17, 89, 48, 55, 41, 7, 91, 19, 85, 26, 76, 44, 16, 14, 90, 22, 97, 24, 72, 49, 67, 84, 28, 29, 51, 95, 33, 8, 11, 6, 61, 34, 59, 31, 71, 9, 0];58163.0
[70, 28, 79, 25, 64, 93, 23, 35, 73, 58, 16, 10, 57, 60, 68, 72, 80, 61, 59, 14, 20, 83, 9, 48, 5, 91, 74, 18, 55, 62, 90, 22, 44, 31, 97, 76, 56, 11, 54, 6, 24, 41, 30, 88, 39, 43, 12, 75, 94, 67, 84, 36, 32, 81, 53, 63, 66, 7, 15, 21, 69, 96, 27, 92, 46, 65, 3, 1, 4, 51, 29, 47, 77, 95, 38, 49, 0, 37, 98, 34, 82, 8, 87, 17, 71, 86, 50, 89, 52, 78, 33, 2, 42, 26, 19, 85, 45, 13, 40, 99];71356.0
[68, 12, 75, 32, 38, 19, 34, 61, 59, 22, 44, 9, 83, 23, 37, 17, 87, 78, 15, 21, 69, 93, 18, 46, 54, 33, 45, 40, 99, 70, 2, 42, 31, 73, 58, 71, 89, 52, 3, 96, 48, 14, 16, 90, 28, 47, 13, 20, 35, 98, 10, 97, 76, 50, 60, 92, 0, 5, 62, 27, 57, 24, 29, 51, 4, 36, 43, 1, 63, 53, 72, 49, 81, 94, 95, 77, 82, 8, 86, 80, 56, 85, 26, 11, 6, 84, 67, 39, 79, 55, 65, 64, 25, 30, 88, 41, 74, 7, 91, 66];61011.0
[96, 64, 25, 65, 15, 21, 69, 52, 3, 1, 94, 4, 51, 95, 77, 12, 75, 47, 13, 36, 32, 81, 46, 73, 58, 35, 37, 23, 5, 0, 57, 60, 80, 67, 43, 49, 72, 68, 24, 86, 50, 7, 79, 30, 88, 55, 41, 66, 33, 45, 42, 2, 70, 40, 99, 28, 29, 38, 84, 8, 26, 19, 34, 61, 59, 97, 92, 27, 39, 63, 53, 91, 89, 87, 93, 17, 78, 9, 83, 74, 18, 98, 20, 10, 14, 16, 31, 11, 6, 82, 54, 48, 71, 90, 22, 56, 85, 76, 44, 62];60716.0
[67, 84, 60, 16, 20, 58, 73, 71, 9, 78, 17, 37, 98, 23, 93, 21, 87, 52, 15, 69, 64, 25, 79, 13, 40, 99, 70, 2, 42, 28, 33, 82, 54, 6, 56, 34, 61, 59, 14, 10, 46, 0, 91, 7, 30, 88, 66, 68, 63, 53, 1, 81, 94, 12, 75, 32, 4, 51, 29, 24, 57, 27, 92, 50, 45, 47, 77, 95, 36, 38, 80, 35, 83, 89, 74, 18, 96, 55, 41, 62, 5, 48, 44, 76, 19, 85, 26, 11, 8, 86, 97, 90, 22, 31, 65, 3, 39, 43, 49, 72];56066.0
[86, 79, 3, 65, 15, 21, 69, 52, 5, 0, 60, 43, 1, 94, 12, 32, 75, 38, 80, 31, 14, 61, 34, 40, 70, 13, 42, 26, 11, 51, 29, 77, 95, 4, 36, 81, 53, 30, 7, 91, 89, 48, 66, 39, 63, 88, 96, 74, 18, 78, 9, 17, 37, 98, 35, 83, 20, 58, 16, 44, 22, 90, 27, 57, 92, 46, 71, 73, 97, 76, 59, 6, 56, 82, 54, 2, 28, 33, 85, 19, 10, 23, 93, 87, 62, 68, 72, 49, 41, 64, 25, 55, 50, 45, 47, 99, 84, 67, 24, 8];65578.0
[55, 79, 96, 89, 52, 15, 21, 93, 87, 69, 64, 25, 65, 3, 74, 18, 78, 17, 23, 98, 37, 14, 16, 61, 34, 82, 13, 70, 99, 47, 77, 95, 36, 32, 75, 12, 94, 81, 53, 30, 88, 45, 42, 28, 33, 20, 35, 83, 9, 71, 58, 73, 5, 48, 59, 11, 54, 26, 85, 86, 50, 24, 8, 56, 6, 19, 60, 80, 39, 63, 41, 7, 91, 66, 68, 4, 51, 40, 29, 2, 97, 90, 10, 46, 0, 62, 31, 76, 67, 38, 84, 72, 49, 1, 43, 57, 27, 92, 22, 44];59704.0
[79, 3, 65, 15, 21, 87, 98, 20, 58, 16, 44, 22, 59, 13, 70, 42, 26, 85, 86, 80, 1, 63, 72, 49, 66, 62, 89, 83, 37, 23, 17, 96, 55, 74, 18, 52, 78, 9, 10, 14, 31, 61, 34, 82, 54, 60, 92, 0, 5, 48, 91, 7, 39, 43, 36, 4, 51, 38, 84, 8, 33, 45, 47, 40, 99, 24, 41, 30, 88, 53, 81, 94, 12, 75, 32, 50, 76, 97, 90, 46, 27, 57, 56, 11, 6, 19, 64, 25, 69, 93, 35, 73, 71, 68, 67, 2, 28, 29, 77, 95];63266.0
[65, 15, 21, 69, 93, 87, 17, 23, 98, 78, 52, 64, 3, 74, 7, 66, 45, 13, 70, 47, 36, 32, 12, 75, 94, 91, 89, 83, 14, 10, 20, 58, 73, 16, 44, 8, 11, 42, 28, 33, 19, 85, 26, 34, 61, 59, 22, 31, 35, 37, 9, 71, 62, 30, 88, 39, 4, 51, 29, 92, 46, 0, 5, 48, 90, 97, 76, 24, 57, 27, 79, 96, 55, 41, 63, 53, 95, 77, 60, 50, 86, 54, 82, 2, 40, 99, 84, 80, 68, 67, 72, 49, 43, 1, 81, 38, 6, 56, 18, 25];62236.0
[18, 52, 15, 21, 69, 93, 87, 78, 17, 23, 98, 35, 37, 58, 73, 85, 26, 8, 81, 32, 12, 75, 36, 4, 51, 95, 77, 27, 92, 71, 9, 83, 89, 48, 5, 68, 49, 72, 43, 63, 53, 96, 65, 3, 7, 91, 74, 64, 25, 55, 39, 1, 94, 47, 70, 13, 28, 29, 84, 67, 38, 40, 99, 45, 80, 57, 60, 56, 82, 54, 97, 90, 46, 62, 0, 66, 6, 33, 2, 42, 11, 31, 14, 16, 61, 19, 34, 59, 22, 44, 76, 41, 30, 79, 88, 24, 86, 50, 10, 20];62122.0
[67, 84, 36, 4, 51, 77, 47, 99, 40, 28, 33, 82, 60, 27, 92, 0, 3, 64, 25, 65, 69, 87, 17, 71, 61, 85, 86, 50, 6, 56, 11, 54, 45, 29, 95, 38, 43, 68, 49, 13, 70, 2, 42, 26, 19, 34, 58, 15, 21, 93, 23, 35, 37, 98, 20, 73, 62, 7, 39, 63, 1, 53, 57, 22, 31, 16, 97, 90, 59, 8, 80, 66, 41, 79, 30, 88, 81, 12, 32, 75, 94, 72, 24, 46, 89, 83, 9, 78, 52, 18, 5, 48, 91, 55, 96, 74, 10, 14, 44, 76];59160.0
[67, 38, 95, 36, 32, 12, 75, 94, 81, 1, 64, 25, 65, 3, 83, 20, 16, 85, 11, 54, 33, 82, 8, 57, 27, 41, 30, 88, 39, 47, 40, 99, 70, 13, 29, 60, 92, 46, 74, 18, 15, 87, 17, 37, 58, 44, 76, 61, 34, 59, 22, 90, 23, 98, 35, 73, 71, 93, 21, 69, 96, 91, 68, 49, 4, 51, 77, 43, 72, 62, 5, 0, 66, 63, 53, 79, 55, 7, 28, 2, 45, 42, 26, 19, 86, 24, 80, 6, 56, 50, 89, 52, 78, 9, 48, 31, 14, 10, 97, 84];65243.0
[90, 31, 14, 10, 20, 35, 15, 21, 69, 83, 16, 85, 26, 54, 11, 6, 56, 73, 58, 37, 87, 93, 5, 62, 82, 33, 28, 45, 99, 47, 40, 70, 2, 42, 8, 86, 80, 67, 38, 95, 77, 4, 29, 51, 13, 19, 34, 59, 22, 44, 97, 76, 61, 50, 60, 43, 53, 68, 24, 57, 46, 71, 9, 25, 64, 65, 3, 48, 66, 27, 92, 0, 41, 30, 88, 55, 74, 18, 96, 79, 7, 91, 89, 23, 98, 17, 78, 52, 63, 39, 1, 81, 94, 32, 36, 12, 75, 49, 72, 84];57960.0
[66, 74, 18, 52, 15, 21, 69, 64, 25, 65, 3, 1, 12, 75, 32, 81, 94, 49, 43, 57, 0, 91, 96, 87, 93, 78, 17, 37, 98, 71, 76, 59, 85, 26, 28, 36, 4, 51, 40, 99, 70, 42, 2, 45, 19, 34, 61, 86, 50, 68, 72, 67, 29, 95, 77, 60, 9, 23, 35, 73, 46, 92, 27, 41, 55, 79, 30, 88, 7, 62, 5, 48, 89, 83, 20, 58, 16, 44, 22, 31, 14, 10, 97, 90, 53, 39, 63, 24, 8, 11, 54, 6, 56, 82, 33, 13, 47, 38, 84, 80];55544.0
[28, 29, 51, 36, 4, 32, 81, 43, 68, 27, 10, 14, 16, 44, 61, 34, 40, 99, 45, 59, 78, 15, 21, 69, 64, 65, 52, 17, 37, 98, 23, 35, 58, 73, 71, 9, 5, 48, 74, 18, 55, 41, 57, 19, 85, 11, 6, 56, 80, 63, 53, 25, 3, 0, 92, 33, 82, 54, 42, 2, 70, 13, 66, 7, 91, 89, 62, 46, 76, 26, 84, 67, 38, 47, 77, 95, 12, 75, 94, 49, 24, 97, 90, 22, 31, 20, 83, 87, 93, 96, 79, 30, 88, 39, 1, 72, 60, 50, 86, 8];59871.0
[47, 40, 99, 70, 13, 42, 45, 28, 33, 54, 82, 2, 51, 36, 81, 94, 12, 75, 32, 4, 77, 95, 38, 29, 8, 56, 85, 26, 19, 34, 76, 97, 46, 71, 20, 58, 73, 35, 37, 83, 9, 17, 23, 98, 10, 90, 22, 31, 16, 14, 44, 61, 59, 11, 6, 86, 50, 24, 41, 55, 74, 3, 25, 65, 64, 15, 21, 69, 96, 79, 30, 88, 7, 91, 18, 78, 52, 5, 48, 53, 1, 63, 39, 68, 66, 27, 92, 0, 62, 89, 87, 93, 57, 60, 80, 72, 84, 67, 43, 49];49476.0
[56, 90, 73, 58, 35, 23, 98, 44, 61, 34, 11, 33, 45, 42, 40, 99, 70, 2, 28, 89, 17, 37, 83, 97, 22, 31, 16, 10, 14, 20, 71, 9, 93, 65, 3, 69, 87, 48, 5, 0, 92, 76, 59, 19, 85, 26, 8, 86, 50, 74, 18, 15, 21, 78, 52, 25, 64, 96, 55, 62, 46, 60, 80, 72, 43, 49, 38, 84, 29, 51, 95, 13, 47, 77, 12, 81, 94, 75, 32, 36, 4, 1, 63, 53, 39, 30, 88, 79, 41, 66, 82, 54, 6, 24, 57, 27, 7, 91, 68, 67];57767.0
[47, 40, 99, 70, 2, 45, 42, 4, 36, 75, 32, 12, 81, 94, 51, 13, 28, 33, 82, 26, 85, 59, 61, 34, 56, 80, 24, 8, 86, 50, 60, 27, 92, 0, 91, 78, 87, 17, 37, 98, 20, 46, 72, 84, 67, 89, 83, 23, 35, 9, 62, 5, 48, 18, 52, 15, 65, 3, 69, 21, 93, 29, 77, 95, 38, 49, 1, 63, 39, 57, 22, 44, 31, 71, 58, 73, 14, 16, 10, 90, 97, 76, 6, 54, 11, 19, 66, 7, 79, 55, 41, 68, 43, 53, 30, 88, 96, 25, 64, 74];59221.0
[36, 12, 75, 32, 4, 51, 95, 40, 99, 70, 47, 77, 29, 2, 42, 45, 13, 28, 33, 82, 92, 41, 79, 30, 55, 3, 25, 64, 15, 69, 87, 93, 21, 78, 0, 68, 72, 49, 94, 81, 38, 84, 53, 1, 18, 74, 7, 39, 63, 66, 27, 57, 24, 8, 86, 50, 60, 80, 56, 19, 85, 10, 20, 58, 37, 23, 98, 17, 35, 73, 16, 97, 44, 76, 26, 11, 6, 67, 43, 88, 96, 65, 52, 89, 9, 83, 14, 34, 61, 59, 22, 31, 71, 48, 5, 91, 62, 46, 90, 54];58482.0
[93, 23, 17, 78, 15, 21, 69, 87, 64, 25, 65, 3, 30, 88, 79, 96, 74, 18, 52, 89, 76, 45, 13, 70, 40, 99, 28, 33, 80, 0, 62, 5, 48, 91, 7, 55, 41, 68, 77, 95, 38, 84, 67, 8, 56, 82, 6, 24, 57, 92, 90, 97, 46, 9, 83, 37, 98, 35, 58, 16, 10, 73, 71, 20, 31, 14, 59, 26, 19, 34, 85, 86, 50, 60, 72, 75, 32, 36, 4, 51, 47, 2, 39, 1, 94, 12, 81, 49, 66, 27, 22, 44, 61, 11, 54, 42, 29, 43, 53, 63];57794.0
[81, 12, 75, 32, 94, 35, 37, 23, 15, 93, 21, 69, 52, 38, 95, 77, 2, 42, 40, 99, 70, 47, 13, 90, 73, 98, 17, 78, 87, 18, 74, 7, 0, 5, 48, 91, 53, 1, 36, 4, 51, 29, 28, 34, 61, 59, 22, 63, 39, 41, 30, 55, 65, 3, 25, 64, 62, 31, 14, 16, 10, 97, 76, 50, 6, 82, 8, 33, 45, 54, 11, 19, 85, 26, 56, 24, 72, 60, 92, 46, 71, 20, 58, 44, 86, 80, 66, 27, 57, 68, 49, 43, 88, 79, 96, 89, 83, 9, 67, 84];62623.0
[81, 53, 0, 9, 83, 37, 23, 98, 49, 12, 75, 32, 36, 4, 51, 38, 84, 67, 43, 1, 63, 39, 24, 73, 58, 35, 17, 15, 21, 69, 64, 25, 87, 93, 10, 28, 47, 77, 72, 74, 18, 52, 78, 89, 62, 46, 97, 90, 14, 16, 20, 71, 65, 3, 96, 92, 54, 42, 40, 99, 70, 13, 2, 11, 19, 85, 26, 8, 86, 50, 80, 68, 79, 30, 55, 48, 5, 31, 44, 61, 59, 34, 76, 22, 41, 7, 91, 88, 66, 27, 57, 60, 6, 56, 82, 33, 45, 29, 95, 94];61517.0
[17, 78, 87, 93, 65, 64, 3, 18, 52, 15, 21, 69, 25, 55, 96, 79, 41, 57, 50, 33, 45, 47, 40, 99, 51, 77, 16, 10, 14, 20, 35, 37, 98, 23, 62, 53, 1, 12, 75, 32, 36, 4, 82, 54, 6, 56, 11, 28, 13, 70, 2, 42, 85, 26, 19, 60, 27, 92, 97, 90, 22, 61, 34, 86, 80, 68, 39, 63, 72, 84, 67, 73, 58, 71, 0, 24, 29, 95, 38, 66, 48, 5, 89, 83, 9, 46, 59, 8, 81, 94, 43, 49, 76, 44, 31, 91, 7, 30, 88, 74];62268.0
[2, 42, 40, 47, 99, 70, 13, 29, 95, 4, 36, 32, 12, 75, 94, 81, 53, 97, 73, 58, 16, 61, 34, 19, 85, 26, 11, 6, 82, 54, 33, 45, 30, 88, 55, 18, 52, 15, 65, 3, 25, 64, 41, 7, 91, 62, 31, 14, 10, 89, 78, 17, 37, 9, 83, 48, 5, 46, 90, 59, 22, 44, 35, 93, 21, 69, 87, 23, 98, 20, 71, 76, 57, 92, 66, 43, 1, 39, 63, 50, 8, 56, 68, 49, 72, 38, 77, 51, 84, 67, 86, 80, 24, 60, 0, 74, 96, 79, 27, 28];56387.0
[62, 17, 78, 93, 69, 64, 25, 65, 52, 15, 21, 87, 3, 96, 48, 85, 26, 19, 61, 44, 31, 22, 56, 82, 8, 28, 33, 76, 97, 90, 59, 34, 40, 99, 70, 47, 2, 42, 54, 11, 6, 86, 50, 60, 80, 72, 49, 67, 84, 29, 77, 95, 38, 36, 4, 51, 13, 45, 57, 27, 41, 88, 79, 30, 55, 74, 18, 5, 0, 81, 94, 12, 75, 32, 43, 7, 91, 89, 9, 71, 73, 58, 16, 14, 10, 35, 83, 37, 23, 98, 20, 46, 92, 53, 1, 63, 39, 68, 24, 66];54505.0
[15, 21, 93, 69, 25, 64, 65, 3, 78, 17, 23, 35, 37, 98, 45, 13, 40, 47, 99, 70, 2, 28, 33, 59, 31, 9, 71, 73, 14, 10, 90, 22, 44, 61, 60, 80, 72, 49, 1, 68, 24, 57, 27, 92, 66, 63, 39, 43, 77, 95, 36, 32, 94, 12, 75, 4, 51, 38, 11, 6, 86, 50, 88, 79, 55, 41, 30, 53, 81, 29, 42, 26, 20, 58, 16, 97, 76, 8, 19, 85, 34, 0, 91, 7, 67, 84, 89, 52, 87, 83, 56, 82, 54, 46, 62, 5, 48, 74, 96, 18];60815.0
[81, 94, 12, 75, 32, 4, 51, 13, 70, 2, 42, 54, 6, 56, 11, 33, 45, 28, 84, 67, 88, 64, 25, 65, 15, 21, 69, 93, 87, 18, 55, 41, 7, 91, 92, 46, 90, 31, 14, 16, 97, 76, 86, 50, 24, 57, 98, 35, 37, 83, 66, 63, 53, 68, 27, 71, 9, 62, 0, 5, 48, 78, 52, 3, 96, 74, 79, 30, 43, 36, 77, 95, 29, 8, 19, 34, 59, 22, 23, 17, 89, 72, 49, 38, 47, 40, 99, 82, 26, 10, 73, 20, 58, 44, 61, 85, 60, 80, 39, 1];59592.0
[15, 93, 21, 69, 87, 78, 23, 98, 37, 17, 79, 30, 88, 41, 36, 32, 4, 51, 95, 38, 84, 67, 43, 49, 72, 68, 6, 56, 8, 26, 85, 34, 61, 59, 76, 97, 90, 73, 20, 71, 9, 48, 5, 62, 27, 92, 46, 14, 44, 22, 31, 91, 18, 64, 25, 65, 3, 96, 55, 1, 81, 12, 75, 94, 63, 53, 39, 33, 45, 13, 70, 2, 42, 82, 54, 11, 19, 60, 0, 83, 35, 58, 16, 10, 80, 29, 77, 47, 40, 99, 28, 86, 89, 52, 74, 7, 66, 50, 24, 57];57912.0
[29, 47, 13, 70, 40, 99, 45, 59, 22, 97, 76, 26, 19, 85, 11, 67, 84, 12, 75, 4, 51, 95, 77, 2, 42, 28, 33, 54, 6, 56, 90, 31, 14, 16, 35, 37, 23, 98, 10, 46, 72, 49, 43, 1, 63, 39, 68, 27, 92, 88, 96, 30, 79, 55, 41, 7, 73, 71, 20, 58, 44, 61, 34, 82, 8, 60, 86, 50, 24, 57, 21, 69, 87, 78, 9, 83, 89, 52, 15, 93, 18, 74, 48, 91, 53, 81, 94, 32, 36, 38, 80, 66, 3, 25, 64, 65, 17, 62, 5, 0];56163.0
[29, 2, 42, 86, 66, 27, 92, 97, 44, 31, 14, 16, 10, 90, 22, 59, 76, 72, 43, 12, 75, 94, 63, 39, 0, 62, 73, 58, 35, 37, 23, 98, 71, 20, 46, 57, 60, 68, 53, 80, 61, 34, 56, 50, 6, 82, 54, 26, 19, 85, 11, 33, 45, 13, 40, 99, 70, 84, 67, 74, 18, 52, 87, 78, 17, 15, 93, 21, 69, 64, 25, 96, 89, 9, 83, 48, 5, 91, 7, 41, 30, 88, 79, 55, 65, 3, 1, 81, 32, 4, 51, 95, 36, 38, 49, 24, 8, 28, 47, 77];54618.0
[84, 29, 95, 77, 12, 81, 53, 91, 89, 23, 98, 35, 82, 2, 51, 36, 75, 94, 32, 4, 38, 49, 1, 43, 68, 15, 21, 93, 69, 25, 64, 65, 52, 18, 55, 41, 63, 72, 28, 33, 16, 71, 9, 83, 37, 78, 17, 87, 3, 96, 74, 7, 66, 60, 80, 24, 86, 50, 6, 56, 11, 85, 26, 19, 34, 61, 59, 31, 76, 8, 40, 99, 70, 47, 13, 67, 39, 0, 5, 48, 57, 45, 42, 54, 20, 58, 73, 14, 10, 46, 62, 30, 88, 79, 27, 92, 97, 90, 22, 44];62852.0
[47, 77, 12, 75, 95, 4, 51, 40, 99, 70, 29, 84, 67, 43, 49, 1, 39, 79, 96, 87, 15, 21, 93, 64, 65, 3, 25, 69, 17, 23, 98, 78, 52, 89, 48, 0, 33, 45, 42, 2, 28, 34, 61, 31, 71, 9, 83, 20, 58, 16, 90, 66, 27, 59, 22, 44, 5, 74, 18, 55, 41, 7, 91, 92, 11, 19, 46, 62, 73, 14, 10, 35, 37, 97, 76, 8, 80, 24, 72, 38, 36, 32, 81, 94, 6, 86, 50, 60, 68, 63, 53, 30, 88, 57, 56, 85, 26, 54, 82, 13];57544.0
[46, 83, 37, 98, 42, 40, 70, 2, 52, 15, 21, 69, 87, 18, 55, 41, 72, 32, 4, 13, 28, 33, 3, 65, 64, 25, 93, 23, 35, 58, 16, 10, 85, 26, 19, 27, 74, 96, 79, 39, 1, 81, 94, 12, 75, 95, 77, 51, 29, 47, 99, 45, 54, 82, 24, 80, 0, 62, 71, 9, 48, 57, 60, 86, 50, 92, 5, 89, 17, 78, 66, 63, 53, 91, 7, 30, 88, 67, 84, 36, 38, 49, 43, 68, 97, 90, 44, 22, 31, 14, 20, 73, 76, 8, 11, 6, 56, 34, 61, 59];67880.0
[1, 94, 75, 32, 4, 51, 77, 95, 99, 70, 40, 47, 13, 29, 38, 36, 12, 81, 53, 3, 25, 64, 65, 52, 78, 23, 98, 16, 44, 61, 56, 82, 54, 76, 5, 48, 83, 73, 71, 20, 58, 33, 45, 2, 42, 28, 34, 59, 22, 31, 14, 10, 35, 37, 21, 69, 87, 93, 46, 90, 97, 80, 63, 39, 68, 67, 84, 8, 11, 6, 19, 85, 26, 24, 57, 27, 92, 0, 7, 66, 60, 86, 50, 72, 49, 43, 88, 41, 30, 55, 74, 91, 62, 89, 9, 17, 15, 18, 96, 79];56481.0
[25, 65, 15, 21, 93, 78, 35, 10, 42, 40, 99, 70, 2, 47, 77, 51, 95, 38, 79, 3, 69, 87, 17, 37, 23, 98, 83, 74, 55, 41, 30, 94, 75, 32, 12, 81, 49, 43, 36, 4, 28, 82, 54, 11, 19, 34, 59, 22, 31, 14, 16, 20, 58, 73, 71, 9, 5, 48, 0, 66, 39, 63, 1, 72, 67, 84, 80, 57, 27, 7, 91, 62, 46, 90, 97, 44, 76, 61, 26, 85, 8, 86, 60, 92, 89, 52, 18, 88, 68, 24, 6, 56, 50, 33, 45, 13, 29, 53, 96, 64];58260.0
[40, 99, 70, 13, 47, 77, 95, 38, 94, 72, 49, 24, 68, 27, 92, 71, 98, 64, 25, 65, 3, 78, 9, 16, 10, 44, 22, 31, 46, 0, 5, 96, 74, 7, 91, 56, 85, 26, 11, 19, 34, 76, 97, 90, 73, 58, 23, 93, 21, 69, 17, 62, 57, 82, 54, 8, 86, 50, 6, 61, 59, 14, 20, 35, 37, 83, 89, 48, 66, 60, 80, 67, 84, 28, 33, 2, 42, 45, 29, 43, 1, 63, 39, 53, 88, 41, 30, 79, 55, 18, 52, 15, 87, 81, 12, 75, 32, 36, 4, 51];55644.0
[69, 64, 25, 65, 3, 96, 88, 53, 1, 43, 77, 95, 34, 76, 97, 90, 31, 5, 48, 91, 7, 0, 92, 60, 67, 38, 47, 70, 2, 42, 45, 13, 40, 99, 36, 32, 75, 39, 63, 66, 62, 83, 37, 23, 98, 35, 14, 10, 57, 24, 80, 56, 82, 8, 86, 50, 6, 59, 46, 89, 52, 15, 21, 93, 87, 17, 78, 9, 16, 44, 22, 61, 85, 26, 11, 33, 51, 4, 12, 94, 81, 68, 49, 72, 84, 29, 28, 54, 19, 27, 41, 30, 79, 55, 74, 18, 71, 20, 73, 58];55738.0
[3, 64, 25, 65, 69, 87, 17, 78, 89, 83, 35, 37, 23, 98, 20, 71, 62, 91, 79, 55, 41, 7, 48, 5, 74, 18, 96, 30, 88, 81, 94, 12, 75, 32, 36, 4, 51, 95, 38, 47, 13, 40, 99, 70, 77, 63, 39, 53, 68, 80, 82, 54, 6, 56, 8, 86, 50, 45, 2, 42, 28, 33, 76, 59, 22, 31, 14, 16, 10, 73, 58, 46, 90, 97, 44, 61, 34, 26, 19, 85, 11, 29, 84, 67, 60, 52, 15, 21, 93, 9, 0, 92, 27, 57, 24, 72, 49, 43, 1, 66];50640.0
[3, 65, 15, 21, 37, 23, 93, 69, 64, 25, 17, 35, 58, 16, 14, 10, 90, 22, 44, 31, 20, 73, 71, 98, 83, 9, 68, 49, 12, 75, 32, 36, 38, 13, 28, 33, 29, 95, 77, 47, 40, 45, 11, 78, 52, 87, 18, 7, 39, 1, 63, 53, 91, 62, 5, 0, 92, 60, 86, 80, 24, 57, 27, 59, 61, 34, 19, 85, 26, 41, 30, 79, 88, 81, 94, 4, 51, 99, 70, 2, 42, 46, 89, 48, 97, 76, 50, 6, 56, 67, 43, 72, 84, 82, 54, 8, 66, 74, 96, 55];61627.0
[52, 83, 35, 37, 23, 98, 19, 33, 45, 47, 40, 99, 70, 13, 26, 85, 64, 65, 69, 15, 21, 87, 93, 18, 74, 5, 48, 62, 91, 55, 3, 25, 88, 81, 94, 12, 75, 32, 49, 72, 84, 8, 56, 11, 29, 95, 38, 1, 43, 89, 17, 78, 7, 66, 6, 54, 82, 59, 31, 14, 10, 20, 58, 73, 16, 44, 61, 34, 42, 2, 28, 51, 36, 4, 77, 67, 76, 71, 9, 27, 39, 63, 53, 68, 60, 80, 24, 86, 50, 57, 92, 97, 90, 22, 46, 0, 41, 30, 79, 96];61387.0
[86, 50, 87, 69, 3, 96, 30, 88, 79, 55, 41, 91, 7, 66, 27, 92, 89, 52, 64, 65, 25, 63, 1, 81, 94, 32, 12, 75, 36, 38, 0, 83, 37, 98, 23, 17, 15, 21, 93, 58, 16, 44, 19, 43, 53, 39, 68, 24, 80, 67, 84, 72, 49, 77, 95, 4, 51, 29, 28, 56, 76, 22, 97, 90, 74, 18, 78, 35, 73, 20, 71, 9, 46, 26, 85, 11, 40, 99, 47, 45, 33, 82, 54, 42, 13, 70, 2, 34, 61, 59, 31, 10, 14, 48, 5, 62, 57, 60, 6, 8];58519.0
[10, 89, 3, 25, 15, 21, 69, 87, 93, 23, 17, 78, 52, 64, 65, 96, 68, 49, 32, 12, 75, 94, 81, 84, 67, 43, 53, 1, 38, 95, 36, 4, 51, 77, 29, 47, 70, 2, 76, 97, 90, 31, 71, 9, 91, 7, 30, 88, 74, 18, 98, 20, 58, 73, 0, 66, 50, 86, 56, 11, 19, 34, 85, 26, 54, 42, 45, 13, 40, 99, 39, 79, 55, 41, 63, 72, 60, 80, 61, 44, 35, 37, 83, 16, 8, 28, 33, 82, 6, 24, 57, 92, 27, 59, 22, 5, 48, 62, 46, 14];58336.0
[30, 79, 55, 15, 21, 93, 23, 98, 71, 20, 35, 37, 78, 52, 18, 96, 65, 69, 83, 9, 58, 73, 16, 44, 61, 34, 6, 56, 85, 26, 11, 2, 42, 40, 99, 47, 51, 29, 43, 1, 63, 53, 68, 24, 57, 92, 46, 14, 10, 97, 8, 86, 50, 76, 59, 22, 90, 31, 5, 89, 48, 91, 88, 81, 94, 38, 28, 54, 33, 45, 13, 70, 77, 95, 36, 4, 12, 32, 75, 39, 0, 62, 17, 87, 3, 25, 64, 74, 7, 72, 49, 67, 60, 27, 66, 19, 82, 84, 80, 41];56577.0
[36, 32, 12, 75, 94, 81, 38, 95, 77, 29, 28, 33, 45, 66, 79, 25, 64, 65, 3, 0, 92, 27, 57, 60, 80, 72, 49, 4, 51, 61, 59, 23, 98, 20, 58, 44, 22, 90, 31, 14, 16, 10, 35, 93, 87, 15, 21, 69, 52, 82, 54, 2, 42, 70, 40, 99, 47, 13, 84, 67, 63, 7, 89, 78, 17, 37, 83, 34, 85, 26, 19, 46, 62, 5, 55, 41, 30, 88, 96, 74, 18, 73, 71, 9, 48, 91, 53, 39, 1, 43, 68, 50, 86, 8, 11, 6, 56, 76, 97, 24];58939.0
[71, 73, 45, 13, 47, 77, 95, 36, 32, 4, 51, 29, 40, 99, 70, 2, 42, 56, 76, 41, 30, 88, 79, 55, 3, 65, 69, 87, 25, 64, 96, 0, 92, 50, 6, 8, 19, 85, 26, 28, 33, 61, 34, 59, 62, 5, 48, 78, 83, 16, 44, 22, 90, 18, 52, 17, 37, 23, 93, 15, 21, 74, 7, 12, 75, 94, 46, 14, 10, 27, 57, 60, 82, 54, 11, 97, 58, 35, 98, 20, 31, 86, 80, 24, 68, 38, 49, 53, 63, 39, 72, 43, 1, 81, 84, 67, 66, 91, 89, 9];60921.0
[54, 82, 13, 70, 2, 45, 33, 22, 44, 31, 14, 10, 97, 8, 28, 36, 32, 75, 94, 12, 81, 49, 24, 37, 98, 35, 58, 73, 16, 61, 11, 6, 56, 90, 20, 83, 89, 52, 78, 9, 71, 76, 29, 51, 95, 38, 39, 88, 25, 64, 79, 30, 66, 68, 67, 84, 80, 57, 27, 41, 55, 65, 69, 87, 3, 96, 7, 91, 42, 40, 99, 47, 77, 4, 72, 62, 48, 5, 46, 50, 60, 43, 1, 63, 53, 86, 34, 59, 18, 15, 21, 93, 17, 23, 74, 0, 92, 85, 26, 19];66333.0
[32, 75, 36, 4, 12, 94, 81, 53, 39, 43, 1, 63, 66, 62, 35, 83, 37, 23, 98, 17, 78, 30, 88, 79, 52, 87, 15, 21, 93, 69, 64, 25, 55, 41, 68, 29, 51, 40, 99, 70, 47, 77, 95, 86, 50, 6, 19, 34, 61, 44, 31, 14, 71, 9, 48, 89, 5, 0, 92, 80, 67, 38, 13, 42, 2, 45, 33, 16, 10, 73, 20, 58, 46, 27, 57, 60, 56, 26, 11, 85, 76, 22, 97, 90, 59, 24, 72, 49, 84, 8, 28, 54, 82, 3, 65, 96, 74, 18, 7, 91];59144.0
[12, 75, 94, 32, 36, 4, 51, 77, 47, 70, 40, 99, 45, 13, 29, 95, 38, 39, 63, 53, 3, 64, 25, 69, 87, 93, 23, 98, 35, 73, 14, 59, 61, 34, 82, 2, 42, 28, 33, 86, 50, 92, 0, 5, 48, 91, 74, 18, 52, 15, 21, 78, 17, 37, 9, 71, 20, 58, 31, 46, 62, 7, 30, 88, 66, 60, 67, 84, 8, 19, 85, 26, 54, 11, 6, 56, 80, 72, 43, 68, 27, 89, 83, 65, 96, 79, 55, 41, 1, 81, 49, 24, 76, 97, 90, 22, 44, 16, 10, 57];53014.0
[33, 81, 94, 12, 75, 49, 53, 79, 96, 55, 41, 63, 39, 1, 72, 67, 43, 68, 18, 52, 64, 65, 15, 21, 93, 74, 48, 5, 89, 78, 17, 37, 23, 98, 35, 9, 71, 76, 61, 34, 82, 45, 13, 70, 40, 99, 28, 19, 10, 58, 73, 16, 44, 59, 85, 26, 42, 2, 47, 77, 32, 4, 84, 8, 6, 56, 50, 80, 30, 88, 7, 91, 62, 46, 97, 90, 22, 31, 0, 92, 66, 27, 57, 60, 86, 24, 29, 51, 95, 36, 38, 3, 25, 69, 87, 83, 20, 14, 11, 54];58472.0
[38, 95, 77, 32, 75, 36, 4, 51, 29, 8, 19, 85, 86, 50, 24, 57, 62, 89, 9, 17, 23, 37, 98, 35, 73, 14, 59, 76, 26, 11, 82, 54, 42, 33, 45, 13, 40, 47, 66, 7, 18, 52, 15, 93, 21, 87, 78, 83, 20, 58, 71, 31, 16, 10, 97, 90, 44, 22, 46, 96, 25, 65, 3, 74, 5, 48, 55, 41, 30, 88, 39, 63, 72, 68, 60, 27, 92, 61, 34, 56, 80, 0, 69, 64, 6, 28, 99, 70, 2, 84, 67, 43, 1, 81, 94, 12, 53, 79, 91, 49];59432.0
[4, 13, 70, 2, 42, 40, 99, 47, 77, 12, 75, 53, 83, 37, 23, 35, 73, 14, 16, 22, 44, 61, 85, 26, 19, 90, 21, 15, 69, 87, 17, 98, 71, 76, 67, 84, 62, 9, 78, 52, 64, 65, 3, 25, 93, 46, 59, 34, 82, 54, 11, 28, 38, 81, 94, 1, 41, 55, 74, 96, 79, 30, 88, 39, 63, 72, 49, 43, 80, 56, 8, 86, 97, 31, 20, 58, 10, 57, 27, 66, 92, 0, 5, 48, 89, 18, 91, 7, 68, 24, 60, 50, 6, 33, 45, 29, 51, 95, 36, 32];60376.0
[29, 47, 40, 99, 70, 28, 33, 8, 5, 17, 15, 3, 65, 69, 93, 21, 87, 78, 52, 25, 64, 96, 79, 30, 88, 39, 1, 63, 53, 68, 24, 60, 82, 6, 56, 50, 86, 19, 61, 59, 57, 92, 83, 23, 98, 35, 37, 58, 73, 48, 55, 41, 7, 91, 74, 18, 89, 9, 16, 10, 14, 44, 72, 32, 12, 75, 4, 51, 36, 80, 90, 22, 31, 20, 71, 62, 27, 85, 11, 54, 26, 34, 76, 97, 46, 0, 66, 81, 94, 49, 43, 67, 2, 42, 45, 13, 77, 95, 38, 84];56729.0
[1, 81, 94, 75, 12, 32, 4, 51, 29, 84, 43, 53, 30, 88, 41, 68, 67, 38, 47, 40, 99, 28, 33, 54, 6, 56, 80, 63, 39, 79, 55, 3, 25, 65, 15, 21, 93, 87, 69, 64, 96, 74, 18, 52, 83, 20, 58, 73, 71, 31, 14, 10, 90, 97, 46, 35, 98, 16, 44, 22, 85, 26, 76, 57, 27, 92, 5, 48, 0, 66, 59, 61, 19, 34, 82, 8, 11, 42, 13, 70, 2, 45, 86, 24, 77, 95, 36, 49, 72, 60, 50, 7, 91, 62, 9, 23, 37, 17, 78, 89];54989.0
[41, 78, 17, 23, 98, 35, 37, 87, 65, 3, 96, 53, 1, 81, 94, 12, 75, 32, 42, 26, 34, 61, 59, 71, 52, 15, 93, 21, 69, 25, 64, 55, 27, 57, 60, 92, 0, 62, 9, 83, 18, 74, 5, 46, 44, 22, 97, 76, 82, 2, 45, 13, 4, 49, 72, 43, 24, 6, 54, 70, 40, 51, 36, 38, 80, 66, 7, 89, 48, 91, 79, 30, 88, 86, 8, 11, 19, 85, 33, 29, 95, 77, 47, 99, 28, 14, 10, 90, 56, 50, 67, 84, 31, 20, 73, 58, 16, 68, 39, 63];63092.0
[64, 25, 65, 69, 87, 93, 88, 39, 12, 75, 32, 4, 51, 13, 70, 2, 28, 54, 46, 73, 58, 17, 15, 21, 78, 97, 33, 45, 42, 82, 6, 56, 85, 26, 19, 90, 74, 18, 52, 23, 98, 20, 24, 72, 53, 30, 79, 55, 41, 44, 61, 34, 40, 99, 77, 95, 36, 29, 47, 80, 57, 92, 0, 66, 27, 60, 68, 67, 84, 8, 86, 50, 76, 59, 22, 31, 14, 10, 71, 62, 89, 48, 5, 91, 7, 63, 1, 43, 81, 94, 49, 38, 11, 16, 35, 37, 9, 83, 96, 3];62323.0
[64, 65, 69, 15, 21, 87, 93, 5, 0, 94, 12, 75, 32, 13, 70, 40, 99, 47, 77, 95, 36, 4, 51, 29, 38, 84, 67, 80, 66, 92, 35, 83, 9, 78, 17, 23, 37, 98, 20, 10, 97, 76, 19, 82, 54, 56, 86, 24, 50, 44, 31, 16, 71, 48, 41, 30, 88, 7, 91, 62, 27, 57, 60, 68, 72, 39, 63, 79, 55, 18, 52, 89, 96, 74, 46, 90, 22, 34, 61, 59, 58, 73, 14, 26, 85, 11, 6, 8, 33, 45, 42, 2, 28, 49, 43, 1, 81, 53, 3, 25];55505.0
[46, 71, 73, 85, 40, 99, 70, 45, 34, 61, 59, 22, 31, 16, 10, 14, 90, 50, 8, 28, 47, 13, 42, 19, 35, 37, 98, 20, 81, 94, 12, 75, 32, 1, 41, 74, 18, 52, 64, 96, 30, 88, 39, 68, 67, 84, 54, 26, 11, 6, 24, 72, 43, 49, 51, 29, 76, 97, 23, 17, 87, 78, 15, 21, 69, 93, 83, 9, 58, 44, 82, 36, 4, 38, 80, 57, 92, 5, 48, 89, 62, 27, 66, 63, 53, 79, 55, 3, 25, 65, 60, 86, 0, 91, 7, 56, 33, 2, 77, 95];69427.0
[27, 92, 66, 60, 84, 81, 12, 75, 94, 64, 25, 65, 3, 55, 41, 68, 40, 99, 70, 2, 54, 26, 19, 85, 11, 6, 45, 47, 77, 4, 51, 36, 32, 1, 79, 91, 7, 39, 63, 53, 86, 34, 59, 22, 16, 20, 58, 89, 9, 71, 61, 67, 43, 49, 8, 56, 76, 44, 31, 62, 5, 48, 18, 52, 78, 73, 14, 10, 46, 0, 72, 95, 13, 42, 28, 82, 33, 29, 38, 80, 30, 88, 96, 74, 17, 98, 35, 83, 37, 23, 93, 15, 21, 69, 87, 97, 90, 50, 24, 57];63544.0
[12, 75, 3, 25, 64, 65, 69, 93, 23, 98, 20, 10, 14, 16, 44, 22, 76, 26, 19, 85, 11, 54, 42, 2, 28, 29, 47, 70, 40, 99, 51, 36, 4, 77, 95, 38, 84, 67, 1, 43, 68, 80, 90, 31, 71, 62, 5, 48, 0, 92, 24, 8, 56, 34, 61, 59, 27, 57, 60, 86, 97, 46, 89, 74, 18, 52, 87, 17, 78, 83, 9, 41, 79, 55, 73, 58, 35, 37, 15, 21, 96, 30, 88, 66, 50, 6, 33, 45, 13, 82, 91, 7, 63, 72, 49, 53, 39, 32, 81, 94];56713.0
[59, 31, 14, 16, 85, 26, 11, 54, 33, 82, 8, 60, 92, 27, 57, 45, 47, 40, 99, 70, 2, 51, 95, 77, 29, 6, 56, 19, 34, 61, 90, 20, 35, 9, 83, 89, 52, 3, 74, 18, 15, 93, 23, 98, 37, 58, 10, 46, 86, 38, 36, 32, 4, 13, 42, 28, 84, 67, 1, 81, 94, 49, 43, 80, 68, 72, 53, 39, 63, 88, 79, 30, 25, 64, 65, 96, 55, 41, 7, 66, 50, 24, 76, 44, 22, 97, 73, 71, 78, 17, 21, 69, 87, 62, 5, 48, 91, 0, 75, 12];58316.0
[60, 24, 39, 43, 38, 47, 45, 11, 19, 85, 26, 42, 40, 99, 70, 13, 29, 72, 68, 41, 30, 79, 65, 64, 25, 55, 66, 50, 86, 97, 73, 71, 9, 15, 21, 69, 52, 3, 96, 5, 48, 78, 17, 37, 20, 90, 44, 76, 8, 56, 61, 59, 22, 31, 14, 10, 46, 80, 1, 81, 49, 0, 62, 7, 91, 88, 74, 18, 89, 83, 87, 93, 23, 98, 35, 58, 16, 34, 2, 77, 51, 95, 28, 33, 82, 54, 6, 84, 67, 63, 53, 94, 32, 12, 75, 36, 4, 57, 27, 92];58216.0
[52, 15, 3, 25, 64, 65, 69, 21, 93, 87, 18, 74, 96, 5, 48, 83, 20, 58, 73, 16, 61, 11, 29, 51, 36, 32, 94, 81, 1, 43, 68, 49, 26, 19, 85, 22, 31, 35, 37, 23, 98, 90, 59, 28, 40, 99, 70, 2, 54, 6, 56, 8, 80, 66, 7, 89, 17, 78, 9, 34, 82, 33, 77, 95, 4, 12, 75, 63, 88, 55, 41, 79, 30, 53, 39, 72, 38, 47, 13, 42, 45, 86, 57, 92, 0, 46, 97, 44, 76, 50, 60, 27, 10, 14, 71, 62, 67, 84, 24, 91];61128.0
[81, 94, 32, 36, 4, 12, 75, 29, 47, 40, 99, 70, 13, 38, 49, 24, 60, 0, 62, 17, 21, 87, 93, 5, 66, 51, 77, 95, 46, 71, 98, 37, 23, 35, 73, 20, 58, 14, 16, 10, 97, 90, 92, 27, 7, 91, 18, 52, 15, 69, 64, 25, 65, 3, 96, 79, 55, 74, 48, 89, 78, 83, 9, 85, 26, 19, 67, 84, 82, 2, 45, 42, 28, 33, 8, 86, 34, 61, 59, 57, 41, 30, 88, 22, 44, 31, 76, 50, 80, 72, 43, 68, 6, 56, 11, 54, 63, 39, 53, 1];56479.0
[40, 99, 70, 13, 38, 36, 32, 4, 51, 29, 2, 42, 45, 82, 54, 11, 6, 8, 86, 80, 72, 43, 49, 24, 56, 26, 19, 85, 34, 97, 46, 73, 58, 35, 17, 78, 15, 21, 5, 48, 91, 53, 63, 39, 68, 67, 84, 28, 33, 76, 57, 27, 92, 79, 55, 87, 93, 23, 37, 98, 20, 71, 9, 83, 3, 25, 64, 65, 69, 52, 89, 1, 81, 12, 75, 94, 66, 41, 30, 88, 22, 44, 61, 59, 31, 14, 16, 10, 90, 50, 60, 0, 62, 18, 96, 74, 7, 95, 77, 47];56447.0
[93, 69, 87, 73, 14, 44, 76, 59, 22, 97, 90, 31, 10, 20, 58, 16, 61, 34, 42, 40, 99, 70, 2, 8, 46, 89, 52, 64, 65, 96, 79, 41, 57, 19, 85, 26, 11, 54, 82, 33, 29, 12, 75, 94, 43, 68, 27, 92, 0, 62, 5, 48, 24, 72, 1, 63, 53, 39, 30, 88, 55, 3, 25, 15, 21, 74, 60, 56, 6, 86, 50, 71, 9, 91, 49, 4, 36, 32, 81, 84, 67, 28, 45, 13, 47, 51, 77, 95, 38, 80, 66, 7, 18, 78, 17, 37, 98, 35, 83, 23];58528.0
[47, 77, 4, 51, 29, 59, 14, 10, 25, 64, 65, 3, 69, 87, 17, 23, 37, 98, 12, 75, 94, 81, 38, 13, 28, 33, 54, 26, 11, 6, 56, 86, 80, 84, 67, 43, 68, 18, 15, 93, 21, 78, 35, 73, 61, 42, 40, 99, 70, 2, 45, 30, 88, 79, 55, 96, 52, 89, 83, 9, 71, 20, 58, 16, 34, 82, 95, 36, 32, 1, 63, 53, 57, 22, 31, 46, 41, 7, 91, 74, 48, 5, 66, 50, 19, 85, 60, 92, 0, 62, 27, 39, 72, 49, 24, 97, 90, 44, 76, 8];63707.0
[45, 13, 70, 40, 99, 47, 77, 36, 32, 4, 51, 2, 42, 28, 33, 82, 6, 56, 11, 29, 95, 38, 54, 26, 19, 85, 76, 57, 79, 55, 3, 65, 25, 64, 41, 1, 81, 12, 75, 94, 43, 37, 23, 98, 35, 73, 71, 48, 91, 7, 30, 88, 39, 63, 53, 68, 66, 27, 46, 14, 10, 97, 90, 22, 44, 31, 78, 87, 17, 15, 21, 93, 69, 52, 89, 9, 83, 20, 58, 16, 34, 61, 59, 8, 86, 50, 72, 49, 67, 84, 80, 24, 60, 0, 74, 18, 96, 5, 62, 92];54482.0
[32, 12, 75, 94, 49, 43, 7, 91, 52, 87, 15, 21, 96, 88, 81, 36, 4, 51, 95, 77, 63, 53, 79, 55, 41, 90, 22, 44, 31, 14, 16, 85, 19, 34, 61, 57, 27, 92, 46, 73, 58, 10, 97, 76, 67, 84, 29, 47, 13, 24, 66, 74, 18, 62, 5, 48, 0, 60, 50, 28, 33, 56, 80, 1, 39, 30, 64, 25, 65, 3, 69, 93, 17, 35, 71, 68, 38, 40, 99, 70, 2, 42, 45, 54, 59, 83, 37, 78, 89, 9, 23, 98, 20, 26, 11, 6, 82, 8, 86, 72];63790.0
[77, 95, 36, 32, 75, 12, 94, 81, 43, 1, 66, 25, 64, 3, 96, 55, 41, 68, 49, 84, 67, 38, 4, 51, 99, 70, 40, 28, 33, 8, 86, 57, 27, 79, 30, 88, 39, 53, 63, 72, 80, 24, 29, 2, 42, 26, 11, 6, 56, 19, 85, 61, 31, 14, 71, 9, 65, 69, 87, 15, 21, 93, 17, 78, 74, 7, 91, 62, 16, 44, 22, 97, 76, 34, 59, 92, 5, 48, 18, 52, 89, 83, 20, 58, 73, 10, 46, 0, 37, 23, 35, 98, 90, 60, 50, 54, 82, 45, 13, 47];54601.0
[37, 78, 52, 15, 21, 69, 87, 93, 81, 94, 32, 36, 4, 12, 75, 39, 88, 96, 18, 91, 80, 24, 8, 6, 28, 40, 99, 70, 13, 47, 84, 67, 38, 95, 77, 51, 29, 53, 30, 79, 55, 41, 7, 62, 61, 34, 26, 44, 16, 98, 23, 17, 89, 5, 48, 0, 66, 27, 57, 56, 82, 54, 42, 45, 11, 97, 73, 71, 9, 20, 58, 46, 92, 60, 50, 76, 59, 22, 31, 14, 10, 33, 2, 49, 1, 63, 72, 43, 68, 86, 19, 85, 90, 74, 3, 25, 64, 65, 35, 83];61740.0
[47, 77, 4, 51, 95, 36, 38, 55, 18, 52, 15, 21, 93, 65, 3, 74, 89, 78, 23, 98, 35, 96, 79, 30, 53, 1, 43, 81, 94, 32, 12, 75, 54, 19, 34, 61, 31, 20, 71, 9, 48, 91, 7, 41, 63, 39, 68, 72, 49, 80, 0, 5, 62, 46, 60, 56, 82, 59, 83, 87, 69, 64, 25, 17, 37, 58, 73, 14, 10, 16, 44, 76, 57, 27, 92, 88, 66, 50, 86, 97, 90, 22, 6, 33, 2, 42, 28, 45, 13, 29, 84, 67, 24, 8, 85, 26, 11, 70, 40, 99];57932.0
[3, 64, 25, 65, 69, 87, 78, 83, 9, 23, 35, 37, 98, 20, 58, 71, 48, 5, 91, 7, 88, 68, 38, 36, 12, 75, 32, 4, 51, 99, 40, 70, 28, 33, 61, 76, 97, 90, 22, 44, 31, 0, 66, 60, 80, 41, 30, 1, 43, 81, 94, 77, 95, 13, 42, 82, 54, 2, 45, 19, 85, 26, 29, 47, 34, 59, 27, 57, 92, 46, 73, 16, 10, 14, 11, 6, 56, 50, 67, 84, 72, 49, 24, 8, 86, 62, 74, 18, 52, 15, 21, 93, 17, 89, 39, 63, 53, 79, 96, 55];56322.0
[37, 17, 23, 35, 58, 16, 44, 61, 34, 82, 54, 2, 42, 45, 19, 85, 26, 40, 99, 70, 13, 28, 33, 59, 22, 31, 14, 10, 46, 62, 5, 48, 74, 96, 79, 30, 88, 39, 53, 27, 92, 0, 89, 52, 15, 21, 69, 68, 67, 51, 95, 36, 4, 49, 43, 1, 63, 72, 80, 24, 57, 66, 7, 91, 41, 94, 12, 75, 32, 81, 38, 84, 29, 47, 77, 11, 97, 71, 9, 78, 3, 25, 64, 65, 6, 8, 56, 76, 20, 83, 87, 93, 18, 55, 60, 86, 50, 90, 73, 98];59765.0
[29, 51, 95, 77, 47, 40, 99, 36, 12, 75, 32, 4, 38, 67, 43, 72, 84, 28, 13, 70, 2, 42, 82, 54, 57, 79, 55, 3, 64, 25, 65, 15, 93, 18, 96, 7, 91, 53, 39, 1, 63, 68, 24, 66, 27, 92, 97, 10, 14, 16, 98, 21, 69, 87, 52, 89, 73, 58, 44, 76, 8, 11, 19, 34, 22, 90, 62, 5, 48, 71, 20, 35, 37, 17, 78, 23, 83, 9, 74, 0, 60, 86, 56, 85, 26, 61, 59, 31, 46, 41, 30, 88, 81, 94, 49, 80, 50, 6, 33, 45];54637.0
[4, 36, 32, 12, 75, 51, 40, 99, 70, 2, 42, 28, 33, 14, 10, 98, 37, 17, 15, 21, 93, 69, 87, 23, 35, 73, 58, 16, 44, 22, 85, 26, 19, 67, 84, 82, 54, 59, 31, 71, 78, 52, 25, 64, 18, 20, 76, 61, 34, 6, 45, 13, 47, 77, 29, 72, 27, 92, 62, 9, 83, 89, 48, 5, 86, 56, 11, 8, 43, 68, 24, 97, 90, 46, 65, 3, 96, 74, 57, 60, 50, 80, 63, 39, 53, 1, 94, 81, 95, 38, 66, 0, 91, 88, 30, 79, 55, 41, 7, 49];60012.0
[78, 15, 21, 69, 87, 17, 37, 23, 93, 18, 55, 41, 79, 30, 88, 56, 85, 26, 42, 40, 99, 70, 13, 45, 34, 61, 59, 22, 0, 9, 83, 89, 52, 65, 3, 96, 49, 38, 77, 95, 4, 51, 29, 47, 2, 11, 19, 82, 54, 6, 86, 50, 72, 43, 1, 63, 39, 53, 25, 64, 74, 62, 71, 98, 35, 58, 73, 20, 10, 46, 97, 90, 31, 14, 16, 44, 76, 8, 33, 28, 36, 32, 75, 12, 81, 94, 57, 27, 92, 5, 48, 91, 7, 66, 60, 80, 68, 67, 84, 24];54579.0
[6, 72, 49, 12, 75, 94, 81, 43, 68, 80, 82, 54, 11, 33, 84, 67, 38, 36, 32, 4, 51, 1, 39, 30, 79, 55, 41, 7, 91, 62, 46, 59, 61, 14, 10, 71, 23, 93, 65, 64, 17, 78, 15, 21, 69, 87, 18, 0, 57, 24, 77, 95, 28, 19, 85, 76, 5, 48, 20, 58, 73, 37, 98, 35, 9, 83, 74, 96, 88, 44, 31, 16, 22, 97, 90, 60, 27, 66, 63, 53, 92, 89, 52, 3, 25, 8, 42, 40, 99, 70, 2, 86, 50, 56, 26, 29, 47, 13, 45, 34];61995.0
[81, 94, 99, 70, 2, 42, 26, 19, 34, 82, 45, 29, 51, 36, 12, 75, 32, 4, 13, 28, 33, 54, 11, 6, 8, 56, 85, 76, 10, 20, 58, 73, 71, 83, 9, 23, 35, 37, 98, 14, 16, 5, 62, 46, 59, 61, 86, 80, 24, 57, 27, 92, 17, 15, 21, 69, 87, 93, 78, 0, 66, 63, 1, 39, 43, 38, 47, 40, 22, 44, 31, 67, 84, 77, 95, 50, 60, 41, 88, 79, 30, 55, 74, 18, 64, 65, 3, 52, 89, 48, 97, 90, 68, 72, 49, 53, 91, 7, 96, 25];60196.0
[89, 52, 15, 21, 93, 69, 64, 65, 3, 25, 87, 37, 23, 35, 98, 20, 71, 58, 73, 14, 16, 10, 90, 22, 44, 19, 2, 70, 40, 99, 47, 36, 32, 12, 75, 94, 81, 53, 66, 7, 91, 62, 5, 48, 31, 85, 11, 54, 42, 45, 34, 76, 59, 61, 56, 50, 60, 92, 0, 9, 83, 18, 96, 79, 30, 88, 39, 68, 72, 49, 43, 24, 6, 8, 86, 57, 27, 46, 97, 33, 82, 26, 78, 17, 80, 77, 95, 38, 1, 63, 41, 55, 74, 67, 84, 28, 29, 51, 4, 13];61197.0
[38, 36, 12, 75, 32, 4, 51, 13, 70, 40, 99, 45, 19, 85, 26, 29, 47, 77, 95, 81, 94, 49, 92, 46, 14, 10, 73, 20, 58, 16, 44, 61, 34, 76, 22, 31, 71, 78, 93, 87, 17, 37, 23, 35, 98, 83, 9, 0, 66, 60, 72, 43, 1, 39, 63, 50, 6, 54, 42, 2, 28, 8, 86, 56, 11, 33, 82, 59, 18, 52, 15, 21, 69, 96, 89, 48, 5, 91, 41, 7, 53, 68, 67, 84, 80, 30, 88, 79, 55, 3, 65, 25, 64, 74, 62, 90, 97, 27, 57, 24];54336.0
[46, 20, 31, 14, 16, 44, 61, 34, 82, 42, 40, 99, 47, 13, 70, 2, 54, 26, 85, 22, 90, 59, 8, 11, 6, 76, 97, 58, 73, 71, 9, 0, 57, 50, 33, 77, 95, 4, 36, 38, 56, 19, 10, 35, 37, 15, 21, 93, 69, 5, 91, 7, 30, 74, 96, 65, 3, 25, 64, 92, 60, 86, 80, 68, 24, 66, 41, 88, 53, 67, 84, 29, 51, 12, 32, 75, 49, 28, 45, 81, 94, 79, 55, 87, 78, 17, 89, 48, 18, 52, 23, 98, 83, 62, 27, 39, 63, 43, 1, 72];61644.0
[12, 75, 29, 47, 99, 70, 2, 45, 13, 40, 42, 28, 33, 82, 54, 81, 94, 66, 0, 9, 17, 78, 87, 15, 21, 69, 93, 23, 98, 14, 16, 61, 34, 11, 19, 85, 26, 56, 96, 25, 64, 65, 3, 74, 5, 48, 91, 92, 27, 57, 60, 8, 6, 86, 50, 76, 59, 22, 44, 10, 20, 73, 58, 89, 52, 18, 55, 7, 39, 43, 49, 67, 84, 38, 36, 4, 51, 68, 41, 79, 30, 88, 97, 90, 31, 46, 62, 71, 35, 37, 83, 95, 77, 1, 63, 53, 80, 24, 72, 32];58128.0
[3, 25, 64, 65, 52, 21, 15, 78, 17, 37, 98, 35, 9, 83, 23, 93, 69, 87, 18, 96, 43, 49, 1, 81, 94, 32, 12, 75, 36, 95, 4, 51, 77, 29, 38, 13, 28, 33, 22, 44, 97, 76, 50, 80, 63, 53, 39, 72, 62, 89, 48, 5, 46, 90, 31, 14, 16, 10, 54, 82, 45, 2, 42, 57, 66, 27, 92, 86, 19, 34, 61, 59, 71, 20, 58, 73, 60, 68, 67, 84, 99, 47, 70, 40, 79, 30, 88, 24, 8, 56, 85, 26, 11, 6, 0, 91, 7, 41, 55, 74];57506.0
[18, 52, 78, 17, 23, 35, 37, 98, 20, 16, 44, 76, 8, 33, 2, 40, 99, 70, 47, 77, 51, 13, 42, 26, 19, 85, 46, 62, 5, 91, 7, 30, 88, 50, 86, 11, 6, 41, 79, 55, 74, 61, 34, 82, 54, 56, 64, 25, 65, 3, 69, 87, 93, 83, 73, 58, 71, 9, 48, 81, 32, 4, 36, 95, 38, 39, 96, 15, 21, 89, 0, 92, 80, 72, 1, 63, 66, 27, 57, 60, 59, 22, 97, 90, 31, 14, 10, 24, 12, 75, 94, 43, 68, 67, 84, 29, 28, 45, 49, 53];62675.0
[55, 52, 15, 21, 78, 23, 98, 44, 34, 45, 13, 70, 99, 47, 8, 19, 85, 26, 42, 40, 28, 33, 82, 54, 2, 51, 95, 77, 56, 11, 22, 31, 16, 58, 35, 73, 14, 10, 97, 76, 59, 61, 86, 80, 81, 32, 4, 36, 12, 75, 94, 49, 66, 48, 87, 69, 93, 18, 74, 96, 64, 25, 65, 3, 62, 27, 92, 46, 71, 5, 0, 57, 60, 50, 24, 6, 84, 29, 38, 1, 41, 30, 88, 7, 91, 89, 9, 17, 37, 83, 20, 90, 67, 43, 68, 72, 39, 63, 53, 79];57843.0
[25, 65, 69, 87, 78, 17, 89, 52, 64, 3, 96, 79, 30, 88, 7, 91, 71, 20, 58, 73, 62, 5, 48, 37, 98, 23, 35, 16, 44, 22, 97, 76, 26, 11, 19, 6, 56, 50, 0, 9, 83, 74, 18, 21, 15, 93, 55, 41, 66, 57, 60, 86, 80, 39, 63, 53, 46, 31, 61, 85, 82, 33, 45, 47, 77, 32, 75, 94, 95, 38, 84, 67, 72, 24, 8, 54, 42, 2, 28, 34, 14, 10, 90, 59, 13, 70, 40, 99, 12, 81, 49, 1, 43, 68, 27, 92, 29, 51, 36, 4];58780.0
[29, 40, 99, 70, 13, 47, 77, 95, 36, 32, 75, 12, 81, 94, 69, 87, 15, 21, 93, 83, 20, 71, 9, 17, 23, 37, 98, 35, 73, 58, 16, 97, 90, 31, 62, 48, 5, 74, 18, 96, 79, 30, 88, 39, 63, 1, 43, 53, 41, 55, 3, 78, 10, 14, 44, 22, 8, 80, 68, 49, 72, 67, 38, 4, 51, 28, 33, 82, 54, 11, 85, 26, 19, 27, 66, 7, 25, 64, 65, 52, 89, 76, 61, 34, 6, 56, 92, 0, 91, 46, 59, 86, 50, 45, 42, 2, 24, 57, 60, 84];55899.0
[40, 51, 36, 12, 75, 94, 32, 4, 13, 28, 33, 45, 74, 18, 52, 87, 15, 21, 93, 69, 64, 25, 65, 3, 30, 88, 79, 55, 96, 37, 23, 98, 14, 34, 82, 54, 2, 42, 26, 85, 76, 22, 31, 71, 9, 17, 78, 39, 53, 63, 72, 80, 24, 97, 10, 89, 83, 46, 86, 50, 60, 27, 57, 84, 8, 11, 6, 56, 19, 90, 20, 58, 35, 73, 16, 44, 61, 59, 0, 91, 7, 66, 92, 62, 5, 48, 41, 68, 49, 38, 95, 77, 81, 1, 43, 67, 29, 47, 99, 70];58560.0
[3, 65, 69, 93, 21, 87, 78, 83, 89, 27, 57, 24, 72, 36, 32, 4, 51, 13, 2, 42, 19, 61, 34, 11, 6, 56, 59, 22, 44, 31, 46, 66, 63, 53, 39, 68, 67, 45, 70, 40, 99, 47, 77, 95, 38, 49, 0, 5, 48, 91, 88, 41, 7, 62, 73, 58, 23, 98, 20, 90, 43, 1, 84, 29, 28, 33, 92, 18, 52, 17, 15, 25, 64, 74, 96, 79, 60, 82, 54, 26, 85, 35, 37, 9, 71, 10, 14, 16, 97, 76, 50, 8, 86, 80, 81, 94, 12, 75, 30, 55];59942.0
[82, 38, 12, 94, 81, 53, 79, 3, 65, 69, 87, 25, 64, 49, 47, 99, 70, 40, 51, 29, 74, 18, 52, 15, 21, 93, 96, 30, 88, 8, 85, 26, 11, 6, 84, 67, 80, 23, 98, 17, 78, 83, 20, 35, 37, 68, 72, 77, 95, 4, 36, 32, 75, 39, 63, 1, 43, 24, 73, 58, 14, 16, 10, 46, 62, 9, 71, 89, 48, 66, 27, 92, 76, 61, 34, 2, 42, 45, 13, 28, 33, 54, 97, 90, 31, 86, 50, 0, 5, 91, 55, 41, 7, 57, 60, 56, 59, 22, 44, 19];65000.0
[74, 18, 52, 87, 93, 3, 25, 64, 65, 69, 17, 23, 37, 83, 9, 71, 5, 48, 62, 46, 90, 2, 42, 28, 33, 59, 22, 31, 78, 15, 21, 89, 96, 79, 30, 55, 41, 88, 81, 94, 75, 12, 32, 4, 19, 44, 10, 27, 92, 66, 63, 53, 39, 1, 43, 49, 24, 8, 11, 26, 85, 61, 34, 70, 13, 40, 99, 47, 77, 84, 67, 86, 50, 6, 56, 80, 57, 60, 72, 68, 7, 35, 98, 20, 73, 58, 14, 16, 45, 29, 51, 95, 36, 38, 54, 82, 76, 97, 0, 91];58675.0
[61, 27, 41, 30, 74, 18, 52, 15, 21, 69, 87, 78, 83, 71, 29, 51, 12, 81, 73, 58, 20, 35, 37, 17, 64, 25, 55, 7, 91, 88, 79, 96, 5, 48, 10, 14, 16, 44, 22, 28, 13, 40, 47, 99, 70, 2, 42, 23, 98, 93, 65, 3, 57, 60, 56, 82, 54, 6, 86, 50, 8, 19, 85, 26, 24, 80, 68, 97, 90, 31, 46, 66, 63, 39, 1, 43, 53, 49, 67, 84, 38, 95, 77, 4, 36, 32, 75, 94, 72, 89, 9, 62, 0, 92, 76, 59, 11, 33, 45, 34];61597.0
[68, 67, 38, 36, 4, 51, 95, 47, 77, 12, 75, 32, 94, 79, 55, 41, 30, 88, 39, 43, 49, 72, 57, 0, 69, 87, 93, 35, 58, 16, 61, 11, 54, 33, 45, 19, 44, 10, 73, 71, 37, 83, 17, 23, 98, 20, 14, 76, 8, 86, 50, 96, 3, 65, 52, 89, 92, 84, 29, 28, 2, 42, 40, 99, 70, 13, 82, 85, 26, 34, 59, 22, 90, 97, 80, 81, 1, 63, 53, 5, 48, 74, 18, 25, 64, 15, 21, 78, 9, 62, 91, 7, 66, 27, 31, 46, 60, 6, 56, 24];59891.0
[12, 75, 94, 38, 47, 13, 2, 45, 28, 33, 82, 54, 11, 19, 34, 61, 31, 20, 58, 73, 71, 10, 14, 16, 44, 85, 26, 42, 40, 99, 70, 84, 63, 53, 39, 30, 55, 3, 69, 96, 79, 41, 66, 27, 22, 97, 90, 59, 76, 50, 60, 80, 72, 43, 68, 88, 25, 65, 64, 1, 81, 49, 24, 83, 37, 17, 78, 5, 48, 74, 7, 92, 0, 91, 89, 52, 15, 93, 21, 87, 18, 62, 57, 56, 6, 8, 86, 46, 9, 23, 98, 35, 67, 29, 51, 77, 95, 4, 36, 32];58953.0
[18, 52, 15, 93, 21, 89, 3, 25, 64, 65, 69, 87, 78, 83, 37, 17, 23, 98, 35, 31, 85, 26, 11, 34, 19, 61, 59, 76, 97, 90, 46, 71, 9, 74, 96, 55, 7, 48, 5, 0, 92, 86, 50, 6, 54, 82, 2, 40, 99, 70, 68, 79, 30, 88, 41, 66, 27, 57, 60, 8, 56, 24, 80, 22, 44, 14, 16, 10, 58, 73, 20, 62, 91, 53, 39, 63, 72, 84, 67, 43, 81, 32, 4, 51, 28, 33, 45, 42, 13, 29, 38, 47, 77, 95, 36, 12, 75, 94, 49, 1];52729.0
[99, 70, 71, 15, 93, 23, 98, 21, 87, 3, 65, 64, 25, 55, 53, 81, 94, 12, 75, 32, 36, 4, 51, 77, 2, 28, 33, 61, 74, 96, 79, 88, 39, 1, 43, 49, 6, 56, 76, 97, 14, 20, 35, 37, 83, 9, 48, 5, 89, 78, 17, 62, 0, 91, 7, 18, 69, 52, 63, 68, 24, 86, 50, 44, 31, 22, 85, 26, 19, 34, 59, 92, 41, 30, 66, 27, 57, 80, 72, 95, 38, 90, 73, 58, 16, 10, 46, 60, 67, 84, 8, 11, 54, 82, 42, 45, 13, 29, 47, 40];61612.0
[80, 39, 63, 1, 94, 12, 75, 47, 40, 99, 70, 2, 45, 34, 76, 44, 20, 83, 37, 27, 24, 6, 56, 85, 59, 22, 97, 46, 96, 79, 55, 7, 91, 0, 92, 57, 60, 67, 38, 95, 77, 29, 28, 33, 54, 82, 61, 31, 52, 15, 21, 87, 17, 78, 23, 35, 58, 73, 71, 9, 66, 72, 81, 32, 36, 84, 43, 53, 88, 41, 30, 8, 11, 19, 10, 14, 16, 98, 3, 65, 25, 64, 74, 48, 18, 89, 5, 62, 68, 49, 4, 51, 13, 42, 26, 90, 69, 93, 50, 86];64130.0
[12, 75, 36, 32, 4, 51, 38, 49, 66, 3, 69, 93, 87, 83, 20, 58, 73, 71, 9, 5, 48, 31, 14, 16, 10, 90, 22, 59, 61, 56, 11, 6, 8, 86, 80, 24, 47, 40, 99, 70, 13, 54, 26, 85, 19, 34, 97, 46, 98, 37, 17, 15, 21, 65, 64, 25, 41, 68, 72, 1, 39, 88, 96, 74, 18, 62, 91, 78, 52, 89, 44, 76, 50, 60, 79, 30, 55, 7, 0, 57, 82, 2, 42, 28, 84, 67, 43, 63, 53, 23, 35, 27, 92, 33, 45, 29, 95, 77, 81, 94];58906.0
[62, 46, 97, 85, 26, 42, 13, 40, 99, 70, 28, 33, 82, 67, 84, 81, 94, 32, 12, 75, 90, 71, 98, 69, 93, 87, 73, 14, 10, 57, 39, 63, 53, 79, 30, 88, 55, 3, 65, 96, 41, 43, 38, 47, 2, 45, 34, 61, 31, 35, 17, 15, 21, 78, 22, 59, 11, 54, 4, 51, 29, 8, 19, 27, 92, 0, 89, 9, 16, 44, 76, 86, 80, 24, 66, 20, 58, 7, 91, 68, 49, 1, 36, 95, 77, 72, 25, 64, 52, 83, 37, 23, 74, 60, 50, 6, 56, 5, 48, 18];69844.0
[29, 51, 77, 95, 12, 75, 32, 81, 5, 48, 20, 58, 45, 13, 47, 40, 99, 28, 19, 85, 76, 44, 14, 10, 35, 37, 23, 98, 17, 78, 15, 83, 6, 56, 11, 33, 38, 36, 4, 94, 79, 3, 69, 87, 18, 96, 55, 74, 9, 16, 22, 97, 26, 42, 70, 2, 8, 86, 80, 24, 60, 50, 34, 61, 59, 57, 27, 41, 88, 7, 89, 52, 64, 25, 21, 93, 65, 30, 53, 1, 39, 63, 68, 90, 31, 46, 0, 66, 72, 84, 67, 73, 71, 62, 91, 92, 54, 82, 49, 43];67255.0
[81, 68, 74, 96, 25, 64, 65, 3, 69, 87, 78, 52, 18, 55, 27, 92, 19, 34, 76, 22, 9, 83, 37, 17, 15, 21, 93, 23, 98, 16, 44, 1, 94, 36, 4, 51, 95, 77, 61, 59, 73, 71, 20, 35, 58, 0, 57, 60, 86, 80, 66, 79, 30, 88, 41, 7, 91, 97, 90, 31, 14, 10, 24, 72, 49, 43, 29, 47, 13, 45, 28, 33, 38, 84, 8, 46, 89, 48, 5, 62, 85, 26, 54, 82, 42, 40, 99, 70, 2, 11, 6, 56, 50, 67, 63, 39, 53, 12, 75, 32];58953.0
[41, 94, 12, 75, 32, 95, 77, 11, 14, 10, 58, 73, 71, 9, 0, 29, 47, 99, 70, 40, 2, 42, 28, 33, 45, 54, 26, 34, 61, 59, 90, 22, 44, 31, 16, 20, 35, 37, 15, 21, 93, 17, 23, 98, 3, 96, 79, 55, 30, 88, 39, 72, 43, 68, 5, 48, 18, 89, 52, 69, 87, 78, 83, 97, 76, 57, 60, 86, 50, 24, 67, 84, 80, 66, 27, 92, 64, 25, 65, 74, 7, 8, 19, 85, 82, 38, 49, 53, 63, 1, 81, 36, 4, 51, 13, 6, 56, 46, 62, 91];58908.0
[45, 13, 40, 99, 70, 47, 51, 77, 12, 32, 75, 94, 81, 49, 43, 1, 63, 53, 80, 24, 8, 56, 76, 59, 22, 44, 57, 66, 79, 30, 88, 39, 68, 72, 67, 84, 82, 85, 26, 11, 6, 19, 34, 61, 86, 50, 90, 23, 17, 15, 21, 69, 93, 83, 20, 58, 64, 65, 25, 87, 78, 89, 48, 71, 73, 14, 31, 95, 4, 36, 38, 29, 28, 33, 2, 42, 54, 97, 16, 10, 98, 35, 37, 9, 46, 92, 27, 41, 7, 91, 62, 0, 5, 74, 18, 52, 3, 96, 55, 60];55657.0
[55, 3, 25, 64, 65, 69, 93, 23, 98, 37, 83, 9, 66, 63, 1, 81, 38, 47, 40, 99, 70, 2, 42, 28, 33, 54, 26, 29, 51, 36, 4, 32, 12, 75, 94, 22, 44, 31, 14, 16, 10, 20, 35, 58, 73, 71, 79, 30, 88, 39, 95, 77, 82, 61, 34, 19, 85, 76, 57, 41, 7, 96, 52, 15, 21, 89, 27, 92, 0, 74, 18, 62, 46, 90, 97, 59, 11, 6, 56, 24, 50, 60, 80, 68, 49, 72, 84, 8, 86, 17, 87, 78, 5, 48, 91, 45, 13, 67, 43, 53];59354.0
[45, 42, 2, 70, 40, 99, 28, 33, 82, 54, 26, 85, 11, 6, 8, 56, 92, 0, 65, 3, 78, 89, 48, 5, 74, 18, 52, 15, 21, 93, 23, 37, 87, 69, 25, 64, 53, 1, 43, 36, 4, 12, 75, 32, 49, 24, 76, 97, 90, 31, 22, 19, 34, 61, 59, 14, 10, 71, 20, 58, 16, 44, 57, 60, 86, 95, 51, 77, 47, 13, 29, 38, 68, 88, 79, 96, 30, 55, 62, 9, 83, 35, 73, 39, 63, 50, 80, 67, 84, 81, 94, 72, 27, 46, 98, 17, 91, 7, 41, 66];58744.0
[63, 1, 94, 75, 32, 36, 4, 51, 12, 81, 68, 24, 60, 8, 56, 50, 6, 45, 42, 40, 47, 99, 70, 13, 29, 28, 33, 54, 82, 2, 77, 95, 38, 49, 43, 53, 39, 79, 3, 25, 65, 64, 55, 41, 57, 19, 34, 61, 46, 69, 87, 93, 21, 15, 27, 92, 5, 48, 66, 72, 84, 67, 62, 89, 78, 83, 20, 85, 26, 11, 97, 90, 14, 16, 10, 86, 80, 0, 18, 52, 23, 35, 73, 76, 59, 31, 71, 9, 74, 96, 30, 88, 7, 91, 17, 37, 98, 58, 44, 22];61755.0
[42, 40, 99, 47, 77, 95, 4, 36, 38, 76, 98, 35, 37, 23, 93, 64, 25, 88, 81, 94, 12, 75, 32, 19, 34, 59, 15, 21, 69, 65, 3, 96, 26, 85, 11, 6, 56, 61, 20, 58, 73, 83, 87, 17, 78, 18, 52, 89, 48, 5, 62, 46, 90, 22, 97, 24, 72, 49, 43, 1, 63, 39, 53, 8, 33, 41, 30, 79, 55, 74, 7, 91, 92, 57, 60, 86, 50, 80, 66, 27, 44, 31, 16, 14, 10, 71, 9, 0, 68, 67, 84, 28, 45, 29, 51, 13, 70, 2, 82, 54];59261.0
[78, 52, 64, 65, 3, 25, 15, 21, 93, 23, 35, 98, 20, 58, 43, 81, 94, 32, 4, 2, 42, 26, 85, 61, 59, 74, 18, 69, 87, 17, 37, 83, 89, 96, 55, 79, 30, 88, 39, 63, 53, 1, 12, 75, 36, 47, 40, 99, 70, 28, 34, 76, 97, 14, 16, 10, 90, 22, 44, 57, 66, 27, 46, 62, 48, 5, 0, 68, 72, 49, 51, 95, 77, 82, 54, 6, 56, 24, 80, 41, 7, 91, 92, 33, 45, 13, 29, 38, 84, 67, 60, 86, 50, 8, 11, 19, 31, 73, 71, 9];55421.0
[70, 2, 45, 13, 4, 51, 29, 28, 33, 82, 61, 59, 22, 44, 31, 35, 23, 37, 98, 20, 58, 73, 71, 48, 66, 27, 76, 19, 85, 26, 11, 6, 86, 80, 68, 67, 84, 40, 99, 47, 77, 95, 12, 75, 39, 30, 88, 91, 62, 46, 60, 24, 72, 49, 1, 63, 43, 53, 79, 96, 15, 21, 65, 3, 78, 83, 57, 38, 36, 32, 94, 81, 16, 10, 14, 34, 56, 8, 74, 18, 52, 25, 64, 55, 41, 7, 89, 9, 17, 69, 87, 93, 5, 0, 92, 97, 90, 50, 54, 42];59464.0
[53, 64, 25, 65, 15, 21, 93, 87, 17, 23, 98, 35, 37, 58, 73, 62, 7, 30, 88, 41, 66, 27, 92, 97, 44, 22, 59, 61, 85, 26, 11, 19, 34, 54, 42, 40, 99, 70, 2, 6, 74, 18, 96, 79, 91, 89, 52, 78, 83, 20, 46, 80, 81, 32, 4, 36, 51, 77, 95, 38, 84, 67, 86, 50, 24, 63, 39, 1, 43, 68, 90, 14, 10, 71, 48, 5, 0, 57, 60, 56, 82, 33, 45, 13, 47, 12, 75, 94, 55, 3, 69, 9, 16, 31, 76, 8, 28, 29, 72, 49];57731.0
[55, 3, 69, 87, 15, 21, 93, 23, 35, 37, 58, 16, 14, 10, 73, 20, 83, 9, 48, 5, 96, 79, 30, 1, 43, 38, 13, 70, 40, 99, 47, 54, 57, 27, 92, 97, 46, 62, 0, 66, 81, 94, 32, 36, 4, 51, 84, 67, 50, 19, 34, 61, 59, 22, 44, 98, 17, 78, 52, 89, 60, 86, 80, 68, 49, 72, 24, 8, 28, 29, 12, 75, 2, 42, 45, 33, 82, 85, 76, 26, 11, 6, 56, 90, 31, 71, 74, 18, 25, 65, 64, 41, 7, 91, 88, 39, 63, 53, 95, 77];57820.0
[94, 12, 75, 63, 66, 7, 25, 64, 65, 15, 21, 93, 83, 9, 0, 68, 49, 32, 4, 36, 38, 80, 31, 14, 16, 44, 76, 19, 85, 26, 34, 82, 54, 42, 28, 67, 84, 29, 95, 77, 51, 99, 70, 13, 33, 61, 59, 27, 57, 60, 72, 43, 1, 39, 53, 8, 86, 50, 46, 89, 52, 78, 18, 96, 79, 92, 11, 6, 24, 3, 69, 87, 17, 37, 23, 98, 35, 48, 5, 91, 62, 10, 97, 90, 22, 56, 45, 47, 40, 2, 20, 73, 71, 58, 74, 55, 41, 30, 88, 81];61363.0
[13, 70, 40, 99, 47, 77, 36, 32, 75, 51, 95, 4, 12, 94, 81, 29, 2, 42, 45, 28, 33, 38, 49, 60, 80, 24, 57, 92, 0, 52, 87, 15, 93, 21, 69, 64, 25, 55, 41, 7, 91, 66, 27, 63, 39, 53, 1, 72, 43, 68, 67, 84, 8, 11, 44, 16, 58, 35, 37, 98, 20, 73, 71, 9, 46, 62, 89, 83, 14, 10, 90, 50, 6, 56, 26, 19, 85, 22, 97, 76, 61, 34, 82, 54, 86, 79, 30, 88, 96, 74, 5, 48, 18, 3, 65, 78, 17, 23, 31, 59];53214.0
[49, 95, 77, 12, 81, 94, 75, 32, 36, 4, 51, 29, 47, 13, 40, 99, 70, 2, 28, 86, 50, 0, 5, 48, 89, 83, 23, 98, 10, 97, 76, 57, 92, 74, 18, 52, 15, 21, 87, 78, 59, 61, 34, 26, 19, 6, 8, 33, 82, 85, 11, 42, 45, 54, 56, 24, 79, 30, 88, 39, 68, 67, 38, 84, 43, 53, 1, 63, 72, 60, 80, 66, 27, 46, 62, 9, 16, 90, 22, 44, 31, 14, 58, 73, 71, 20, 35, 37, 17, 93, 69, 25, 64, 65, 3, 96, 55, 41, 7, 91];51492.0
[81, 94, 75, 95, 40, 99, 47, 77, 29, 2, 28, 33, 82, 6, 86, 57, 92, 79, 55, 3, 25, 64, 65, 52, 15, 21, 78, 17, 37, 9, 71, 10, 45, 13, 70, 42, 54, 56, 80, 1, 43, 24, 46, 14, 16, 44, 31, 62, 5, 48, 87, 69, 93, 23, 98, 20, 90, 60, 68, 72, 49, 32, 12, 36, 4, 51, 38, 39, 53, 63, 50, 61, 59, 74, 18, 96, 67, 84, 8, 11, 97, 73, 58, 35, 83, 89, 27, 76, 26, 19, 85, 34, 22, 0, 91, 7, 30, 88, 41, 66];59735.0
[79, 25, 65, 64, 15, 21, 69, 87, 93, 17, 89, 5, 48, 83, 37, 23, 98, 35, 54, 42, 40, 99, 47, 77, 12, 75, 32, 4, 36, 38, 74, 18, 78, 52, 3, 96, 39, 1, 81, 94, 95, 8, 19, 85, 26, 11, 6, 82, 33, 45, 13, 51, 29, 24, 97, 90, 73, 58, 16, 14, 10, 20, 31, 46, 62, 27, 92, 57, 60, 67, 84, 70, 2, 28, 34, 59, 22, 0, 88, 30, 55, 41, 7, 91, 66, 50, 56, 76, 44, 9, 71, 61, 86, 80, 72, 49, 43, 68, 63, 53];58836.0
[94, 12, 75, 32, 36, 4, 47, 40, 99, 70, 13, 82, 54, 33, 19, 85, 26, 34, 61, 59, 31, 14, 16, 98, 21, 69, 64, 25, 65, 3, 96, 55, 41, 8, 11, 97, 10, 20, 58, 73, 71, 48, 91, 7, 39, 68, 49, 72, 67, 84, 6, 56, 86, 50, 80, 24, 28, 45, 42, 2, 51, 95, 77, 60, 57, 27, 92, 0, 46, 90, 22, 44, 78, 52, 15, 93, 87, 17, 79, 30, 88, 74, 18, 89, 63, 1, 43, 37, 23, 35, 83, 9, 66, 81, 38, 29, 76, 5, 62, 53];60282.0
[81, 94, 12, 75, 32, 36, 40, 99, 47, 77, 95, 4, 51, 28, 34, 71, 9, 65, 69, 96, 79, 30, 88, 80, 54, 26, 11, 33, 2, 45, 13, 70, 42, 82, 85, 61, 86, 50, 24, 84, 8, 19, 31, 20, 58, 73, 16, 97, 76, 59, 27, 57, 60, 6, 56, 92, 15, 21, 93, 87, 17, 78, 23, 98, 35, 37, 83, 89, 62, 46, 14, 10, 90, 44, 22, 0, 91, 7, 55, 74, 48, 5, 66, 63, 1, 43, 68, 18, 52, 25, 64, 3, 41, 53, 39, 72, 49, 67, 29, 38];57113.0
[3, 15, 21, 17, 37, 23, 98, 35, 83, 20, 31, 14, 42, 70, 40, 99, 47, 77, 51, 95, 12, 75, 32, 38, 2, 45, 33, 82, 54, 26, 85, 76, 57, 92, 97, 90, 59, 61, 34, 22, 44, 5, 64, 25, 65, 69, 87, 93, 73, 58, 16, 10, 71, 9, 48, 49, 81, 94, 29, 50, 8, 86, 24, 39, 43, 36, 4, 13, 28, 56, 11, 6, 19, 27, 0, 91, 7, 30, 88, 41, 74, 18, 96, 52, 78, 89, 62, 46, 60, 68, 63, 53, 1, 72, 84, 67, 80, 66, 79, 55];55945.0
[19, 15, 21, 93, 17, 78, 87, 69, 64, 25, 65, 3, 74, 58, 73, 71, 48, 5, 96, 79, 30, 88, 55, 31, 16, 98, 37, 9, 0, 92, 46, 14, 10, 90, 44, 22, 97, 76, 57, 53, 39, 63, 1, 43, 68, 41, 7, 91, 89, 62, 27, 66, 50, 33, 82, 54, 11, 6, 56, 80, 67, 84, 8, 26, 85, 34, 61, 59, 81, 94, 75, 32, 4, 51, 29, 60, 18, 52, 23, 35, 83, 20, 42, 70, 40, 99, 47, 77, 95, 38, 13, 28, 36, 12, 49, 72, 24, 86, 2, 45];59150.0
[68, 38, 77, 12, 81, 94, 75, 32, 36, 4, 51, 95, 17, 37, 83, 8, 28, 99, 70, 40, 47, 13, 29, 84, 67, 43, 72, 49, 1, 41, 74, 18, 96, 65, 3, 64, 25, 69, 87, 93, 21, 15, 48, 5, 62, 0, 57, 56, 76, 44, 31, 16, 97, 90, 20, 58, 73, 14, 10, 91, 88, 79, 30, 55, 52, 78, 23, 98, 35, 46, 92, 60, 80, 24, 63, 53, 39, 7, 89, 9, 71, 22, 59, 61, 34, 19, 82, 33, 2, 42, 45, 54, 26, 85, 11, 6, 86, 50, 27, 66];56917.0
[98, 23, 93, 18, 3, 25, 30, 88, 39, 32, 12, 75, 36, 4, 51, 67, 43, 72, 49, 38, 95, 77, 82, 76, 97, 90, 22, 59, 28, 47, 40, 99, 70, 13, 29, 84, 80, 68, 63, 53, 1, 94, 81, 46, 73, 58, 16, 44, 27, 92, 66, 60, 86, 50, 34, 61, 85, 26, 54, 6, 24, 57, 0, 5, 62, 31, 14, 20, 83, 89, 48, 55, 79, 41, 2, 42, 45, 33, 8, 74, 96, 7, 91, 56, 11, 19, 10, 71, 9, 17, 15, 21, 87, 78, 52, 64, 65, 69, 35, 37];60314.0
[33, 59, 37, 98, 23, 35, 58, 73, 14, 10, 46, 90, 22, 97, 26, 54, 11, 19, 85, 76, 44, 17, 15, 21, 93, 83, 16, 13, 40, 99, 70, 47, 77, 72, 68, 86, 50, 6, 82, 8, 56, 24, 57, 0, 62, 9, 71, 20, 31, 42, 2, 45, 34, 61, 5, 48, 91, 7, 39, 63, 1, 41, 96, 89, 78, 52, 64, 65, 3, 94, 12, 75, 32, 4, 51, 95, 36, 81, 49, 38, 29, 84, 67, 43, 53, 79, 55, 74, 18, 87, 69, 25, 30, 88, 66, 27, 92, 60, 80, 28];62665.0
[12, 75, 32, 81, 68, 15, 21, 93, 83, 40, 99, 70, 29, 51, 95, 77, 47, 13, 45, 42, 2, 28, 33, 41, 55, 3, 25, 69, 87, 17, 23, 35, 37, 98, 78, 52, 64, 65, 96, 79, 30, 88, 39, 1, 63, 72, 67, 84, 6, 56, 26, 11, 10, 20, 58, 73, 71, 9, 74, 18, 89, 5, 62, 76, 61, 34, 82, 54, 38, 36, 4, 94, 49, 43, 53, 80, 57, 27, 92, 60, 24, 8, 86, 97, 90, 22, 31, 46, 0, 91, 7, 48, 66, 50, 19, 85, 59, 14, 16, 44];58851.0
[60, 40, 99, 70, 13, 26, 85, 14, 10, 16, 44, 22, 97, 46, 73, 58, 35, 37, 23, 98, 17, 87, 93, 21, 15, 74, 96, 24, 6, 56, 76, 7, 91, 62, 57, 47, 77, 12, 75, 94, 81, 53, 30, 88, 63, 39, 43, 38, 95, 4, 51, 29, 50, 80, 68, 67, 84, 28, 33, 19, 34, 61, 31, 71, 78, 52, 64, 3, 25, 65, 69, 9, 86, 8, 11, 54, 42, 2, 45, 49, 72, 27, 92, 0, 5, 48, 18, 89, 83, 20, 90, 59, 82, 36, 32, 1, 66, 41, 79, 55];62920.0
[81, 94, 12, 75, 32, 36, 4, 51, 95, 68, 79, 96, 25, 64, 15, 21, 69, 87, 65, 3, 33, 13, 40, 99, 70, 2, 28, 29, 38, 1, 66, 27, 46, 73, 58, 10, 76, 50, 60, 80, 67, 43, 24, 57, 92, 5, 62, 8, 19, 85, 26, 54, 56, 61, 34, 59, 31, 14, 16, 44, 22, 11, 6, 98, 35, 37, 23, 93, 18, 52, 89, 48, 97, 90, 20, 71, 9, 83, 17, 78, 30, 88, 39, 63, 53, 72, 49, 84, 82, 45, 47, 77, 42, 86, 0, 41, 55, 74, 91, 7];61851.0
[99, 12, 94, 75, 32, 36, 95, 38, 53, 79, 96, 65, 15, 21, 93, 69, 64, 74, 18, 52, 23, 35, 83, 73, 58, 20, 42, 40, 70, 2, 54, 62, 89, 9, 17, 37, 98, 71, 92, 39, 63, 41, 55, 3, 25, 87, 78, 24, 28, 47, 77, 81, 1, 43, 67, 84, 80, 22, 97, 90, 14, 10, 46, 0, 5, 48, 91, 49, 4, 51, 29, 8, 11, 6, 82, 56, 85, 26, 61, 59, 31, 16, 44, 57, 27, 66, 7, 30, 88, 68, 72, 60, 86, 19, 34, 76, 50, 33, 45, 13];62401.0
[74, 18, 52, 64, 25, 65, 3, 96, 30, 88, 41, 57, 60, 86, 24, 68, 72, 84, 8, 19, 85, 76, 22, 44, 39, 43, 29, 95, 77, 36, 80, 66, 79, 55, 7, 56, 82, 54, 42, 40, 99, 70, 2, 15, 21, 69, 87, 93, 83, 20, 31, 67, 38, 81, 49, 1, 63, 53, 91, 62, 16, 10, 71, 9, 78, 17, 23, 37, 98, 35, 14, 90, 50, 33, 45, 47, 13, 6, 27, 92, 46, 73, 58, 94, 12, 75, 32, 4, 51, 28, 34, 61, 59, 89, 48, 5, 0, 26, 11, 97];65014.0
[38, 36, 32, 12, 75, 94, 81, 49, 43, 1, 39, 63, 53, 68, 41, 66, 60, 80, 24, 8, 33, 45, 13, 70, 40, 47, 99, 28, 54, 26, 85, 11, 6, 56, 57, 27, 92, 0, 5, 48, 17, 23, 96, 55, 79, 30, 88, 7, 76, 59, 22, 97, 90, 14, 71, 9, 83, 73, 58, 91, 89, 52, 15, 21, 78, 61, 34, 19, 67, 72, 84, 29, 4, 51, 95, 77, 2, 42, 82, 74, 3, 64, 65, 25, 69, 87, 93, 18, 62, 46, 16, 44, 86, 50, 10, 35, 37, 98, 20, 31];57531.0
[28, 36, 75, 32, 12, 43, 7, 18, 52, 15, 21, 87, 69, 64, 65, 96, 79, 91, 73, 58, 16, 44, 61, 40, 99, 47, 77, 4, 13, 70, 2, 45, 57, 27, 46, 20, 35, 83, 74, 30, 88, 68, 29, 51, 95, 38, 39, 41, 55, 3, 25, 93, 10, 97, 76, 26, 34, 59, 22, 31, 14, 90, 56, 11, 19, 85, 82, 6, 33, 81, 94, 49, 1, 63, 53, 5, 48, 66, 60, 50, 24, 80, 72, 67, 84, 8, 62, 9, 71, 89, 78, 17, 23, 37, 98, 0, 92, 86, 54, 42];62335.0
[76, 8, 33, 82, 54, 11, 6, 56, 19, 85, 26, 42, 2, 51, 77, 12, 75, 94, 81, 49, 0, 83, 37, 23, 98, 35, 73, 58, 52, 87, 93, 17, 78, 5, 62, 92, 86, 50, 24, 57, 48, 89, 9, 71, 20, 46, 60, 67, 84, 43, 68, 66, 74, 18, 25, 64, 65, 3, 53, 1, 39, 63, 72, 27, 15, 21, 69, 96, 30, 88, 41, 79, 55, 7, 91, 90, 31, 16, 22, 44, 61, 59, 14, 10, 97, 80, 29, 95, 4, 36, 32, 38, 47, 45, 13, 40, 99, 70, 28, 34];56657.0
[97, 90, 22, 43, 53, 63, 1, 81, 29, 47, 70, 13, 2, 42, 40, 99, 45, 54, 82, 51, 77, 95, 36, 38, 39, 79, 30, 88, 7, 91, 62, 5, 48, 66, 27, 57, 60, 80, 68, 41, 78, 17, 23, 37, 98, 20, 31, 46, 0, 92, 6, 56, 85, 26, 8, 86, 50, 24, 72, 67, 84, 28, 33, 73, 58, 35, 83, 93, 18, 52, 87, 15, 21, 69, 65, 3, 25, 64, 96, 55, 74, 10, 14, 16, 71, 9, 89, 44, 61, 11, 19, 34, 59, 49, 12, 75, 94, 32, 4, 76];56624.0
[40, 99, 70, 27, 92, 3, 25, 64, 65, 69, 18, 91, 81, 94, 12, 75, 32, 36, 4, 51, 13, 54, 26, 11, 6, 19, 85, 34, 61, 59, 31, 71, 20, 35, 37, 52, 15, 21, 93, 87, 78, 7, 66, 63, 72, 67, 84, 82, 8, 86, 50, 0, 5, 48, 62, 46, 90, 44, 22, 56, 80, 24, 57, 10, 14, 16, 96, 79, 41, 55, 74, 17, 23, 98, 58, 73, 97, 60, 68, 49, 1, 43, 53, 30, 88, 39, 29, 77, 95, 38, 28, 33, 45, 42, 2, 76, 9, 83, 89, 47];61160.0
[83, 17, 23, 37, 98, 35, 58, 73, 71, 9, 20, 16, 34, 82, 54, 26, 76, 97, 46, 14, 10, 90, 31, 61, 42, 70, 40, 99, 39, 53, 96, 25, 65, 3, 55, 79, 41, 7, 30, 88, 66, 27, 24, 29, 2, 45, 13, 47, 75, 32, 4, 51, 77, 95, 38, 59, 22, 44, 60, 67, 84, 8, 86, 80, 56, 11, 28, 36, 12, 81, 94, 43, 68, 18, 52, 78, 87, 15, 93, 21, 69, 64, 74, 62, 57, 50, 6, 33, 72, 49, 1, 63, 92, 5, 48, 0, 19, 85, 91, 89];61669.0
[75, 81, 94, 1, 41, 55, 3, 25, 64, 65, 69, 87, 93, 23, 98, 37, 17, 21, 15, 78, 52, 96, 30, 88, 39, 43, 38, 29, 28, 33, 45, 47, 77, 95, 36, 32, 4, 51, 13, 82, 54, 2, 42, 40, 99, 70, 34, 61, 59, 31, 14, 71, 9, 83, 35, 89, 48, 5, 91, 7, 66, 27, 92, 0, 20, 73, 58, 16, 44, 22, 11, 6, 56, 26, 19, 85, 86, 80, 63, 53, 79, 74, 18, 62, 97, 76, 8, 84, 67, 72, 24, 50, 90, 10, 46, 57, 60, 68, 49, 12];53184.0
[72, 49, 95, 77, 47, 40, 11, 34, 61, 59, 22, 44, 31, 16, 14, 10, 90, 67, 84, 81, 94, 75, 32, 12, 43, 1, 63, 53, 62, 9, 23, 98, 35, 37, 83, 20, 58, 73, 71, 78, 15, 21, 93, 5, 48, 0, 92, 27, 57, 60, 68, 41, 7, 91, 97, 76, 45, 13, 29, 6, 56, 46, 17, 69, 87, 18, 88, 38, 36, 4, 51, 99, 70, 2, 24, 74, 3, 65, 64, 25, 55, 66, 19, 85, 26, 54, 42, 28, 33, 82, 8, 86, 50, 80, 30, 79, 96, 52, 89, 39];61149.0
[13, 70, 40, 99, 47, 77, 12, 75, 32, 36, 4, 51, 2, 42, 29, 95, 81, 94, 1, 63, 53, 30, 79, 52, 15, 21, 69, 25, 64, 55, 41, 7, 72, 84, 28, 33, 8, 34, 14, 10, 83, 17, 37, 23, 98, 35, 58, 16, 44, 85, 26, 11, 6, 86, 50, 19, 61, 59, 97, 0, 62, 46, 90, 22, 31, 71, 9, 65, 3, 74, 96, 5, 48, 91, 88, 39, 43, 68, 49, 38, 80, 20, 73, 60, 24, 57, 27, 92, 66, 67, 82, 54, 89, 78, 87, 93, 18, 76, 56, 45];59853.0
[43, 38, 47, 40, 99, 70, 13, 2, 42, 54, 6, 86, 50, 67, 84, 72, 49, 1, 81, 94, 75, 32, 87, 17, 23, 98, 37, 78, 52, 25, 55, 39, 12, 36, 4, 51, 29, 90, 20, 58, 73, 16, 14, 10, 57, 60, 76, 97, 46, 35, 83, 95, 77, 82, 85, 61, 59, 22, 44, 31, 71, 9, 30, 88, 24, 8, 19, 27, 41, 7, 91, 62, 0, 92, 66, 63, 53, 15, 21, 69, 93, 18, 89, 48, 5, 74, 96, 79, 80, 68, 56, 26, 11, 33, 45, 28, 34, 64, 65, 3];67783.0
[47, 40, 99, 70, 13, 2, 28, 86, 50, 0, 18, 25, 64, 65, 3, 96, 30, 88, 79, 55, 41, 66, 60, 56, 85, 26, 19, 34, 82, 8, 84, 81, 94, 32, 36, 38, 54, 76, 22, 97, 90, 15, 21, 69, 52, 74, 49, 12, 75, 4, 51, 95, 77, 67, 44, 31, 78, 17, 23, 35, 98, 83, 37, 9, 48, 5, 62, 27, 57, 80, 24, 6, 61, 59, 11, 42, 45, 33, 16, 20, 73, 58, 91, 7, 39, 1, 63, 43, 53, 46, 14, 10, 71, 89, 87, 93, 92, 68, 72, 29];61263.0
[53, 1, 94, 32, 36, 4, 51, 40, 99, 70, 28, 33, 20, 35, 17, 37, 23, 98, 9, 0, 57, 60, 80, 72, 39, 63, 88, 79, 41, 68, 67, 82, 54, 76, 61, 5, 69, 87, 21, 93, 52, 89, 48, 91, 7, 30, 66, 50, 8, 56, 26, 19, 85, 11, 6, 84, 29, 47, 13, 38, 18, 25, 64, 15, 78, 83, 73, 58, 44, 22, 97, 90, 31, 46, 62, 27, 81, 12, 75, 95, 77, 42, 2, 45, 34, 59, 14, 10, 92, 43, 49, 24, 86, 16, 71, 74, 96, 65, 3, 55];63145.0
[68, 64, 25, 65, 69, 93, 87, 21, 78, 48, 5, 62, 17, 37, 98, 35, 83, 9, 71, 23, 15, 3, 96, 39, 63, 1, 72, 49, 51, 36, 4, 12, 75, 32, 81, 94, 77, 95, 38, 84, 67, 80, 22, 97, 46, 0, 66, 7, 91, 58, 16, 44, 31, 14, 10, 27, 92, 57, 60, 86, 50, 24, 73, 20, 90, 59, 61, 34, 6, 56, 8, 82, 54, 42, 45, 13, 70, 40, 99, 47, 29, 43, 53, 30, 88, 41, 79, 55, 74, 18, 52, 89, 76, 19, 85, 26, 11, 33, 2, 28];54361.0
[84, 29, 47, 40, 99, 45, 16, 20, 71, 98, 37, 17, 15, 21, 93, 35, 10, 14, 59, 11, 6, 0, 91, 18, 52, 87, 69, 25, 64, 41, 77, 95, 36, 4, 51, 28, 33, 76, 97, 90, 50, 80, 67, 43, 1, 63, 53, 39, 68, 72, 24, 73, 58, 23, 65, 3, 78, 9, 83, 49, 32, 75, 94, 66, 92, 62, 5, 48, 44, 31, 46, 89, 96, 30, 88, 7, 85, 26, 19, 27, 57, 60, 56, 8, 86, 79, 55, 74, 22, 61, 34, 82, 54, 2, 42, 70, 13, 38, 12, 81];65529.0
[65, 15, 21, 69, 64, 25, 3, 62, 46, 56, 45, 70, 99, 33, 82, 85, 34, 61, 59, 9, 74, 96, 79, 41, 66, 63, 53, 88, 7, 91, 58, 16, 14, 90, 22, 44, 8, 6, 28, 4, 51, 12, 75, 94, 81, 1, 39, 30, 55, 18, 52, 87, 93, 23, 98, 17, 35, 37, 78, 83, 31, 11, 54, 2, 42, 40, 77, 95, 36, 32, 43, 27, 73, 71, 20, 10, 24, 72, 49, 38, 47, 13, 29, 84, 57, 92, 0, 5, 89, 48, 97, 76, 26, 19, 60, 80, 68, 67, 50, 86];62944.0
[94, 32, 4, 36, 12, 75, 51, 77, 95, 38, 84, 43, 24, 85, 76, 44, 16, 20, 35, 37, 23, 98, 78, 41, 63, 53, 79, 55, 48, 91, 7, 66, 60, 67, 29, 47, 40, 42, 26, 31, 14, 10, 58, 73, 71, 9, 83, 18, 96, 30, 88, 68, 49, 72, 28, 33, 54, 11, 6, 8, 56, 82, 2, 45, 19, 27, 92, 97, 90, 13, 70, 99, 80, 0, 62, 57, 50, 86, 34, 61, 59, 22, 46, 3, 65, 52, 15, 69, 25, 64, 74, 5, 89, 17, 93, 21, 87, 39, 1, 81];60126.0
[75, 17, 37, 87, 15, 21, 69, 25, 64, 41, 68, 47, 40, 99, 70, 13, 82, 56, 73, 58, 35, 98, 20, 16, 61, 59, 22, 44, 31, 14, 10, 62, 91, 88, 79, 30, 55, 74, 18, 52, 89, 7, 49, 77, 95, 38, 54, 26, 34, 71, 23, 93, 65, 3, 96, 57, 86, 50, 60, 27, 92, 5, 48, 78, 9, 83, 80, 36, 32, 4, 51, 29, 2, 42, 45, 28, 33, 19, 85, 76, 97, 90, 46, 0, 66, 63, 39, 72, 24, 8, 11, 6, 67, 84, 43, 53, 1, 81, 94, 12];61251.0
[69, 87, 71, 61, 34, 85, 95, 77, 4, 12, 75, 47, 70, 2, 42, 11, 16, 20, 35, 83, 9, 48, 5, 31, 59, 6, 8, 56, 82, 45, 13, 99, 40, 29, 84, 67, 89, 15, 21, 93, 58, 73, 98, 17, 78, 18, 52, 10, 14, 90, 22, 51, 36, 32, 37, 23, 74, 96, 79, 30, 88, 7, 97, 44, 76, 86, 50, 57, 27, 92, 68, 49, 1, 43, 38, 28, 33, 54, 26, 19, 24, 72, 94, 81, 41, 55, 65, 64, 91, 53, 63, 39, 0, 62, 46, 60, 80, 66, 3, 25];69713.0
[98, 12, 75, 32, 94, 81, 84, 67, 38, 36, 4, 51, 77, 95, 47, 40, 99, 28, 29, 43, 1, 63, 53, 79, 55, 7, 91, 89, 48, 41, 30, 88, 39, 45, 13, 70, 42, 2, 82, 54, 76, 97, 90, 22, 44, 61, 34, 59, 31, 14, 71, 9, 83, 37, 58, 16, 10, 73, 20, 35, 17, 93, 21, 69, 87, 64, 25, 65, 3, 96, 57, 60, 50, 33, 11, 6, 56, 26, 19, 85, 68, 72, 49, 80, 24, 8, 86, 66, 27, 92, 46, 62, 0, 5, 74, 18, 52, 15, 78, 23];53202.0
[37, 17, 78, 15, 21, 93, 23, 98, 35, 83, 62, 5, 48, 74, 18, 52, 89, 27, 57, 60, 36, 12, 75, 32, 4, 51, 40, 99, 47, 42, 54, 76, 59, 22, 0, 91, 7, 30, 88, 39, 53, 63, 1, 43, 68, 72, 67, 84, 29, 77, 95, 38, 80, 24, 8, 56, 82, 33, 45, 13, 70, 2, 44, 31, 14, 16, 85, 26, 11, 6, 86, 50, 87, 69, 55, 79, 41, 66, 92, 19, 34, 61, 90, 20, 71, 9, 10, 97, 46, 25, 64, 65, 3, 96, 49, 81, 94, 28, 58, 73];58974.0
[89, 78, 52, 3, 25, 65, 15, 21, 93, 87, 69, 64, 55, 41, 7, 91, 62, 0, 46, 73, 58, 37, 17, 18, 96, 79, 30, 88, 68, 29, 38, 47, 13, 42, 45, 19, 34, 59, 61, 43, 81, 94, 32, 4, 40, 99, 70, 28, 33, 76, 22, 31, 71, 9, 5, 48, 66, 27, 92, 57, 60, 24, 6, 8, 56, 86, 50, 54, 11, 26, 85, 82, 2, 77, 51, 95, 36, 12, 75, 49, 53, 23, 98, 10, 14, 16, 44, 97, 90, 20, 35, 83, 74, 39, 1, 63, 72, 84, 67, 80];56126.0
[26, 42, 40, 99, 70, 13, 47, 77, 12, 32, 75, 95, 51, 29, 28, 33, 54, 11, 6, 8, 56, 24, 72, 49, 1, 63, 39, 30, 88, 41, 55, 74, 5, 0, 66, 27, 92, 85, 82, 2, 45, 34, 61, 59, 14, 16, 3, 25, 64, 65, 46, 97, 90, 44, 22, 31, 91, 7, 57, 60, 86, 19, 10, 71, 9, 62, 68, 38, 36, 4, 84, 67, 43, 53, 79, 96, 18, 78, 23, 98, 35, 83, 37, 17, 15, 21, 69, 52, 89, 48, 58, 73, 20, 50, 80, 94, 81, 87, 93, 76];60968.0
[18, 52, 15, 21, 87, 93, 69, 25, 64, 65, 3, 88, 39, 63, 53, 1, 81, 94, 12, 32, 75, 38, 49, 67, 84, 6, 19, 34, 61, 59, 31, 35, 37, 78, 17, 89, 0, 92, 60, 86, 80, 24, 57, 46, 73, 58, 16, 14, 44, 10, 20, 71, 62, 91, 7, 41, 30, 43, 77, 51, 29, 47, 40, 99, 70, 13, 95, 36, 4, 2, 42, 82, 54, 26, 85, 76, 5, 48, 97, 90, 22, 23, 98, 83, 9, 8, 11, 33, 45, 28, 56, 50, 79, 55, 74, 96, 27, 66, 68, 72];58182.0
[88, 7, 91, 62, 46, 44, 82, 45, 13, 40, 47, 77, 95, 36, 38, 29, 28, 33, 11, 19, 34, 14, 16, 10, 97, 80, 12, 75, 32, 4, 51, 99, 70, 2, 42, 54, 26, 85, 61, 59, 66, 79, 30, 74, 96, 78, 17, 23, 98, 35, 37, 83, 9, 0, 92, 27, 57, 60, 86, 50, 63, 39, 68, 67, 84, 72, 49, 24, 8, 6, 56, 76, 5, 48, 18, 20, 90, 22, 31, 58, 73, 71, 89, 52, 15, 21, 93, 87, 69, 64, 25, 65, 3, 55, 41, 1, 81, 94, 43, 53];53690.0
[33, 45, 13, 70, 99, 36, 4, 12, 75, 47, 40, 84, 67, 43, 53, 39, 79, 25, 64, 65, 3, 96, 30, 88, 41, 55, 52, 15, 21, 93, 17, 46, 80, 72, 38, 95, 77, 51, 29, 42, 2, 28, 82, 54, 11, 19, 57, 27, 92, 66, 63, 1, 81, 94, 32, 62, 9, 83, 89, 74, 18, 69, 87, 78, 20, 58, 73, 14, 90, 22, 44, 10, 97, 76, 8, 86, 50, 6, 56, 61, 34, 26, 85, 35, 98, 37, 23, 48, 91, 7, 60, 68, 49, 24, 59, 31, 16, 71, 5, 0];58683.0
[69, 25, 64, 65, 3, 96, 79, 30, 88, 41, 39, 53, 68, 24, 56, 11, 6, 86, 50, 60, 0, 62, 5, 46, 22, 44, 61, 34, 40, 99, 47, 77, 12, 75, 94, 32, 81, 1, 63, 66, 48, 87, 93, 21, 15, 78, 90, 59, 76, 82, 8, 33, 45, 54, 19, 85, 26, 42, 13, 70, 2, 28, 29, 51, 95, 36, 4, 38, 84, 67, 27, 92, 9, 71, 20, 31, 14, 10, 16, 98, 35, 37, 83, 80, 72, 49, 43, 57, 97, 73, 58, 23, 17, 74, 18, 55, 7, 91, 89, 52];55021.0
[68, 41, 55, 3, 25, 65, 15, 87, 21, 69, 64, 74, 18, 96, 79, 30, 88, 24, 85, 26, 54, 6, 8, 56, 11, 19, 67, 84, 29, 47, 99, 45, 33, 82, 61, 31, 14, 10, 90, 59, 13, 40, 70, 2, 42, 57, 78, 17, 37, 98, 83, 9, 71, 0, 92, 60, 86, 50, 80, 72, 38, 36, 51, 28, 34, 76, 44, 20, 58, 73, 16, 22, 97, 46, 35, 23, 93, 52, 89, 48, 5, 66, 49, 77, 95, 4, 12, 75, 81, 53, 91, 7, 62, 27, 63, 39, 1, 94, 32, 43];59026.0
[59, 22, 44, 31, 16, 61, 34, 76, 41, 79, 25, 64, 65, 69, 89, 98, 35, 10, 14, 20, 73, 58, 46, 92, 27, 57, 56, 82, 40, 99, 70, 13, 42, 19, 85, 26, 54, 11, 6, 86, 66, 7, 55, 3, 96, 30, 88, 62, 71, 9, 83, 87, 93, 21, 15, 78, 17, 37, 23, 74, 18, 52, 5, 48, 91, 0, 97, 90, 50, 60, 72, 49, 32, 12, 75, 36, 4, 51, 47, 77, 95, 38, 84, 67, 43, 68, 24, 28, 2, 45, 33, 8, 80, 63, 53, 39, 1, 81, 94, 29];53321.0
[97, 64, 25, 65, 69, 87, 18, 55, 41, 79, 30, 88, 39, 43, 77, 4, 81, 94, 12, 75, 36, 32, 1, 63, 53, 27, 92, 46, 73, 20, 62, 7, 66, 68, 72, 49, 24, 50, 90, 31, 14, 10, 71, 74, 3, 96, 5, 0, 57, 60, 80, 67, 29, 47, 13, 40, 99, 70, 2, 42, 45, 33, 54, 6, 56, 82, 28, 51, 95, 38, 84, 89, 78, 52, 15, 93, 21, 17, 37, 83, 23, 98, 35, 58, 16, 44, 22, 9, 48, 91, 86, 8, 11, 19, 85, 26, 34, 61, 59, 76];54222.0
[72, 43, 68, 67, 84, 29, 47, 70, 40, 99, 77, 51, 95, 36, 32, 4, 12, 75, 94, 81, 1, 39, 53, 80, 56, 11, 16, 14, 10, 73, 58, 35, 37, 23, 98, 5, 96, 79, 55, 41, 63, 49, 2, 42, 28, 82, 54, 6, 27, 57, 97, 90, 22, 44, 59, 61, 34, 76, 86, 50, 62, 89, 52, 15, 93, 21, 69, 87, 83, 9, 0, 92, 66, 7, 91, 18, 64, 25, 65, 3, 74, 48, 78, 17, 30, 88, 85, 26, 19, 60, 24, 8, 33, 45, 13, 38, 46, 71, 20, 31];57216.0
