ftv33
4115.0;[24, 19, 31, 20, 21, 27, 28, 29, 6, 5, 30, 25, 16, 15, 14, 26, 22, 23, 11, 8, 7, 9, 13, 1, 33, 2, 3, 12, 32, 4, 10, 18, 17, 0];2040.0
4158.0;[31, 18, 21, 27, 28, 25, 1, 3, 0, 12, 14, 16, 15, 24, 19, 17, 7, 32, 8, 10, 9, 13, 33, 2, 4, 5, 6, 30, 29, 26, 20, 22, 23, 11];1789.0
4375.0;[21, 22, 17, 32, 12, 15, 14, 1, 33, 2, 3, 0, 16, 24, 23, 7, 4, 6, 5, 30, 28, 29, 9, 10, 11, 8, 13, 26, 27, 25, 19, 31, 18, 20];2005.0
4280.0;[7, 6, 4, 5, 30, 29, 22, 11, 31, 18, 17, 16, 15, 14, 12, 10, 8, 1, 25, 24, 23, 19, 20, 21, 26, 27, 28, 33, 2, 3, 13, 0, 9, 32];1772.0
4697.0;[32, 7, 4, 5, 6, 8, 14, 15, 11, 31, 18, 19, 26, 27, 28, 22, 23, 17, 9, 12, 13, 33, 30, 2, 3, 0, 16, 1, 29, 25, 24, 20, 21, 10];1886.0
4057.0;[28, 6, 5, 30, 33, 2, 4, 9, 32, 7, 10, 11, 8, 14, 15, 1, 3, 24, 21, 31, 18, 17, 13, 0, 25, 20, 22, 23, 19, 12, 16, 26, 29, 27];2026.0
3995.0;[10, 16, 22, 20, 21, 19, 18, 17, 13, 1, 2, 4, 5, 6, 9, 12, 14, 15, 27, 28, 29, 26, 30, 33, 3, 0, 25, 24, 23, 11, 31, 32, 7, 8];1868.0
4592.0;[23, 20, 21, 31, 18, 17, 32, 7, 1, 3, 33, 30, 27, 28, 29, 15, 14, 12, 26, 22, 25, 16, 24, 19, 11, 8, 10, 9, 4, 5, 6, 2, 13, 0];1955.0
4902.0;[1, 33, 30, 2, 3, 12, 9, 6, 4, 5, 28, 29, 0, 13, 32, 7, 8, 10, 11, 14, 15, 16, 25, 24, 23, 20, 22, 26, 27, 21, 19, 31, 18, 17];1824.0
4497.0;[10, 31, 18, 20, 21, 27, 28, 33, 30, 2, 19, 17, 13, 0, 16, 15, 14, 1, 3, 25, 24, 23, 22, 26, 29, 12, 11, 8, 7, 9, 32, 5, 6, 4];1958.0
4240.0;[26, 22, 18, 17, 11, 10, 32, 8, 0, 13, 24, 23, 19, 20, 21, 31, 7, 4, 5, 6, 9, 12, 15, 14, 1, 2, 3, 16, 25, 27, 28, 29, 33, 30];1801.0
4832.0;[20, 21, 19, 31, 18, 11, 8, 7, 32, 4, 5, 6, 25, 1, 2, 3, 0, 13, 9, 10, 12, 14, 15, 27, 28, 29, 26, 22, 24, 23, 17, 16, 33, 30];1834.0
4489.0;[19, 9, 10, 32, 12, 13, 0, 22, 20, 21, 31, 18, 17, 11, 8, 7, 4, 6, 5, 2, 3, 1, 33, 30, 16, 15, 14, 26, 27, 28, 29, 25, 24, 23];1661.0
4130.0;[32, 4, 5, 6, 2, 3, 13, 0, 23, 26, 22, 21, 31, 18, 19, 20, 27, 28, 25, 1, 33, 30, 29, 24, 17, 11, 8, 10, 7, 9, 12, 14, 15, 16];1701.0
4528.0;[11, 31, 12, 14, 15, 32, 7, 4, 5, 6, 30, 24, 20, 21, 27, 28, 29, 26, 22, 19, 18, 17, 10, 8, 9, 13, 16, 0, 1, 33, 2, 3, 25, 23];1807.0
4293.0;[10, 11, 21, 20, 22, 23, 26, 27, 28, 25, 1, 3, 14, 15, 16, 33, 2, 30, 29, 0, 13, 12, 24, 17, 9, 7, 32, 8, 18, 19, 31, 4, 5, 6];1981.0
4332.0;[24, 19, 18, 17, 10, 11, 31, 21, 20, 27, 28, 30, 33, 2, 9, 32, 8, 7, 5, 6, 4, 13, 23, 22, 26, 29, 25, 1, 3, 0, 12, 15, 14, 16];1792.0
3778.0;[0, 26, 27, 28, 29, 33, 2, 6, 4, 5, 30, 25, 1, 3, 16, 15, 14, 12, 9, 10, 11, 8, 32, 7, 24, 21, 31, 18, 17, 19, 20, 22, 23, 13];1809.0
4641.0;[12, 10, 11, 31, 18, 17, 5, 6, 4, 7, 32, 8, 13, 2, 3, 0, 1, 33, 30, 26, 27, 28, 29, 22, 21, 20, 16, 15, 14, 25, 24, 23, 19, 9];1800.0
4706.0;[2, 3, 20, 21, 22, 19, 31, 18, 17, 4, 5, 6, 32, 7, 12, 24, 23, 11, 8, 9, 10, 13, 26, 27, 28, 29, 15, 14, 16, 0, 25, 1, 33, 30];1823.0
3834.0;[5, 6, 30, 27, 28, 24, 20, 21, 22, 26, 29, 25, 13, 0, 1, 33, 2, 3, 12, 9, 10, 11, 8, 15, 14, 16, 23, 19, 31, 18, 17, 32, 4, 7];1825.0
3753.0;[9, 12, 15, 14, 16, 0, 25, 24, 23, 26, 33, 30, 29, 1, 3, 2, 13, 32, 7, 6, 4, 5, 28, 27, 22, 21, 20, 31, 17, 11, 8, 10, 18, 19];1830.0
4291.0;[1, 3, 27, 28, 29, 33, 30, 2, 5, 6, 4, 32, 8, 7, 9, 13, 0, 25, 23, 19, 11, 31, 18, 17, 12, 14, 16, 15, 24, 21, 20, 26, 22, 10];1902.0
4236.0;[4, 6, 5, 30, 19, 31, 18, 11, 10, 32, 7, 8, 33, 2, 3, 1, 25, 26, 22, 23, 17, 9, 12, 13, 0, 16, 24, 20, 21, 27, 28, 29, 14, 15];1865.0
4213.0;[29, 25, 0, 1, 30, 33, 2, 3, 5, 6, 4, 7, 8, 10, 11, 31, 21, 20, 27, 28, 22, 19, 17, 18, 9, 32, 23, 26, 15, 16, 14, 12, 13, 24];1982.0
4559.0;[26, 29, 27, 28, 22, 20, 21, 31, 32, 7, 6, 4, 10, 11, 8, 9, 12, 13, 2, 5, 30, 33, 3, 25, 1, 24, 23, 18, 19, 17, 0, 16, 14, 15];1940.0
4402.0;[4, 6, 5, 22, 21, 19, 18, 20, 26, 29, 25, 1, 3, 24, 23, 27, 28, 30, 33, 2, 16, 15, 11, 31, 17, 32, 7, 8, 10, 9, 12, 14, 13, 0];1906.0
4565.0;[20, 21, 31, 18, 11, 8, 6, 4, 5, 2, 0, 12, 15, 14, 16, 25, 24, 27, 28, 33, 30, 26, 29, 22, 23, 19, 17, 10, 32, 7, 9, 13, 1, 3];1826.0
4541.0;[1, 5, 30, 29, 23, 19, 31, 18, 17, 10, 13, 25, 33, 2, 3, 15, 12, 14, 16, 26, 27, 28, 9, 7, 32, 6, 4, 24, 21, 20, 22, 11, 8, 0];2151.0
4236.0;[12, 9, 32, 7, 4, 6, 5, 30, 33, 24, 31, 18, 19, 17, 11, 10, 8, 13, 0, 27, 28, 29, 22, 23, 20, 21, 26, 25, 1, 2, 3, 16, 15, 14];1707.0
4591.0;[8, 11, 31, 18, 17, 9, 13, 12, 14, 16, 15, 24, 23, 21, 27, 28, 29, 25, 4, 5, 6, 10, 19, 20, 22, 26, 1, 30, 33, 2, 3, 0, 32, 7];1787.0
4625.0;[0, 22, 20, 21, 31, 18, 32, 7, 33, 30, 4, 6, 5, 26, 29, 25, 24, 19, 11, 8, 10, 12, 13, 27, 28, 15, 14, 16, 23, 17, 9, 1, 2, 3];2055.0
5121.0;[28, 29, 2, 6, 4, 5, 33, 30, 26, 22, 21, 31, 18, 19, 17, 32, 7, 8, 9, 0, 25, 1, 3, 16, 15, 14, 13, 12, 11, 10, 24, 23, 20, 27];1755.0
4119.0;[7, 32, 4, 5, 6, 30, 33, 2, 3, 19, 31, 21, 20, 22, 26, 27, 28, 25, 24, 23, 29, 1, 0, 16, 14, 15, 17, 18, 11, 8, 10, 9, 13, 12];1794.0
4413.0;[6, 24, 20, 21, 19, 17, 10, 11, 31, 18, 12, 14, 25, 29, 26, 22, 23, 27, 28, 9, 32, 7, 8, 13, 0, 1, 3, 30, 33, 2, 16, 15, 4, 5];1931.0
4775.0;[25, 24, 17, 4, 6, 5, 27, 21, 31, 18, 11, 8, 10, 9, 33, 30, 28, 29, 32, 7, 13, 14, 26, 22, 20, 23, 19, 12, 15, 16, 1, 2, 3, 0];2104.0
4225.0;[9, 7, 5, 6, 4, 13, 1, 30, 33, 2, 3, 0, 24, 23, 19, 31, 18, 17, 11, 10, 32, 8, 12, 15, 14, 16, 25, 20, 21, 22, 26, 27, 28, 29];1625.0
3931.0;[5, 6, 4, 10, 18, 19, 17, 9, 12, 13, 1, 33, 2, 3, 30, 21, 20, 22, 26, 29, 27, 28, 25, 24, 23, 11, 31, 0, 16, 15, 14, 32, 8, 7];1852.0
4829.0;[24, 23, 19, 31, 11, 8, 14, 15, 16, 10, 18, 20, 21, 27, 28, 33, 30, 29, 26, 22, 17, 4, 6, 5, 2, 12, 9, 32, 7, 13, 0, 1, 3, 25];1848.0
4197.0;[31, 18, 12, 13, 14, 15, 1, 30, 33, 2, 4, 5, 6, 3, 0, 16, 25, 23, 24, 26, 27, 28, 29, 22, 21, 20, 19, 17, 32, 7, 8, 9, 10, 11];1708.0
4579.0;[2, 4, 5, 6, 26, 27, 28, 33, 30, 22, 20, 21, 31, 18, 17, 11, 8, 7, 32, 24, 23, 19, 10, 9, 12, 14, 13, 0, 16, 15, 1, 3, 29, 25];1861.0
4606.0;[6, 4, 5, 30, 33, 2, 3, 15, 12, 11, 8, 25, 24, 26, 27, 28, 29, 22, 20, 21, 31, 18, 14, 16, 23, 19, 17, 13, 1, 0, 9, 10, 32, 7];1835.0
4686.0;[20, 21, 31, 11, 8, 7, 4, 32, 10, 18, 19, 22, 23, 17, 9, 12, 14, 15, 16, 13, 0, 1, 29, 26, 27, 28, 2, 3, 30, 33, 5, 6, 25, 24];1892.0
4297.0;[4, 13, 25, 26, 22, 20, 21, 31, 11, 10, 0, 27, 28, 29, 1, 30, 33, 2, 3, 32, 7, 8, 24, 23, 19, 18, 17, 9, 16, 15, 14, 12, 5, 6];1806.0
3951.0;[17, 1, 33, 7, 8, 9, 25, 21, 27, 28, 0, 13, 10, 11, 31, 18, 20, 22, 26, 30, 29, 16, 15, 14, 12, 32, 4, 6, 5, 2, 3, 24, 23, 19];2023.0
4574.0;[32, 7, 5, 6, 4, 12, 14, 15, 1, 2, 3, 0, 13, 16, 24, 23, 19, 31, 18, 11, 8, 10, 33, 30, 29, 25, 27, 28, 26, 22, 20, 21, 17, 9];1682.0
4480.0;[20, 21, 27, 28, 24, 19, 17, 9, 0, 2, 4, 5, 6, 11, 31, 18, 14, 15, 16, 1, 3, 33, 30, 29, 32, 7, 8, 10, 12, 13, 25, 26, 22, 23];1923.0
4134.0;[16, 15, 14, 12, 11, 31, 21, 20, 22, 27, 28, 33, 30, 2, 3, 25, 26, 29, 24, 23, 19, 13, 1, 0, 9, 7, 32, 8, 10, 18, 17, 4, 5, 6];1913.0
3976.0;[2, 3, 4, 6, 5, 30, 26, 27, 28, 29, 22, 23, 21, 19, 20, 31, 18, 14, 15, 16, 25, 1, 0, 32, 7, 12, 13, 24, 17, 9, 10, 11, 8, 33];1917.0
4465.0;[13, 24, 17, 11, 10, 1, 33, 30, 2, 3, 9, 32, 7, 8, 27, 28, 22, 21, 20, 31, 6, 4, 5, 0, 26, 29, 25, 15, 14, 16, 23, 19, 18, 12];2171.0
4431.0;[6, 4, 5, 2, 3, 1, 22, 20, 21, 19, 17, 11, 31, 18, 9, 12, 14, 15, 13, 8, 10, 32, 7, 27, 28, 29, 25, 0, 16, 24, 23, 26, 33, 30];1873.0
4373.0;[4, 6, 5, 2, 32, 7, 12, 14, 15, 1, 30, 33, 3, 0, 16, 27, 28, 29, 25, 24, 20, 26, 22, 23, 17, 13, 9, 8, 10, 11, 31, 18, 21, 19];1927.0
4179.0;[14, 6, 5, 3, 12, 9, 4, 32, 7, 8, 11, 21, 31, 18, 19, 17, 1, 30, 29, 26, 27, 28, 25, 24, 23, 10, 13, 0, 20, 22, 33, 2, 16, 15];2099.0
4532.0;[20, 22, 17, 9, 6, 4, 5, 29, 21, 31, 11, 10, 32, 7, 8, 12, 14, 16, 15, 13, 0, 25, 24, 26, 27, 28, 1, 30, 33, 2, 3, 23, 19, 18];1865.0
3963.0;[9, 4, 5, 6, 29, 26, 22, 20, 21, 31, 11, 8, 10, 33, 30, 2, 25, 24, 19, 18, 1, 3, 0, 27, 28, 13, 32, 7, 23, 17, 16, 15, 14, 12];2161.0
4286.0;[1, 33, 2, 3, 0, 16, 25, 14, 15, 12, 13, 11, 31, 18, 19, 20, 21, 22, 24, 23, 17, 8, 10, 9, 32, 4, 7, 6, 5, 30, 27, 28, 29, 26];1687.0
4145.0;[13, 0, 1, 3, 33, 30, 25, 24, 20, 21, 27, 28, 2, 4, 5, 6, 12, 14, 23, 19, 11, 31, 18, 22, 26, 29, 16, 15, 9, 7, 32, 8, 10, 17];1957.0
4461.0;[25, 26, 27, 28, 0, 13, 12, 9, 32, 7, 8, 6, 4, 5, 30, 29, 20, 22, 21, 19, 17, 11, 31, 18, 10, 24, 23, 16, 14, 15, 1, 33, 2, 3];1840.0
4058.0;[27, 28, 12, 9, 32, 7, 8, 10, 13, 1, 3, 24, 31, 18, 11, 4, 5, 6, 33, 30, 21, 20, 22, 2, 0, 16, 26, 29, 25, 23, 19, 17, 14, 15];2254.0
4710.0;[10, 18, 19, 17, 11, 8, 9, 13, 26, 22, 20, 21, 31, 5, 6, 4, 32, 7, 33, 2, 30, 28, 29, 1, 3, 0, 16, 25, 24, 23, 27, 15, 14, 12];1959.0
4744.0;[18, 19, 31, 17, 11, 8, 6, 4, 5, 27, 28, 26, 29, 25, 16, 15, 14, 12, 9, 0, 13, 24, 23, 20, 21, 22, 1, 33, 30, 2, 3, 32, 7, 10];1831.0
4019.0;[10, 11, 31, 21, 20, 22, 23, 13, 0, 14, 15, 16, 26, 27, 28, 29, 1, 33, 30, 6, 5, 2, 3, 25, 24, 19, 18, 17, 4, 32, 7, 8, 12, 9];1748.0
4119.0;[23, 20, 21, 31, 18, 17, 32, 7, 8, 9, 1, 33, 30, 2, 3, 16, 15, 14, 12, 11, 10, 13, 0, 24, 19, 4, 6, 5, 28, 27, 22, 26, 29, 25];1785.0
4275.0;[11, 8, 5, 6, 4, 32, 7, 16, 24, 19, 20, 27, 28, 22, 21, 31, 18, 17, 13, 0, 1, 33, 30, 29, 2, 3, 25, 23, 26, 15, 14, 12, 9, 10];1886.0
4005.0;[32, 7, 10, 11, 8, 0, 26, 22, 23, 20, 21, 31, 18, 17, 1, 33, 2, 3, 30, 28, 29, 27, 25, 13, 12, 14, 16, 15, 24, 19, 9, 4, 5, 6];1885.0
4551.0;[9, 32, 5, 6, 4, 10, 18, 11, 8, 7, 26, 22, 21, 31, 19, 20, 27, 28, 33, 2, 3, 16, 14, 15, 12, 13, 0, 1, 25, 24, 23, 17, 30, 29];2000.0
4500.0;[1, 2, 3, 24, 21, 20, 22, 26, 27, 28, 29, 32, 7, 4, 9, 13, 0, 16, 15, 14, 25, 33, 6, 5, 30, 23, 19, 31, 18, 11, 8, 10, 12, 17];1979.0
4160.0;[0, 1, 33, 2, 3, 30, 29, 13, 9, 7, 32, 8, 12, 15, 14, 24, 23, 26, 22, 17, 6, 4, 5, 10, 11, 31, 18, 19, 20, 21, 27, 28, 25, 16];1832.0
4816.0;[18, 17, 32, 7, 8, 9, 12, 14, 15, 16, 25, 1, 3, 0, 13, 5, 30, 29, 27, 28, 22, 24, 23, 21, 20, 26, 33, 2, 4, 6, 10, 11, 31, 19];1767.0
4328.0;[24, 19, 31, 18, 11, 8, 25, 23, 26, 1, 33, 30, 22, 20, 21, 27, 28, 29, 17, 10, 32, 4, 7, 5, 6, 2, 3, 15, 16, 14, 12, 9, 13, 0];1940.0
4275.0;[5, 6, 32, 10, 11, 8, 7, 15, 14, 16, 24, 23, 20, 26, 22, 19, 17, 9, 12, 13, 0, 21, 31, 18, 27, 28, 29, 25, 1, 3, 33, 30, 2, 4];1876.0
4356.0;[19, 31, 18, 21, 27, 28, 17, 11, 10, 6, 5, 30, 22, 20, 26, 29, 33, 4, 32, 7, 8, 9, 12, 14, 15, 1, 2, 3, 13, 0, 16, 23, 25, 24];2014.0
4476.0;[32, 7, 4, 5, 6, 30, 33, 2, 23, 26, 22, 27, 28, 29, 9, 12, 14, 16, 15, 1, 3, 13, 0, 25, 24, 17, 11, 8, 10, 18, 19, 20, 21, 31];1720.0
4202.0;[18, 32, 7, 4, 6, 5, 33, 30, 2, 16, 20, 21, 12, 14, 15, 1, 3, 0, 13, 9, 8, 10, 25, 24, 26, 27, 28, 29, 22, 23, 17, 11, 31, 19];1887.0
4334.0;[29, 25, 1, 3, 33, 30, 2, 4, 5, 6, 0, 16, 14, 15, 27, 28, 23, 10, 9, 12, 32, 7, 8, 13, 24, 20, 21, 31, 11, 18, 17, 19, 22, 26];1888.0
4206.0;[15, 12, 6, 4, 5, 30, 26, 22, 23, 21, 19, 17, 14, 16, 1, 3, 0, 25, 24, 11, 31, 20, 27, 28, 29, 32, 7, 8, 10, 18, 9, 13, 33, 2];2035.0
4315.0;[21, 19, 18, 32, 5, 6, 7, 8, 13, 27, 28, 2, 4, 10, 9, 12, 14, 15, 16, 0, 25, 1, 3, 33, 30, 29, 24, 26, 22, 23, 17, 11, 31, 20];1882.0
4377.0;[12, 14, 15, 16, 25, 24, 23, 19, 11, 10, 7, 6, 4, 5, 2, 3, 33, 30, 29, 26, 27, 28, 22, 20, 21, 31, 18, 17, 13, 0, 1, 32, 8, 9];1622.0
4461.0;[3, 13, 32, 7, 5, 6, 4, 9, 12, 14, 15, 16, 1, 30, 33, 29, 22, 20, 21, 31, 18, 17, 19, 10, 11, 8, 0, 25, 23, 24, 26, 27, 28, 2];1728.0
4086.0;[7, 4, 6, 5, 2, 21, 31, 18, 20, 22, 23, 17, 11, 8, 12, 25, 24, 19, 10, 9, 13, 33, 30, 29, 26, 27, 28, 16, 15, 14, 0, 1, 3, 32];1859.0
4498.0;[10, 1, 3, 33, 30, 4, 5, 6, 2, 0, 25, 16, 24, 23, 20, 21, 31, 17, 9, 13, 15, 14, 12, 32, 7, 8, 26, 27, 28, 29, 22, 18, 19, 11];1842.0
4093.0;[22, 23, 20, 31, 18, 10, 9, 32, 8, 11, 21, 27, 16, 14, 15, 12, 13, 0, 1, 2, 3, 24, 19, 17, 7, 5, 28, 29, 33, 30, 6, 4, 25, 26];2161.0
4672.0;[11, 10, 12, 14, 15, 16, 25, 24, 23, 19, 17, 9, 4, 6, 5, 2, 1, 3, 0, 32, 7, 8, 26, 27, 28, 22, 20, 21, 31, 18, 13, 33, 30, 29];1862.0
4284.0;[22, 21, 31, 18, 11, 8, 10, 25, 26, 27, 28, 16, 15, 14, 12, 9, 32, 7, 4, 6, 5, 2, 33, 30, 29, 1, 3, 0, 24, 19, 17, 13, 23, 20];1748.0
4111.0;[4, 6, 5, 30, 27, 28, 33, 2, 25, 24, 29, 26, 22, 20, 21, 23, 19, 17, 9, 16, 15, 14, 12, 11, 31, 18, 1, 3, 0, 13, 32, 7, 8, 10];1837.0
4549.0;[7, 4, 5, 6, 32, 9, 13, 24, 22, 23, 20, 26, 27, 28, 2, 3, 33, 30, 29, 25, 1, 0, 10, 18, 19, 21, 31, 17, 12, 14, 15, 16, 11, 8];1898.0
4078.0;[18, 17, 11, 10, 9, 12, 13, 14, 15, 16, 26, 27, 28, 29, 25, 24, 23, 33, 3, 0, 32, 7, 8, 1, 2, 4, 6, 5, 30, 22, 20, 21, 19, 31];1647.0
4340.0;[14, 15, 12, 11, 8, 6, 4, 5, 30, 33, 2, 3, 0, 1, 19, 31, 18, 20, 21, 22, 27, 28, 29, 26, 25, 24, 23, 17, 10, 32, 7, 9, 13, 16];1691.0
4409.0;[18, 20, 22, 26, 29, 25, 1, 33, 30, 2, 3, 13, 12, 0, 16, 14, 15, 4, 6, 5, 28, 27, 21, 17, 10, 11, 8, 32, 7, 9, 24, 23, 19, 31];1787.0
4375.0;[17, 4, 5, 6, 32, 7, 13, 24, 26, 27, 28, 29, 21, 31, 11, 8, 12, 14, 16, 15, 25, 30, 33, 2, 1, 3, 0, 9, 10, 18, 19, 20, 22, 23];1825.0
4312.0;[1, 4, 6, 5, 26, 21, 19, 31, 18, 20, 22, 33, 30, 2, 3, 0, 24, 23, 17, 11, 10, 9, 32, 7, 8, 12, 13, 14, 16, 15, 27, 28, 29, 25];1775.0
4663.0;[28, 33, 2, 4, 5, 6, 3, 24, 23, 20, 21, 31, 17, 11, 10, 18, 19, 32, 7, 8, 9, 12, 13, 0, 14, 15, 16, 25, 1, 30, 26, 29, 22, 27];1709.0
4279.0;[32, 7, 4, 5, 6, 8, 10, 11, 31, 18, 13, 1, 2, 3, 12, 14, 15, 16, 23, 20, 21, 22, 26, 27, 28, 33, 30, 29, 0, 25, 24, 19, 17, 9];1659.0
4153.0;[9, 10, 11, 8, 1, 25, 26, 27, 28, 29, 22, 24, 23, 20, 21, 19, 31, 18, 17, 33, 2, 3, 30, 4, 12, 14, 15, 16, 0, 13, 32, 7, 5, 6];1780.0
4362.0;[24, 19, 20, 21, 31, 5, 6, 4, 9, 13, 32, 7, 10, 18, 17, 0, 1, 33, 30, 2, 3, 29, 25, 11, 8, 12, 14, 16, 15, 27, 28, 26, 22, 23];1986.0
4587.0;[18, 17, 12, 14, 1, 33, 2, 3, 0, 13, 9, 7, 6, 4, 5, 30, 26, 29, 27, 28, 25, 15, 16, 24, 23, 21, 20, 22, 32, 8, 10, 11, 19, 31];1788.0
4481.0;[0, 13, 1, 33, 30, 4, 7, 8, 11, 31, 21, 20, 27, 28, 15, 12, 14, 16, 25, 22, 24, 23, 26, 29, 9, 32, 10, 18, 19, 17, 6, 5, 2, 3];1978.0
3893.0;[20, 22, 1, 33, 3, 2, 5, 6, 30, 29, 26, 27, 28, 24, 21, 31, 18, 17, 13, 0, 32, 7, 4, 9, 12, 15, 14, 16, 25, 23, 11, 8, 10, 19];1916.0
4266.0;[20, 22, 23, 11, 8, 10, 12, 14, 15, 16, 13, 0, 1, 25, 24, 26, 27, 28, 29, 33, 2, 3, 9, 32, 7, 4, 6, 5, 30, 17, 18, 19, 21, 31];1688.0
4536.0;[2, 4, 5, 6, 13, 16, 23, 27, 28, 21, 31, 17, 9, 12, 14, 15, 1, 30, 33, 3, 0, 32, 7, 8, 25, 24, 19, 11, 10, 18, 20, 22, 26, 29];1997.0
4480.0;[24, 20, 21, 19, 17, 10, 11, 31, 18, 9, 32, 5, 6, 4, 12, 13, 7, 8, 14, 15, 16, 27, 28, 25, 0, 1, 30, 29, 22, 23, 26, 33, 2, 3];1864.0
4782.0;[19, 17, 32, 4, 7, 8, 11, 31, 18, 9, 1, 2, 3, 24, 23, 10, 5, 6, 12, 13, 0, 14, 15, 16, 25, 26, 27, 28, 33, 30, 29, 22, 21, 20];1962.0
3987.0;[13, 12, 11, 31, 21, 27, 28, 1, 2, 3, 15, 14, 16, 25, 24, 19, 9, 32, 8, 10, 18, 17, 6, 5, 33, 30, 4, 7, 23, 20, 22, 26, 29, 0];2023.0
4415.0;[11, 21, 20, 22, 17, 10, 4, 6, 5, 30, 29, 3, 16, 15, 14, 25, 24, 31, 18, 19, 26, 27, 28, 23, 9, 12, 0, 13, 1, 33, 2, 32, 7, 8];2010.0
4047.0;[17, 12, 0, 13, 25, 1, 2, 3, 16, 15, 14, 20, 22, 26, 29, 30, 33, 5, 6, 4, 7, 9, 32, 8, 10, 11, 21, 27, 28, 24, 23, 31, 18, 19];1827.0
4654.0;[26, 27, 28, 29, 22, 20, 21, 19, 4, 5, 6, 32, 7, 8, 9, 1, 33, 30, 2, 3, 10, 11, 31, 18, 17, 12, 15, 14, 13, 0, 25, 16, 24, 23];1663.0
4649.0;[15, 26, 27, 28, 22, 20, 21, 31, 18, 11, 8, 33, 30, 29, 32, 7, 4, 6, 5, 2, 3, 0, 25, 1, 24, 23, 19, 17, 10, 9, 13, 12, 14, 16];1706.0
3947.0;[0, 26, 22, 21, 31, 20, 2, 4, 6, 5, 29, 27, 28, 25, 16, 15, 14, 12, 24, 11, 10, 32, 7, 8, 1, 3, 33, 30, 23, 19, 18, 17, 9, 13];2038.0
4543.0;[4, 5, 2, 20, 21, 22, 23, 19, 17, 9, 12, 32, 8, 14, 15, 16, 1, 3, 0, 33, 30, 28, 29, 25, 24, 26, 27, 13, 10, 11, 31, 18, 7, 6];1973.0
3662.0;[22, 20, 21, 31, 18, 14, 15, 12, 11, 8, 10, 6, 4, 5, 30, 27, 28, 1, 3, 33, 2, 0, 24, 23, 19, 17, 9, 32, 7, 13, 16, 25, 26, 29];1859.0
4338.0;[1, 2, 3, 33, 30, 32, 7, 8, 10, 13, 0, 16, 25, 26, 27, 28, 29, 22, 19, 18, 9, 4, 6, 5, 24, 23, 17, 11, 31, 20, 21, 12, 14, 15];1900.0
4217.0;[9, 32, 7, 8, 10, 12, 13, 1, 4, 6, 5, 2, 3, 0, 26, 29, 25, 33, 30, 27, 28, 16, 15, 14, 24, 17, 11, 31, 18, 19, 22, 23, 20, 21];1807.0
4910.0;[10, 8, 9, 32, 7, 12, 14, 15, 16, 25, 24, 23, 11, 31, 18, 20, 21, 27, 28, 2, 6, 4, 5, 3, 33, 30, 29, 1, 0, 13, 26, 22, 19, 17];1825.0
4107.0;[31, 21, 20, 22, 19, 18, 17, 25, 24, 23, 26, 33, 4, 6, 5, 30, 27, 28, 29, 15, 16, 14, 12, 0, 13, 9, 32, 7, 8, 1, 3, 2, 10, 11];1862.0
4538.0;[29, 26, 22, 23, 17, 9, 1, 2, 3, 33, 30, 6, 5, 20, 21, 19, 32, 8, 10, 11, 31, 18, 27, 28, 4, 7, 12, 14, 15, 16, 0, 13, 25, 24];2087.0
4468.0;[6, 5, 2, 3, 23, 19, 17, 7, 8, 12, 0, 22, 21, 20, 31, 18, 9, 13, 26, 27, 28, 33, 30, 29, 25, 24, 11, 10, 32, 4, 14, 16, 15, 1];2092.0
4222.0;[10, 11, 31, 18, 21, 20, 26, 22, 23, 19, 12, 15, 14, 16, 33, 5, 6, 4, 7, 8, 9, 13, 24, 17, 32, 1, 2, 3, 30, 29, 27, 28, 25, 0];1984.0
4311.0;[0, 23, 20, 21, 22, 27, 28, 29, 19, 31, 18, 17, 9, 13, 32, 7, 10, 11, 8, 1, 30, 5, 6, 4, 12, 14, 15, 16, 25, 24, 26, 33, 2, 3];1818.0
4737.0;[11, 10, 4, 5, 6, 3, 0, 1, 33, 30, 2, 15, 12, 32, 7, 8, 14, 16, 25, 24, 23, 26, 19, 17, 18, 9, 13, 28, 29, 27, 22, 20, 21, 31];1956.0
4116.0;[0, 12, 5, 6, 4, 9, 7, 32, 8, 10, 13, 2, 3, 16, 15, 14, 26, 27, 28, 24, 23, 17, 11, 31, 18, 19, 20, 21, 22, 25, 1, 33, 30, 29];1751.0
4733.0;[3, 20, 21, 31, 18, 11, 8, 10, 1, 33, 6, 4, 32, 7, 5, 30, 29, 26, 22, 23, 27, 28, 16, 15, 14, 12, 9, 0, 13, 25, 24, 19, 17, 2];1959.0
4162.0;[8, 9, 13, 1, 2, 3, 0, 16, 14, 15, 12, 32, 10, 18, 19, 17, 7, 4, 5, 6, 24, 23, 29, 25, 33, 30, 26, 21, 31, 20, 27, 28, 22, 11];2023.0
4642.0;[24, 26, 27, 28, 22, 21, 31, 17, 32, 8, 9, 12, 1, 33, 30, 29, 23, 11, 10, 18, 20, 19, 7, 4, 6, 5, 2, 3, 13, 0, 16, 14, 15, 25];1868.0
4378.0;[17, 32, 7, 5, 6, 8, 10, 11, 31, 18, 21, 27, 28, 29, 30, 4, 12, 9, 13, 0, 1, 3, 25, 26, 33, 2, 14, 15, 16, 24, 20, 22, 23, 19];1890.0
4170.0;[1, 30, 29, 33, 2, 3, 24, 23, 20, 21, 27, 28, 25, 15, 16, 14, 12, 32, 7, 8, 10, 9, 4, 5, 6, 13, 0, 26, 22, 18, 19, 31, 17, 11];1852.0
4574.0;[27, 28, 29, 25, 12, 7, 8, 10, 17, 19, 20, 21, 22, 23, 32, 4, 9, 13, 24, 26, 1, 6, 5, 33, 30, 2, 3, 0, 16, 15, 14, 11, 31, 18];2084.0
4410.0;[27, 28, 29, 22, 21, 20, 31, 18, 7, 4, 6, 5, 2, 3, 0, 25, 24, 23, 19, 17, 9, 13, 16, 15, 14, 12, 11, 10, 32, 8, 1, 33, 30, 26];1667.0
4582.0;[30, 28, 27, 21, 19, 11, 8, 33, 2, 3, 29, 26, 22, 20, 31, 18, 9, 32, 7, 12, 15, 14, 16, 0, 1, 13, 25, 24, 23, 17, 10, 4, 6, 5];1906.0
4539.0;[17, 10, 11, 31, 18, 5, 6, 4, 32, 7, 8, 25, 20, 21, 19, 9, 12, 14, 15, 16, 1, 3, 13, 0, 24, 23, 28, 27, 33, 2, 30, 29, 26, 22];1912.0
4649.0;[29, 22, 23, 20, 21, 19, 18, 11, 31, 10, 9, 32, 8, 12, 14, 16, 15, 13, 7, 4, 6, 5, 3, 25, 26, 27, 28, 33, 30, 2, 24, 17, 0, 1];1882.0
4409.0;[9, 32, 4, 7, 8, 10, 11, 31, 18, 17, 5, 6, 33, 30, 15, 12, 14, 16, 24, 23, 20, 21, 27, 28, 22, 26, 29, 0, 13, 1, 2, 3, 25, 19];1935.0
4364.0;[8, 0, 26, 27, 28, 33, 4, 6, 5, 30, 29, 22, 11, 10, 18, 19, 9, 12, 13, 1, 2, 3, 16, 15, 14, 25, 24, 23, 20, 21, 31, 17, 32, 7];1782.0
4196.0;[32, 7, 8, 10, 18, 17, 11, 31, 21, 27, 28, 33, 4, 6, 5, 2, 3, 15, 16, 14, 9, 12, 13, 23, 20, 22, 26, 29, 25, 0, 1, 30, 24, 19];1859.0
3951.0;[18, 4, 5, 6, 32, 7, 8, 12, 13, 0, 16, 14, 15, 1, 29, 26, 22, 19, 17, 11, 10, 9, 2, 3, 25, 24, 23, 20, 21, 27, 28, 33, 30, 31];1855.0
4555.0;[26, 27, 28, 29, 2, 5, 6, 4, 12, 15, 14, 16, 25, 23, 19, 20, 22, 33, 30, 21, 31, 18, 9, 0, 1, 3, 24, 17, 11, 8, 10, 32, 7, 13];1953.0
4445.0;[10, 11, 20, 24, 23, 26, 27, 22, 21, 31, 18, 19, 17, 9, 5, 6, 4, 13, 0, 2, 3, 15, 16, 25, 1, 30, 33, 28, 29, 14, 12, 32, 7, 8];1859.0
4398.0;[0, 20, 21, 27, 28, 2, 6, 5, 30, 33, 29, 26, 22, 23, 17, 11, 8, 10, 14, 15, 16, 1, 3, 4, 32, 7, 25, 24, 19, 31, 18, 9, 12, 13];1888.0
4388.0;[11, 31, 18, 19, 20, 21, 17, 32, 7, 8, 10, 13, 24, 27, 28, 29, 26, 22, 23, 25, 1, 3, 16, 0, 30, 33, 2, 5, 6, 4, 9, 12, 14, 15];1769.0
4416.0;[27, 28, 13, 9, 4, 6, 5, 30, 29, 26, 22, 24, 23, 20, 21, 31, 18, 12, 14, 15, 16, 1, 33, 2, 3, 32, 7, 8, 10, 0, 25, 19, 17, 11];1805.0
4515.0;[33, 30, 2, 5, 6, 4, 10, 11, 31, 18, 19, 22, 24, 23, 17, 12, 9, 32, 7, 8, 13, 0, 1, 3, 27, 28, 16, 15, 14, 25, 20, 21, 26, 29];1814.0
4812.0;[30, 6, 4, 5, 2, 3, 16, 14, 15, 12, 32, 7, 8, 10, 11, 20, 21, 31, 18, 19, 17, 9, 13, 0, 25, 1, 29, 27, 28, 22, 24, 23, 26, 33];1674.0
4261.0;[26, 27, 28, 33, 2, 4, 32, 7, 5, 6, 30, 29, 25, 16, 14, 15, 12, 13, 0, 1, 3, 24, 23, 19, 20, 21, 31, 18, 17, 8, 9, 10, 11, 22];1700.0
4408.0;[33, 30, 2, 5, 6, 4, 7, 8, 9, 10, 11, 31, 21, 19, 17, 18, 32, 13, 0, 1, 3, 12, 14, 15, 24, 20, 22, 26, 29, 16, 25, 23, 27, 28];1825.0
4461.0;[3, 10, 31, 18, 17, 19, 21, 20, 22, 11, 8, 9, 32, 7, 13, 0, 16, 25, 26, 27, 28, 29, 24, 23, 12, 14, 15, 4, 5, 6, 30, 33, 1, 2];1899.0
4392.0;[33, 30, 20, 21, 31, 18, 17, 10, 13, 26, 22, 24, 23, 19, 11, 8, 12, 15, 14, 16, 0, 1, 2, 6, 4, 5, 32, 7, 9, 27, 28, 29, 25, 3];1859.0
4288.0;[32, 5, 6, 4, 12, 14, 15, 13, 10, 11, 18, 19, 31, 21, 27, 28, 1, 33, 30, 2, 3, 7, 8, 9, 24, 20, 22, 26, 29, 16, 0, 25, 23, 17];1903.0
4371.0;[15, 24, 23, 19, 32, 7, 6, 30, 33, 13, 9, 10, 18, 17, 11, 8, 4, 5, 2, 3, 0, 25, 1, 29, 26, 27, 28, 22, 21, 20, 31, 12, 14, 16];1930.0
4286.0;[24, 21, 31, 20, 22, 23, 11, 32, 8, 7, 4, 6, 5, 2, 3, 30, 33, 29, 1, 0, 13, 9, 10, 18, 19, 17, 12, 14, 26, 27, 28, 16, 15, 25];1940.0
4570.0;[6, 5, 30, 33, 2, 3, 25, 24, 23, 20, 27, 28, 29, 26, 22, 21, 19, 32, 7, 4, 8, 9, 13, 10, 11, 31, 18, 17, 12, 14, 15, 16, 0, 1];1683.0
3999.0;[21, 22, 30, 33, 2, 4, 5, 6, 10, 11, 31, 18, 32, 7, 8, 13, 24, 23, 19, 17, 9, 12, 0, 1, 3, 14, 15, 16, 25, 26, 27, 28, 29, 20];1748.0
4477.0;[20, 21, 31, 32, 7, 9, 13, 24, 23, 17, 11, 8, 10, 18, 19, 27, 28, 33, 30, 26, 29, 25, 15, 16, 14, 1, 3, 2, 0, 12, 4, 6, 5, 22];1912.0
3866.0;[33, 2, 4, 6, 5, 20, 21, 31, 11, 10, 1, 3, 30, 29, 27, 28, 16, 15, 14, 12, 32, 7, 8, 9, 13, 25, 19, 18, 17, 0, 24, 23, 22, 26];1960.0
4554.0;[25, 23, 19, 21, 20, 22, 29, 26, 27, 28, 1, 30, 33, 2, 3, 4, 5, 6, 9, 32, 7, 8, 0, 24, 31, 18, 17, 11, 10, 12, 13, 15, 14, 16];1662.0
4498.0;[5, 10, 11, 21, 31, 20, 22, 26, 29, 25, 27, 28, 16, 15, 14, 12, 9, 32, 7, 1, 2, 3, 30, 33, 4, 8, 0, 13, 24, 23, 19, 18, 17, 6];2006.0
4188.0;[5, 6, 32, 7, 12, 14, 15, 16, 26, 27, 28, 29, 22, 19, 17, 11, 8, 10, 9, 1, 33, 30, 2, 3, 0, 13, 25, 24, 23, 20, 21, 31, 18, 4];1612.0
4216.0;[9, 10, 19, 21, 20, 26, 22, 17, 11, 31, 18, 27, 28, 25, 3, 2, 5, 6, 4, 12, 24, 23, 32, 7, 8, 14, 15, 16, 0, 1, 33, 30, 29, 13];1984.0
4436.0;[27, 28, 14, 7, 5, 6, 4, 10, 11, 31, 17, 9, 13, 1, 2, 3, 15, 16, 24, 23, 19, 18, 21, 20, 22, 29, 26, 33, 30, 25, 0, 32, 8, 12];2023.0
4159.0;[18, 19, 20, 21, 22, 26, 33, 30, 24, 23, 1, 2, 3, 0, 16, 15, 14, 12, 9, 13, 10, 11, 31, 17, 6, 4, 5, 29, 27, 28, 25, 32, 7, 8];1964.0
4269.0;[27, 28, 29, 25, 16, 0, 24, 17, 18, 19, 20, 22, 23, 11, 21, 31, 32, 4, 5, 6, 14, 15, 1, 33, 30, 2, 3, 13, 7, 8, 10, 9, 12, 26];1861.0
4289.0;[29, 33, 2, 13, 12, 32, 8, 9, 7, 6, 4, 5, 30, 3, 14, 15, 16, 0, 1, 25, 27, 28, 24, 23, 20, 22, 21, 18, 19, 17, 10, 11, 31, 26];1859.0
4376.0;[31, 4, 6, 5, 2, 3, 10, 11, 8, 9, 14, 15, 24, 23, 26, 33, 30, 29, 22, 20, 27, 28, 32, 7, 13, 0, 16, 12, 18, 19, 17, 1, 25, 21];2149.0
4367.0;[6, 4, 5, 2, 24, 23, 19, 17, 32, 7, 8, 10, 13, 0, 3, 29, 25, 15, 16, 1, 33, 30, 20, 21, 31, 18, 9, 12, 14, 27, 28, 26, 22, 11];2038.0
4189.0;[4, 5, 6, 32, 7, 24, 20, 21, 31, 18, 17, 13, 14, 16, 1, 3, 0, 33, 30, 22, 23, 19, 11, 8, 10, 9, 12, 15, 27, 28, 26, 29, 25, 2];1859.0
3838.0;[4, 5, 6, 30, 29, 26, 22, 23, 11, 8, 9, 32, 7, 12, 14, 15, 24, 21, 31, 17, 13, 16, 3, 0, 10, 18, 19, 20, 27, 28, 25, 1, 33, 2];1839.0
4767.0;[32, 7, 8, 0, 1, 2, 3, 13, 10, 11, 31, 18, 19, 20, 21, 17, 9, 12, 14, 15, 16, 25, 24, 23, 22, 27, 28, 29, 26, 30, 33, 5, 6, 4];1631.0
4673.0;[27, 28, 24, 23, 17, 11, 31, 18, 8, 10, 12, 0, 25, 26, 22, 20, 21, 19, 33, 2, 3, 30, 29, 1, 13, 9, 32, 7, 4, 5, 6, 15, 14, 16];1938.0
4553.0;[12, 13, 29, 26, 27, 28, 20, 21, 31, 7, 4, 6, 5, 30, 33, 2, 3, 0, 15, 14, 16, 25, 1, 24, 17, 9, 32, 8, 10, 11, 22, 23, 19, 18];1871.0
4423.0;[22, 33, 2, 4, 7, 8, 9, 32, 12, 1, 3, 15, 16, 14, 11, 10, 13, 0, 23, 17, 6, 5, 30, 27, 28, 29, 26, 25, 24, 19, 31, 18, 20, 21];2000.0
4275.0;[31, 21, 20, 22, 23, 7, 8, 10, 12, 9, 32, 5, 30, 29, 16, 15, 25, 26, 27, 28, 33, 2, 4, 6, 3, 0, 14, 13, 1, 24, 19, 18, 17, 11];1923.0
4757.0;[24, 23, 21, 20, 22, 33, 30, 29, 27, 28, 15, 14, 32, 7, 9, 10, 11, 8, 13, 0, 16, 12, 31, 18, 17, 19, 26, 25, 1, 2, 6, 4, 5, 3];2002.0
4400.0;[0, 16, 24, 23, 21, 31, 18, 19, 20, 27, 28, 14, 15, 1, 3, 12, 13, 10, 17, 11, 8, 9, 7, 32, 4, 6, 5, 33, 2, 30, 26, 22, 29, 25];1841.0
4546.0;[33, 2, 30, 5, 6, 4, 32, 7, 8, 11, 31, 18, 21, 20, 26, 22, 23, 17, 9, 12, 14, 15, 16, 0, 1, 3, 24, 19, 10, 13, 25, 27, 28, 29];1814.0
4561.0;[0, 13, 32, 9, 7, 8, 10, 11, 31, 20, 21, 22, 33, 2, 4, 5, 6, 30, 29, 23, 19, 18, 17, 12, 14, 16, 15, 25, 24, 26, 27, 28, 1, 3];1768.0
4397.0;[26, 30, 4, 32, 7, 8, 10, 13, 16, 15, 14, 12, 11, 31, 18, 9, 1, 33, 2, 3, 0, 6, 5, 22, 20, 21, 27, 28, 29, 24, 19, 17, 25, 23];2003.0
4441.0;[30, 4, 5, 6, 7, 9, 12, 14, 15, 16, 1, 2, 3, 0, 25, 24, 23, 26, 27, 28, 20, 21, 31, 19, 22, 29, 13, 32, 8, 10, 18, 17, 11, 33];1835.0
4133.0;[1, 2, 4, 32, 6, 5, 3, 33, 30, 29, 26, 27, 28, 24, 21, 31, 18, 19, 20, 22, 23, 17, 9, 12, 13, 14, 15, 16, 25, 11, 10, 8, 7, 0];1817.0
4378.0;[27, 28, 0, 25, 1, 2, 4, 32, 7, 5, 6, 8, 10, 12, 14, 15, 16, 3, 33, 30, 29, 22, 21, 19, 17, 11, 31, 18, 9, 13, 24, 23, 20, 26];1771.0
4374.0;[10, 18, 19, 20, 21, 22, 26, 29, 27, 28, 25, 1, 33, 30, 4, 5, 6, 7, 32, 0, 16, 12, 31, 17, 9, 14, 15, 24, 23, 11, 8, 2, 3, 13];1964.0
4321.0;[31, 17, 11, 8, 9, 12, 33, 2, 6, 4, 5, 30, 29, 26, 22, 20, 21, 27, 28, 25, 16, 14, 15, 0, 1, 3, 13, 32, 7, 10, 18, 19, 24, 23];1786.0
4116.0;[11, 8, 7, 1, 3, 33, 2, 0, 27, 28, 29, 26, 22, 25, 15, 16, 14, 12, 32, 4, 5, 6, 30, 20, 21, 31, 19, 18, 10, 9, 13, 24, 23, 17];1911.0
4212.0;[26, 27, 28, 32, 7, 8, 10, 9, 13, 21, 20, 22, 29, 1, 3, 15, 16, 14, 12, 4, 5, 6, 30, 33, 2, 25, 24, 23, 11, 31, 18, 19, 17, 0];1878.0
4333.0;[29, 4, 5, 6, 30, 3, 13, 9, 10, 18, 19, 17, 32, 7, 8, 11, 31, 20, 21, 27, 28, 33, 2, 0, 15, 12, 14, 16, 1, 25, 24, 22, 23, 26];1916.0
4970.0;[5, 6, 4, 7, 12, 13, 1, 30, 26, 27, 28, 29, 25, 32, 8, 10, 9, 0, 24, 23, 19, 22, 16, 15, 14, 3, 33, 2, 20, 21, 18, 17, 11, 31];2049.0
4369.0;[0, 33, 30, 26, 27, 28, 29, 25, 1, 3, 16, 24, 19, 17, 12, 14, 15, 10, 18, 22, 23, 21, 20, 31, 11, 8, 9, 2, 4, 5, 6, 32, 7, 13];1932.0
4172.0;[21, 7, 8, 0, 16, 15, 14, 12, 13, 9, 10, 11, 31, 18, 19, 17, 1, 3, 25, 26, 27, 28, 29, 33, 2, 24, 23, 32, 6, 4, 5, 30, 22, 20];1922.0
4519.0;[12, 14, 15, 24, 23, 22, 26, 27, 28, 29, 25, 3, 0, 16, 1, 2, 33, 30, 20, 21, 31, 18, 19, 17, 11, 10, 32, 7, 8, 9, 4, 5, 6, 13];1637.0
4248.0;[26, 29, 16, 14, 15, 2, 3, 0, 1, 33, 4, 6, 5, 30, 24, 20, 21, 31, 18, 17, 9, 13, 12, 25, 23, 27, 28, 32, 7, 8, 11, 10, 19, 22];1940.0
4551.0;[12, 32, 4, 6, 5, 30, 29, 26, 27, 28, 33, 2, 3, 0, 7, 8, 9, 13, 25, 1, 24, 23, 19, 17, 10, 11, 31, 18, 20, 21, 22, 16, 15, 14];1661.0
4355.0;[14, 15, 24, 23, 20, 21, 27, 28, 29, 25, 16, 0, 13, 1, 33, 2, 3, 9, 32, 8, 7, 10, 11, 31, 19, 22, 26, 30, 5, 6, 4, 12, 18, 17];1869.0
4143.0;[7, 8, 13, 16, 15, 14, 12, 9, 10, 11, 31, 18, 21, 27, 28, 19, 17, 4, 6, 5, 29, 20, 22, 26, 25, 2, 3, 0, 1, 33, 30, 24, 23, 32];1955.0
4786.0;[24, 20, 22, 21, 31, 19, 18, 11, 8, 23, 17, 10, 32, 7, 30, 28, 29, 33, 4, 6, 5, 2, 16, 14, 15, 1, 3, 9, 12, 13, 0, 26, 27, 25];2057.0
4004.0;[21, 31, 19, 18, 17, 9, 32, 7, 13, 26, 27, 28, 4, 6, 5, 30, 33, 11, 8, 10, 12, 14, 23, 20, 22, 29, 16, 15, 1, 2, 3, 0, 25, 24];1984.0
4248.0;[28, 22, 20, 21, 31, 17, 32, 7, 4, 6, 5, 2, 3, 14, 15, 12, 9, 10, 18, 19, 11, 8, 13, 0, 25, 16, 1, 30, 33, 24, 23, 29, 26, 27];1712.0
4233.0;[22, 17, 11, 10, 12, 15, 14, 16, 13, 6, 5, 2, 3, 0, 19, 31, 18, 1, 30, 33, 29, 25, 32, 4, 7, 8, 9, 23, 21, 20, 27, 28, 24, 26];2121.0
4657.0;[10, 19, 20, 21, 27, 28, 33, 6, 5, 30, 2, 25, 24, 17, 11, 31, 18, 22, 29, 1, 3, 0, 15, 16, 14, 12, 9, 32, 4, 13, 26, 23, 7, 8];2060.0
4109.0;[25, 26, 27, 28, 29, 4, 6, 5, 30, 22, 23, 11, 8, 10, 32, 7, 12, 14, 15, 20, 21, 31, 18, 17, 0, 1, 33, 2, 3, 16, 24, 19, 9, 13];1912.0
4192.0;[24, 19, 17, 11, 22, 26, 23, 20, 21, 31, 18, 9, 13, 1, 33, 30, 6, 4, 5, 2, 3, 16, 15, 14, 12, 0, 25, 27, 28, 29, 7, 32, 8, 10];1933.0
4076.0;[30, 29, 27, 28, 33, 3, 12, 14, 15, 16, 25, 24, 9, 32, 7, 8, 13, 0, 1, 2, 4, 10, 11, 31, 18, 19, 22, 26, 23, 20, 21, 17, 6, 5];1863.0
4468.0;[6, 33, 30, 2, 25, 26, 27, 28, 29, 1, 3, 0, 12, 11, 31, 18, 17, 19, 20, 21, 22, 16, 15, 14, 24, 23, 10, 9, 32, 7, 8, 13, 4, 5];1829.0
4160.0;[5, 6, 10, 11, 31, 18, 21, 20, 22, 23, 27, 28, 25, 14, 15, 16, 33, 30, 29, 26, 0, 12, 13, 1, 2, 3, 24, 19, 17, 32, 7, 8, 9, 4];1778.0
4532.0;[19, 32, 7, 8, 14, 15, 16, 25, 26, 27, 28, 29, 2, 12, 13, 0, 1, 3, 33, 30, 24, 23, 17, 9, 4, 5, 6, 10, 11, 31, 18, 20, 22, 21];1813.0
4248.0;[13, 0, 24, 23, 20, 21, 22, 27, 28, 25, 2, 3, 1, 33, 30, 29, 26, 19, 18, 17, 32, 4, 5, 6, 7, 8, 12, 14, 15, 16, 9, 10, 11, 31];1756.0
3849.0;[7, 6, 4, 5, 30, 27, 28, 29, 1, 33, 2, 3, 0, 20, 21, 31, 19, 22, 26, 25, 16, 13, 32, 8, 9, 12, 14, 15, 24, 23, 11, 10, 18, 17];1858.0
4031.0;[11, 31, 20, 21, 22, 26, 33, 2, 13, 0, 24, 23, 30, 4, 5, 6, 14, 12, 15, 16, 27, 28, 29, 25, 1, 3, 19, 18, 17, 9, 32, 7, 8, 10];1898.0
4530.0;[33, 2, 5, 6, 4, 10, 31, 18, 19, 17, 9, 32, 7, 8, 24, 23, 20, 22, 26, 29, 25, 0, 1, 3, 13, 12, 11, 21, 27, 28, 14, 16, 15, 30];1867.0
3705.0;[0, 27, 28, 29, 16, 14, 15, 1, 33, 30, 26, 22, 9, 32, 7, 8, 12, 24, 20, 21, 31, 18, 11, 10, 4, 6, 5, 2, 3, 25, 23, 19, 17, 13];1831.0
4460.0;[14, 15, 16, 25, 23, 27, 28, 29, 26, 30, 5, 6, 4, 9, 32, 7, 1, 33, 2, 3, 13, 0, 24, 20, 22, 17, 18, 11, 8, 10, 19, 21, 31, 12];1886.0
4190.0;[19, 20, 22, 27, 28, 1, 4, 7, 5, 6, 30, 33, 2, 3, 0, 32, 8, 9, 13, 24, 23, 26, 29, 21, 31, 17, 11, 10, 12, 14, 15, 16, 25, 18];1873.0
4641.0;[2, 4, 5, 6, 8, 0, 16, 1, 3, 25, 24, 23, 21, 19, 17, 11, 31, 18, 13, 33, 30, 26, 29, 32, 7, 14, 15, 12, 9, 10, 20, 22, 27, 28];2028.0
4330.0;[17, 0, 24, 22, 23, 20, 21, 18, 19, 26, 27, 28, 29, 13, 32, 7, 8, 9, 4, 6, 5, 30, 25, 1, 33, 2, 3, 16, 14, 15, 12, 10, 11, 31];1746.0
3945.0;[18, 17, 11, 31, 19, 20, 21, 27, 28, 29, 24, 23, 22, 26, 25, 16, 14, 15, 4, 5, 6, 32, 7, 8, 1, 33, 30, 2, 3, 0, 13, 12, 9, 10];1649.0
4472.0;[26, 33, 2, 4, 6, 5, 30, 25, 24, 17, 11, 8, 1, 3, 0, 23, 19, 18, 32, 7, 13, 27, 28, 29, 16, 15, 14, 12, 9, 10, 31, 21, 20, 22];1926.0
4335.0;[18, 32, 7, 8, 10, 9, 0, 13, 2, 3, 24, 23, 19, 17, 11, 21, 20, 26, 22, 27, 28, 30, 29, 25, 1, 33, 5, 6, 4, 12, 14, 15, 16, 31];1888.0
4362.0;[17, 11, 10, 32, 8, 9, 24, 20, 21, 31, 19, 18, 13, 1, 3, 0, 15, 14, 16, 33, 2, 30, 5, 6, 4, 7, 12, 25, 26, 27, 28, 29, 22, 23];1835.0
4509.0;[32, 7, 8, 13, 15, 14, 12, 4, 6, 5, 30, 29, 26, 22, 24, 23, 33, 2, 3, 0, 16, 25, 1, 10, 11, 31, 18, 20, 27, 28, 21, 19, 17, 9];1820.0
4311.0;[10, 18, 19, 20, 21, 22, 26, 27, 28, 1, 2, 3, 30, 33, 29, 25, 0, 16, 24, 23, 4, 5, 6, 13, 14, 15, 32, 7, 12, 31, 17, 11, 8, 9];1923.0
4725.0;[28, 6, 4, 5, 30, 22, 21, 20, 18, 19, 11, 31, 17, 9, 12, 13, 14, 16, 15, 26, 29, 25, 1, 33, 2, 3, 32, 7, 8, 10, 0, 24, 23, 27];1901.0
4361.0;[30, 28, 29, 22, 24, 23, 33, 3, 32, 7, 8, 12, 15, 14, 16, 0, 10, 11, 31, 18, 20, 26, 27, 21, 19, 17, 9, 13, 25, 1, 2, 4, 6, 5];1857.0
4566.0;[23, 20, 22, 26, 33, 30, 4, 5, 6, 10, 18, 19, 27, 28, 29, 21, 31, 9, 13, 25, 24, 17, 11, 8, 12, 14, 15, 16, 1, 2, 3, 32, 7, 0];1963.0
4927.0;[11, 31, 18, 19, 20, 21, 22, 26, 27, 28, 24, 23, 32, 7, 8, 10, 14, 15, 16, 25, 1, 33, 2, 3, 13, 12, 0, 30, 29, 17, 9, 4, 5, 6];1822.0
4677.0;[32, 8, 9, 25, 27, 28, 33, 5, 6, 4, 7, 24, 19, 31, 18, 20, 21, 17, 1, 30, 29, 15, 16, 14, 12, 13, 0, 26, 22, 23, 11, 10, 3, 2];2228.0
4308.0;[27, 28, 13, 10, 18, 20, 22, 26, 29, 23, 21, 31, 11, 8, 12, 14, 15, 16, 24, 19, 17, 9, 32, 7, 6, 4, 5, 2, 3, 0, 1, 25, 33, 30];1871.0
4373.0;[22, 20, 21, 31, 12, 13, 14, 15, 16, 25, 24, 23, 17, 9, 10, 11, 8, 4, 6, 5, 30, 33, 2, 3, 1, 27, 28, 29, 19, 18, 32, 7, 0, 26];1815.0
3695.0;[26, 27, 28, 33, 30, 5, 6, 4, 32, 7, 8, 9, 14, 15, 16, 24, 23, 19, 20, 21, 31, 18, 17, 13, 0, 12, 11, 10, 1, 2, 3, 25, 22, 29];1691.0
4409.0;[4, 5, 6, 32, 7, 8, 10, 11, 31, 18, 17, 1, 33, 30, 2, 3, 15, 16, 25, 26, 27, 28, 29, 24, 23, 12, 14, 13, 0, 20, 22, 21, 19, 9];1777.0
4616.0;[13, 9, 32, 7, 4, 5, 6, 2, 3, 0, 24, 18, 19, 31, 17, 11, 10, 8, 1, 30, 33, 28, 29, 23, 26, 22, 21, 20, 27, 25, 16, 15, 14, 12];1830.0
4172.0;[22, 20, 21, 19, 31, 18, 32, 7, 1, 30, 29, 27, 28, 3, 12, 14, 15, 16, 25, 24, 23, 33, 2, 5, 6, 4, 10, 17, 11, 8, 9, 13, 0, 26];1894.0
4388.0;[33, 30, 6, 5, 2, 3, 9, 10, 11, 8, 12, 15, 14, 16, 25, 24, 23, 29, 26, 27, 28, 20, 21, 31, 18, 19, 22, 17, 32, 7, 4, 13, 0, 1];1741.0
4313.0;[9, 10, 11, 19, 31, 18, 32, 7, 8, 12, 14, 16, 15, 23, 27, 28, 4, 6, 5, 30, 21, 20, 22, 26, 29, 25, 24, 17, 1, 33, 2, 3, 0, 13];1913.0
3938.0;[29, 33, 2, 3, 32, 7, 5, 6, 4, 14, 15, 26, 27, 21, 31, 18, 20, 22, 23, 17, 9, 10, 11, 8, 13, 0, 16, 25, 24, 19, 12, 1, 30, 28];1946.0
4820.0;[14, 12, 6, 4, 5, 30, 33, 2, 32, 7, 9, 13, 1, 3, 0, 24, 17, 11, 8, 26, 27, 28, 29, 25, 23, 22, 20, 21, 19, 31, 18, 10, 16, 15];1848.0
4916.0;[30, 33, 4, 5, 6, 13, 0, 1, 2, 3, 15, 14, 12, 10, 9, 32, 7, 8, 16, 25, 24, 19, 17, 11, 31, 18, 21, 27, 28, 29, 26, 23, 20, 22];1782.0
4464.0;[1, 3, 24, 23, 20, 21, 31, 18, 19, 26, 33, 2, 4, 32, 7, 6, 5, 30, 29, 16, 14, 15, 13, 12, 10, 11, 27, 28, 22, 17, 8, 9, 0, 25];1964.0
4321.0;[5, 6, 32, 0, 16, 15, 14, 1, 33, 30, 2, 3, 25, 27, 28, 29, 26, 22, 21, 20, 31, 18, 17, 10, 9, 12, 13, 24, 23, 19, 11, 8, 7, 4];1638.0
4871.0;[1, 2, 6, 5, 30, 33, 3, 15, 14, 16, 24, 20, 21, 31, 18, 27, 28, 22, 23, 19, 17, 11, 8, 10, 25, 26, 29, 0, 13, 32, 4, 7, 9, 12];1907.0
4387.0;[5, 27, 28, 29, 24, 23, 20, 22, 26, 25, 15, 16, 14, 12, 9, 4, 32, 7, 8, 33, 30, 2, 0, 13, 1, 3, 10, 17, 11, 31, 18, 21, 19, 6];2026.0
4366.0;[3, 2, 5, 6, 4, 7, 32, 26, 27, 28, 22, 11, 8, 10, 24, 23, 19, 20, 21, 31, 18, 17, 9, 13, 0, 1, 33, 30, 29, 25, 15, 12, 14, 16];1851.0
4641.0;[13, 25, 23, 26, 27, 28, 24, 19, 17, 32, 8, 10, 11, 31, 7, 4, 9, 12, 1, 33, 2, 6, 5, 30, 29, 22, 20, 21, 18, 14, 15, 16, 3, 0];1926.0
4092.0;[3, 33, 29, 26, 27, 28, 22, 20, 23, 19, 17, 11, 8, 7, 10, 18, 21, 31, 12, 14, 15, 16, 0, 25, 24, 13, 9, 32, 4, 6, 5, 30, 2, 1];1912.0
4457.0;[22, 2, 4, 5, 6, 32, 7, 8, 13, 27, 28, 29, 25, 1, 3, 16, 15, 24, 23, 19, 17, 11, 31, 21, 26, 30, 33, 0, 12, 14, 9, 10, 18, 20];1982.0
4252.0;[28, 2, 3, 25, 24, 23, 20, 21, 11, 8, 7, 5, 6, 4, 32, 15, 14, 16, 0, 13, 12, 9, 10, 31, 18, 17, 19, 22, 26, 29, 1, 33, 30, 27];1800.0
4329.0;[5, 30, 29, 21, 20, 22, 23, 19, 17, 11, 10, 26, 27, 28, 33, 3, 32, 7, 8, 9, 13, 0, 12, 14, 15, 16, 25, 24, 31, 18, 1, 2, 4, 6];1838.0
4273.0;[5, 6, 4, 10, 11, 31, 20, 22, 23, 19, 8, 9, 13, 1, 33, 2, 3, 30, 26, 21, 18, 12, 0, 25, 27, 28, 29, 16, 14, 15, 24, 17, 32, 7];1972.0
3924.0;[26, 27, 28, 24, 19, 11, 31, 18, 20, 21, 22, 23, 17, 4, 5, 6, 32, 7, 8, 10, 9, 13, 0, 1, 2, 3, 30, 33, 29, 25, 16, 15, 12, 14];1730.0
3822.0;[23, 19, 18, 17, 11, 31, 21, 27, 28, 29, 26, 2, 6, 5, 3, 13, 32, 4, 7, 8, 10, 9, 12, 14, 15, 16, 25, 0, 1, 33, 30, 24, 20, 22];1759.0
4089.0;[30, 33, 2, 1, 3, 0, 13, 12, 26, 27, 28, 29, 25, 15, 14, 16, 24, 22, 21, 20, 31, 18, 11, 10, 9, 23, 19, 17, 32, 7, 8, 6, 4, 5];1797.0
4749.0;[8, 10, 11, 31, 26, 33, 30, 2, 3, 25, 1, 0, 13, 9, 4, 5, 6, 12, 14, 15, 16, 24, 23, 20, 21, 27, 28, 29, 22, 19, 18, 17, 32, 7];1744.0
4820.0;[21, 27, 28, 22, 26, 33, 3, 13, 4, 5, 6, 30, 2, 15, 14, 32, 7, 8, 10, 11, 31, 9, 12, 18, 17, 1, 29, 25, 0, 16, 24, 23, 19, 20];2002.0
4544.0;[1, 33, 30, 29, 22, 26, 27, 28, 20, 21, 31, 9, 4, 6, 5, 2, 3, 16, 15, 14, 25, 24, 19, 18, 11, 8, 10, 32, 7, 13, 23, 17, 12, 0];1798.0
4861.0;[5, 30, 33, 22, 26, 27, 28, 29, 0, 13, 10, 11, 31, 20, 21, 18, 12, 15, 14, 1, 2, 3, 16, 25, 24, 23, 19, 17, 32, 7, 8, 9, 4, 6];1727.0
4291.0;[9, 32, 7, 8, 18, 19, 22, 23, 24, 26, 29, 1, 3, 30, 33, 2, 5, 6, 4, 10, 17, 11, 31, 20, 21, 27, 28, 25, 16, 15, 14, 12, 0, 13];1780.0
3937.0;[28, 29, 13, 32, 7, 4, 5, 6, 2, 3, 30, 33, 0, 1, 25, 16, 15, 14, 12, 8, 10, 11, 31, 18, 21, 19, 20, 22, 23, 17, 9, 24, 26, 27];1793.0
4686.0;[17, 11, 31, 18, 19, 26, 33, 2, 3, 25, 24, 23, 20, 21, 27, 28, 29, 16, 15, 14, 12, 32, 7, 8, 10, 9, 13, 0, 1, 4, 6, 5, 30, 22];1670.0
4628.0;[32, 7, 5, 6, 4, 9, 12, 13, 20, 22, 26, 27, 28, 29, 25, 1, 3, 33, 30, 2, 0, 16, 14, 15, 24, 23, 21, 19, 17, 11, 31, 18, 8, 10];1631.0
4666.0;[27, 28, 25, 15, 16, 14, 12, 8, 10, 11, 31, 18, 21, 20, 33, 2, 4, 6, 30, 22, 23, 19, 17, 9, 13, 0, 1, 3, 24, 26, 29, 32, 7, 5];2118.0
4496.0;[32, 7, 4, 5, 6, 30, 33, 2, 24, 23, 17, 11, 31, 18, 26, 27, 28, 29, 1, 3, 16, 15, 14, 13, 0, 25, 22, 20, 21, 19, 12, 9, 8, 10];1728.0
4279.0;[12, 0, 13, 8, 10, 11, 31, 32, 7, 4, 6, 5, 30, 24, 18, 17, 9, 1, 33, 2, 3, 25, 23, 19, 20, 21, 27, 28, 29, 22, 26, 16, 15, 14];1824.0
4134.0;[11, 8, 10, 32, 9, 7, 4, 5, 6, 30, 33, 27, 28, 24, 20, 21, 29, 1, 2, 3, 19, 31, 18, 12, 14, 16, 15, 13, 0, 25, 26, 22, 23, 17];1918.0
4463.0;[4, 6, 5, 30, 29, 20, 21, 19, 31, 17, 9, 32, 7, 10, 18, 22, 26, 27, 28, 25, 13, 12, 15, 14, 16, 24, 23, 11, 8, 0, 1, 33, 2, 3];1785.0
4178.0;[19, 4, 5, 6, 12, 14, 15, 16, 25, 26, 27, 28, 24, 23, 11, 8, 9, 32, 7, 10, 31, 18, 17, 13, 0, 1, 33, 30, 2, 3, 29, 22, 21, 20];1866.0
4250.0;[21, 20, 22, 26, 27, 30, 28, 29, 25, 1, 32, 7, 8, 13, 24, 23, 19, 18, 17, 9, 4, 6, 5, 33, 2, 3, 0, 16, 14, 15, 12, 10, 11, 31];1723.0
4242.0;[7, 8, 9, 32, 5, 6, 4, 13, 1, 2, 3, 15, 16, 23, 27, 28, 25, 24, 20, 21, 31, 17, 11, 10, 12, 14, 30, 33, 19, 18, 22, 26, 29, 0];2027.0
4656.0;[5, 6, 30, 27, 28, 29, 33, 2, 3, 0, 13, 25, 24, 23, 19, 11, 10, 9, 32, 7, 8, 12, 15, 26, 22, 20, 21, 31, 18, 17, 14, 16, 1, 4];1693.0
4181.0;[1, 33, 2, 3, 10, 17, 11, 31, 18, 21, 19, 20, 22, 27, 28, 13, 12, 9, 32, 7, 8, 4, 6, 5, 30, 15, 14, 16, 24, 23, 26, 29, 25, 0];1769.0
4485.0;[13, 9, 32, 7, 8, 10, 11, 17, 18, 19, 21, 31, 20, 22, 23, 4, 5, 6, 28, 29, 25, 2, 3, 16, 15, 14, 1, 33, 30, 24, 26, 27, 0, 12];1931.0
4182.0;[25, 1, 6, 5, 30, 33, 3, 23, 24, 20, 21, 31, 17, 32, 7, 12, 11, 8, 10, 18, 19, 22, 26, 27, 28, 29, 2, 4, 9, 0, 13, 14, 15, 16];1863.0
3853.0;[4, 32, 7, 8, 9, 13, 0, 1, 3, 12, 11, 10, 18, 19, 31, 17, 14, 15, 16, 27, 28, 29, 6, 5, 30, 25, 24, 23, 21, 20, 22, 26, 33, 2];1875.0
4372.0;[18, 20, 21, 31, 17, 4, 6, 5, 2, 3, 16, 15, 14, 1, 33, 30, 29, 24, 23, 26, 22, 19, 11, 8, 12, 0, 25, 27, 28, 13, 32, 7, 9, 10];1827.0
4411.0;[26, 27, 28, 33, 2, 3, 0, 1, 30, 5, 6, 4, 32, 7, 8, 13, 24, 19, 17, 11, 31, 18, 10, 9, 12, 14, 15, 16, 21, 20, 22, 29, 25, 23];1705.0
4367.0;[32, 4, 6, 5, 33, 30, 24, 23, 19, 18, 7, 8, 10, 27, 28, 25, 17, 11, 31, 21, 20, 22, 26, 29, 16, 15, 14, 12, 13, 1, 3, 2, 0, 9];1891.0
4349.0;[32, 8, 10, 11, 31, 19, 18, 17, 9, 13, 24, 23, 12, 14, 15, 7, 4, 5, 6, 29, 26, 27, 28, 25, 0, 16, 20, 21, 22, 1, 33, 30, 2, 3];1955.0
4650.0;[18, 17, 32, 7, 8, 16, 15, 1, 33, 2, 3, 20, 21, 19, 5, 6, 30, 26, 27, 28, 25, 24, 23, 22, 29, 0, 4, 9, 13, 14, 12, 10, 11, 31];2030.0
4150.0;[27, 28, 15, 16, 14, 6, 4, 5, 30, 29, 17, 11, 10, 13, 33, 2, 32, 7, 8, 9, 12, 1, 3, 0, 25, 26, 24, 23, 20, 21, 31, 18, 19, 22];1932.0
4258.0;[19, 31, 21, 29, 1, 2, 3, 16, 15, 14, 12, 18, 17, 11, 8, 9, 10, 32, 7, 26, 27, 28, 25, 24, 23, 20, 22, 33, 30, 4, 6, 5, 0, 13];1995.0
4303.0;[17, 13, 1, 33, 2, 3, 24, 23, 21, 31, 18, 32, 7, 4, 9, 14, 15, 16, 27, 28, 29, 25, 6, 5, 30, 20, 22, 26, 0, 12, 11, 8, 10, 19];2078.0
4135.0;[32, 7, 5, 6, 14, 15, 16, 23, 19, 31, 18, 17, 11, 8, 12, 13, 2, 3, 0, 27, 28, 26, 29, 1, 25, 24, 21, 20, 22, 33, 30, 4, 9, 10];1901.0
4511.0;[16, 21, 20, 22, 29, 1, 33, 2, 4, 6, 5, 30, 26, 27, 28, 3, 0, 12, 9, 32, 7, 13, 25, 24, 23, 19, 8, 10, 11, 31, 18, 17, 14, 15];1807.0
4673.0;[23, 20, 21, 27, 28, 29, 33, 6, 5, 30, 2, 16, 15, 14, 11, 10, 31, 18, 17, 32, 7, 8, 1, 3, 25, 24, 19, 9, 4, 12, 13, 0, 26, 22];1987.0
4501.0;[33, 2, 4, 5, 6, 20, 21, 17, 10, 11, 31, 18, 9, 32, 7, 8, 12, 13, 0, 3, 16, 15, 14, 23, 24, 19, 22, 26, 27, 28, 29, 25, 1, 30];1824.0
3768.0;[11, 31, 21, 20, 27, 28, 29, 1, 3, 16, 14, 15, 12, 13, 0, 33, 2, 4, 32, 7, 8, 6, 5, 30, 24, 23, 17, 18, 19, 22, 26, 25, 10, 9];1867.0
4250.0;[16, 15, 26, 27, 28, 29, 1, 2, 3, 19, 17, 11, 10, 13, 25, 23, 22, 33, 30, 32, 7, 4, 5, 6, 8, 9, 0, 24, 20, 21, 31, 18, 12, 14];1960.0
4211.0;[33, 2, 6, 4, 32, 7, 13, 0, 1, 3, 25, 24, 23, 19, 17, 9, 5, 30, 29, 22, 20, 21, 18, 8, 10, 11, 31, 26, 27, 28, 16, 15, 14, 12];1933.0
4079.0;[32, 4, 7, 8, 14, 16, 15, 12, 10, 11, 31, 21, 20, 22, 33, 30, 6, 5, 2, 3, 0, 25, 1, 24, 19, 18, 9, 13, 26, 27, 28, 29, 23, 17];1915.0
4631.0;[6, 10, 18, 17, 11, 8, 32, 7, 9, 13, 0, 16, 25, 24, 23, 26, 22, 21, 31, 19, 20, 27, 28, 15, 14, 1, 2, 3, 33, 30, 29, 12, 4, 5];1778.0
4549.0;[23, 26, 30, 29, 22, 21, 31, 18, 17, 1, 33, 2, 3, 0, 15, 16, 14, 11, 8, 10, 9, 12, 32, 7, 4, 5, 6, 13, 25, 19, 20, 27, 28, 24];1861.0
4333.0;[30, 29, 23, 21, 20, 26, 27, 28, 1, 4, 5, 6, 2, 3, 0, 13, 15, 14, 16, 25, 24, 19, 17, 11, 10, 9, 7, 32, 8, 12, 31, 18, 22, 33];1915.0
4061.0;[6, 5, 30, 26, 22, 23, 27, 28, 29, 25, 0, 1, 33, 2, 3, 24, 19, 18, 17, 11, 31, 21, 20, 16, 15, 12, 14, 13, 9, 32, 7, 8, 10, 4];1700.0
4692.0;[20, 27, 28, 22, 21, 31, 4, 6, 5, 2, 3, 0, 1, 33, 30, 29, 26, 23, 17, 13, 9, 12, 14, 15, 16, 25, 24, 11, 32, 7, 8, 10, 18, 19];1834.0
4148.0;[2, 4, 14, 15, 20, 21, 31, 18, 32, 7, 1, 3, 0, 25, 26, 27, 29, 28, 16, 12, 10, 11, 8, 9, 13, 24, 23, 6, 5, 30, 22, 19, 17, 33];2328.0
4486.0;[14, 25, 24, 23, 19, 17, 11, 10, 9, 5, 6, 4, 32, 7, 8, 0, 30, 29, 1, 3, 33, 2, 15, 16, 27, 28, 26, 22, 21, 20, 31, 18, 13, 12];1807.0
4309.0;[26, 22, 29, 24, 21, 31, 17, 13, 1, 30, 33, 5, 6, 4, 32, 7, 8, 25, 27, 28, 16, 15, 14, 12, 11, 10, 9, 0, 2, 3, 23, 19, 18, 20];2016.0
4590.0;[13, 0, 27, 28, 29, 25, 24, 23, 17, 9, 32, 10, 11, 31, 18, 19, 21, 20, 22, 26, 1, 2, 4, 6, 5, 30, 33, 3, 15, 16, 14, 7, 8, 12];1680.0
4070.0;[10, 18, 19, 17, 32, 7, 5, 6, 4, 9, 12, 14, 13, 0, 2, 3, 15, 16, 23, 27, 28, 29, 22, 21, 31, 20, 26, 25, 1, 33, 30, 24, 11, 8];1875.0
4353.0;[33, 30, 29, 26, 27, 28, 25, 0, 14, 15, 16, 24, 23, 22, 20, 21, 19, 32, 13, 1, 2, 3, 5, 6, 4, 7, 8, 9, 12, 11, 10, 31, 18, 17];1875.0
4469.0;[7, 4, 6, 5, 26, 27, 28, 29, 33, 30, 2, 16, 14, 15, 12, 13, 20, 22, 17, 11, 10, 9, 32, 8, 0, 25, 1, 3, 24, 23, 19, 21, 31, 18];1820.0
4612.0;[6, 4, 5, 2, 3, 0, 25, 27, 28, 26, 22, 20, 21, 19, 17, 9, 13, 1, 33, 30, 29, 24, 23, 14, 16, 15, 12, 32, 7, 8, 10, 11, 31, 18];1735.0
4559.0;[5, 6, 9, 13, 1, 30, 33, 2, 3, 0, 14, 15, 16, 29, 26, 27, 28, 21, 19, 20, 31, 11, 8, 10, 12, 25, 22, 24, 23, 18, 17, 32, 7, 4];1841.0
4551.0;[32, 4, 7, 8, 9, 13, 20, 21, 27, 16, 15, 14, 1, 33, 2, 3, 6, 5, 30, 28, 29, 25, 19, 31, 18, 11, 10, 12, 0, 24, 23, 26, 22, 17];1980.0
4383.0;[22, 23, 20, 21, 19, 31, 18, 17, 10, 9, 4, 6, 5, 30, 15, 14, 12, 32, 7, 13, 16, 0, 25, 24, 11, 8, 27, 28, 33, 2, 3, 1, 29, 26];1838.0
4161.0;[16, 27, 28, 22, 26, 29, 25, 30, 33, 2, 4, 5, 6, 15, 14, 23, 19, 17, 11, 8, 1, 3, 24, 20, 21, 31, 18, 10, 9, 32, 7, 12, 13, 0];1891.0
1612.0;[5, 6, 32, 7, 12, 14, 15, 16, 26, 27, 28, 29, 22, 19, 17, 11, 8, 10, 9, 1, 33, 30, 2, 3, 0, 13, 25, 24, 23, 20, 21, 31, 18, 4]
