ry48p
59009.0;[28, 10, 26, 18, 36, 16, 42, 31, 23, 9, 34, 44, 3, 25, 1, 15, 21, 0, 8, 39, 14, 11, 17, 27, 29, 5, 43, 30, 37, 7, 22, 13, 33, 40, 2, 24, 38, 20, 12, 46, 19, 32, 35, 6, 45, 47, 4, 41];21013.0
49862.0;[1, 3, 25, 44, 34, 47, 24, 12, 33, 40, 2, 21, 15, 7, 0, 37, 8, 39, 14, 27, 36, 42, 19, 46, 20, 11, 32, 17, 6, 16, 26, 18, 5, 29, 35, 43, 30, 45, 10, 22, 13, 4, 41, 9, 23, 31, 38, 28];18022.0
44489.0;[25, 38, 42, 16, 26, 18, 36, 5, 29, 35, 43, 6, 27, 17, 30, 8, 0, 37, 7, 15, 33, 13, 24, 12, 46, 10, 39, 21, 40, 2, 11, 20, 31, 23, 9, 34, 44, 41, 28, 4, 47, 19, 32, 45, 14, 22, 1, 3];19995.0
50458.0;[1, 28, 40, 15, 7, 37, 5, 16, 26, 18, 36, 42, 29, 11, 46, 19, 20, 38, 31, 23, 9, 44, 34, 47, 33, 21, 2, 13, 12, 22, 0, 8, 39, 14, 35, 6, 27, 17, 43, 30, 45, 32, 10, 24, 4, 41, 3, 25];18701.0
58586.0;[14, 39, 21, 15, 7, 0, 8, 37, 30, 42, 16, 26, 36, 18, 5, 4, 3, 25, 1, 28, 33, 40, 2, 13, 24, 47, 23, 9, 44, 34, 41, 38, 31, 11, 32, 45, 35, 43, 17, 6, 27, 29, 19, 46, 20, 12, 10, 22];19495.0
55012.0;[23, 44, 34, 3, 1, 28, 41, 9, 25, 4, 15, 21, 8, 43, 16, 26, 18, 36, 42, 20, 12, 22, 2, 40, 33, 13, 24, 38, 47, 31, 10, 39, 0, 7, 37, 30, 14, 11, 32, 45, 35, 6, 17, 27, 5, 29, 19, 46];19774.0
55397.0;[46, 20, 38, 31, 47, 24, 39, 0, 8, 43, 35, 26, 16, 42, 29, 30, 37, 7, 15, 40, 28, 4, 33, 13, 12, 22, 10, 6, 17, 27, 36, 18, 5, 14, 21, 2, 41, 23, 9, 44, 34, 25, 3, 1, 11, 32, 45, 19];20162.0
51599.0;[42, 16, 26, 18, 36, 5, 43, 30, 14, 10, 22, 33, 40, 15, 7, 0, 28, 41, 44, 34, 23, 20, 35, 6, 17, 45, 32, 11, 37, 8, 39, 21, 2, 13, 24, 12, 31, 38, 47, 9, 25, 3, 1, 4, 46, 19, 27, 29];19685.0
56655.0;[47, 38, 16, 26, 18, 5, 42, 29, 35, 6, 43, 17, 27, 36, 30, 7, 0, 15, 40, 1, 25, 3, 44, 34, 41, 4, 28, 33, 2, 11, 14, 37, 45, 32, 19, 46, 20, 12, 10, 39, 8, 21, 22, 13, 24, 31, 23, 9];19191.0
56770.0;[16, 26, 18, 36, 42, 20, 12, 31, 23, 9, 3, 25, 34, 44, 41, 40, 15, 2, 13, 24, 38, 47, 4, 1, 28, 33, 8, 0, 7, 21, 46, 19, 32, 45, 37, 39, 10, 22, 11, 14, 30, 43, 17, 35, 6, 27, 29, 5];18611.0
58211.0;[41, 25, 3, 1, 40, 15, 8, 39, 14, 43, 17, 35, 6, 27, 36, 42, 45, 32, 37, 30, 29, 5, 11, 10, 46, 19, 16, 26, 18, 20, 31, 38, 9, 44, 34, 23, 47, 4, 28, 33, 2, 21, 7, 0, 22, 12, 24, 13];20628.0
52491.0;[42, 19, 46, 20, 31, 23, 9, 34, 44, 47, 38, 33, 2, 13, 12, 24, 4, 41, 3, 25, 1, 28, 40, 15, 21, 8, 39, 14, 11, 32, 45, 37, 7, 0, 35, 29, 36, 18, 5, 17, 43, 30, 22, 10, 6, 27, 16, 26];18759.0
55127.0;[35, 37, 7, 21, 28, 41, 23, 9, 25, 1, 33, 0, 8, 30, 43, 17, 45, 32, 11, 46, 19, 26, 18, 16, 42, 29, 5, 14, 10, 22, 2, 15, 40, 3, 34, 44, 38, 20, 12, 24, 31, 4, 47, 13, 39, 6, 27, 36];21157.0
58263.0;[17, 29, 36, 42, 16, 26, 18, 5, 6, 27, 32, 19, 46, 38, 31, 23, 9, 44, 34, 3, 1, 25, 41, 47, 24, 13, 10, 39, 8, 30, 37, 7, 0, 15, 21, 2, 22, 12, 20, 14, 11, 33, 40, 28, 4, 45, 35, 43];18119.0
48378.0;[1, 3, 34, 44, 23, 47, 4, 40, 15, 37, 30, 26, 18, 36, 27, 17, 6, 35, 43, 19, 46, 13, 24, 2, 21, 7, 0, 8, 39, 14, 45, 32, 10, 22, 12, 31, 38, 9, 25, 41, 20, 16, 42, 29, 5, 11, 33, 28];20251.0
61578.0;[16, 26, 18, 36, 19, 47, 23, 34, 44, 25, 3, 9, 41, 4, 2, 8, 45, 32, 15, 21, 39, 6, 17, 27, 5, 14, 40, 1, 28, 13, 24, 12, 22, 10, 11, 46, 20, 31, 38, 33, 0, 7, 37, 43, 30, 35, 29, 42];20622.0
49951.0;[4, 1, 25, 3, 44, 34, 9, 41, 23, 47, 12, 42, 29, 35, 6, 17, 30, 37, 7, 0, 43, 16, 26, 18, 5, 36, 27, 10, 22, 2, 21, 33, 40, 15, 8, 39, 14, 32, 45, 11, 46, 19, 20, 31, 38, 24, 13, 28];18721.0
51407.0;[5, 16, 26, 18, 36, 42, 20, 31, 23, 9, 34, 44, 47, 38, 11, 17, 6, 27, 35, 43, 30, 7, 8, 0, 15, 21, 2, 40, 33, 28, 1, 25, 3, 41, 4, 13, 24, 12, 22, 10, 46, 19, 32, 45, 37, 39, 14, 29];18456.0
50220.0;[23, 9, 44, 34, 25, 3, 1, 33, 39, 14, 11, 27, 36, 18, 16, 26, 42, 29, 5, 43, 8, 15, 40, 2, 21, 7, 0, 37, 30, 35, 6, 17, 45, 32, 19, 46, 20, 12, 10, 22, 13, 28, 4, 41, 47, 24, 38, 31];17337.0
57354.0;[1, 3, 25, 41, 47, 4, 28, 33, 10, 6, 17, 27, 45, 14, 22, 12, 13, 24, 11, 32, 19, 46, 38, 31, 20, 26, 18, 5, 36, 16, 42, 29, 35, 43, 30, 37, 39, 8, 0, 9, 44, 34, 23, 2, 21, 7, 15, 40];20811.0
55283.0;[20, 44, 34, 3, 25, 1, 28, 4, 47, 41, 23, 9, 31, 38, 33, 40, 15, 21, 37, 43, 6, 17, 45, 32, 14, 39, 8, 0, 7, 30, 27, 36, 29, 35, 19, 46, 10, 12, 24, 13, 22, 2, 11, 5, 42, 16, 26, 18];19113.0
56319.0;[25, 3, 34, 44, 41, 4, 47, 38, 20, 46, 19, 45, 32, 11, 14, 39, 8, 0, 21, 7, 30, 27, 36, 18, 16, 26, 29, 5, 42, 28, 1, 40, 15, 17, 35, 6, 43, 37, 2, 33, 13, 22, 10, 12, 24, 31, 23, 9];19434.0
51997.0;[3, 9, 34, 44, 23, 31, 20, 46, 10, 11, 32, 45, 14, 39, 37, 8, 7, 0, 21, 15, 40, 28, 4, 47, 24, 12, 19, 16, 26, 18, 5, 6, 17, 43, 30, 27, 36, 42, 29, 35, 22, 2, 33, 13, 38, 41, 1, 25];18103.0
57362.0;[22, 1, 3, 25, 34, 44, 9, 23, 41, 28, 15, 21, 7, 37, 27, 26, 42, 16, 18, 5, 43, 30, 8, 0, 2, 13, 24, 12, 46, 19, 35, 29, 36, 20, 31, 38, 11, 14, 32, 45, 10, 47, 4, 33, 40, 39, 6, 17];21181.0
54825.0;[33, 35, 27, 5, 43, 37, 30, 14, 11, 10, 22, 13, 47, 28, 1, 41, 9, 23, 44, 34, 3, 25, 29, 42, 16, 26, 36, 18, 46, 20, 19, 32, 6, 17, 45, 2, 40, 15, 21, 7, 0, 8, 39, 24, 12, 38, 31, 4];21013.0
53722.0;[44, 34, 3, 25, 41, 1, 28, 40, 2, 33, 13, 24, 20, 31, 38, 9, 23, 4, 47, 12, 10, 22, 46, 16, 26, 42, 29, 5, 27, 6, 17, 43, 30, 7, 0, 15, 21, 8, 45, 14, 11, 19, 32, 18, 36, 35, 37, 39];19823.0
49367.0;[11, 24, 4, 28, 33, 40, 7, 37, 30, 43, 35, 29, 5, 6, 17, 45, 32, 10, 22, 12, 31, 23, 9, 34, 44, 25, 3, 1, 41, 47, 38, 20, 46, 19, 42, 16, 26, 18, 36, 27, 8, 0, 15, 21, 2, 13, 39, 14];17748.0
50435.0;[9, 34, 44, 25, 3, 1, 4, 47, 38, 31, 20, 24, 12, 19, 16, 26, 42, 29, 27, 14, 11, 8, 39, 0, 21, 2, 22, 13, 28, 41, 23, 10, 45, 32, 6, 17, 35, 43, 30, 37, 7, 15, 40, 33, 36, 5, 18, 46];20932.0
56908.0;[27, 9, 34, 44, 23, 6, 17, 35, 43, 30, 14, 11, 45, 32, 10, 12, 24, 13, 4, 47, 28, 33, 2, 22, 8, 39, 37, 7, 0, 15, 21, 40, 1, 3, 25, 41, 38, 31, 20, 46, 19, 16, 26, 18, 36, 5, 42, 29];20598.0
56076.0;[45, 41, 3, 25, 34, 44, 9, 23, 31, 6, 27, 17, 26, 18, 36, 29, 5, 22, 13, 24, 12, 19, 16, 42, 30, 37, 14, 32, 11, 46, 10, 33, 40, 2, 21, 7, 8, 39, 0, 15, 28, 1, 4, 47, 38, 20, 35, 43];21669.0
51955.0;[0, 15, 40, 2, 21, 7, 37, 39, 14, 10, 22, 47, 23, 9, 44, 34, 25, 3, 1, 41, 4, 20, 16, 42, 19, 46, 31, 38, 12, 24, 13, 28, 33, 11, 32, 45, 30, 35, 6, 17, 27, 29, 26, 18, 36, 5, 43, 8];18946.0
59079.0;[43, 42, 16, 18, 26, 19, 46, 31, 23, 9, 47, 4, 28, 33, 2, 15, 21, 40, 1, 44, 34, 3, 25, 41, 38, 29, 36, 5, 27, 6, 17, 35, 45, 32, 11, 14, 39, 10, 12, 20, 24, 13, 22, 37, 7, 0, 8, 30];19383.0
50929.0;[9, 44, 34, 3, 25, 41, 19, 16, 26, 18, 36, 27, 17, 37, 7, 0, 8, 39, 14, 46, 20, 12, 13, 24, 33, 40, 15, 21, 2, 32, 45, 35, 6, 22, 1, 28, 4, 38, 31, 10, 11, 42, 29, 5, 43, 30, 47, 23];20865.0
59393.0;[3, 25, 9, 34, 44, 23, 41, 28, 33, 13, 16, 26, 18, 36, 27, 17, 6, 30, 37, 8, 39, 10, 22, 12, 20, 19, 46, 14, 11, 32, 45, 42, 29, 5, 35, 43, 0, 21, 7, 15, 40, 2, 24, 31, 38, 47, 4, 1];18063.0
57199.0;[29, 36, 42, 16, 26, 18, 5, 10, 22, 13, 24, 2, 7, 0, 8, 39, 1, 25, 3, 34, 44, 23, 9, 41, 40, 15, 21, 45, 6, 17, 35, 19, 11, 46, 20, 12, 31, 38, 47, 4, 28, 33, 37, 43, 30, 14, 32, 27];19553.0
48408.0;[35, 43, 40, 33, 28, 1, 34, 44, 23, 9, 41, 4, 47, 24, 13, 31, 38, 3, 25, 15, 37, 6, 17, 30, 7, 0, 8, 32, 45, 39, 21, 2, 11, 42, 29, 5, 16, 26, 18, 36, 27, 19, 46, 20, 12, 22, 10, 14];20898.0
51214.0;[1, 3, 25, 34, 44, 26, 18, 16, 42, 29, 35, 43, 30, 37, 7, 0, 15, 21, 22, 13, 24, 38, 31, 23, 9, 41, 4, 47, 33, 40, 2, 14, 32, 11, 19, 46, 20, 12, 10, 39, 8, 45, 17, 6, 27, 36, 5, 28];19391.0
55018.0;[1, 28, 40, 7, 37, 30, 17, 6, 27, 36, 42, 16, 26, 8, 0, 15, 2, 13, 24, 31, 23, 9, 34, 44, 41, 38, 20, 12, 11, 32, 45, 35, 29, 18, 5, 43, 14, 10, 22, 46, 19, 39, 21, 33, 47, 4, 3, 25];19427.0
53401.0;[41, 34, 44, 23, 31, 20, 29, 36, 16, 42, 17, 35, 6, 27, 26, 18, 5, 14, 10, 22, 13, 45, 43, 30, 38, 47, 9, 25, 3, 1, 28, 33, 40, 2, 39, 8, 37, 7, 0, 15, 21, 11, 32, 19, 46, 12, 24, 4];19668.0
54754.0;[25, 3, 41, 1, 28, 40, 15, 21, 2, 22, 13, 24, 12, 20, 38, 47, 4, 33, 7, 37, 35, 29, 36, 42, 16, 26, 18, 5, 6, 27, 17, 43, 30, 14, 11, 46, 10, 39, 0, 8, 45, 32, 19, 31, 23, 9, 34, 44];17232.0
53809.0;[23, 9, 34, 44, 1, 28, 33, 39, 0, 8, 45, 32, 19, 20, 38, 41, 3, 25, 4, 47, 24, 11, 26, 18, 16, 42, 36, 29, 5, 37, 7, 21, 15, 40, 2, 13, 12, 22, 46, 10, 14, 30, 43, 6, 27, 17, 35, 31];19832.0
56648.0;[1, 41, 44, 34, 3, 25, 9, 23, 31, 5, 42, 29, 35, 11, 33, 2, 21, 15, 40, 13, 12, 46, 10, 39, 8, 0, 37, 7, 30, 43, 6, 17, 45, 32, 19, 38, 47, 4, 28, 24, 20, 16, 26, 18, 36, 27, 14, 22];20677.0
52459.0;[11, 14, 43, 30, 37, 7, 0, 8, 35, 18, 36, 42, 16, 26, 19, 31, 44, 34, 25, 3, 9, 23, 47, 38, 29, 5, 6, 27, 17, 45, 32, 10, 4, 41, 1, 28, 33, 40, 2, 15, 21, 39, 22, 13, 24, 12, 20, 46];19671.0
53903.0;[46, 19, 26, 18, 16, 42, 29, 35, 43, 30, 37, 14, 32, 17, 27, 5, 36, 6, 45, 11, 2, 39, 21, 7, 8, 0, 15, 40, 1, 3, 25, 41, 47, 38, 33, 13, 24, 4, 28, 22, 10, 12, 20, 31, 23, 9, 34, 44];19816.0
59369.0;[40, 11, 32, 45, 30, 35, 43, 37, 8, 0, 7, 15, 21, 2, 39, 10, 14, 27, 36, 42, 16, 29, 19, 46, 47, 41, 25, 3, 34, 44, 23, 9, 24, 13, 22, 12, 20, 31, 38, 28, 1, 4, 26, 18, 5, 6, 17, 33];20812.0
56085.0;[31, 23, 9, 34, 44, 25, 41, 3, 1, 28, 33, 13, 46, 11, 14, 10, 22, 12, 24, 4, 47, 38, 20, 19, 29, 42, 16, 26, 17, 35, 6, 43, 30, 37, 2, 40, 15, 21, 0, 7, 8, 39, 45, 32, 27, 36, 18, 5];18890.0
55662.0;[42, 16, 26, 18, 36, 27, 17, 11, 9, 34, 44, 23, 31, 38, 20, 29, 5, 43, 8, 39, 0, 15, 21, 7, 37, 30, 35, 6, 45, 32, 14, 10, 22, 2, 40, 1, 3, 25, 41, 47, 4, 28, 33, 13, 24, 12, 46, 19];19044.0
60623.0;[3, 25, 34, 44, 23, 31, 20, 16, 42, 18, 26, 36, 5, 27, 10, 22, 13, 4, 41, 1, 28, 33, 40, 15, 8, 0, 7, 21, 2, 24, 12, 46, 19, 14, 11, 32, 6, 17, 29, 35, 43, 30, 45, 37, 39, 38, 47, 9];19086.0
56555.0;[28, 1, 3, 25, 44, 34, 9, 11, 43, 42, 16, 26, 18, 36, 30, 7, 21, 2, 15, 8, 35, 29, 5, 27, 14, 0, 37, 32, 19, 46, 24, 13, 22, 33, 40, 4, 47, 38, 20, 31, 41, 23, 12, 10, 39, 6, 17, 45];22122.0
55726.0;[39, 14, 6, 5, 16, 42, 18, 26, 43, 30, 8, 15, 40, 28, 41, 34, 44, 3, 25, 1, 33, 13, 0, 37, 7, 21, 2, 46, 19, 32, 45, 17, 35, 12, 24, 4, 47, 9, 23, 31, 38, 20, 29, 36, 27, 11, 10, 22];20746.0
56231.0;[3, 1, 40, 15, 21, 7, 0, 8, 37, 43, 17, 27, 18, 26, 16, 42, 6, 10, 22, 2, 13, 12, 46, 19, 20, 31, 23, 9, 44, 34, 41, 4, 28, 33, 39, 30, 45, 32, 11, 38, 47, 24, 14, 35, 29, 36, 5, 25];21391.0
50252.0;[34, 44, 25, 3, 24, 13, 20, 12, 22, 10, 39, 0, 8, 27, 42, 16, 26, 18, 5, 43, 30, 37, 7, 15, 21, 2, 11, 14, 32, 45, 6, 17, 19, 46, 38, 47, 4, 33, 40, 28, 1, 41, 23, 31, 29, 36, 35, 9];20643.0
57628.0;[16, 42, 26, 18, 27, 17, 19, 46, 31, 9, 44, 34, 3, 25, 41, 23, 47, 38, 20, 45, 35, 43, 0, 15, 40, 24, 12, 10, 14, 11, 32, 30, 8, 39, 33, 28, 1, 4, 13, 22, 2, 21, 7, 37, 6, 29, 36, 5];19198.0
45952.0;[5, 1, 3, 25, 9, 41, 28, 40, 45, 6, 17, 35, 43, 8, 15, 21, 0, 7, 37, 14, 32, 19, 46, 10, 22, 2, 33, 13, 24, 12, 11, 42, 29, 36, 18, 27, 30, 39, 4, 47, 38, 31, 23, 44, 34, 20, 16, 26];22233.0
54910.0;[2, 21, 15, 0, 7, 45, 37, 8, 39, 14, 35, 6, 43, 30, 18, 26, 16, 42, 29, 19, 46, 20, 12, 22, 13, 33, 40, 28, 1, 44, 34, 3, 25, 41, 47, 4, 10, 32, 17, 27, 36, 5, 11, 31, 23, 9, 38, 24];19520.0
58611.0;[43, 29, 5, 36, 42, 16, 26, 18, 27, 19, 46, 10, 20, 12, 22, 13, 24, 47, 4, 41, 3, 9, 23, 31, 38, 2, 39, 14, 32, 11, 45, 35, 6, 17, 30, 7, 0, 21, 15, 40, 33, 28, 1, 25, 34, 44, 8, 37];19588.0
55501.0;[9, 34, 44, 25, 3, 1, 28, 4, 47, 38, 31, 20, 42, 16, 29, 35, 45, 32, 6, 27, 17, 30, 37, 7, 0, 39, 10, 22, 13, 24, 12, 46, 19, 26, 18, 36, 5, 43, 14, 11, 8, 15, 21, 2, 33, 40, 41, 23];17735.0
60675.0;[42, 16, 26, 18, 36, 35, 19, 46, 23, 34, 44, 3, 25, 9, 41, 47, 24, 13, 10, 11, 14, 39, 0, 37, 43, 6, 30, 8, 2, 33, 40, 15, 21, 7, 29, 5, 27, 17, 45, 32, 12, 20, 31, 38, 4, 28, 1, 22];20233.0
51265.0;[5, 31, 23, 9, 34, 44, 3, 25, 41, 47, 38, 45, 35, 6, 43, 30, 14, 10, 22, 13, 33, 40, 15, 21, 39, 36, 18, 26, 16, 42, 19, 46, 20, 12, 24, 4, 1, 28, 2, 11, 32, 17, 27, 37, 8, 7, 0, 29];20590.0
57346.0;[44, 34, 3, 25, 20, 42, 16, 26, 18, 5, 17, 45, 32, 19, 11, 46, 10, 14, 37, 7, 0, 8, 39, 22, 2, 13, 12, 35, 29, 36, 27, 6, 43, 30, 21, 15, 40, 33, 28, 41, 1, 4, 47, 24, 38, 31, 9, 23];19703.0
45500.0;[36, 42, 16, 26, 18, 5, 29, 43, 30, 22, 13, 4, 28, 1, 3, 25, 41, 40, 2, 15, 21, 7, 0, 9, 34, 44, 23, 39, 37, 8, 33, 47, 38, 31, 20, 46, 19, 32, 45, 14, 10, 12, 24, 11, 35, 6, 17, 27];20322.0
53157.0;[1, 3, 25, 9, 23, 31, 38, 47, 4, 28, 41, 44, 34, 33, 40, 15, 21, 0, 7, 37, 14, 20, 46, 19, 26, 18, 5, 6, 17, 43, 30, 27, 36, 16, 42, 29, 35, 45, 32, 11, 8, 39, 2, 13, 10, 22, 12, 24];18277.0
52795.0;[23, 9, 3, 25, 34, 44, 41, 1, 28, 4, 47, 33, 40, 15, 21, 7, 0, 8, 39, 2, 13, 12, 22, 11, 14, 32, 17, 45, 10, 24, 31, 38, 20, 46, 29, 42, 16, 26, 18, 36, 5, 43, 30, 37, 6, 27, 35, 19];18386.0
53035.0;[34, 44, 23, 4, 47, 31, 42, 16, 26, 18, 5, 36, 29, 27, 6, 17, 35, 19, 28, 1, 25, 3, 9, 38, 20, 12, 22, 2, 21, 40, 15, 7, 37, 45, 32, 14, 11, 46, 24, 13, 10, 43, 30, 39, 8, 0, 33, 41];20346.0
50724.0;[22, 2, 21, 40, 15, 39, 8, 0, 7, 37, 30, 6, 27, 36, 18, 5, 17, 35, 43, 42, 16, 26, 29, 19, 46, 20, 12, 24, 31, 23, 9, 34, 44, 41, 28, 33, 13, 4, 38, 47, 1, 3, 25, 11, 14, 32, 45, 10];18765.0
53882.0;[9, 44, 34, 25, 3, 1, 28, 40, 15, 21, 2, 39, 10, 13, 22, 24, 12, 46, 31, 38, 20, 29, 42, 16, 26, 18, 36, 5, 6, 27, 17, 35, 19, 47, 23, 41, 4, 33, 0, 7, 8, 37, 30, 43, 32, 45, 14, 11];19859.0
57616.0;[23, 9, 44, 34, 3, 25, 38, 31, 20, 14, 27, 26, 18, 36, 35, 6, 12, 33, 40, 2, 11, 16, 42, 29, 5, 17, 45, 37, 7, 0, 8, 39, 15, 21, 10, 46, 19, 32, 43, 30, 22, 13, 24, 4, 47, 28, 1, 41];19319.0
57650.0;[1, 3, 25, 33, 15, 21, 7, 37, 8, 30, 27, 36, 16, 42, 29, 35, 43, 17, 6, 5, 26, 18, 31, 23, 9, 34, 44, 41, 4, 28, 47, 38, 19, 45, 32, 11, 14, 39, 0, 10, 12, 46, 20, 24, 13, 22, 2, 40];19879.0
45795.0;[42, 16, 26, 18, 36, 27, 17, 35, 6, 43, 14, 9, 34, 44, 3, 25, 1, 0, 7, 8, 39, 11, 46, 20, 31, 38, 13, 10, 22, 2, 21, 15, 40, 33, 28, 41, 23, 4, 47, 24, 12, 19, 32, 45, 37, 30, 29, 5];19097.0
48932.0;[28, 40, 39, 8, 27, 16, 42, 18, 26, 36, 6, 30, 37, 7, 0, 15, 21, 2, 13, 22, 12, 24, 38, 31, 23, 9, 34, 44, 3, 25, 41, 4, 33, 10, 11, 14, 43, 35, 29, 5, 17, 45, 32, 19, 46, 20, 47, 1];17850.0
53269.0;[9, 3, 25, 34, 44, 31, 16, 26, 18, 5, 6, 43, 30, 17, 27, 36, 42, 29, 35, 32, 45, 37, 8, 39, 14, 11, 10, 22, 12, 24, 47, 38, 20, 46, 19, 0, 7, 15, 21, 2, 13, 4, 28, 33, 40, 1, 41, 23];18275.0
53957.0;[23, 44, 9, 34, 3, 25, 41, 1, 28, 24, 12, 10, 11, 32, 45, 37, 7, 0, 8, 43, 35, 6, 17, 29, 36, 27, 14, 22, 13, 4, 47, 31, 38, 20, 46, 19, 26, 18, 5, 16, 42, 30, 39, 21, 2, 15, 40, 33];18298.0
54379.0;[9, 34, 44, 3, 25, 1, 28, 33, 42, 16, 26, 18, 36, 35, 19, 46, 20, 29, 5, 27, 11, 12, 24, 13, 22, 2, 21, 7, 0, 15, 40, 4, 47, 38, 31, 10, 39, 8, 37, 30, 14, 32, 43, 6, 17, 45, 41, 23];20148.0
54124.0;[11, 32, 42, 16, 26, 18, 5, 43, 30, 37, 8, 0, 7, 15, 21, 2, 33, 13, 24, 4, 47, 38, 20, 12, 10, 39, 14, 40, 28, 1, 3, 25, 9, 41, 22, 45, 17, 27, 29, 36, 35, 6, 19, 46, 31, 23, 34, 44];20006.0
55226.0;[19, 46, 20, 24, 12, 11, 32, 10, 22, 2, 40, 21, 15, 8, 7, 0, 37, 6, 17, 29, 5, 38, 47, 44, 34, 25, 3, 1, 13, 27, 36, 18, 16, 26, 42, 31, 23, 9, 41, 4, 28, 33, 39, 14, 35, 43, 30, 45];21469.0
51305.0;[12, 24, 4, 41, 23, 31, 20, 29, 42, 16, 26, 36, 18, 5, 35, 6, 27, 17, 45, 32, 39, 14, 11, 22, 1, 25, 3, 34, 44, 9, 28, 15, 21, 2, 13, 47, 38, 33, 40, 7, 0, 8, 37, 30, 43, 19, 46, 10];19786.0
57670.0;[1, 41, 44, 34, 3, 25, 9, 23, 31, 42, 16, 26, 18, 36, 29, 5, 43, 30, 7, 21, 2, 33, 13, 10, 14, 19, 46, 20, 12, 22, 38, 24, 11, 32, 45, 17, 35, 6, 27, 37, 8, 39, 0, 15, 40, 47, 4, 28];18362.0
55070.0;[31, 16, 26, 42, 29, 36, 18, 5, 27, 17, 35, 6, 43, 30, 45, 37, 7, 8, 0, 15, 21, 2, 11, 19, 46, 24, 4, 47, 41, 23, 9, 34, 44, 38, 20, 39, 14, 32, 10, 12, 22, 13, 33, 40, 28, 1, 25, 3];18747.0
51356.0;[28, 1, 3, 25, 47, 24, 29, 5, 26, 18, 16, 42, 36, 27, 6, 43, 30, 17, 35, 45, 32, 39, 8, 2, 13, 38, 31, 23, 9, 34, 44, 41, 4, 22, 12, 10, 11, 14, 0, 7, 37, 19, 46, 20, 33, 40, 15, 21];19252.0
49611.0;[25, 33, 39, 8, 37, 30, 27, 16, 26, 18, 36, 42, 29, 5, 17, 45, 32, 11, 14, 43, 35, 6, 19, 46, 20, 31, 4, 38, 47, 9, 23, 41, 28, 24, 13, 10, 12, 22, 2, 21, 7, 0, 15, 40, 1, 44, 34, 3];18738.0
58541.0;[34, 44, 9, 38, 18, 26, 36, 5, 45, 32, 10, 13, 22, 39, 0, 8, 35, 6, 17, 21, 15, 7, 37, 30, 43, 16, 42, 29, 27, 19, 46, 20, 12, 31, 23, 41, 4, 47, 24, 14, 11, 2, 33, 40, 28, 1, 25, 3];20550.0
52694.0;[39, 8, 45, 37, 7, 0, 15, 21, 2, 33, 40, 28, 4, 47, 38, 24, 12, 10, 11, 14, 32, 19, 46, 31, 23, 44, 34, 41, 20, 29, 27, 36, 42, 16, 26, 18, 5, 9, 25, 3, 1, 13, 22, 17, 35, 6, 43, 30];20317.0
54628.0;[23, 9, 3, 25, 4, 33, 8, 39, 37, 43, 35, 6, 27, 5, 26, 18, 36, 29, 44, 34, 47, 24, 11, 32, 45, 30, 17, 19, 46, 31, 38, 12, 10, 14, 22, 13, 2, 21, 7, 0, 15, 40, 28, 1, 41, 20, 16, 42];23521.0
53803.0;[16, 26, 36, 18, 5, 42, 29, 43, 30, 37, 8, 0, 7, 21, 15, 40, 2, 13, 12, 22, 10, 39, 14, 11, 33, 28, 1, 47, 31, 38, 32, 45, 35, 27, 6, 17, 19, 46, 20, 24, 4, 41, 23, 9, 25, 3, 34, 44];19288.0
49110.0;[33, 8, 0, 37, 7, 21, 15, 40, 2, 22, 10, 39, 14, 45, 32, 19, 28, 1, 25, 3, 9, 41, 13, 12, 35, 29, 27, 17, 6, 43, 30, 46, 31, 38, 20, 16, 42, 26, 18, 36, 5, 11, 24, 4, 47, 23, 44, 34];21622.0
62001.0;[1, 9, 44, 34, 3, 25, 41, 20, 42, 16, 26, 19, 46, 38, 31, 23, 47, 4, 29, 36, 18, 5, 43, 30, 37, 7, 0, 15, 21, 33, 13, 24, 12, 22, 10, 11, 32, 45, 35, 27, 6, 17, 14, 8, 39, 2, 40, 28];19277.0
52777.0;[31, 23, 9, 25, 3, 41, 20, 29, 27, 17, 30, 37, 7, 21, 2, 13, 24, 39, 0, 15, 40, 1, 34, 44, 38, 46, 19, 32, 45, 35, 6, 14, 10, 22, 12, 11, 42, 16, 26, 36, 18, 5, 43, 8, 33, 28, 4, 47];21233.0
47642.0;[36, 2, 40, 15, 21, 7, 0, 8, 39, 14, 10, 24, 47, 4, 33, 11, 17, 45, 32, 19, 46, 12, 38, 31, 23, 9, 3, 25, 41, 1, 28, 13, 6, 27, 35, 43, 30, 37, 22, 44, 34, 20, 29, 5, 42, 16, 26, 18];21737.0
54922.0;[31, 9, 3, 25, 34, 44, 38, 20, 12, 11, 14, 10, 22, 46, 19, 16, 26, 18, 27, 37, 15, 40, 1, 41, 23, 47, 24, 35, 29, 36, 5, 42, 6, 17, 33, 28, 4, 13, 39, 0, 8, 43, 30, 7, 21, 2, 45, 32];22376.0
51470.0;[1, 3, 25, 41, 28, 4, 47, 38, 20, 10, 14, 11, 35, 27, 36, 29, 5, 6, 17, 30, 7, 15, 21, 2, 40, 33, 9, 34, 44, 23, 31, 46, 19, 32, 45, 37, 43, 42, 16, 26, 18, 39, 0, 8, 22, 12, 24, 13];19280.0
51502.0;[46, 3, 25, 1, 28, 40, 15, 21, 7, 0, 8, 30, 26, 18, 16, 42, 29, 5, 36, 27, 17, 14, 39, 2, 33, 13, 12, 22, 24, 4, 41, 47, 38, 31, 23, 9, 34, 44, 20, 10, 11, 32, 45, 37, 43, 35, 6, 19];19479.0
47972.0;[17, 27, 6, 5, 18, 26, 36, 16, 42, 29, 11, 22, 2, 13, 12, 24, 4, 25, 3, 44, 34, 9, 47, 38, 46, 19, 32, 45, 37, 14, 39, 10, 20, 31, 23, 41, 1, 28, 33, 40, 15, 21, 7, 0, 8, 30, 35, 43];18110.0
49514.0;[11, 32, 45, 16, 42, 29, 5, 18, 26, 36, 27, 37, 8, 39, 0, 7, 15, 40, 33, 47, 4, 1, 28, 13, 22, 2, 21, 6, 17, 35, 43, 30, 14, 10, 19, 46, 20, 31, 23, 3, 25, 34, 44, 9, 41, 38, 12, 24];18137.0
56189.0;[1, 25, 34, 3, 44, 23, 9, 41, 38, 31, 42, 16, 26, 5, 14, 10, 22, 13, 24, 12, 20, 46, 30, 37, 7, 0, 15, 40, 2, 21, 45, 32, 11, 47, 4, 33, 39, 8, 43, 18, 36, 6, 17, 27, 29, 35, 19, 28];20714.0
54824.0;[23, 9, 34, 44, 16, 42, 29, 35, 28, 1, 3, 25, 41, 4, 33, 39, 14, 43, 6, 5, 26, 18, 36, 27, 17, 45, 32, 30, 8, 0, 37, 7, 21, 15, 40, 2, 13, 24, 12, 22, 10, 11, 46, 19, 20, 31, 38, 47];19829.0
49768.0;[18, 36, 5, 27, 37, 8, 30, 6, 17, 45, 9, 34, 44, 23, 4, 2, 21, 42, 29, 35, 43, 39, 0, 7, 15, 40, 33, 28, 1, 41, 47, 38, 20, 12, 24, 13, 22, 46, 19, 32, 11, 14, 10, 3, 25, 31, 16, 26];22511.0
54357.0;[18, 26, 36, 5, 43, 30, 37, 7, 0, 8, 39, 15, 21, 2, 13, 47, 41, 9, 3, 25, 34, 44, 23, 24, 22, 10, 35, 6, 16, 42, 29, 27, 17, 45, 32, 19, 14, 11, 46, 20, 12, 38, 31, 4, 33, 40, 28, 1];19590.0
51772.0;[4, 14, 35, 36, 29, 5, 6, 43, 30, 8, 37, 7, 0, 15, 21, 2, 39, 22, 33, 40, 28, 1, 25, 3, 41, 47, 24, 12, 13, 10, 11, 32, 45, 17, 27, 26, 18, 16, 42, 19, 46, 20, 38, 31, 23, 9, 34, 44];18625.0
54430.0;[9, 34, 44, 38, 20, 42, 29, 36, 18, 16, 26, 5, 7, 15, 0, 21, 22, 13, 24, 12, 10, 8, 37, 30, 43, 35, 6, 3, 25, 1, 28, 41, 23, 47, 4, 33, 40, 2, 39, 14, 11, 46, 19, 32, 45, 17, 27, 31];21900.0
58815.0;[29, 35, 23, 9, 44, 34, 3, 25, 41, 47, 38, 31, 24, 12, 20, 46, 10, 22, 2, 21, 15, 40, 33, 13, 28, 1, 4, 5, 27, 17, 43, 30, 37, 8, 45, 32, 19, 11, 14, 39, 0, 7, 6, 16, 26, 18, 36, 42];19016.0
60842.0;[23, 9, 34, 44, 3, 25, 1, 19, 29, 36, 5, 43, 39, 21, 2, 40, 15, 7, 0, 8, 37, 30, 18, 16, 26, 42, 31, 38, 20, 46, 11, 14, 32, 45, 35, 6, 17, 27, 10, 22, 13, 4, 47, 24, 12, 33, 28, 41];19848.0
56335.0;[31, 9, 34, 44, 23, 33, 0, 8, 7, 15, 21, 39, 14, 32, 27, 17, 45, 11, 46, 10, 12, 22, 2, 40, 28, 1, 3, 25, 41, 4, 47, 24, 13, 38, 20, 16, 26, 18, 5, 6, 43, 30, 37, 35, 36, 42, 29, 19];19766.0
55525.0;[33, 28, 1, 3, 25, 34, 44, 9, 23, 31, 16, 26, 42, 29, 27, 17, 6, 5, 18, 36, 35, 43, 32, 19, 46, 10, 22, 13, 45, 37, 30, 7, 0, 8, 39, 14, 11, 24, 47, 4, 41, 38, 20, 12, 2, 15, 21, 40];18337.0
50029.0;[12, 46, 8, 0, 7, 15, 21, 2, 13, 24, 33, 4, 41, 34, 44, 47, 38, 20, 19, 35, 6, 17, 39, 40, 28, 1, 3, 25, 9, 23, 31, 16, 26, 42, 29, 11, 32, 45, 37, 30, 27, 36, 18, 5, 43, 14, 10, 22];20251.0
49990.0;[28, 1, 3, 25, 41, 47, 4, 33, 40, 2, 13, 23, 9, 34, 44, 31, 38, 20, 24, 12, 22, 10, 46, 19, 16, 42, 29, 35, 43, 32, 11, 14, 39, 8, 0, 7, 37, 6, 17, 45, 21, 15, 30, 27, 36, 26, 18, 5];19686.0
51214.0;[9, 34, 44, 25, 3, 1, 28, 4, 21, 7, 0, 15, 40, 2, 11, 42, 16, 26, 18, 36, 5, 29, 6, 27, 17, 35, 43, 45, 32, 19, 20, 31, 23, 41, 47, 24, 12, 22, 33, 13, 10, 14, 39, 8, 37, 30, 46, 38];18579.0
48855.0;[1, 3, 34, 44, 23, 39, 8, 7, 0, 37, 5, 18, 26, 42, 29, 35, 45, 32, 43, 30, 6, 17, 19, 12, 24, 13, 47, 38, 20, 16, 36, 27, 14, 10, 22, 15, 21, 2, 11, 46, 31, 9, 25, 41, 4, 28, 33, 40];21020.0
52736.0;[34, 44, 25, 3, 1, 28, 33, 47, 38, 20, 46, 19, 32, 45, 5, 16, 42, 26, 18, 36, 30, 22, 13, 24, 4, 41, 23, 9, 31, 11, 17, 27, 29, 35, 6, 43, 37, 7, 15, 40, 2, 21, 0, 8, 39, 14, 10, 12];19504.0
59735.0;[31, 23, 9, 34, 44, 26, 18, 16, 42, 29, 36, 5, 11, 12, 13, 24, 4, 38, 20, 32, 17, 35, 6, 27, 19, 47, 41, 3, 25, 1, 28, 33, 40, 7, 0, 37, 43, 30, 45, 10, 22, 2, 15, 21, 8, 39, 14, 46];21173.0
59978.0;[10, 20, 12, 24, 4, 47, 41, 23, 9, 34, 44, 3, 25, 1, 28, 39, 8, 43, 30, 7, 0, 37, 14, 32, 35, 6, 27, 17, 45, 21, 15, 13, 38, 31, 46, 19, 26, 18, 36, 16, 42, 29, 5, 11, 33, 40, 2, 22];18924.0
55635.0;[33, 9, 44, 34, 3, 25, 1, 28, 4, 41, 23, 31, 38, 47, 24, 12, 10, 30, 35, 6, 17, 27, 42, 29, 19, 20, 46, 11, 14, 32, 45, 37, 7, 8, 39, 22, 13, 16, 26, 18, 36, 5, 43, 0, 21, 2, 15, 40];19164.0
56136.0;[4, 38, 20, 14, 35, 6, 17, 27, 29, 26, 19, 46, 12, 33, 2, 0, 8, 37, 7, 15, 21, 45, 32, 1, 25, 3, 9, 34, 44, 23, 41, 47, 31, 24, 13, 22, 10, 11, 42, 16, 18, 36, 5, 43, 30, 39, 40, 28];20122.0
53090.0;[16, 26, 18, 5, 29, 35, 43, 30, 37, 8, 0, 21, 7, 15, 40, 38, 31, 23, 9, 44, 34, 3, 25, 1, 2, 11, 32, 45, 14, 10, 39, 6, 17, 27, 19, 46, 22, 33, 28, 41, 47, 4, 13, 12, 24, 20, 42, 36];18876.0
60209.0;[6, 17, 14, 11, 20, 31, 38, 23, 41, 9, 44, 34, 25, 3, 1, 28, 40, 15, 21, 30, 27, 26, 18, 36, 35, 43, 37, 7, 0, 33, 47, 4, 12, 46, 19, 39, 10, 22, 13, 24, 2, 8, 45, 32, 29, 5, 42, 16];19218.0
53817.0;[3, 25, 34, 44, 9, 41, 47, 38, 20, 16, 26, 36, 18, 5, 42, 29, 35, 6, 27, 19, 46, 31, 23, 4, 33, 40, 15, 21, 45, 32, 10, 11, 14, 39, 8, 43, 17, 30, 37, 7, 0, 2, 13, 22, 12, 24, 28, 1];18133.0
53278.0;[32, 42, 16, 26, 18, 5, 43, 39, 10, 31, 38, 20, 12, 46, 19, 17, 35, 6, 45, 2, 40, 28, 1, 9, 44, 34, 3, 25, 15, 21, 33, 47, 4, 41, 23, 24, 13, 22, 0, 8, 29, 36, 27, 30, 7, 37, 14, 11];20847.0
55652.0;[7, 6, 16, 42, 26, 18, 27, 17, 45, 32, 19, 46, 20, 31, 23, 9, 3, 25, 1, 28, 40, 2, 11, 37, 43, 35, 29, 5, 36, 30, 14, 10, 22, 15, 21, 33, 13, 4, 47, 38, 12, 24, 44, 34, 41, 39, 8, 0];20262.0
52806.0;[9, 44, 34, 3, 25, 1, 28, 33, 39, 14, 22, 13, 4, 47, 24, 12, 10, 8, 37, 30, 45, 32, 43, 35, 6, 17, 27, 18, 5, 36, 29, 19, 11, 46, 31, 23, 41, 2, 21, 0, 7, 15, 40, 38, 20, 42, 16, 26];21458.0
55415.0;[9, 34, 44, 23, 31, 16, 26, 18, 36, 5, 6, 43, 30, 7, 15, 21, 28, 4, 1, 25, 3, 41, 38, 12, 24, 13, 33, 40, 2, 22, 10, 14, 39, 8, 0, 37, 11, 46, 20, 19, 45, 32, 17, 27, 42, 29, 35, 47];20474.0
58495.0;[38, 20, 11, 32, 45, 30, 37, 7, 0, 15, 21, 8, 39, 2, 13, 10, 22, 12, 46, 19, 26, 18, 5, 29, 36, 27, 17, 35, 6, 43, 14, 24, 4, 41, 9, 23, 47, 16, 42, 31, 34, 44, 33, 40, 28, 1, 3, 25];21958.0
51436.0;[18, 7, 0, 37, 8, 39, 14, 10, 22, 33, 13, 47, 4, 28, 41, 23, 9, 34, 44, 3, 25, 1, 40, 15, 21, 2, 24, 31, 38, 20, 12, 46, 19, 11, 32, 43, 45, 30, 27, 36, 6, 17, 35, 29, 5, 16, 42, 26];17466.0
56197.0;[9, 34, 44, 3, 25, 31, 38, 20, 46, 19, 6, 27, 17, 37, 7, 0, 15, 21, 2, 22, 12, 32, 45, 35, 29, 36, 42, 16, 26, 18, 5, 40, 33, 13, 10, 11, 14, 43, 30, 8, 39, 24, 47, 4, 28, 1, 41, 23];18446.0
59957.0;[1, 40, 21, 15, 8, 30, 27, 26, 16, 18, 5, 17, 35, 43, 6, 29, 36, 42, 19, 31, 23, 44, 34, 41, 28, 33, 2, 22, 13, 47, 38, 10, 39, 14, 0, 7, 37, 32, 45, 11, 46, 20, 12, 24, 4, 9, 25, 3];19977.0
56194.0;[25, 3, 34, 44, 9, 41, 28, 1, 33, 2, 11, 14, 7, 21, 40, 15, 8, 39, 13, 24, 12, 22, 0, 37, 5, 16, 26, 42, 17, 45, 10, 20, 38, 47, 4, 23, 31, 46, 19, 32, 43, 30, 35, 6, 29, 18, 36, 27];21672.0
49425.0;[41, 1, 28, 4, 38, 31, 20, 24, 12, 46, 19, 43, 30, 37, 7, 15, 0, 8, 39, 2, 21, 22, 10, 11, 32, 45, 35, 27, 18, 36, 16, 26, 42, 29, 5, 6, 17, 14, 40, 33, 13, 47, 23, 9, 25, 3, 44, 34];17405.0
57382.0;[23, 9, 34, 44, 3, 25, 41, 47, 31, 38, 20, 19, 16, 36, 35, 37, 7, 21, 15, 40, 2, 13, 12, 24, 4, 28, 1, 33, 0, 8, 45, 32, 14, 39, 10, 22, 11, 17, 27, 29, 5, 18, 26, 42, 6, 43, 30, 46];19365.0
54978.0;[25, 1, 40, 33, 2, 21, 15, 8, 30, 42, 16, 26, 18, 36, 17, 45, 32, 19, 46, 24, 4, 47, 38, 20, 11, 14, 35, 29, 5, 43, 39, 0, 7, 37, 6, 27, 31, 23, 9, 41, 13, 12, 22, 10, 28, 44, 34, 3];20513.0
60098.0;[30, 43, 39, 0, 8, 37, 7, 15, 13, 12, 11, 32, 27, 26, 18, 16, 42, 36, 6, 17, 45, 14, 10, 22, 33, 40, 28, 3, 1, 25, 34, 44, 9, 23, 41, 38, 20, 19, 35, 29, 5, 46, 31, 4, 47, 24, 2, 21];20123.0
52321.0;[19, 46, 20, 38, 31, 23, 44, 34, 47, 12, 22, 10, 32, 45, 42, 16, 26, 18, 5, 11, 33, 13, 24, 4, 28, 1, 3, 9, 25, 41, 40, 2, 39, 14, 43, 6, 17, 30, 8, 0, 15, 21, 7, 37, 27, 36, 29, 35];19472.0
51777.0;[23, 44, 34, 20, 29, 36, 5, 37, 7, 0, 8, 43, 35, 6, 17, 19, 46, 24, 4, 47, 33, 40, 15, 21, 2, 22, 13, 28, 1, 25, 3, 9, 41, 38, 12, 10, 11, 39, 14, 32, 45, 30, 27, 18, 16, 26, 42, 31];20494.0
55776.0;[16, 26, 18, 5, 43, 30, 22, 12, 33, 40, 15, 0, 8, 39, 14, 11, 10, 13, 28, 1, 25, 3, 41, 47, 38, 20, 46, 32, 45, 37, 7, 21, 2, 24, 4, 34, 44, 23, 9, 31, 19, 35, 6, 17, 27, 36, 29, 42];18654.0
53003.0;[9, 34, 44, 23, 30, 43, 6, 17, 35, 45, 32, 19, 46, 12, 22, 10, 42, 16, 26, 18, 5, 1, 3, 25, 41, 47, 38, 24, 39, 8, 37, 7, 0, 21, 15, 40, 33, 28, 4, 13, 2, 11, 14, 27, 36, 29, 20, 31];22170.0
59052.0;[1, 28, 33, 30, 27, 36, 18, 26, 29, 35, 45, 10, 22, 13, 24, 31, 38, 23, 9, 25, 3, 44, 34, 47, 11, 14, 32, 43, 17, 6, 5, 42, 16, 46, 20, 12, 19, 39, 37, 8, 7, 0, 21, 15, 2, 40, 4, 41];20083.0
50133.0;[14, 42, 16, 26, 36, 18, 5, 29, 19, 20, 46, 12, 10, 22, 2, 21, 0, 8, 37, 38, 47, 4, 9, 34, 44, 23, 41, 28, 1, 25, 3, 31, 11, 32, 45, 35, 6, 27, 17, 43, 30, 7, 15, 40, 33, 13, 24, 39];19354.0
55434.0;[34, 44, 23, 47, 4, 33, 40, 21, 15, 0, 7, 30, 27, 36, 29, 35, 45, 19, 46, 31, 38, 41, 3, 25, 1, 28, 8, 37, 6, 17, 26, 42, 16, 18, 5, 43, 39, 14, 11, 32, 10, 20, 12, 22, 2, 13, 24, 9];19426.0
55911.0;[1, 3, 25, 34, 9, 44, 23, 41, 38, 31, 46, 19, 29, 42, 16, 26, 18, 36, 5, 27, 17, 6, 30, 37, 7, 0, 21, 33, 47, 4, 2, 39, 14, 10, 22, 12, 13, 24, 20, 11, 32, 45, 35, 43, 8, 15, 40, 28];17947.0
53893.0;[30, 37, 8, 7, 0, 39, 14, 11, 32, 19, 46, 20, 31, 34, 44, 25, 3, 9, 23, 6, 27, 36, 18, 5, 17, 10, 22, 13, 12, 24, 38, 47, 41, 4, 33, 40, 15, 21, 28, 1, 2, 45, 35, 26, 16, 42, 29, 43];20476.0
57321.0;[20, 16, 42, 26, 18, 5, 29, 36, 27, 17, 30, 37, 7, 21, 2, 23, 9, 34, 44, 31, 46, 19, 32, 45, 39, 14, 11, 10, 22, 12, 24, 35, 6, 43, 8, 0, 15, 40, 1, 3, 25, 41, 28, 33, 13, 47, 4, 38];19779.0
51888.0;[17, 27, 14, 38, 31, 23, 9, 44, 34, 41, 4, 33, 13, 12, 46, 19, 16, 26, 42, 20, 25, 3, 18, 5, 43, 30, 37, 45, 32, 11, 10, 22, 0, 7, 15, 21, 8, 39, 2, 40, 28, 1, 47, 24, 29, 36, 35, 6];22986.0
60218.0;[16, 42, 12, 13, 4, 41, 1, 28, 40, 15, 0, 37, 7, 8, 39, 21, 33, 23, 44, 34, 3, 25, 9, 31, 38, 47, 24, 2, 30, 35, 26, 18, 36, 27, 17, 45, 32, 11, 22, 10, 14, 43, 6, 19, 46, 20, 29, 5];20625.0
52463.0;[45, 16, 26, 5, 7, 0, 15, 21, 22, 13, 24, 47, 4, 41, 1, 3, 25, 9, 38, 12, 20, 46, 19, 32, 17, 27, 42, 29, 31, 23, 44, 34, 18, 36, 6, 35, 43, 37, 30, 8, 39, 2, 40, 28, 33, 10, 14, 11];22212.0
51218.0;[4, 9, 34, 44, 23, 31, 5, 18, 16, 26, 42, 29, 36, 27, 32, 19, 46, 20, 33, 40, 15, 21, 37, 43, 30, 7, 0, 8, 39, 2, 13, 28, 1, 3, 25, 41, 47, 38, 12, 22, 10, 35, 6, 17, 45, 14, 11, 24];19061.0
54726.0;[20, 16, 42, 26, 36, 18, 5, 37, 7, 15, 40, 33, 31, 23, 9, 3, 25, 1, 2, 30, 17, 27, 29, 35, 6, 43, 8, 0, 21, 22, 12, 13, 10, 39, 14, 11, 44, 34, 41, 28, 45, 32, 19, 46, 24, 47, 4, 38];22206.0
53971.0;[1, 47, 4, 21, 15, 0, 8, 39, 10, 22, 13, 38, 31, 23, 44, 34, 41, 28, 33, 40, 2, 11, 32, 45, 19, 46, 20, 24, 12, 7, 37, 30, 35, 6, 17, 27, 26, 18, 16, 42, 36, 29, 5, 43, 14, 9, 25, 3];19010.0
56107.0;[40, 41, 34, 44, 23, 38, 12, 20, 46, 14, 39, 21, 2, 22, 13, 28, 1, 25, 3, 9, 31, 19, 35, 29, 36, 18, 5, 16, 26, 42, 6, 27, 45, 32, 11, 10, 24, 47, 4, 33, 0, 7, 8, 37, 43, 17, 30, 15];20546.0
54870.0;[16, 26, 18, 5, 29, 3, 25, 34, 44, 9, 23, 41, 4, 38, 47, 1, 28, 8, 45, 17, 35, 6, 43, 30, 37, 7, 0, 15, 21, 2, 46, 20, 12, 22, 33, 40, 13, 24, 31, 10, 11, 32, 19, 39, 14, 27, 36, 42];19662.0
53474.0;[41, 9, 44, 34, 3, 25, 1, 28, 33, 40, 15, 21, 0, 7, 30, 37, 45, 32, 35, 6, 17, 27, 36, 16, 42, 29, 19, 46, 20, 12, 22, 2, 13, 10, 11, 14, 39, 8, 43, 26, 18, 5, 38, 31, 23, 47, 24, 4];18146.0
53373.0;[1, 25, 34, 44, 23, 19, 26, 18, 5, 16, 42, 29, 36, 27, 17, 35, 43, 30, 8, 33, 40, 15, 7, 37, 6, 45, 10, 47, 41, 3, 9, 31, 38, 20, 46, 32, 11, 12, 24, 2, 21, 0, 39, 14, 22, 13, 4, 28];20176.0
58411.0;[32, 35, 29, 36, 18, 5, 43, 30, 7, 0, 37, 6, 17, 27, 14, 10, 11, 42, 16, 26, 8, 15, 2, 21, 40, 1, 28, 41, 3, 25, 34, 44, 9, 23, 47, 24, 13, 22, 12, 19, 46, 20, 38, 31, 4, 33, 39, 45];19000.0
48475.0;[9, 44, 34, 25, 3, 1, 28, 4, 47, 24, 13, 38, 20, 16, 26, 36, 42, 18, 5, 14, 10, 22, 12, 11, 32, 45, 37, 8, 0, 7, 15, 21, 2, 40, 33, 39, 30, 43, 35, 6, 17, 27, 29, 19, 46, 31, 41, 23];17852.0
59448.0;[28, 1, 25, 3, 44, 34, 26, 18, 36, 5, 6, 27, 17, 45, 32, 30, 7, 37, 43, 16, 42, 29, 35, 19, 11, 8, 0, 15, 21, 39, 14, 46, 20, 31, 41, 23, 9, 38, 12, 22, 10, 13, 24, 4, 47, 33, 2, 40];20336.0
53126.0;[47, 9, 34, 44, 23, 41, 28, 1, 3, 25, 16, 26, 42, 18, 5, 37, 7, 0, 15, 21, 46, 19, 32, 11, 10, 22, 13, 24, 12, 31, 38, 20, 29, 36, 27, 17, 35, 43, 30, 6, 45, 14, 39, 8, 33, 2, 40, 4];19863.0
57089.0;[17, 6, 27, 42, 16, 26, 18, 36, 4, 1, 3, 25, 34, 9, 44, 23, 41, 47, 24, 12, 13, 10, 22, 2, 21, 0, 8, 37, 43, 35, 29, 5, 7, 15, 40, 28, 33, 46, 19, 32, 11, 31, 38, 20, 39, 14, 45, 30];19939.0
57376.0;[31, 38, 21, 7, 37, 27, 26, 18, 16, 42, 36, 5, 6, 17, 43, 30, 11, 14, 10, 22, 13, 28, 1, 33, 40, 2, 15, 0, 8, 39, 47, 9, 23, 44, 34, 3, 25, 41, 4, 29, 35, 45, 32, 19, 20, 46, 12, 24];20096.0
58599.0;[1, 3, 25, 34, 44, 23, 9, 41, 28, 4, 47, 38, 31, 46, 19, 32, 45, 30, 37, 7, 0, 8, 39, 21, 15, 40, 2, 13, 24, 11, 43, 6, 27, 26, 18, 36, 5, 14, 10, 12, 22, 17, 35, 29, 16, 42, 20, 33];18410.0
60241.0;[29, 42, 16, 26, 18, 36, 5, 27, 17, 30, 22, 13, 12, 24, 31, 38, 47, 4, 28, 41, 34, 44, 9, 23, 2, 21, 15, 40, 1, 3, 25, 33, 11, 32, 45, 37, 7, 0, 8, 39, 46, 19, 6, 35, 43, 14, 10, 20];19838.0
55208.0;[31, 23, 9, 3, 25, 44, 34, 41, 20, 26, 18, 5, 29, 35, 6, 17, 45, 32, 11, 15, 21, 0, 7, 8, 30, 37, 43, 27, 36, 16, 42, 19, 46, 24, 13, 38, 47, 1, 28, 4, 33, 40, 2, 39, 14, 10, 22, 12];18936.0
53993.0;[3, 25, 1, 13, 27, 5, 18, 16, 26, 36, 42, 29, 19, 46, 31, 38, 20, 24, 12, 10, 6, 17, 35, 43, 30, 39, 21, 2, 22, 11, 14, 32, 45, 37, 8, 0, 7, 15, 40, 33, 47, 4, 28, 41, 23, 9, 44, 34];18023.0
55628.0;[9, 44, 34, 3, 25, 1, 28, 33, 22, 2, 7, 21, 15, 40, 4, 41, 23, 47, 31, 38, 11, 32, 42, 29, 5, 45, 8, 0, 37, 30, 17, 35, 43, 6, 27, 36, 16, 18, 26, 19, 46, 20, 12, 24, 13, 10, 39, 14];19730.0
55725.0;[6, 5, 27, 17, 35, 34, 44, 41, 15, 21, 7, 37, 43, 32, 45, 14, 10, 22, 13, 28, 1, 40, 33, 2, 11, 39, 0, 8, 30, 26, 18, 36, 16, 42, 29, 19, 46, 25, 3, 9, 23, 31, 38, 20, 12, 24, 4, 47];22996.0
59123.0;[1, 3, 25, 34, 44, 18, 27, 37, 7, 15, 40, 2, 21, 8, 43, 30, 39, 0, 10, 24, 31, 23, 9, 41, 13, 45, 35, 29, 5, 16, 26, 42, 36, 6, 17, 32, 19, 46, 12, 33, 28, 4, 47, 38, 20, 11, 14, 22];21880.0
56170.0;[32, 11, 33, 4, 47, 24, 13, 39, 0, 7, 15, 21, 40, 2, 22, 10, 14, 43, 35, 26, 18, 41, 23, 9, 44, 34, 3, 25, 1, 28, 8, 37, 30, 12, 31, 38, 20, 46, 19, 16, 42, 36, 6, 17, 27, 29, 5, 45];20615.0
62197.0;[28, 1, 3, 25, 9, 41, 40, 15, 21, 7, 0, 39, 10, 22, 12, 24, 13, 38, 31, 23, 34, 44, 47, 4, 33, 2, 8, 37, 27, 26, 18, 16, 42, 29, 36, 5, 6, 45, 32, 14, 11, 17, 35, 19, 20, 46, 43, 30];19699.0
54257.0;[29, 27, 15, 40, 1, 3, 34, 44, 23, 9, 25, 41, 20, 46, 19, 35, 6, 17, 30, 37, 7, 21, 2, 11, 14, 32, 45, 0, 8, 39, 10, 22, 13, 12, 24, 31, 38, 47, 4, 28, 33, 43, 5, 18, 36, 16, 26, 42];19143.0
57728.0;[37, 30, 43, 16, 26, 42, 18, 36, 5, 29, 27, 17, 11, 14, 32, 45, 35, 6, 19, 46, 20, 12, 13, 22, 2, 21, 0, 8, 39, 10, 24, 38, 31, 23, 9, 41, 34, 44, 25, 3, 1, 47, 28, 4, 33, 40, 15, 7];17272.0
54484.0;[31, 23, 9, 34, 44, 3, 25, 41, 1, 28, 15, 21, 2, 13, 24, 12, 46, 19, 32, 11, 8, 39, 14, 22, 10, 45, 35, 18, 26, 42, 29, 36, 5, 16, 38, 47, 4, 33, 40, 0, 7, 37, 6, 27, 17, 43, 30, 20];18944.0
51152.0;[27, 42, 36, 35, 37, 7, 15, 21, 0, 8, 43, 16, 26, 18, 5, 29, 19, 46, 9, 34, 44, 23, 10, 11, 14, 32, 6, 17, 45, 22, 28, 1, 3, 25, 41, 4, 47, 24, 13, 12, 20, 31, 38, 33, 40, 2, 39, 30];20194.0
55476.0;[43, 35, 26, 18, 16, 42, 29, 5, 36, 27, 30, 8, 39, 41, 44, 34, 3, 1, 28, 33, 40, 2, 13, 24, 20, 12, 31, 38, 47, 23, 9, 25, 4, 11, 32, 6, 17, 45, 14, 10, 22, 46, 19, 0, 15, 21, 7, 37];19499.0
56020.0;[31, 19, 26, 18, 36, 27, 37, 7, 0, 21, 40, 15, 8, 39, 14, 32, 11, 10, 22, 13, 4, 41, 34, 44, 25, 3, 1, 28, 33, 2, 30, 35, 43, 29, 5, 42, 16, 6, 17, 45, 46, 12, 20, 24, 38, 47, 23, 9];19647.0
53392.0;[30, 43, 37, 7, 21, 2, 33, 40, 15, 0, 8, 39, 10, 28, 1, 47, 38, 20, 11, 14, 22, 13, 24, 12, 35, 36, 16, 26, 18, 5, 6, 17, 27, 42, 29, 45, 32, 19, 46, 31, 23, 3, 25, 34, 44, 9, 41, 4];19589.0
57492.0;[44, 38, 20, 19, 16, 42, 26, 18, 36, 27, 11, 10, 22, 12, 13, 4, 28, 33, 15, 21, 40, 1, 3, 25, 41, 23, 47, 24, 2, 7, 37, 30, 6, 17, 45, 32, 39, 14, 35, 29, 5, 43, 0, 8, 46, 31, 9, 34];20806.0
54174.0;[12, 19, 26, 18, 5, 16, 42, 29, 36, 27, 46, 20, 11, 14, 39, 0, 37, 8, 43, 30, 17, 35, 6, 45, 32, 10, 22, 2, 15, 7, 21, 31, 38, 4, 47, 23, 9, 3, 25, 34, 44, 41, 1, 28, 40, 33, 13, 24];18468.0
56362.0;[41, 3, 25, 42, 16, 26, 29, 35, 43, 30, 7, 0, 9, 34, 44, 23, 47, 4, 1, 28, 39, 6, 27, 36, 18, 5, 17, 45, 14, 11, 46, 20, 24, 12, 10, 22, 13, 33, 40, 2, 21, 15, 8, 37, 32, 19, 38, 31];21277.0
51256.0;[20, 42, 16, 18, 26, 27, 17, 35, 45, 32, 19, 10, 24, 12, 22, 2, 40, 15, 0, 8, 39, 14, 11, 46, 31, 38, 47, 9, 34, 44, 23, 4, 13, 37, 6, 29, 36, 5, 43, 30, 7, 21, 33, 28, 1, 3, 25, 41];19438.0
58722.0;[20, 26, 18, 36, 27, 35, 6, 17, 32, 11, 24, 13, 10, 14, 43, 30, 46, 31, 23, 44, 34, 3, 25, 9, 41, 1, 28, 40, 15, 21, 0, 7, 37, 8, 39, 45, 5, 16, 42, 29, 19, 12, 22, 2, 33, 47, 4, 38];19167.0
56071.0;[34, 25, 3, 1, 28, 33, 6, 17, 35, 27, 10, 22, 4, 41, 47, 38, 31, 46, 32, 45, 37, 8, 0, 7, 15, 21, 40, 13, 24, 12, 20, 14, 43, 30, 39, 2, 11, 42, 16, 26, 36, 18, 5, 29, 19, 23, 9, 44];20388.0
51681.0;[23, 31, 10, 0, 8, 7, 30, 27, 36, 18, 5, 6, 17, 39, 21, 15, 40, 2, 13, 24, 12, 19, 32, 45, 14, 11, 22, 33, 28, 1, 25, 3, 41, 4, 47, 38, 20, 37, 43, 35, 29, 16, 26, 42, 46, 9, 34, 44];20262.0
56952.0;[38, 31, 6, 17, 43, 14, 11, 10, 22, 40, 15, 7, 0, 37, 30, 27, 18, 16, 26, 42, 29, 36, 5, 35, 20, 12, 46, 19, 32, 45, 21, 2, 13, 24, 47, 4, 41, 34, 44, 9, 23, 39, 8, 33, 28, 1, 3, 25];20645.0
49072.0;[28, 1, 41, 23, 9, 31, 38, 47, 4, 24, 12, 20, 46, 19, 39, 2, 34, 44, 42, 16, 26, 18, 5, 17, 45, 32, 11, 8, 7, 0, 15, 40, 3, 25, 33, 21, 35, 29, 36, 27, 6, 43, 30, 37, 14, 10, 22, 13];22379.0
53253.0;[12, 0, 37, 7, 15, 1, 25, 3, 34, 9, 44, 23, 41, 28, 40, 2, 21, 8, 43, 35, 6, 30, 14, 11, 46, 10, 22, 13, 24, 4, 47, 33, 39, 45, 32, 17, 27, 36, 5, 18, 16, 26, 42, 29, 19, 20, 31, 38];19421.0
56259.0;[5, 9, 44, 34, 3, 25, 41, 23, 47, 4, 33, 15, 21, 40, 28, 1, 24, 12, 22, 2, 39, 8, 37, 32, 11, 46, 19, 43, 6, 27, 17, 45, 13, 38, 31, 20, 10, 14, 0, 7, 30, 35, 36, 18, 26, 42, 16, 29];20468.0
52111.0;[11, 10, 1, 3, 25, 34, 44, 9, 23, 31, 33, 40, 4, 28, 41, 47, 24, 13, 15, 21, 7, 0, 37, 30, 43, 17, 6, 27, 19, 46, 20, 38, 12, 22, 2, 8, 39, 14, 32, 45, 42, 16, 26, 18, 36, 5, 29, 35];18632.0
50482.0;[16, 42, 29, 19, 20, 9, 25, 3, 44, 34, 23, 31, 46, 27, 36, 5, 43, 14, 38, 47, 41, 1, 28, 4, 24, 12, 10, 39, 8, 7, 0, 37, 30, 6, 17, 35, 45, 32, 11, 22, 13, 33, 40, 15, 2, 21, 26, 18];20613.0
52895.0;[5, 26, 18, 16, 42, 29, 35, 41, 34, 44, 25, 3, 9, 23, 31, 32, 45, 17, 43, 30, 37, 7, 0, 15, 40, 28, 1, 33, 2, 21, 8, 39, 13, 24, 4, 47, 38, 20, 12, 11, 14, 10, 22, 46, 19, 6, 27, 36];19625.0
59339.0;[16, 42, 6, 43, 30, 37, 7, 0, 15, 40, 1, 25, 3, 34, 44, 9, 23, 21, 8, 45, 17, 27, 5, 29, 19, 46, 10, 39, 14, 11, 32, 26, 18, 36, 35, 2, 33, 47, 31, 38, 20, 12, 22, 13, 24, 4, 41, 28];21149.0
52210.0;[34, 3, 25, 1, 15, 21, 7, 30, 35, 36, 18, 26, 16, 42, 19, 20, 46, 12, 13, 10, 11, 32, 29, 5, 43, 14, 22, 33, 40, 2, 39, 8, 0, 37, 6, 27, 17, 45, 31, 23, 9, 47, 38, 24, 4, 28, 41, 44];20228.0
51956.0;[16, 26, 18, 5, 6, 43, 30, 17, 27, 36, 42, 29, 35, 19, 14, 32, 45, 37, 8, 0, 7, 15, 21, 40, 28, 41, 1, 4, 38, 20, 46, 31, 3, 25, 33, 39, 2, 22, 13, 24, 12, 10, 11, 47, 9, 34, 44, 23];20925.0
51668.0;[22, 13, 4, 41, 28, 33, 11, 42, 26, 18, 5, 43, 30, 7, 37, 8, 39, 14, 45, 32, 6, 17, 35, 29, 31, 23, 44, 34, 38, 20, 0, 15, 21, 2, 40, 1, 25, 3, 9, 47, 24, 12, 46, 19, 16, 36, 27, 10];21532.0
56375.0;[36, 30, 37, 7, 21, 2, 22, 39, 14, 43, 35, 6, 17, 8, 0, 15, 40, 33, 13, 20, 16, 42, 29, 27, 19, 46, 24, 12, 11, 32, 45, 10, 38, 31, 23, 47, 4, 41, 9, 34, 44, 25, 3, 1, 28, 5, 18, 26];20217.0
61370.0;[17, 27, 26, 16, 42, 29, 31, 23, 9, 34, 44, 18, 36, 5, 43, 30, 14, 39, 0, 8, 7, 37, 32, 11, 46, 12, 24, 38, 20, 19, 35, 6, 45, 10, 22, 28, 1, 3, 25, 41, 4, 47, 33, 13, 2, 40, 15, 21];21500.0
53933.0;[39, 8, 37, 14, 43, 30, 7, 0, 15, 21, 33, 2, 40, 1, 3, 25, 41, 47, 38, 31, 23, 4, 28, 13, 22, 24, 12, 10, 27, 5, 36, 18, 26, 16, 42, 29, 19, 32, 45, 35, 6, 17, 11, 46, 20, 9, 44, 34];20245.0
59120.0;[9, 23, 44, 34, 25, 3, 1, 28, 4, 41, 47, 24, 13, 10, 16, 42, 29, 5, 27, 14, 39, 21, 22, 33, 40, 2, 11, 26, 18, 36, 19, 46, 20, 31, 38, 12, 32, 45, 8, 0, 15, 7, 37, 30, 43, 6, 17, 35];20720.0
54081.0;[9, 44, 34, 3, 25, 1, 28, 33, 40, 15, 0, 37, 7, 8, 45, 32, 17, 6, 43, 30, 39, 14, 11, 22, 13, 12, 10, 21, 2, 4, 47, 38, 20, 31, 41, 23, 24, 46, 19, 27, 42, 16, 26, 18, 5, 29, 36, 35];19986.0
48206.0;[27, 37, 8, 45, 32, 11, 17, 6, 30, 7, 15, 40, 3, 25, 9, 34, 44, 23, 31, 38, 20, 16, 26, 18, 5, 29, 35, 43, 14, 10, 47, 1, 28, 41, 4, 33, 39, 0, 21, 2, 22, 13, 24, 12, 46, 19, 42, 36];20009.0
51173.0;[47, 16, 42, 29, 35, 22, 33, 40, 7, 37, 30, 27, 26, 18, 36, 5, 17, 6, 43, 14, 11, 39, 8, 0, 15, 21, 2, 13, 12, 46, 20, 24, 4, 28, 1, 3, 25, 9, 41, 38, 19, 32, 45, 10, 31, 23, 44, 34];20563.0
53385.0;[9, 34, 44, 23, 31, 38, 16, 42, 26, 18, 5, 29, 36, 27, 17, 35, 6, 43, 30, 39, 2, 24, 4, 41, 47, 12, 22, 7, 0, 15, 21, 33, 13, 20, 46, 19, 10, 14, 11, 32, 45, 37, 8, 40, 28, 1, 25, 3];18719.0
52890.0;[34, 44, 31, 16, 18, 26, 5, 43, 30, 6, 27, 29, 36, 42, 14, 22, 10, 45, 17, 35, 19, 46, 12, 33, 2, 13, 24, 1, 3, 25, 47, 38, 20, 11, 32, 39, 8, 37, 7, 0, 15, 21, 40, 4, 28, 41, 23, 9];20422.0
53590.0;[23, 9, 44, 34, 3, 25, 1, 28, 29, 5, 26, 18, 36, 35, 6, 17, 45, 32, 19, 11, 14, 10, 22, 39, 8, 0, 15, 40, 33, 13, 24, 4, 47, 12, 2, 21, 7, 37, 43, 30, 27, 42, 16, 46, 20, 31, 38, 41];18341.0
55583.0;[36, 6, 17, 35, 43, 30, 37, 7, 33, 40, 28, 41, 9, 34, 44, 25, 3, 1, 4, 47, 24, 12, 22, 13, 2, 21, 15, 0, 8, 39, 14, 10, 46, 31, 38, 23, 20, 26, 18, 5, 29, 27, 45, 32, 11, 19, 16, 42];18726.0
53025.0;[28, 1, 25, 3, 34, 44, 9, 38, 20, 42, 16, 26, 18, 5, 17, 6, 43, 30, 7, 37, 39, 10, 46, 32, 19, 45, 35, 29, 36, 27, 11, 14, 0, 8, 31, 23, 41, 47, 4, 24, 12, 22, 13, 33, 2, 21, 15, 40];19470.0
56660.0;[46, 19, 26, 18, 36, 30, 37, 39, 8, 7, 0, 21, 15, 40, 2, 33, 13, 11, 32, 45, 14, 10, 22, 12, 24, 4, 28, 1, 3, 25, 41, 47, 38, 20, 43, 35, 6, 27, 17, 29, 5, 16, 42, 31, 23, 9, 34, 44];19592.0
50643.0;[3, 25, 34, 44, 23, 31, 20, 46, 16, 42, 18, 26, 19, 12, 24, 4, 9, 41, 28, 13, 22, 45, 32, 17, 35, 43, 30, 37, 14, 11, 39, 8, 0, 15, 33, 47, 38, 10, 6, 27, 29, 36, 5, 7, 21, 2, 40, 1];20587.0
57315.0;[28, 1, 3, 25, 9, 34, 44, 23, 20, 46, 19, 32, 17, 27, 36, 6, 30, 37, 14, 11, 21, 7, 0, 15, 40, 2, 22, 45, 35, 29, 42, 16, 26, 18, 5, 43, 8, 39, 10, 24, 12, 31, 38, 33, 13, 47, 41, 4];18395.0
51877.0;[23, 9, 34, 44, 42, 29, 5, 16, 26, 18, 7, 15, 21, 8, 43, 6, 17, 27, 36, 35, 19, 10, 22, 12, 24, 38, 47, 1, 28, 13, 20, 46, 32, 45, 0, 37, 30, 14, 11, 39, 2, 4, 41, 3, 25, 33, 40, 31];22196.0
47264.0;[28, 1, 25, 3, 34, 44, 9, 23, 41, 4, 10, 14, 35, 6, 17, 27, 18, 36, 42, 19, 46, 20, 12, 22, 39, 2, 13, 24, 47, 38, 31, 29, 5, 43, 30, 32, 45, 37, 7, 0, 8, 16, 26, 11, 21, 15, 40, 33];20071.0
51301.0;[43, 30, 37, 7, 0, 8, 6, 17, 27, 26, 18, 5, 16, 42, 29, 21, 15, 40, 33, 38, 47, 4, 28, 41, 3, 1, 2, 45, 35, 36, 20, 34, 44, 25, 9, 23, 31, 11, 14, 39, 10, 22, 24, 13, 12, 46, 19, 32];21408.0
53898.0;[18, 5, 29, 19, 46, 20, 4, 41, 1, 28, 40, 15, 8, 39, 38, 31, 23, 9, 3, 25, 34, 44, 47, 33, 7, 0, 37, 43, 30, 35, 6, 17, 45, 14, 10, 22, 12, 24, 13, 2, 21, 11, 32, 27, 42, 16, 26, 36];18838.0
58697.0;[26, 18, 36, 27, 17, 43, 30, 7, 8, 0, 15, 21, 2, 11, 19, 16, 42, 29, 5, 37, 39, 14, 32, 35, 6, 45, 10, 22, 28, 1, 41, 3, 25, 9, 23, 47, 13, 24, 12, 46, 20, 38, 31, 4, 33, 40, 34, 44];20965.0
60834.0;[41, 33, 40, 11, 42, 16, 26, 18, 36, 5, 29, 35, 19, 12, 24, 13, 22, 39, 14, 46, 31, 23, 44, 34, 3, 9, 38, 20, 45, 37, 7, 0, 15, 21, 2, 8, 30, 43, 6, 17, 27, 32, 10, 47, 4, 28, 1, 25];20004.0
60952.0;[19, 34, 44, 25, 3, 1, 41, 28, 40, 15, 21, 2, 13, 22, 39, 14, 42, 16, 18, 26, 29, 36, 5, 35, 37, 7, 0, 33, 4, 47, 38, 31, 20, 11, 8, 43, 30, 45, 32, 46, 23, 9, 24, 12, 10, 6, 27, 17];21673.0
57484.0;[43, 30, 37, 7, 0, 15, 21, 33, 40, 28, 1, 25, 3, 9, 31, 38, 4, 41, 34, 44, 23, 47, 24, 20, 29, 36, 42, 16, 26, 18, 5, 8, 39, 14, 27, 17, 35, 6, 45, 2, 13, 22, 12, 46, 19, 10, 11, 32];18589.0
52346.0;[1, 41, 34, 44, 25, 3, 9, 23, 31, 38, 29, 42, 16, 26, 18, 36, 5, 27, 35, 6, 17, 45, 10, 22, 33, 40, 15, 21, 7, 0, 2, 13, 24, 28, 4, 47, 12, 37, 8, 39, 14, 11, 46, 20, 19, 32, 43, 30];19526.0
50951.0;[17, 35, 31, 23, 9, 34, 44, 25, 3, 41, 47, 38, 12, 20, 33, 13, 24, 11, 32, 30, 37, 7, 0, 8, 43, 6, 27, 36, 42, 29, 19, 46, 10, 22, 2, 15, 21, 40, 1, 4, 28, 39, 14, 45, 16, 26, 18, 5];19399.0
57483.0;[6, 17, 35, 43, 30, 37, 8, 39, 14, 27, 29, 5, 45, 10, 38, 31, 23, 4, 47, 1, 3, 25, 34, 44, 9, 41, 28, 40, 2, 11, 32, 19, 46, 20, 12, 22, 0, 7, 15, 21, 33, 13, 24, 42, 16, 26, 18, 36];18062.0
57714.0;[47, 12, 19, 32, 39, 21, 40, 3, 25, 1, 28, 15, 7, 0, 8, 37, 6, 27, 17, 11, 22, 13, 33, 2, 45, 35, 29, 36, 18, 5, 43, 30, 14, 10, 24, 4, 34, 44, 9, 16, 26, 42, 46, 20, 38, 31, 23, 41];22750.0
62841.0;[28, 1, 3, 25, 34, 44, 9, 23, 41, 40, 15, 7, 0, 21, 2, 13, 24, 38, 31, 46, 19, 39, 8, 37, 30, 45, 35, 43, 6, 27, 17, 36, 18, 26, 16, 42, 14, 10, 22, 12, 20, 29, 5, 32, 11, 33, 47, 4];18829.0
54241.0;[1, 25, 3, 41, 38, 46, 27, 17, 29, 42, 16, 26, 18, 36, 5, 37, 7, 40, 4, 47, 24, 20, 12, 10, 39, 8, 0, 15, 21, 45, 32, 11, 22, 13, 28, 33, 2, 43, 30, 14, 23, 9, 34, 44, 31, 19, 35, 6];23565.0
49683.0;[23, 9, 44, 34, 41, 33, 0, 8, 45, 32, 43, 30, 37, 7, 15, 21, 2, 24, 4, 47, 31, 38, 20, 12, 22, 39, 36, 18, 26, 19, 46, 10, 11, 6, 27, 17, 14, 40, 3, 25, 1, 28, 13, 5, 16, 42, 29, 35];22538.0
53848.0;[23, 9, 44, 34, 3, 25, 41, 4, 33, 0, 8, 15, 21, 7, 37, 22, 13, 24, 12, 46, 19, 6, 5, 16, 42, 29, 35, 31, 38, 20, 11, 14, 43, 30, 45, 32, 10, 47, 1, 28, 40, 2, 39, 17, 27, 36, 18, 26];21082.0
57912.0;[11, 43, 30, 37, 8, 0, 7, 15, 21, 2, 13, 22, 45, 42, 16, 26, 18, 36, 5, 29, 35, 27, 31, 23, 9, 25, 3, 1, 40, 39, 32, 19, 46, 12, 24, 4, 28, 41, 34, 44, 6, 17, 14, 10, 33, 47, 38, 20];21422.0
58047.0;[9, 25, 3, 34, 44, 23, 20, 26, 18, 36, 27, 15, 40, 33, 1, 28, 41, 4, 47, 38, 13, 22, 10, 11, 14, 32, 45, 37, 7, 0, 8, 30, 35, 6, 17, 29, 5, 43, 39, 21, 2, 24, 12, 46, 19, 16, 42, 31];20800.0
52339.0;[5, 26, 18, 36, 42, 16, 45, 32, 11, 8, 7, 15, 21, 40, 28, 1, 3, 25, 9, 34, 44, 23, 41, 38, 31, 4, 47, 33, 2, 39, 0, 37, 30, 43, 14, 10, 22, 13, 24, 12, 20, 46, 19, 35, 6, 27, 17, 29];16976.0
61571.0;[9, 44, 34, 3, 25, 1, 47, 31, 4, 33, 2, 11, 26, 18, 36, 5, 43, 30, 39, 14, 19, 46, 12, 13, 24, 38, 20, 42, 16, 29, 27, 37, 8, 0, 7, 15, 21, 45, 32, 35, 6, 17, 10, 22, 40, 28, 41, 23];19399.0
52798.0;[29, 15, 21, 2, 40, 33, 28, 1, 41, 3, 25, 44, 34, 9, 11, 32, 45, 35, 6, 17, 43, 30, 14, 10, 12, 24, 13, 22, 39, 8, 7, 0, 37, 5, 18, 16, 26, 19, 47, 4, 23, 31, 38, 20, 46, 27, 36, 42];20562.0
58045.0;[40, 1, 9, 44, 34, 3, 25, 41, 47, 38, 31, 23, 4, 28, 24, 20, 42, 29, 5, 16, 26, 18, 36, 27, 45, 32, 10, 22, 2, 33, 13, 12, 46, 19, 21, 15, 7, 37, 14, 11, 39, 0, 8, 30, 6, 17, 35, 43];19366.0
53907.0;[34, 44, 23, 4, 33, 2, 21, 40, 15, 0, 8, 39, 11, 14, 10, 22, 7, 37, 30, 27, 36, 16, 42, 29, 19, 13, 28, 1, 3, 25, 41, 47, 38, 12, 24, 20, 43, 17, 35, 26, 18, 5, 6, 45, 32, 46, 31, 9];19456.0
56266.0;[23, 9, 44, 34, 3, 25, 1, 28, 45, 27, 42, 29, 5, 16, 26, 18, 36, 6, 17, 35, 43, 30, 14, 10, 12, 46, 19, 32, 11, 22, 13, 24, 4, 41, 47, 38, 20, 33, 2, 40, 15, 21, 7, 8, 0, 37, 39, 31];18167.0
52164.0;[3, 25, 34, 44, 20, 22, 39, 8, 30, 27, 42, 16, 26, 18, 36, 6, 45, 2, 13, 28, 4, 24, 12, 46, 19, 32, 10, 11, 14, 7, 0, 37, 43, 17, 35, 29, 5, 21, 15, 40, 33, 47, 31, 38, 23, 9, 41, 1];19730.0
58348.0;[8, 27, 18, 36, 16, 26, 42, 29, 5, 6, 30, 37, 39, 24, 47, 4, 28, 1, 25, 3, 34, 44, 9, 23, 41, 33, 40, 2, 11, 46, 31, 38, 20, 19, 32, 45, 17, 35, 43, 14, 10, 12, 13, 22, 21, 15, 7, 0];18294.0
57396.0;[37, 43, 16, 26, 47, 4, 41, 28, 33, 22, 10, 20, 12, 38, 31, 23, 9, 44, 34, 3, 25, 1, 40, 2, 21, 7, 15, 8, 30, 6, 27, 17, 45, 32, 11, 14, 35, 29, 5, 18, 36, 42, 19, 46, 24, 13, 39, 0];19552.0
58660.0;[23, 9, 34, 44, 41, 47, 13, 22, 27, 16, 26, 42, 29, 5, 18, 36, 35, 6, 17, 21, 2, 33, 40, 15, 7, 0, 8, 43, 30, 45, 37, 39, 14, 11, 46, 20, 19, 32, 10, 12, 24, 4, 28, 1, 3, 25, 38, 31];18389.0
57128.0;[9, 34, 44, 23, 31, 38, 20, 26, 18, 36, 30, 37, 7, 21, 33, 13, 12, 22, 0, 8, 39, 14, 10, 24, 4, 47, 46, 19, 35, 6, 27, 5, 16, 42, 29, 43, 15, 40, 2, 11, 17, 45, 32, 28, 41, 1, 3, 25];20229.0
53844.0;[3, 25, 34, 44, 23, 31, 38, 16, 26, 18, 36, 42, 29, 5, 6, 17, 35, 43, 30, 27, 10, 22, 2, 21, 7, 0, 37, 32, 45, 19, 46, 20, 12, 24, 4, 1, 28, 33, 40, 15, 8, 39, 14, 11, 13, 47, 41, 9];18101.0
55133.0;[29, 36, 18, 5, 6, 17, 43, 30, 45, 35, 27, 42, 16, 26, 19, 46, 10, 20, 31, 38, 12, 22, 2, 21, 40, 1, 25, 3, 44, 34, 41, 28, 33, 11, 14, 32, 37, 7, 15, 0, 8, 39, 13, 24, 4, 47, 9, 23];20038.0
58286.0;[41, 9, 34, 44, 3, 25, 23, 31, 16, 26, 18, 5, 36, 42, 47, 4, 2, 21, 39, 8, 43, 6, 27, 29, 30, 37, 7, 0, 15, 13, 38, 24, 12, 22, 10, 11, 14, 32, 45, 17, 35, 19, 46, 20, 33, 40, 1, 28];20484.0
58134.0;[28, 1, 3, 25, 34, 44, 9, 41, 23, 11, 42, 16, 26, 18, 36, 5, 29, 27, 19, 46, 10, 22, 12, 31, 38, 33, 40, 15, 21, 7, 0, 8, 37, 43, 30, 45, 14, 32, 35, 6, 17, 39, 2, 13, 24, 20, 4, 47];18036.0
58826.0;[4, 34, 44, 9, 23, 31, 38, 20, 46, 19, 29, 42, 16, 26, 18, 5, 36, 30, 8, 40, 28, 1, 3, 25, 41, 47, 33, 0, 37, 7, 15, 21, 2, 39, 14, 43, 6, 27, 17, 35, 45, 32, 11, 10, 22, 13, 12, 24];18364.0
52448.0;[23, 9, 34, 44, 3, 25, 1, 21, 0, 7, 37, 30, 27, 26, 18, 36, 5, 39, 2, 13, 24, 33, 40, 15, 8, 43, 6, 17, 35, 45, 32, 14, 11, 10, 22, 12, 20, 46, 19, 16, 42, 29, 28, 41, 4, 47, 38, 31];19449.0
57564.0;[16, 26, 18, 5, 29, 36, 42, 20, 38, 47, 4, 1, 3, 25, 34, 44, 9, 24, 39, 0, 15, 21, 7, 37, 30, 43, 35, 6, 27, 17, 10, 22, 13, 12, 46, 32, 19, 14, 11, 8, 45, 2, 40, 33, 28, 41, 23, 31];19927.0
55268.0;[38, 31, 23, 41, 28, 1, 3, 25, 33, 39, 8, 7, 0, 37, 27, 5, 29, 36, 18, 26, 16, 42, 45, 32, 14, 21, 15, 40, 2, 30, 43, 6, 17, 35, 13, 4, 9, 44, 34, 47, 24, 12, 22, 10, 11, 46, 19, 20];20104.0
58775.0;[24, 39, 37, 7, 0, 15, 21, 40, 33, 28, 1, 3, 25, 41, 13, 22, 17, 6, 27, 29, 35, 43, 30, 14, 10, 38, 20, 16, 26, 42, 44, 34, 9, 4, 2, 8, 45, 32, 11, 46, 12, 19, 36, 18, 5, 31, 23, 47];23686.0
55815.0;[13, 4, 41, 9, 23, 44, 34, 3, 25, 1, 28, 33, 39, 8, 0, 37, 43, 6, 5, 16, 26, 42, 29, 35, 30, 7, 21, 15, 40, 2, 45, 14, 32, 17, 27, 36, 18, 19, 46, 20, 31, 38, 47, 24, 12, 10, 11, 22];17979.0
58258.0;[1, 41, 44, 34, 3, 25, 9, 23, 31, 20, 46, 32, 6, 27, 26, 18, 36, 5, 11, 10, 22, 13, 24, 38, 47, 4, 28, 12, 19, 16, 42, 29, 35, 37, 7, 0, 8, 45, 17, 43, 30, 14, 39, 15, 21, 33, 2, 40];18970.0
53768.0;[30, 7, 15, 21, 0, 37, 43, 6, 17, 27, 29, 5, 14, 39, 10, 22, 13, 24, 4, 1, 3, 25, 44, 34, 9, 41, 28, 33, 40, 2, 8, 45, 32, 11, 46, 19, 26, 18, 36, 35, 12, 31, 23, 47, 38, 20, 42, 16];19506.0
58783.0;[23, 9, 34, 44, 25, 3, 1, 15, 21, 0, 7, 30, 36, 42, 16, 26, 18, 5, 17, 45, 37, 8, 2, 33, 40, 28, 41, 38, 20, 46, 22, 13, 4, 47, 24, 12, 10, 39, 6, 27, 29, 32, 11, 14, 35, 43, 19, 31];19969.0
50724.0;[12, 24, 31, 38, 9, 44, 34, 23, 47, 33, 2, 40, 28, 1, 3, 25, 41, 4, 13, 22, 15, 0, 21, 7, 30, 27, 36, 16, 42, 29, 35, 32, 19, 46, 20, 10, 11, 45, 14, 39, 8, 37, 43, 6, 17, 26, 18, 5];19354.0
52906.0;[9, 44, 34, 3, 25, 41, 1, 28, 33, 37, 30, 7, 0, 15, 21, 8, 39, 14, 10, 11, 46, 20, 38, 31, 23, 47, 4, 13, 22, 45, 43, 35, 6, 17, 27, 36, 18, 5, 29, 32, 2, 40, 24, 12, 42, 16, 26, 19];20415.0
60363.0;[4, 38, 47, 1, 25, 3, 44, 34, 9, 41, 23, 31, 46, 20, 10, 6, 17, 43, 30, 7, 0, 8, 22, 12, 24, 13, 33, 2, 21, 39, 14, 11, 45, 32, 19, 26, 18, 5, 27, 36, 42, 16, 29, 35, 37, 15, 40, 28];18560.0
52035.0;[9, 44, 34, 3, 25, 6, 27, 18, 26, 16, 42, 29, 5, 36, 30, 37, 39, 0, 7, 15, 8, 45, 17, 35, 43, 14, 11, 32, 19, 31, 23, 41, 1, 28, 12, 22, 2, 21, 40, 33, 13, 24, 47, 4, 38, 20, 46, 10];20469.0
53024.0;[9, 34, 44, 23, 37, 7, 30, 6, 17, 35, 43, 8, 39, 0, 15, 40, 28, 1, 3, 25, 41, 4, 19, 16, 42, 26, 18, 5, 29, 36, 27, 32, 45, 14, 11, 46, 20, 31, 38, 12, 10, 22, 2, 21, 33, 13, 24, 47];19315.0
55906.0;[35, 19, 31, 23, 9, 44, 34, 41, 28, 33, 2, 15, 40, 1, 3, 25, 4, 21, 0, 7, 37, 43, 30, 8, 45, 32, 11, 46, 20, 12, 10, 22, 13, 38, 47, 24, 39, 14, 6, 17, 27, 42, 29, 5, 16, 26, 18, 36];18930.0
49995.0;[30, 37, 8, 7, 0, 15, 1, 44, 34, 3, 25, 41, 32, 6, 17, 35, 43, 45, 14, 10, 22, 2, 21, 39, 11, 46, 20, 12, 24, 31, 38, 47, 28, 40, 33, 13, 4, 9, 23, 19, 27, 5, 36, 18, 26, 16, 42, 29];21007.0
51862.0;[4, 28, 24, 12, 10, 16, 42, 26, 18, 5, 29, 36, 27, 17, 19, 46, 20, 31, 38, 33, 13, 22, 0, 8, 39, 14, 11, 32, 45, 35, 6, 43, 30, 37, 7, 15, 21, 2, 40, 1, 41, 9, 3, 25, 34, 44, 23, 47];17175.0
49898.0;[1, 28, 33, 40, 2, 21, 15, 8, 45, 17, 6, 27, 18, 5, 16, 26, 42, 36, 29, 35, 43, 30, 11, 24, 4, 47, 38, 31, 20, 12, 13, 10, 22, 46, 19, 32, 39, 0, 7, 37, 14, 23, 9, 25, 3, 34, 44, 41];17973.0
57346.0;[4, 5, 16, 42, 29, 35, 6, 27, 14, 11, 22, 12, 24, 13, 33, 2, 21, 15, 0, 37, 7, 8, 39, 10, 20, 38, 31, 23, 9, 34, 44, 25, 3, 1, 36, 18, 26, 19, 46, 32, 17, 43, 30, 45, 40, 28, 41, 47];20970.0
51896.0;[35, 23, 9, 34, 44, 3, 25, 41, 20, 46, 19, 16, 26, 18, 36, 5, 43, 30, 8, 0, 15, 21, 7, 37, 6, 17, 45, 39, 40, 33, 2, 11, 32, 14, 10, 12, 24, 31, 38, 4, 47, 1, 28, 13, 22, 27, 42, 29];20129.0
55297.0;[20, 31, 23, 44, 34, 3, 1, 28, 24, 13, 22, 11, 32, 5, 16, 42, 29, 35, 37, 7, 0, 8, 39, 46, 19, 26, 18, 36, 6, 27, 17, 45, 21, 15, 40, 2, 33, 47, 4, 25, 9, 41, 38, 12, 10, 14, 43, 30];19690.0
57903.0;[20, 16, 18, 26, 36, 5, 27, 37, 14, 11, 32, 35, 6, 17, 43, 30, 7, 8, 39, 10, 22, 45, 42, 29, 19, 46, 31, 23, 9, 25, 3, 1, 33, 2, 0, 15, 21, 40, 28, 4, 47, 24, 12, 13, 41, 34, 44, 38];20388.0
56480.0;[20, 46, 19, 16, 26, 42, 18, 36, 27, 29, 5, 43, 30, 14, 39, 10, 12, 11, 32, 17, 35, 6, 45, 37, 7, 21, 2, 33, 40, 15, 0, 8, 22, 13, 24, 31, 23, 9, 25, 41, 38, 47, 4, 28, 1, 3, 44, 34];18667.0
57856.0;[29, 44, 34, 3, 25, 9, 23, 41, 1, 47, 38, 31, 20, 24, 4, 28, 40, 33, 45, 32, 42, 16, 26, 18, 36, 35, 43, 30, 37, 7, 0, 8, 6, 17, 19, 46, 12, 13, 39, 14, 11, 10, 22, 2, 15, 21, 27, 5];20410.0
50740.0;[44, 34, 3, 9, 25, 41, 38, 12, 22, 10, 46, 20, 24, 33, 40, 2, 13, 28, 1, 47, 4, 21, 7, 37, 43, 30, 14, 11, 32, 18, 36, 6, 27, 17, 35, 0, 15, 39, 8, 45, 5, 26, 16, 42, 29, 19, 31, 23];20029.0
53061.0;[9, 3, 25, 34, 44, 23, 31, 38, 20, 14, 27, 36, 42, 16, 26, 18, 5, 29, 19, 32, 45, 35, 6, 17, 11, 46, 12, 24, 47, 4, 41, 1, 28, 40, 33, 13, 22, 2, 21, 15, 7, 0, 8, 37, 43, 30, 39, 10];18271.0
47410.0;[30, 18, 26, 16, 42, 22, 13, 28, 41, 23, 9, 24, 12, 10, 11, 32, 19, 46, 31, 44, 34, 3, 25, 1, 40, 15, 0, 8, 39, 20, 38, 47, 4, 33, 2, 21, 7, 37, 43, 17, 35, 36, 6, 27, 29, 5, 14, 45];20204.0
50681.0;[8, 34, 44, 3, 1, 28, 11, 32, 45, 0, 7, 15, 21, 2, 13, 24, 12, 29, 36, 18, 26, 42, 6, 17, 10, 22, 33, 40, 39, 14, 35, 27, 19, 46, 4, 47, 31, 38, 23, 9, 25, 41, 20, 16, 5, 43, 30, 37];22763.0
51714.0;[26, 18, 36, 42, 31, 23, 44, 34, 41, 28, 33, 13, 22, 2, 21, 7, 0, 8, 45, 32, 11, 14, 43, 30, 37, 39, 24, 4, 38, 20, 46, 19, 35, 6, 17, 15, 40, 1, 3, 25, 9, 47, 12, 10, 27, 29, 5, 16];20049.0
53301.0;[26, 16, 42, 23, 9, 34, 44, 41, 4, 47, 12, 29, 36, 27, 17, 30, 37, 39, 22, 40, 28, 33, 13, 38, 31, 20, 46, 19, 43, 6, 5, 18, 35, 2, 21, 15, 0, 7, 8, 45, 32, 11, 14, 10, 1, 3, 25, 24];23519.0
61747.0;[41, 23, 9, 34, 44, 25, 3, 1, 28, 38, 20, 46, 19, 32, 45, 37, 30, 27, 5, 16, 26, 18, 36, 42, 29, 35, 10, 22, 13, 24, 12, 14, 43, 6, 17, 39, 0, 8, 11, 33, 2, 21, 7, 15, 40, 47, 31, 4];18259.0
49524.0;[9, 34, 44, 25, 3, 1, 28, 40, 15, 21, 0, 7, 8, 17, 27, 5, 16, 26, 42, 29, 36, 18, 32, 10, 22, 13, 38, 31, 23, 41, 33, 2, 39, 45, 35, 6, 43, 30, 37, 14, 11, 24, 4, 47, 12, 19, 46, 20];19177.0
52015.0;[29, 5, 27, 26, 18, 36, 35, 43, 30, 37, 8, 0, 7, 15, 21, 40, 38, 31, 4, 47, 1, 28, 33, 2, 11, 32, 45, 6, 17, 19, 13, 41, 44, 34, 25, 3, 9, 23, 24, 14, 39, 10, 22, 12, 46, 20, 16, 42];19354.0
56324.0;[39, 14, 11, 32, 10, 13, 4, 28, 1, 9, 34, 44, 3, 25, 41, 47, 24, 12, 22, 2, 21, 15, 7, 0, 37, 45, 35, 19, 46, 31, 23, 38, 20, 42, 16, 26, 18, 36, 6, 17, 27, 29, 5, 43, 30, 8, 33, 40];18802.0
53552.0;[1, 3, 25, 41, 23, 38, 31, 20, 29, 42, 16, 26, 18, 36, 5, 6, 27, 17, 33, 28, 4, 47, 24, 22, 0, 15, 21, 2, 13, 9, 34, 44, 40, 7, 37, 35, 45, 32, 19, 14, 11, 46, 12, 10, 39, 8, 43, 30];22305.0
57376.0;[34, 44, 3, 25, 9, 23, 31, 38, 42, 16, 26, 18, 5, 29, 36, 27, 17, 35, 6, 43, 30, 7, 0, 15, 21, 40, 4, 47, 24, 20, 46, 19, 45, 32, 37, 8, 2, 13, 12, 22, 10, 39, 14, 11, 33, 28, 1, 41];17908.0
55178.0;[4, 44, 34, 3, 25, 41, 47, 38, 20, 16, 26, 42, 29, 36, 18, 5, 37, 7, 8, 0, 15, 21, 40, 2, 39, 14, 11, 32, 19, 46, 31, 23, 9, 1, 28, 43, 30, 27, 35, 6, 17, 45, 10, 22, 12, 24, 33, 13];19350.0
54413.0;[9, 44, 34, 3, 25, 1, 40, 39, 8, 0, 15, 21, 7, 37, 30, 6, 17, 27, 36, 42, 29, 5, 16, 18, 26, 19, 46, 10, 22, 2, 33, 47, 38, 20, 11, 32, 45, 35, 43, 14, 24, 4, 41, 28, 13, 12, 31, 23];18370.0
58259.0;[1, 25, 3, 34, 44, 23, 9, 31, 38, 19, 29, 36, 30, 7, 0, 21, 15, 33, 40, 2, 11, 46, 12, 20, 4, 28, 41, 47, 24, 13, 10, 32, 45, 35, 6, 17, 43, 39, 8, 37, 27, 26, 42, 16, 18, 5, 14, 22];20315.0
51557.0;[46, 3, 25, 1, 28, 33, 13, 22, 20, 31, 38, 4, 41, 34, 44, 9, 23, 47, 24, 12, 10, 6, 27, 36, 18, 16, 26, 42, 29, 5, 35, 43, 17, 30, 7, 0, 15, 21, 40, 2, 8, 37, 39, 14, 11, 45, 32, 19];18449.0
52507.0;[44, 34, 3, 25, 9, 41, 23, 31, 5, 42, 16, 26, 18, 36, 29, 35, 43, 14, 10, 2, 15, 21, 7, 37, 30, 27, 6, 17, 39, 0, 8, 45, 32, 11, 19, 46, 20, 12, 22, 24, 13, 38, 47, 4, 33, 40, 28, 1];18072.0
60190.0;[3, 34, 44, 9, 23, 31, 18, 36, 42, 14, 11, 40, 1, 28, 4, 47, 38, 12, 22, 0, 7, 8, 37, 30, 35, 43, 6, 17, 27, 29, 5, 32, 45, 16, 26, 19, 46, 20, 24, 33, 2, 21, 15, 39, 10, 13, 41, 25];21133.0
50523.0;[41, 44, 34, 25, 3, 9, 23, 24, 39, 14, 10, 12, 33, 40, 15, 37, 30, 35, 29, 42, 16, 6, 45, 31, 38, 20, 11, 17, 27, 26, 18, 36, 5, 43, 32, 19, 46, 47, 4, 2, 21, 7, 0, 8, 22, 13, 28, 1];20404.0
56690.0;[1, 25, 3, 9, 31, 38, 20, 24, 12, 22, 13, 47, 4, 28, 41, 34, 44, 23, 33, 15, 21, 6, 27, 26, 16, 42, 29, 36, 18, 5, 43, 30, 37, 7, 0, 10, 11, 46, 19, 14, 45, 32, 17, 35, 8, 39, 2, 40];19119.0
56986.0;[25, 3, 34, 44, 9, 23, 41, 47, 4, 31, 38, 20, 12, 46, 19, 32, 45, 17, 35, 6, 27, 16, 26, 18, 36, 42, 29, 5, 43, 30, 37, 14, 11, 10, 22, 13, 24, 2, 21, 7, 0, 8, 39, 15, 40, 33, 28, 1];15941.0
59237.0;[23, 9, 41, 44, 34, 3, 25, 1, 28, 33, 16, 42, 18, 26, 36, 5, 29, 35, 19, 46, 24, 13, 12, 22, 2, 21, 15, 40, 4, 47, 38, 6, 27, 17, 43, 30, 7, 0, 8, 37, 45, 32, 14, 11, 39, 10, 20, 31];18981.0
50405.0;[28, 33, 39, 8, 37, 7, 0, 21, 15, 40, 2, 30, 43, 6, 17, 27, 16, 26, 36, 18, 5, 14, 10, 12, 24, 13, 22, 45, 32, 11, 4, 47, 31, 38, 20, 42, 29, 35, 19, 46, 23, 44, 34, 3, 25, 9, 41, 1];19267.0
53753.0;[47, 4, 28, 1, 25, 3, 34, 44, 9, 41, 40, 15, 21, 0, 7, 37, 30, 39, 8, 45, 32, 19, 46, 38, 31, 23, 24, 2, 11, 14, 10, 22, 13, 12, 20, 42, 16, 26, 29, 35, 43, 17, 6, 27, 36, 18, 5, 33];19037.0
51738.0;[26, 42, 16, 46, 23, 9, 44, 34, 25, 3, 1, 41, 28, 29, 36, 18, 5, 43, 30, 7, 0, 8, 32, 11, 14, 22, 13, 38, 31, 20, 19, 35, 6, 45, 39, 21, 15, 17, 27, 37, 2, 40, 33, 47, 4, 24, 12, 10];22226.0
53454.0;[46, 25, 3, 1, 2, 21, 7, 0, 8, 39, 14, 10, 22, 33, 40, 15, 37, 30, 43, 35, 45, 32, 11, 12, 13, 28, 4, 47, 24, 38, 31, 41, 23, 9, 34, 44, 20, 29, 5, 6, 17, 27, 42, 16, 26, 18, 36, 19];20389.0
55639.0;[31, 23, 3, 25, 1, 40, 15, 33, 2, 21, 0, 7, 37, 8, 30, 45, 32, 11, 19, 46, 20, 38, 9, 44, 34, 41, 28, 4, 47, 24, 12, 13, 10, 22, 39, 14, 35, 29, 5, 16, 26, 42, 18, 36, 27, 17, 6, 43];19078.0
54218.0;[43, 17, 35, 6, 27, 36, 16, 42, 29, 8, 0, 15, 21, 33, 13, 22, 46, 19, 14, 39, 10, 20, 34, 44, 25, 3, 1, 4, 47, 24, 2, 11, 26, 18, 5, 32, 45, 12, 31, 38, 23, 9, 41, 28, 40, 7, 37, 30];20470.0
48761.0;[34, 3, 25, 4, 47, 38, 20, 18, 36, 5, 43, 39, 2, 21, 7, 0, 8, 45, 32, 30, 14, 11, 46, 19, 26, 16, 42, 29, 22, 13, 33, 40, 15, 37, 6, 17, 35, 27, 10, 12, 24, 31, 23, 9, 41, 28, 1, 44];19954.0
56392.0;[29, 5, 7, 0, 21, 15, 40, 3, 34, 44, 31, 32, 45, 37, 43, 6, 17, 30, 39, 8, 27, 36, 42, 16, 23, 9, 25, 41, 4, 33, 13, 24, 12, 46, 20, 22, 10, 14, 35, 18, 26, 11, 2, 28, 1, 47, 38, 19];23921.0
49893.0;[41, 3, 25, 9, 23, 38, 20, 26, 18, 5, 43, 30, 45, 32, 39, 2, 21, 0, 8, 13, 24, 4, 47, 1, 28, 29, 36, 27, 35, 34, 44, 31, 46, 19, 16, 42, 14, 10, 22, 12, 33, 40, 15, 7, 37, 6, 17, 11];24532.0
52833.0;[6, 5, 16, 26, 42, 29, 36, 18, 27, 17, 35, 43, 30, 39, 14, 10, 22, 21, 15, 7, 0, 13, 47, 9, 34, 44, 23, 41, 4, 28, 1, 25, 3, 24, 11, 32, 45, 31, 38, 20, 46, 19, 12, 33, 40, 2, 8, 37];19334.0
50781.0;[33, 2, 21, 7, 15, 40, 25, 3, 34, 44, 9, 41, 13, 39, 8, 0, 37, 6, 35, 43, 30, 14, 10, 22, 24, 4, 1, 28, 11, 45, 32, 17, 27, 36, 42, 16, 26, 18, 5, 29, 19, 46, 20, 12, 38, 31, 23, 47];19517.0
55114.0;[16, 42, 29, 5, 43, 30, 7, 15, 40, 33, 10, 14, 11, 46, 20, 2, 21, 0, 37, 8, 39, 22, 13, 12, 24, 38, 47, 4, 28, 1, 3, 25, 35, 6, 17, 27, 36, 18, 26, 45, 32, 19, 31, 41, 23, 9, 34, 44];21386.0
56569.0;[16, 26, 42, 29, 36, 18, 5, 45, 21, 40, 1, 25, 3, 44, 34, 9, 41, 28, 15, 7, 37, 30, 6, 27, 19, 46, 12, 22, 11, 32, 17, 35, 43, 14, 0, 8, 39, 10, 24, 38, 31, 23, 47, 4, 33, 2, 13, 20];19826.0
50481.0;[1, 3, 25, 41, 23, 47, 28, 4, 13, 10, 11, 16, 26, 42, 31, 9, 34, 44, 38, 20, 24, 12, 22, 46, 19, 32, 45, 37, 30, 7, 0, 15, 21, 39, 14, 35, 6, 17, 43, 8, 2, 33, 40, 27, 29, 36, 18, 5];22181.0
55552.0;[9, 34, 44, 25, 3, 41, 29, 5, 43, 30, 37, 7, 0, 8, 45, 35, 6, 27, 17, 14, 11, 46, 31, 38, 20, 42, 16, 26, 18, 36, 33, 1, 28, 13, 10, 32, 19, 39, 2, 40, 15, 21, 22, 12, 24, 4, 47, 23];21020.0
64631.0;[28, 33, 40, 1, 3, 25, 34, 44, 38, 31, 20, 37, 30, 43, 17, 35, 27, 26, 16, 42, 29, 36, 18, 5, 6, 45, 14, 22, 13, 24, 11, 32, 19, 46, 12, 10, 39, 8, 15, 21, 7, 0, 2, 4, 47, 23, 9, 41];18539.0
53747.0;[9, 44, 23, 5, 26, 18, 16, 42, 36, 27, 2, 40, 28, 41, 25, 34, 3, 1, 33, 8, 37, 30, 39, 14, 35, 29, 19, 46, 12, 13, 22, 45, 32, 11, 10, 24, 4, 47, 31, 38, 20, 43, 6, 17, 15, 21, 7, 0];23547.0
50860.0;[44, 34, 3, 25, 1, 40, 2, 15, 21, 22, 13, 24, 4, 47, 9, 41, 28, 33, 6, 27, 17, 43, 30, 37, 7, 0, 8, 45, 35, 29, 36, 18, 5, 16, 26, 42, 32, 11, 14, 39, 10, 46, 19, 20, 12, 38, 31, 23];18434.0
15941.0;[25, 3, 34, 44, 9, 23, 41, 47, 4, 31, 38, 20, 12, 46, 19, 32, 45, 17, 35, 6, 27, 16, 26, 18, 36, 42, 29, 5, 43, 30, 37, 14, 11, 10, 22, 13, 24, 2, 21, 7, 0, 8, 39, 15, 40, 33, 28, 1]
