ftv44
6868.0;[25, 32, 34, 33, 27, 28, 36, 37, 38, 35, 30, 26, 42, 43, 11, 7, 9, 40, 39, 4, 20, 8, 41, 6, 10, 12, 13, 15, 17, 14, 19, 1, 2, 44, 3, 5, 0, 21, 31, 29, 22, 23, 18, 16, 24];2351.0
5939.0;[14, 15, 17, 8, 40, 35, 31, 29, 23, 24, 26, 25, 27, 33, 34, 0, 21, 20, 10, 32, 37, 38, 44, 6, 39, 41, 4, 5, 1, 2, 30, 22, 43, 11, 7, 9, 12, 13, 16, 18, 42, 28, 36, 3, 19];2629.0
6098.0;[28, 25, 26, 24, 42, 23, 22, 18, 16, 20, 7, 8, 9, 43, 11, 12, 13, 15, 17, 14, 10, 32, 36, 37, 38, 40, 39, 35, 33, 34, 44, 4, 5, 31, 30, 29, 19, 0, 21, 1, 2, 3, 41, 6, 27];2250.0
5680.0;[1, 3, 4, 20, 10, 11, 7, 8, 9, 6, 41, 5, 0, 2, 29, 30, 22, 18, 42, 24, 23, 43, 13, 14, 15, 17, 19, 21, 12, 16, 28, 25, 26, 27, 33, 34, 37, 40, 39, 38, 44, 32, 36, 35, 31];2517.0
5837.0;[19, 21, 31, 32, 35, 1, 2, 3, 4, 7, 10, 12, 13, 30, 29, 28, 25, 27, 26, 42, 23, 24, 22, 18, 16, 17, 15, 14, 0, 38, 44, 34, 33, 36, 37, 5, 20, 9, 8, 40, 41, 39, 6, 43, 11];2330.0
6171.0;[27, 26, 33, 34, 36, 3, 10, 43, 11, 12, 13, 14, 15, 17, 42, 25, 28, 32, 37, 44, 4, 2, 39, 6, 41, 21, 19, 23, 24, 22, 18, 16, 31, 30, 29, 1, 5, 0, 20, 7, 9, 8, 40, 38, 35];2440.0
6630.0;[16, 18, 42, 23, 24, 22, 20, 9, 41, 6, 7, 11, 10, 8, 40, 39, 38, 35, 25, 26, 27, 28, 36, 37, 44, 3, 4, 1, 2, 5, 21, 19, 14, 15, 17, 30, 29, 32, 33, 34, 31, 0, 43, 13, 12];2196.0
6347.0;[5, 20, 16, 18, 42, 23, 24, 22, 25, 26, 27, 33, 37, 44, 39, 40, 41, 38, 3, 6, 8, 9, 7, 11, 10, 43, 12, 13, 14, 30, 28, 29, 15, 17, 19, 21, 0, 32, 36, 34, 35, 31, 1, 2, 4];2235.0
6464.0;[30, 29, 25, 28, 26, 24, 22, 18, 16, 12, 13, 14, 44, 40, 39, 37, 38, 3, 4, 0, 19, 21, 32, 33, 27, 36, 34, 35, 31, 1, 5, 2, 20, 15, 17, 42, 23, 43, 11, 9, 8, 41, 6, 7, 10];2472.0
5868.0;[7, 10, 11, 43, 12, 13, 15, 18, 16, 17, 19, 21, 0, 1, 2, 31, 30, 24, 26, 42, 23, 22, 14, 29, 32, 44, 3, 39, 38, 35, 33, 34, 36, 4, 5, 20, 8, 9, 40, 25, 27, 28, 37, 41, 6];2313.0
6468.0;[30, 29, 25, 26, 24, 22, 13, 12, 16, 14, 4, 6, 41, 39, 38, 44, 3, 35, 33, 27, 28, 15, 17, 18, 42, 23, 19, 21, 31, 32, 36, 37, 5, 43, 11, 10, 8, 40, 34, 1, 2, 20, 9, 7, 0];2541.0
6209.0;[31, 32, 36, 3, 4, 5, 30, 29, 24, 42, 23, 22, 1, 2, 21, 43, 12, 13, 19, 25, 26, 18, 16, 20, 7, 8, 9, 41, 39, 44, 40, 34, 35, 33, 27, 28, 37, 38, 6, 10, 11, 14, 15, 17, 0];2472.0
6044.0;[9, 6, 41, 39, 37, 38, 33, 27, 26, 42, 23, 22, 13, 14, 19, 21, 43, 12, 1, 3, 4, 0, 15, 17, 24, 32, 36, 34, 35, 31, 2, 30, 29, 25, 28, 18, 16, 10, 11, 8, 40, 44, 5, 20, 7];2613.0
5676.0;[15, 17, 16, 18, 42, 26, 25, 27, 29, 22, 43, 11, 10, 7, 9, 12, 13, 19, 36, 39, 38, 35, 28, 32, 33, 34, 37, 44, 3, 4, 0, 21, 1, 2, 31, 30, 24, 23, 14, 20, 8, 40, 41, 6, 5];2399.0
6535.0;[31, 32, 33, 27, 25, 26, 42, 23, 24, 22, 18, 16, 20, 7, 9, 8, 40, 37, 38, 44, 39, 34, 36, 35, 28, 30, 29, 15, 12, 13, 17, 43, 11, 10, 14, 19, 21, 1, 6, 41, 5, 2, 3, 4, 0];2091.0
5941.0;[26, 27, 33, 34, 37, 38, 35, 22, 14, 15, 17, 18, 16, 42, 23, 24, 25, 28, 40, 41, 5, 2, 1, 44, 39, 30, 29, 32, 36, 3, 4, 6, 8, 9, 7, 43, 11, 12, 13, 20, 10, 19, 21, 0, 31];2366.0
6534.0;[20, 7, 9, 8, 33, 27, 26, 42, 23, 28, 32, 4, 5, 1, 2, 31, 30, 29, 24, 25, 36, 6, 43, 11, 12, 13, 10, 15, 17, 14, 21, 19, 0, 44, 40, 34, 37, 38, 3, 41, 39, 35, 22, 18, 16];2514.0
6020.0;[21, 3, 41, 4, 5, 0, 1, 2, 6, 8, 9, 40, 37, 38, 35, 19, 18, 16, 17, 15, 23, 22, 43, 11, 10, 12, 13, 20, 7, 31, 30, 29, 34, 36, 44, 39, 33, 27, 32, 28, 25, 24, 26, 42, 14];2564.0
6283.0;[9, 34, 36, 37, 38, 33, 27, 42, 23, 22, 44, 3, 5, 30, 25, 26, 18, 16, 10, 7, 8, 40, 39, 41, 4, 6, 35, 32, 28, 29, 24, 15, 17, 14, 43, 11, 12, 13, 19, 31, 1, 2, 0, 21, 20];2470.0
6012.0;[26, 18, 12, 16, 17, 1, 2, 0, 21, 31, 32, 33, 27, 42, 23, 43, 11, 7, 8, 9, 40, 6, 41, 38, 39, 34, 35, 36, 37, 44, 3, 4, 5, 20, 10, 19, 24, 28, 29, 22, 15, 13, 14, 30, 25];2540.0
6179.0;[27, 29, 18, 13, 12, 16, 23, 24, 42, 22, 14, 43, 11, 10, 7, 9, 8, 41, 39, 40, 34, 35, 36, 37, 38, 3, 6, 15, 17, 21, 1, 44, 4, 5, 20, 19, 0, 2, 31, 30, 32, 28, 26, 25, 33];2324.0
5778.0;[2, 29, 32, 37, 38, 44, 40, 39, 28, 26, 42, 7, 8, 9, 10, 11, 14, 19, 15, 23, 25, 27, 33, 36, 34, 35, 3, 4, 5, 20, 43, 12, 13, 30, 24, 22, 18, 16, 17, 21, 6, 41, 0, 31, 1];2563.0
6139.0;[29, 37, 38, 3, 4, 41, 6, 7, 12, 13, 20, 9, 8, 40, 44, 39, 36, 34, 32, 35, 28, 18, 16, 19, 21, 25, 26, 27, 33, 31, 5, 0, 24, 42, 23, 22, 15, 17, 14, 43, 11, 10, 1, 2, 30];2441.0
6559.0;[9, 7, 12, 16, 17, 22, 18, 42, 23, 24, 14, 19, 20, 10, 30, 29, 25, 26, 27, 28, 35, 1, 2, 3, 6, 41, 39, 38, 32, 36, 33, 34, 21, 15, 13, 8, 4, 5, 43, 11, 0, 31, 37, 44, 40];2584.0
5827.0;[27, 33, 34, 30, 22, 17, 14, 19, 20, 10, 21, 2, 3, 4, 7, 43, 12, 13, 15, 16, 18, 42, 23, 24, 28, 32, 35, 38, 44, 39, 31, 29, 36, 37, 40, 41, 6, 9, 8, 11, 0, 1, 5, 25, 26];2459.0
6174.0;[24, 15, 17, 23, 22, 18, 42, 25, 28, 20, 8, 40, 5, 0, 31, 36, 37, 38, 39, 35, 32, 27, 33, 34, 14, 43, 13, 11, 10, 7, 9, 12, 16, 2, 44, 3, 19, 21, 1, 6, 41, 4, 30, 29, 26];2716.0
5926.0;[31, 1, 2, 35, 30, 29, 32, 28, 25, 26, 27, 33, 34, 36, 37, 38, 39, 40, 9, 10, 43, 12, 13, 19, 44, 3, 4, 5, 21, 20, 7, 8, 41, 6, 11, 14, 15, 24, 42, 23, 22, 18, 16, 17, 0];2054.0
6353.0;[20, 43, 12, 13, 11, 7, 9, 8, 25, 26, 27, 33, 37, 40, 41, 39, 31, 30, 29, 32, 36, 34, 35, 44, 6, 10, 15, 17, 21, 0, 1, 2, 4, 5, 23, 24, 28, 38, 3, 16, 18, 42, 22, 14, 19];2688.0
5643.0;[31, 30, 25, 26, 42, 23, 24, 27, 33, 37, 38, 44, 6, 39, 32, 28, 29, 22, 18, 16, 15, 17, 1, 2, 40, 36, 34, 35, 3, 4, 0, 21, 11, 12, 13, 14, 43, 10, 19, 20, 9, 7, 8, 41, 5];2221.0
6515.0;[24, 42, 26, 25, 32, 33, 27, 28, 22, 20, 9, 8, 40, 44, 39, 34, 37, 38, 35, 29, 18, 16, 14, 19, 31, 30, 36, 5, 21, 0, 3, 4, 43, 11, 12, 13, 10, 1, 2, 6, 41, 7, 15, 17, 23];2603.0
5606.0;[36, 37, 3, 6, 41, 39, 40, 9, 8, 7, 11, 13, 15, 18, 42, 23, 22, 19, 31, 30, 24, 21, 1, 2, 4, 20, 43, 12, 16, 17, 0, 29, 27, 33, 34, 25, 26, 28, 14, 10, 5, 44, 38, 35, 32];2564.0
6282.0;[10, 14, 1, 44, 39, 40, 34, 36, 37, 3, 4, 6, 41, 5, 2, 38, 35, 32, 33, 27, 29, 24, 22, 43, 11, 12, 13, 16, 18, 42, 23, 15, 17, 19, 30, 25, 26, 28, 31, 0, 21, 20, 7, 8, 9];2179.0
6281.0;[32, 36, 3, 6, 9, 8, 40, 35, 25, 26, 42, 18, 16, 17, 22, 14, 19, 43, 11, 10, 15, 23, 24, 28, 37, 38, 44, 39, 41, 4, 21, 0, 30, 29, 27, 33, 34, 31, 1, 2, 5, 20, 7, 12, 13];2378.0
6472.0;[2, 4, 6, 7, 8, 9, 40, 41, 39, 44, 3, 5, 20, 10, 15, 17, 43, 11, 19, 0, 21, 1, 31, 32, 34, 33, 27, 29, 24, 26, 25, 28, 36, 37, 38, 35, 30, 22, 14, 12, 13, 16, 18, 42, 23];2310.0
6068.0;[37, 44, 41, 6, 9, 7, 21, 19, 12, 13, 15, 16, 17, 0, 1, 2, 3, 4, 5, 18, 42, 23, 24, 25, 26, 27, 33, 34, 30, 29, 32, 28, 22, 43, 11, 10, 14, 20, 8, 40, 39, 38, 35, 31, 36];2199.0
6429.0;[22, 19, 20, 8, 9, 11, 12, 16, 18, 42, 23, 24, 26, 25, 27, 28, 36, 37, 39, 38, 40, 41, 6, 7, 10, 14, 15, 17, 21, 31, 32, 33, 34, 35, 43, 13, 1, 4, 5, 2, 44, 3, 0, 30, 29];2243.0
5788.0;[20, 7, 8, 40, 36, 37, 4, 6, 9, 41, 44, 3, 39, 38, 33, 34, 35, 30, 18, 16, 17, 15, 43, 12, 13, 11, 10, 29, 28, 32, 31, 0, 1, 2, 5, 25, 26, 27, 42, 24, 22, 23, 14, 21, 19];2478.0
5424.0;[26, 23, 22, 19, 44, 38, 35, 12, 13, 31, 32, 36, 34, 1, 2, 5, 0, 15, 16, 18, 42, 27, 33, 37, 4, 6, 43, 11, 21, 30, 24, 17, 14, 20, 10, 7, 9, 8, 40, 3, 41, 39, 28, 29, 25];2759.0
5783.0;[20, 8, 9, 7, 10, 43, 11, 31, 33, 27, 28, 32, 37, 44, 39, 38, 24, 22, 0, 1, 35, 36, 3, 4, 5, 30, 25, 26, 42, 23, 15, 17, 2, 41, 6, 12, 13, 21, 40, 34, 29, 18, 16, 14, 19];2756.0
5860.0;[18, 42, 23, 26, 27, 33, 34, 43, 12, 13, 44, 3, 4, 5, 30, 24, 22, 14, 36, 37, 38, 39, 40, 9, 8, 41, 35, 31, 15, 17, 19, 21, 1, 2, 20, 10, 0, 29, 25, 28, 32, 6, 7, 11, 16];2696.0
5734.0;[4, 6, 41, 43, 11, 16, 17, 23, 24, 26, 27, 33, 1, 2, 5, 20, 7, 10, 12, 13, 15, 18, 42, 14, 21, 19, 0, 31, 29, 25, 28, 32, 34, 35, 30, 22, 9, 8, 40, 36, 37, 44, 39, 38, 3];2304.0
6218.0;[2, 5, 44, 4, 20, 11, 12, 13, 17, 19, 21, 0, 14, 43, 10, 31, 29, 27, 28, 36, 37, 38, 35, 32, 33, 34, 3, 41, 6, 7, 8, 9, 40, 39, 30, 25, 26, 24, 23, 22, 15, 16, 18, 42, 1];2355.0
6652.0;[8, 41, 3, 4, 6, 28, 26, 42, 18, 16, 17, 19, 23, 22, 24, 25, 37, 38, 35, 31, 30, 29, 43, 10, 11, 7, 9, 5, 0, 1, 2, 44, 39, 40, 34, 32, 36, 33, 27, 15, 13, 12, 14, 21, 20];2651.0
5912.0;[36, 39, 40, 34, 33, 27, 28, 32, 37, 38, 44, 3, 4, 5, 29, 22, 18, 16, 14, 1, 41, 6, 7, 12, 13, 15, 17, 19, 21, 20, 8, 9, 43, 11, 10, 2, 35, 31, 0, 30, 24, 42, 23, 25, 26];2361.0
6378.0;[39, 27, 28, 33, 34, 36, 37, 38, 35, 32, 29, 22, 15, 18, 16, 17, 14, 21, 1, 2, 5, 0, 31, 44, 3, 6, 4, 20, 12, 13, 11, 19, 30, 24, 42, 23, 25, 26, 43, 10, 7, 9, 8, 40, 41];2333.0
5932.0;[0, 30, 36, 37, 4, 5, 19, 18, 42, 23, 25, 26, 27, 28, 44, 39, 38, 35, 24, 22, 43, 11, 12, 13, 1, 2, 3, 41, 6, 40, 8, 9, 7, 15, 16, 17, 20, 10, 14, 29, 32, 33, 34, 31, 21];2495.0
6317.0;[24, 42, 23, 22, 18, 16, 43, 10, 14, 19, 26, 25, 33, 27, 28, 32, 37, 38, 20, 7, 11, 12, 13, 15, 17, 9, 8, 40, 36, 34, 31, 30, 29, 35, 3, 5, 1, 2, 44, 39, 41, 6, 4, 21, 0];2390.0
6177.0;[25, 28, 29, 24, 43, 10, 11, 12, 13, 15, 44, 39, 38, 35, 32, 36, 37, 6, 41, 2, 30, 22, 21, 1, 3, 4, 5, 20, 7, 9, 8, 40, 33, 34, 27, 26, 42, 23, 18, 16, 17, 14, 19, 0, 31];2325.0
5731.0;[26, 25, 27, 33, 34, 36, 6, 7, 9, 8, 40, 41, 39, 35, 28, 29, 32, 37, 38, 4, 5, 20, 10, 21, 1, 2, 19, 43, 11, 12, 13, 16, 44, 3, 15, 17, 14, 0, 31, 30, 24, 23, 22, 18, 42];2304.0
5757.0;[16, 17, 0, 31, 30, 25, 26, 42, 23, 36, 37, 38, 44, 3, 4, 5, 2, 39, 40, 9, 7, 8, 34, 35, 20, 10, 43, 11, 12, 32, 33, 27, 28, 29, 24, 22, 14, 19, 15, 13, 21, 1, 41, 6, 18];2514.0
6133.0;[32, 36, 37, 3, 41, 6, 12, 13, 15, 16, 17, 1, 2, 44, 4, 5, 0, 31, 30, 29, 24, 23, 22, 18, 25, 26, 42, 14, 11, 43, 9, 7, 10, 21, 33, 34, 19, 20, 8, 39, 40, 38, 35, 27, 28];2455.0
6183.0;[24, 42, 23, 1, 2, 6, 41, 40, 33, 27, 28, 25, 26, 22, 14, 19, 20, 8, 9, 7, 10, 21, 31, 30, 34, 32, 36, 37, 43, 11, 0, 29, 18, 16, 17, 15, 12, 13, 44, 39, 3, 4, 5, 38, 35];2691.0
5621.0;[40, 34, 36, 37, 38, 44, 39, 41, 4, 5, 2, 31, 32, 30, 29, 22, 0, 1, 20, 12, 13, 21, 19, 43, 11, 7, 10, 14, 15, 17, 18, 16, 25, 28, 26, 42, 23, 24, 27, 33, 35, 3, 6, 8, 9];2334.0
6322.0;[20, 9, 7, 8, 41, 6, 10, 12, 13, 15, 17, 40, 34, 36, 37, 35, 32, 28, 29, 25, 26, 42, 23, 22, 43, 11, 14, 31, 1, 33, 27, 30, 24, 18, 16, 2, 44, 3, 39, 38, 4, 5, 0, 19, 21];2368.0
6057.0;[15, 17, 18, 42, 23, 43, 11, 16, 14, 21, 30, 26, 25, 27, 28, 32, 35, 31, 0, 1, 2, 20, 7, 8, 9, 40, 36, 33, 34, 29, 24, 22, 19, 3, 4, 5, 44, 41, 39, 37, 38, 6, 10, 12, 13];2413.0
6769.0;[26, 27, 28, 32, 21, 19, 14, 12, 16, 17, 44, 40, 39, 33, 34, 36, 37, 3, 4, 5, 0, 1, 2, 30, 29, 6, 41, 7, 10, 43, 11, 13, 38, 35, 31, 22, 18, 42, 23, 20, 8, 9, 15, 24, 25];2693.0
6220.0;[33, 34, 37, 44, 3, 4, 5, 20, 12, 13, 29, 25, 26, 24, 23, 18, 42, 27, 35, 31, 36, 39, 40, 9, 8, 7, 43, 11, 10, 0, 1, 2, 21, 15, 17, 16, 14, 6, 41, 38, 32, 28, 22, 19, 30];2735.0
6326.0;[25, 26, 24, 23, 43, 10, 11, 9, 41, 6, 7, 8, 40, 4, 20, 12, 13, 31, 29, 33, 27, 28, 32, 36, 37, 38, 44, 3, 5, 2, 39, 35, 34, 1, 15, 16, 17, 14, 21, 19, 0, 30, 22, 18, 42];2510.0
6266.0;[8, 40, 38, 35, 30, 25, 28, 26, 27, 33, 34, 44, 39, 41, 4, 5, 0, 21, 31, 32, 36, 37, 3, 6, 11, 12, 13, 14, 15, 17, 43, 10, 7, 9, 19, 29, 42, 23, 24, 22, 18, 16, 1, 2, 20];2318.0
5953.0;[18, 16, 8, 40, 39, 41, 4, 6, 7, 9, 38, 35, 29, 24, 27, 33, 36, 34, 37, 44, 3, 21, 19, 14, 20, 11, 10, 43, 12, 13, 15, 17, 31, 32, 28, 25, 26, 42, 23, 22, 1, 2, 5, 0, 30];2374.0
6742.0;[35, 18, 16, 17, 14, 21, 19, 20, 10, 11, 15, 25, 26, 27, 28, 29, 32, 36, 37, 38, 3, 5, 30, 24, 42, 23, 22, 1, 2, 4, 9, 7, 8, 40, 41, 6, 43, 12, 13, 0, 31, 33, 34, 44, 39];2435.0
6711.0;[25, 26, 27, 33, 28, 36, 34, 37, 38, 30, 29, 24, 42, 18, 12, 13, 14, 21, 1, 5, 2, 31, 32, 35, 0, 19, 15, 17, 23, 22, 20, 9, 8, 40, 44, 3, 4, 6, 39, 41, 7, 43, 10, 11, 16];2417.0
6299.0;[29, 32, 36, 34, 33, 27, 26, 25, 42, 18, 12, 13, 15, 16, 17, 21, 0, 31, 30, 24, 14, 19, 23, 22, 1, 5, 20, 7, 8, 9, 40, 37, 3, 4, 6, 41, 2, 44, 39, 38, 43, 11, 10, 35, 28];2523.0
6320.0;[15, 17, 25, 27, 26, 28, 32, 29, 24, 42, 23, 22, 14, 19, 21, 1, 2, 4, 6, 41, 12, 13, 20, 9, 44, 39, 38, 33, 34, 35, 18, 16, 10, 43, 11, 7, 8, 40, 36, 37, 3, 5, 0, 31, 30];2543.0
6315.0;[30, 29, 22, 18, 16, 7, 8, 9, 40, 6, 12, 13, 15, 17, 24, 42, 23, 25, 26, 27, 28, 32, 33, 35, 34, 36, 37, 38, 39, 41, 2, 19, 43, 11, 0, 1, 44, 3, 4, 5, 20, 10, 14, 21, 31];2275.0
6143.0;[41, 39, 30, 25, 26, 24, 42, 23, 22, 28, 36, 37, 38, 5, 0, 1, 2, 31, 29, 27, 33, 34, 21, 19, 15, 18, 16, 17, 43, 12, 13, 32, 35, 44, 3, 4, 6, 10, 11, 14, 20, 7, 9, 8, 40];2338.0
6183.0;[0, 12, 13, 10, 9, 40, 34, 36, 37, 35, 32, 30, 29, 23, 24, 28, 26, 25, 27, 33, 1, 2, 5, 21, 14, 15, 18, 42, 22, 44, 3, 20, 7, 8, 41, 39, 38, 6, 4, 19, 43, 11, 16, 17, 31];2594.0
6299.0;[6, 7, 9, 8, 40, 34, 33, 27, 29, 24, 42, 23, 25, 36, 37, 38, 43, 11, 16, 17, 14, 12, 13, 15, 18, 26, 28, 32, 35, 31, 21, 20, 10, 41, 39, 3, 5, 30, 22, 19, 0, 1, 2, 44, 4];2507.0
5947.0;[29, 22, 18, 42, 23, 24, 28, 37, 41, 6, 7, 19, 26, 25, 27, 33, 34, 0, 21, 15, 13, 14, 1, 5, 32, 36, 4, 20, 9, 8, 10, 12, 16, 17, 43, 11, 2, 44, 40, 38, 3, 39, 35, 31, 30];2597.0
6170.0;[22, 13, 15, 18, 16, 17, 19, 30, 29, 32, 31, 3, 41, 6, 9, 8, 40, 39, 44, 4, 20, 7, 10, 21, 0, 1, 2, 5, 24, 42, 23, 14, 11, 43, 12, 27, 33, 34, 36, 37, 38, 35, 28, 25, 26];2445.0
6493.0;[6, 41, 40, 9, 8, 7, 10, 1, 2, 44, 39, 38, 3, 5, 20, 43, 11, 28, 25, 27, 33, 34, 35, 26, 23, 22, 14, 21, 19, 0, 32, 36, 37, 31, 30, 29, 24, 15, 13, 12, 16, 17, 18, 42, 4];2507.0
6630.0;[23, 24, 28, 29, 15, 17, 20, 9, 40, 34, 33, 27, 32, 36, 35, 30, 25, 26, 42, 18, 16, 43, 12, 13, 11, 7, 8, 39, 41, 4, 5, 0, 31, 37, 38, 44, 3, 6, 10, 14, 21, 19, 1, 2, 22];2423.0
6662.0;[6, 9, 7, 8, 40, 41, 39, 34, 33, 27, 28, 26, 25, 42, 18, 16, 12, 13, 19, 21, 29, 32, 35, 1, 5, 2, 30, 24, 23, 22, 0, 31, 38, 44, 3, 20, 15, 17, 43, 11, 10, 14, 36, 37, 4];2484.0
6295.0;[13, 27, 33, 34, 38, 44, 3, 4, 41, 6, 10, 15, 22, 23, 24, 25, 28, 26, 42, 18, 16, 17, 43, 11, 14, 19, 20, 7, 9, 8, 40, 39, 35, 1, 2, 30, 29, 32, 31, 0, 21, 36, 37, 5, 12];2428.0
6544.0;[31, 30, 29, 25, 37, 39, 38, 35, 32, 33, 27, 28, 26, 24, 22, 18, 42, 23, 43, 11, 10, 12, 13, 20, 7, 8, 9, 40, 34, 36, 3, 14, 16, 15, 17, 1, 2, 44, 6, 41, 4, 5, 0, 19, 21];2282.0
6449.0;[3, 4, 6, 7, 9, 8, 40, 41, 44, 39, 38, 35, 32, 27, 28, 33, 34, 29, 24, 23, 22, 15, 17, 14, 0, 1, 2, 20, 10, 31, 36, 37, 5, 21, 11, 43, 12, 13, 19, 30, 25, 26, 42, 18, 16];2416.0
5598.0;[35, 18, 42, 23, 24, 27, 33, 34, 36, 37, 38, 44, 3, 5, 2, 30, 26, 25, 28, 29, 22, 7, 8, 9, 10, 0, 32, 31, 21, 15, 13, 14, 19, 20, 12, 16, 17, 43, 11, 1, 4, 6, 41, 40, 39];2431.0
5505.0;[28, 35, 1, 2, 6, 7, 12, 13, 15, 18, 16, 20, 9, 8, 4, 29, 22, 23, 24, 36, 44, 3, 41, 39, 40, 38, 32, 27, 26, 42, 17, 14, 21, 19, 43, 11, 10, 31, 33, 34, 37, 5, 0, 30, 25];2618.0
5670.0;[19, 22, 18, 16, 17, 15, 12, 13, 20, 9, 8, 41, 39, 38, 40, 34, 33, 27, 26, 42, 23, 24, 28, 36, 37, 44, 3, 6, 4, 7, 21, 0, 1, 5, 2, 30, 29, 25, 32, 35, 31, 14, 10, 43, 11];2292.0
6385.0;[6, 15, 17, 42, 23, 27, 28, 33, 34, 32, 36, 37, 40, 8, 9, 7, 14, 21, 0, 29, 25, 26, 18, 16, 43, 10, 19, 5, 20, 11, 12, 13, 30, 24, 22, 44, 39, 38, 35, 31, 1, 2, 3, 4, 41];2605.0
6060.0;[9, 40, 34, 27, 33, 35, 31, 1, 4, 6, 7, 11, 12, 13, 15, 17, 32, 36, 37, 38, 44, 3, 5, 21, 0, 2, 39, 41, 10, 19, 30, 29, 23, 24, 25, 28, 43, 16, 18, 26, 42, 22, 14, 20, 8];2520.0
6436.0;[22, 43, 11, 8, 35, 32, 37, 38, 4, 5, 0, 20, 10, 12, 13, 14, 15, 19, 21, 1, 2, 44, 39, 40, 34, 36, 3, 6, 18, 16, 17, 7, 9, 41, 31, 30, 29, 25, 33, 27, 26, 42, 23, 24, 28];2563.0
5499.0;[40, 34, 32, 35, 1, 5, 31, 33, 27, 28, 25, 24, 26, 42, 23, 22, 18, 16, 17, 12, 13, 43, 11, 10, 14, 20, 7, 8, 9, 19, 21, 0, 30, 29, 15, 2, 44, 38, 3, 4, 6, 41, 36, 37, 39];2329.0
6320.0;[33, 20, 8, 9, 7, 10, 15, 42, 23, 14, 19, 21, 1, 4, 5, 2, 44, 40, 41, 39, 38, 35, 32, 28, 24, 22, 18, 16, 17, 43, 11, 12, 13, 31, 30, 36, 34, 37, 3, 6, 0, 29, 25, 26, 27];2378.0
6188.0;[8, 41, 4, 6, 38, 44, 39, 40, 34, 36, 37, 3, 0, 31, 32, 35, 33, 27, 28, 29, 23, 24, 42, 22, 14, 10, 43, 11, 12, 13, 15, 1, 2, 5, 18, 16, 17, 21, 30, 25, 26, 19, 20, 7, 9];2302.0
6203.0;[20, 40, 6, 41, 39, 38, 28, 29, 22, 21, 19, 1, 5, 43, 12, 32, 37, 44, 3, 35, 36, 4, 15, 17, 23, 24, 25, 26, 27, 33, 34, 31, 2, 0, 30, 42, 18, 16, 11, 10, 7, 8, 9, 13, 14];2773.0
6156.0;[4, 25, 26, 42, 23, 22, 24, 18, 16, 17, 21, 44, 6, 7, 9, 8, 40, 41, 5, 19, 20, 10, 43, 11, 14, 15, 12, 13, 29, 37, 39, 38, 35, 32, 31, 0, 1, 2, 30, 27, 33, 34, 28, 36, 3];2508.0
5883.0;[7, 43, 11, 12, 13, 10, 21, 0, 33, 34, 27, 26, 42, 23, 22, 14, 19, 20, 9, 40, 36, 35, 31, 1, 2, 4, 5, 30, 29, 37, 38, 39, 32, 28, 25, 24, 15, 17, 18, 16, 8, 41, 44, 3, 6];2455.0
6698.0;[3, 7, 43, 11, 16, 14, 20, 10, 19, 1, 2, 4, 6, 8, 9, 12, 13, 15, 17, 23, 21, 32, 36, 37, 38, 39, 40, 41, 5, 0, 33, 34, 35, 31, 30, 29, 22, 18, 42, 24, 26, 25, 27, 28, 44];2380.0
6015.0;[25, 28, 29, 22, 42, 26, 27, 33, 34, 37, 38, 35, 11, 12, 13, 14, 31, 30, 32, 36, 44, 3, 5, 21, 17, 18, 16, 20, 7, 9, 10, 1, 2, 4, 6, 8, 40, 39, 41, 0, 19, 43, 15, 23, 24];2504.0
5925.0;[44, 41, 39, 40, 9, 8, 7, 11, 12, 15, 22, 18, 16, 17, 1, 2, 3, 4, 6, 43, 13, 21, 28, 27, 33, 34, 36, 37, 38, 20, 10, 30, 29, 24, 25, 26, 42, 23, 14, 19, 0, 5, 31, 32, 35];2465.0
6079.0;[22, 18, 16, 17, 23, 24, 28, 37, 3, 0, 19, 21, 15, 14, 43, 11, 10, 9, 7, 31, 30, 29, 25, 27, 33, 34, 36, 35, 1, 6, 12, 13, 39, 40, 41, 4, 2, 44, 5, 20, 8, 38, 32, 26, 42];2575.0
6171.0;[2, 6, 8, 9, 7, 12, 16, 17, 23, 25, 28, 37, 38, 35, 22, 14, 19, 0, 1, 44, 3, 21, 15, 13, 31, 30, 24, 18, 42, 26, 27, 29, 33, 34, 32, 36, 39, 40, 41, 4, 5, 20, 10, 43, 11];2608.0
6387.0;[23, 22, 14, 43, 12, 13, 11, 10, 8, 40, 37, 38, 44, 3, 39, 32, 28, 29, 24, 15, 17, 18, 16, 25, 26, 27, 36, 33, 34, 35, 21, 19, 20, 7, 9, 6, 41, 0, 1, 4, 5, 2, 31, 30, 42];2321.0
6172.0;[43, 12, 16, 17, 15, 13, 11, 14, 20, 8, 39, 40, 36, 37, 6, 7, 10, 9, 41, 38, 44, 3, 4, 5, 0, 1, 2, 31, 32, 34, 35, 30, 29, 22, 18, 42, 24, 23, 28, 25, 26, 27, 33, 21, 19];2305.0
6073.0;[2, 21, 43, 11, 12, 16, 17, 23, 22, 18, 42, 26, 25, 28, 6, 9, 8, 4, 5, 0, 30, 29, 36, 37, 3, 41, 38, 44, 39, 40, 35, 32, 27, 33, 34, 31, 24, 15, 13, 20, 7, 10, 14, 19, 1];2394.0
6250.0;[42, 24, 26, 27, 33, 34, 36, 3, 5, 0, 29, 22, 23, 18, 16, 17, 15, 43, 11, 10, 14, 19, 21, 25, 28, 32, 35, 1, 2, 4, 6, 41, 44, 40, 39, 38, 31, 30, 37, 7, 12, 13, 20, 8, 9];2560.0
5926.0;[19, 15, 14, 20, 9, 7, 8, 6, 11, 12, 13, 18, 16, 17, 39, 40, 41, 44, 3, 38, 35, 28, 29, 24, 22, 43, 10, 30, 33, 34, 27, 26, 42, 23, 25, 32, 36, 37, 4, 1, 2, 5, 0, 21, 31];2563.0
5857.0;[29, 43, 11, 7, 8, 9, 40, 41, 12, 16, 17, 14, 20, 10, 1, 5, 0, 21, 31, 2, 39, 38, 27, 33, 34, 36, 35, 32, 37, 44, 3, 4, 6, 13, 15, 18, 22, 19, 30, 26, 42, 23, 24, 25, 28];2525.0
6516.0;[27, 26, 25, 42, 23, 22, 15, 14, 19, 21, 0, 1, 3, 39, 35, 28, 29, 24, 18, 16, 17, 4, 6, 41, 5, 2, 44, 40, 34, 36, 37, 20, 7, 11, 10, 43, 12, 13, 31, 30, 32, 9, 8, 38, 33];2541.0
6487.0;[35, 30, 29, 22, 43, 11, 12, 13, 14, 15, 17, 21, 19, 0, 32, 27, 33, 34, 31, 1, 20, 10, 16, 18, 26, 42, 23, 24, 25, 28, 36, 37, 7, 9, 8, 40, 41, 39, 6, 4, 5, 2, 44, 3, 38];2248.0
5888.0;[24, 14, 43, 11, 7, 8, 9, 40, 41, 6, 12, 13, 16, 18, 42, 26, 27, 25, 32, 36, 37, 44, 3, 4, 5, 39, 38, 35, 1, 30, 23, 22, 0, 21, 20, 10, 19, 15, 17, 2, 31, 33, 34, 28, 29];2496.0
6689.0;[18, 16, 17, 14, 32, 37, 38, 35, 36, 40, 39, 41, 6, 8, 9, 12, 13, 11, 10, 43, 19, 42, 22, 23, 24, 28, 29, 30, 25, 26, 27, 33, 34, 31, 1, 2, 44, 3, 4, 5, 21, 0, 20, 7, 15];2310.0
5947.0;[30, 27, 28, 25, 26, 42, 23, 24, 29, 22, 17, 15, 18, 16, 19, 0, 21, 20, 9, 8, 40, 39, 38, 44, 3, 35, 32, 33, 34, 36, 37, 5, 2, 4, 6, 11, 12, 13, 14, 1, 41, 7, 10, 43, 31];2294.0
6572.0;[19, 43, 11, 12, 15, 13, 31, 32, 36, 37, 38, 1, 44, 39, 3, 5, 2, 4, 6, 41, 30, 26, 42, 23, 22, 8, 9, 40, 34, 35, 33, 27, 25, 28, 29, 24, 18, 16, 17, 20, 7, 10, 14, 21, 0];2363.0
5854.0;[43, 10, 11, 12, 16, 17, 21, 44, 3, 20, 7, 9, 14, 15, 13, 0, 1, 5, 19, 18, 42, 23, 22, 2, 4, 31, 30, 29, 25, 26, 27, 33, 32, 34, 36, 37, 38, 39, 41, 6, 8, 40, 35, 28, 24];2486.0
6039.0;[32, 33, 34, 36, 37, 4, 6, 10, 7, 43, 11, 12, 13, 15, 16, 18, 27, 28, 24, 22, 14, 19, 21, 31, 30, 25, 26, 42, 23, 20, 9, 8, 40, 41, 39, 44, 3, 2, 5, 0, 29, 17, 1, 38, 35];2373.0
6909.0;[10, 15, 18, 42, 26, 27, 28, 29, 14, 19, 21, 43, 12, 16, 17, 44, 3, 0, 11, 13, 31, 30, 33, 34, 37, 38, 35, 24, 22, 23, 25, 32, 36, 1, 2, 4, 5, 20, 7, 9, 8, 40, 41, 39, 6];2561.0
6307.0;[39, 38, 3, 20, 7, 9, 40, 34, 33, 27, 26, 42, 23, 8, 41, 6, 43, 11, 12, 13, 15, 16, 17, 18, 22, 14, 10, 19, 30, 25, 28, 36, 37, 35, 32, 29, 24, 21, 2, 4, 5, 0, 31, 1, 44];2488.0
6281.0;[6, 7, 11, 13, 15, 17, 18, 42, 23, 9, 8, 40, 36, 37, 3, 4, 19, 20, 10, 43, 12, 16, 21, 0, 1, 2, 5, 44, 39, 38, 35, 31, 24, 22, 14, 32, 33, 34, 30, 29, 25, 27, 26, 28, 41];2443.0
6591.0;[40, 34, 36, 30, 24, 22, 43, 7, 9, 12, 13, 15, 17, 0, 1, 3, 41, 4, 6, 37, 38, 35, 25, 28, 5, 2, 21, 11, 10, 31, 32, 33, 27, 26, 42, 23, 44, 39, 29, 18, 16, 14, 19, 20, 8];2874.0
6519.0;[20, 10, 43, 13, 19, 21, 0, 35, 32, 33, 34, 39, 40, 9, 8, 7, 11, 1, 44, 3, 4, 5, 2, 31, 30, 36, 37, 38, 41, 6, 12, 16, 17, 15, 18, 42, 23, 24, 25, 27, 26, 28, 29, 22, 14];2278.0
5684.0;[38, 26, 42, 23, 24, 28, 29, 22, 18, 16, 14, 21, 0, 31, 32, 36, 37, 3, 4, 5, 30, 25, 27, 1, 2, 35, 33, 34, 19, 43, 11, 10, 15, 17, 20, 9, 7, 8, 41, 6, 12, 13, 44, 39, 40];2521.0
6181.0;[15, 16, 17, 20, 8, 40, 41, 35, 36, 37, 44, 39, 38, 3, 6, 9, 7, 43, 12, 30, 29, 25, 28, 18, 13, 11, 10, 14, 31, 32, 33, 34, 27, 26, 42, 23, 19, 0, 24, 22, 4, 5, 1, 2, 21];2655.0
6359.0;[30, 36, 37, 3, 6, 41, 7, 9, 8, 40, 4, 24, 23, 22, 18, 16, 17, 43, 11, 12, 13, 15, 14, 44, 39, 38, 35, 29, 25, 28, 32, 33, 34, 27, 26, 42, 20, 10, 1, 2, 5, 21, 0, 19, 31];2371.0
6206.0;[9, 8, 4, 2, 5, 21, 19, 43, 12, 13, 14, 0, 30, 24, 25, 26, 42, 22, 18, 16, 1, 31, 29, 27, 33, 34, 36, 37, 3, 20, 7, 10, 11, 15, 17, 23, 28, 32, 35, 39, 38, 44, 40, 41, 6];2310.0
5946.0;[41, 35, 34, 36, 37, 38, 39, 40, 9, 8, 12, 13, 20, 7, 10, 30, 26, 42, 18, 16, 17, 15, 23, 25, 28, 29, 24, 14, 43, 11, 19, 2, 44, 3, 5, 0, 31, 32, 33, 27, 22, 21, 1, 4, 6];2503.0
6387.0;[2, 44, 3, 34, 32, 26, 27, 33, 40, 9, 8, 6, 41, 4, 39, 38, 35, 31, 1, 5, 21, 43, 12, 13, 16, 17, 14, 20, 7, 10, 11, 19, 0, 30, 22, 18, 42, 23, 24, 25, 28, 36, 37, 29, 15];2517.0
5838.0;[33, 34, 35, 31, 30, 25, 26, 24, 23, 15, 17, 14, 20, 10, 7, 9, 8, 40, 6, 41, 39, 32, 36, 37, 38, 44, 3, 18, 42, 28, 29, 22, 1, 4, 12, 16, 2, 5, 19, 43, 11, 13, 21, 0, 27];2593.0
6150.0;[33, 3, 4, 11, 12, 16, 21, 0, 31, 30, 29, 32, 34, 35, 36, 37, 38, 28, 25, 26, 24, 20, 8, 9, 10, 15, 17, 23, 22, 14, 1, 2, 5, 43, 13, 19, 44, 40, 41, 39, 6, 7, 18, 42, 27];2737.0
6851.0;[14, 43, 12, 13, 20, 7, 9, 8, 40, 27, 26, 24, 42, 23, 15, 17, 18, 16, 31, 1, 44, 41, 6, 39, 38, 35, 30, 29, 25, 28, 36, 37, 3, 4, 5, 33, 34, 32, 22, 11, 10, 21, 0, 2, 19];2422.0
6193.0;[32, 28, 33, 27, 34, 36, 35, 30, 29, 23, 24, 22, 44, 39, 40, 37, 3, 15, 16, 17, 14, 21, 19, 20, 7, 43, 10, 11, 12, 1, 4, 6, 41, 5, 2, 8, 9, 38, 25, 26, 42, 18, 13, 0, 31];2718.0
6122.0;[6, 7, 9, 8, 40, 38, 44, 3, 20, 15, 18, 16, 17, 14, 43, 12, 13, 1, 2, 39, 41, 5, 21, 0, 32, 27, 33, 34, 35, 31, 24, 42, 23, 22, 10, 11, 19, 30, 29, 25, 26, 28, 36, 37, 4];2260.0
5799.0;[11, 12, 13, 17, 23, 24, 25, 28, 32, 27, 26, 42, 22, 18, 16, 14, 15, 43, 10, 44, 39, 40, 36, 37, 38, 30, 29, 20, 9, 8, 41, 0, 31, 33, 34, 35, 2, 5, 19, 21, 1, 3, 4, 6, 7];2410.0
5662.0;[8, 40, 41, 6, 4, 31, 24, 22, 12, 13, 11, 14, 15, 17, 20, 10, 19, 0, 30, 29, 25, 26, 27, 28, 36, 37, 38, 44, 39, 3, 5, 1, 2, 32, 33, 34, 35, 21, 43, 16, 18, 42, 23, 7, 9];2338.0
6237.0;[42, 18, 16, 17, 30, 32, 33, 27, 28, 29, 22, 15, 23, 25, 26, 36, 4, 20, 7, 9, 6, 41, 5, 1, 2, 0, 31, 44, 3, 39, 40, 34, 37, 38, 21, 43, 12, 13, 19, 14, 11, 10, 8, 35, 24];2675.0
6535.0;[30, 29, 25, 28, 33, 27, 26, 42, 23, 22, 24, 18, 16, 17, 15, 43, 11, 12, 13, 32, 36, 37, 35, 31, 21, 19, 0, 1, 2, 5, 44, 39, 6, 41, 20, 7, 10, 14, 38, 3, 4, 9, 8, 40, 34];2307.0
5631.0;[6, 10, 14, 15, 17, 43, 12, 16, 18, 42, 23, 28, 34, 36, 37, 38, 40, 39, 41, 4, 5, 0, 31, 30, 24, 26, 25, 35, 21, 20, 11, 13, 19, 29, 32, 33, 27, 22, 7, 9, 8, 1, 2, 44, 3];2540.0
6044.0;[43, 11, 12, 13, 10, 21, 0, 30, 29, 25, 26, 42, 18, 16, 44, 3, 4, 6, 9, 8, 41, 39, 40, 37, 38, 32, 36, 34, 35, 33, 27, 28, 15, 17, 14, 19, 31, 24, 23, 22, 1, 2, 5, 20, 7];2269.0
6173.0;[9, 7, 43, 10, 2, 44, 39, 34, 36, 37, 3, 4, 5, 21, 0, 19, 20, 11, 12, 13, 14, 1, 38, 35, 28, 42, 23, 24, 27, 33, 31, 30, 26, 25, 32, 6, 41, 29, 22, 18, 16, 15, 17, 8, 40];2630.0
6504.0;[39, 32, 25, 26, 27, 28, 29, 19, 43, 11, 12, 13, 21, 36, 38, 44, 4, 5, 20, 9, 40, 34, 35, 0, 15, 16, 17, 1, 2, 18, 42, 23, 33, 37, 3, 31, 30, 24, 22, 14, 10, 7, 8, 6, 41];2728.0
6661.0;[9, 10, 43, 11, 12, 13, 8, 6, 41, 4, 5, 29, 22, 15, 17, 1, 2, 40, 34, 36, 37, 44, 3, 39, 38, 35, 32, 33, 21, 0, 31, 30, 25, 26, 42, 18, 16, 23, 24, 27, 28, 14, 19, 20, 7];2360.0
6656.0;[25, 28, 32, 36, 31, 42, 23, 24, 26, 27, 33, 34, 22, 18, 16, 17, 10, 7, 43, 11, 12, 15, 13, 14, 19, 21, 4, 6, 41, 5, 30, 29, 0, 1, 2, 44, 39, 38, 3, 20, 8, 9, 40, 37, 35];2482.0
6425.0;[1, 2, 32, 36, 44, 7, 10, 12, 16, 18, 42, 24, 23, 22, 13, 43, 11, 9, 40, 39, 38, 35, 33, 27, 28, 3, 5, 0, 31, 30, 29, 25, 26, 15, 17, 20, 8, 41, 6, 34, 37, 4, 19, 14, 21];2618.0
6421.0;[29, 25, 26, 27, 28, 32, 36, 37, 3, 4, 5, 39, 38, 44, 35, 33, 34, 1, 2, 31, 30, 24, 42, 23, 22, 18, 12, 16, 17, 21, 0, 19, 14, 15, 13, 20, 10, 43, 11, 9, 41, 6, 7, 8, 40];2226.0
6308.0;[11, 10, 14, 19, 1, 4, 6, 41, 5, 2, 44, 3, 20, 7, 15, 18, 42, 23, 28, 33, 27, 34, 36, 37, 9, 8, 40, 38, 39, 30, 25, 26, 24, 22, 13, 12, 16, 17, 31, 29, 32, 35, 0, 21, 43];2533.0
6089.0;[30, 25, 28, 26, 42, 18, 16, 17, 44, 39, 40, 34, 36, 33, 27, 29, 22, 14, 15, 13, 11, 12, 0, 37, 38, 35, 32, 24, 23, 20, 9, 8, 6, 7, 43, 10, 19, 21, 1, 2, 3, 4, 41, 5, 31];2533.0
6013.0;[44, 40, 41, 6, 4, 5, 20, 10, 43, 11, 21, 1, 2, 14, 15, 13, 19, 31, 30, 24, 23, 25, 26, 33, 34, 36, 37, 38, 3, 39, 35, 32, 27, 28, 29, 7, 8, 9, 12, 16, 17, 18, 42, 22, 0];2402.0
5770.0;[23, 25, 26, 27, 28, 36, 39, 40, 9, 7, 10, 11, 12, 18, 16, 20, 8, 6, 41, 4, 19, 21, 0, 1, 44, 14, 43, 13, 15, 17, 29, 37, 38, 3, 5, 2, 31, 32, 35, 33, 34, 30, 24, 42, 22];2516.0
6329.0;[12, 16, 23, 18, 42, 25, 26, 27, 28, 33, 34, 37, 6, 11, 13, 0, 32, 36, 44, 40, 39, 35, 1, 2, 3, 38, 30, 29, 15, 17, 19, 31, 24, 22, 20, 10, 7, 9, 8, 41, 4, 5, 21, 14, 43];2571.0
5962.0;[12, 13, 11, 10, 8, 9, 40, 39, 41, 38, 44, 3, 36, 37, 35, 28, 29, 24, 23, 18, 16, 17, 25, 26, 42, 21, 31, 32, 33, 27, 34, 1, 2, 5, 20, 14, 19, 30, 22, 15, 0, 4, 6, 7, 43];2556.0
6049.0;[15, 17, 43, 12, 13, 14, 11, 8, 9, 40, 39, 32, 36, 37, 3, 4, 5, 20, 7, 10, 19, 31, 29, 30, 22, 18, 16, 24, 42, 23, 28, 25, 26, 27, 33, 34, 35, 38, 44, 6, 41, 21, 0, 1, 2];2308.0
5701.0;[36, 37, 3, 5, 0, 43, 12, 16, 18, 42, 19, 21, 14, 11, 13, 1, 2, 44, 39, 38, 30, 29, 22, 10, 9, 40, 34, 35, 31, 20, 7, 8, 6, 41, 4, 15, 17, 23, 26, 24, 25, 32, 33, 27, 28];2569.0
6061.0;[12, 16, 18, 42, 24, 26, 27, 28, 25, 32, 33, 34, 30, 29, 36, 37, 3, 4, 6, 41, 39, 40, 9, 7, 23, 22, 13, 19, 20, 8, 38, 44, 35, 0, 31, 1, 2, 5, 21, 15, 17, 14, 43, 11, 10];2336.0
6073.0;[29, 32, 36, 44, 6, 11, 12, 20, 8, 9, 40, 41, 7, 17, 23, 22, 18, 16, 43, 10, 14, 31, 30, 25, 26, 42, 24, 28, 35, 1, 39, 34, 27, 33, 37, 38, 3, 4, 5, 2, 0, 21, 15, 13, 19];2619.0
5812.0;[40, 9, 7, 8, 39, 41, 2, 31, 30, 24, 22, 14, 19, 1, 35, 33, 34, 37, 38, 3, 4, 5, 20, 18, 42, 23, 32, 36, 44, 6, 11, 13, 21, 0, 28, 29, 17, 15, 12, 16, 43, 10, 25, 26, 27];2947.0
5865.0;[25, 27, 33, 34, 36, 3, 7, 8, 9, 13, 17, 24, 26, 42, 23, 22, 43, 11, 12, 0, 1, 35, 28, 32, 37, 4, 6, 39, 38, 44, 40, 41, 2, 5, 15, 18, 16, 19, 21, 20, 10, 14, 31, 30, 29];2454.0
5795.0;[10, 32, 28, 36, 37, 38, 39, 35, 31, 30, 29, 25, 26, 27, 33, 34, 44, 3, 9, 8, 40, 41, 6, 7, 13, 15, 23, 24, 0, 21, 19, 17, 18, 42, 22, 14, 43, 11, 12, 16, 1, 2, 4, 5, 20];2374.0
5972.0;[1, 4, 6, 41, 20, 11, 10, 7, 8, 40, 9, 43, 12, 13, 18, 16, 23, 25, 26, 27, 33, 34, 37, 38, 39, 44, 3, 5, 21, 19, 15, 17, 14, 0, 2, 31, 32, 28, 36, 35, 30, 29, 24, 42, 22];2341.0
6354.0;[15, 2, 38, 35, 32, 28, 29, 36, 37, 40, 9, 8, 7, 43, 12, 13, 17, 14, 20, 10, 11, 19, 21, 0, 1, 4, 5, 44, 3, 25, 26, 27, 33, 34, 30, 22, 18, 16, 41, 6, 39, 31, 24, 42, 23];2629.0
5863.0;[7, 10, 15, 17, 43, 14, 0, 33, 27, 25, 26, 28, 29, 11, 12, 13, 1, 2, 5, 19, 23, 24, 42, 20, 9, 8, 34, 35, 31, 30, 22, 18, 16, 21, 32, 36, 37, 44, 3, 6, 41, 39, 40, 38, 4];2585.0
6224.0;[0, 29, 26, 27, 33, 37, 38, 4, 2, 30, 24, 22, 18, 42, 23, 25, 28, 32, 35, 31, 20, 10, 12, 16, 17, 19, 1, 44, 39, 40, 41, 6, 7, 43, 11, 13, 15, 14, 34, 36, 3, 9, 8, 5, 21];2481.0
6303.0;[26, 42, 23, 22, 10, 7, 9, 8, 41, 6, 32, 33, 27, 25, 28, 29, 24, 18, 16, 17, 15, 21, 1, 3, 40, 36, 37, 38, 4, 5, 20, 43, 12, 13, 11, 14, 19, 0, 31, 2, 44, 39, 34, 35, 30];2282.0
5834.0;[27, 26, 42, 24, 23, 22, 43, 13, 30, 29, 14, 11, 12, 16, 18, 25, 28, 36, 37, 4, 5, 0, 1, 38, 32, 33, 34, 35, 31, 21, 20, 10, 19, 2, 44, 3, 6, 9, 7, 15, 17, 8, 41, 39, 40];2656.0
5883.0;[32, 33, 37, 38, 28, 29, 24, 23, 21, 0, 19, 16, 18, 42, 26, 25, 27, 22, 17, 15, 12, 13, 14, 20, 43, 11, 9, 8, 40, 4, 5, 31, 30, 34, 36, 7, 10, 1, 2, 44, 3, 6, 41, 39, 35];2565.0
6473.0;[25, 26, 24, 42, 23, 27, 28, 33, 37, 38, 44, 39, 34, 35, 31, 30, 22, 18, 16, 17, 15, 13, 11, 12, 14, 32, 36, 3, 6, 41, 1, 2, 7, 43, 9, 8, 40, 4, 5, 0, 21, 19, 20, 10, 29];2421.0
5728.0;[10, 21, 30, 22, 14, 43, 11, 9, 8, 40, 6, 41, 4, 7, 12, 13, 0, 39, 38, 35, 32, 36, 37, 44, 3, 5, 31, 33, 34, 27, 25, 26, 42, 23, 24, 28, 29, 18, 15, 16, 17, 19, 1, 2, 20];2436.0
6261.0;[26, 25, 27, 28, 32, 33, 34, 36, 37, 41, 39, 38, 44, 3, 4, 6, 7, 8, 40, 9, 43, 11, 12, 13, 14, 15, 17, 23, 24, 42, 22, 20, 10, 19, 18, 16, 31, 29, 35, 5, 21, 0, 1, 2, 30];2204.0
6710.0;[25, 26, 27, 33, 36, 37, 38, 3, 4, 6, 9, 7, 10, 43, 11, 12, 13, 20, 8, 41, 5, 2, 40, 34, 35, 15, 17, 14, 19, 31, 30, 24, 18, 16, 21, 1, 44, 39, 32, 42, 23, 28, 29, 22, 0];2523.0
6383.0;[32, 36, 33, 27, 26, 25, 28, 30, 29, 24, 42, 23, 37, 38, 41, 7, 12, 13, 44, 3, 4, 5, 20, 43, 11, 10, 31, 35, 0, 19, 21, 1, 2, 6, 9, 8, 40, 39, 34, 22, 18, 16, 17, 15, 14];2602.0
5977.0;[40, 34, 32, 36, 35, 31, 1, 2, 4, 5, 42, 23, 22, 15, 17, 14, 43, 10, 11, 19, 0, 29, 27, 33, 37, 38, 44, 39, 30, 24, 26, 25, 28, 18, 16, 20, 7, 12, 13, 21, 3, 6, 9, 8, 41];2515.0
5938.0;[30, 26, 42, 18, 16, 23, 24, 25, 27, 33, 28, 29, 22, 44, 39, 38, 32, 36, 37, 4, 7, 43, 11, 12, 13, 10, 14, 20, 8, 9, 15, 17, 3, 41, 6, 40, 34, 35, 21, 19, 0, 31, 1, 5, 2];2536.0
6253.0;[26, 42, 18, 16, 14, 12, 13, 15, 17, 20, 8, 40, 36, 37, 4, 19, 43, 11, 10, 21, 0, 1, 44, 35, 33, 34, 31, 2, 5, 30, 29, 24, 23, 22, 7, 9, 41, 6, 3, 39, 38, 32, 27, 28, 25];2373.0
5931.0;[25, 26, 42, 23, 20, 9, 7, 8, 41, 38, 44, 3, 6, 10, 12, 13, 1, 39, 40, 34, 32, 33, 27, 28, 29, 22, 18, 16, 14, 19, 21, 5, 2, 4, 15, 17, 36, 37, 35, 30, 24, 43, 11, 0, 31];2599.0
6310.0;[29, 25, 26, 27, 33, 37, 6, 9, 7, 8, 41, 4, 5, 21, 43, 11, 10, 12, 13, 15, 23, 24, 14, 19, 2, 44, 39, 38, 35, 1, 31, 30, 42, 22, 20, 40, 34, 28, 18, 16, 17, 32, 36, 3, 0];2701.0
6513.0;[9, 7, 10, 11, 20, 43, 12, 13, 16, 18, 42, 25, 26, 27, 29, 24, 22, 23, 31, 2, 4, 5, 21, 15, 17, 14, 19, 0, 1, 44, 39, 38, 35, 33, 34, 32, 28, 30, 36, 37, 3, 40, 41, 6, 8];2275.0
6189.0;[16, 18, 13, 7, 8, 40, 36, 37, 38, 3, 4, 0, 31, 32, 25, 27, 28, 33, 34, 35, 1, 2, 5, 30, 24, 23, 22, 20, 9, 41, 39, 44, 6, 19, 21, 15, 17, 43, 11, 10, 29, 26, 42, 14, 12];2546.0
5705.0;[23, 27, 33, 34, 35, 32, 36, 37, 30, 26, 25, 28, 3, 4, 2, 5, 43, 12, 13, 15, 18, 16, 17, 14, 21, 19, 20, 10, 11, 0, 1, 44, 39, 40, 38, 6, 41, 9, 7, 8, 31, 29, 24, 22, 42];2443.0
6207.0;[18, 16, 17, 23, 22, 15, 12, 13, 11, 43, 10, 7, 8, 40, 9, 31, 30, 24, 27, 33, 36, 34, 37, 38, 35, 28, 29, 32, 1, 2, 6, 41, 39, 44, 3, 4, 5, 0, 19, 21, 20, 14, 25, 26, 42];2347.0
5776.0;[30, 25, 26, 24, 42, 23, 22, 18, 28, 36, 37, 3, 41, 39, 38, 4, 5, 2, 44, 40, 33, 27, 43, 11, 12, 16, 17, 31, 29, 32, 34, 35, 1, 6, 14, 15, 13, 7, 8, 9, 19, 21, 20, 10, 0];2636.0
6125.0;[17, 3, 4, 5, 20, 11, 10, 7, 9, 8, 41, 39, 35, 28, 25, 26, 42, 24, 23, 22, 14, 19, 21, 30, 29, 27, 33, 43, 12, 0, 31, 1, 2, 44, 40, 34, 36, 32, 37, 38, 6, 16, 18, 13, 15];2535.0
6274.0;[8, 40, 4, 5, 2, 6, 9, 43, 13, 15, 18, 42, 23, 22, 24, 14, 1, 44, 3, 7, 10, 11, 12, 16, 17, 32, 36, 37, 38, 39, 41, 21, 0, 30, 29, 28, 25, 26, 27, 33, 34, 35, 31, 19, 20];2376.0
6340.0;[28, 29, 43, 12, 13, 15, 17, 18, 16, 2, 44, 40, 9, 8, 7, 10, 11, 1, 5, 24, 42, 23, 22, 14, 20, 19, 21, 0, 31, 30, 25, 27, 26, 33, 37, 3, 4, 6, 41, 38, 39, 34, 36, 35, 32];2411.0
6365.0;[28, 26, 42, 23, 22, 18, 16, 17, 24, 25, 27, 33, 34, 35, 31, 1, 2, 4, 5, 0, 14, 43, 11, 10, 12, 13, 15, 19, 21, 30, 29, 20, 9, 8, 40, 38, 39, 44, 3, 41, 6, 7, 32, 36, 37];2178.0
5932.0;[33, 27, 29, 25, 26, 42, 22, 18, 16, 10, 9, 8, 40, 6, 41, 44, 3, 7, 43, 11, 12, 13, 15, 17, 23, 28, 34, 36, 37, 4, 5, 1, 2, 20, 14, 21, 0, 39, 38, 35, 30, 24, 19, 31, 32];2432.0
5783.0;[10, 30, 32, 36, 35, 31, 16, 18, 42, 23, 22, 24, 25, 28, 29, 26, 27, 33, 34, 2, 5, 0, 21, 14, 43, 11, 12, 13, 19, 1, 39, 38, 3, 15, 17, 20, 8, 40, 37, 44, 4, 6, 41, 7, 9];2430.0
6302.0;[25, 27, 33, 34, 44, 3, 5, 1, 2, 38, 35, 28, 26, 24, 42, 23, 17, 43, 11, 12, 15, 16, 18, 13, 7, 9, 8, 40, 41, 6, 39, 30, 22, 14, 31, 32, 36, 37, 4, 21, 19, 20, 10, 0, 29];2435.0
5560.0;[10, 15, 17, 22, 14, 43, 11, 12, 13, 19, 30, 32, 28, 26, 25, 27, 33, 37, 3, 4, 2, 5, 29, 24, 42, 23, 18, 16, 1, 44, 20, 7, 8, 9, 40, 34, 0, 21, 31, 35, 36, 38, 39, 6, 41];2511.0
5863.0;[23, 25, 26, 24, 43, 11, 10, 7, 9, 40, 33, 27, 28, 32, 37, 38, 4, 0, 31, 30, 22, 19, 14, 15, 18, 16, 21, 29, 34, 36, 35, 1, 2, 44, 3, 5, 20, 8, 39, 6, 41, 12, 13, 17, 42];2567.0
6424.0;[16, 30, 29, 25, 26, 42, 23, 22, 39, 38, 44, 6, 41, 36, 37, 3, 4, 19, 14, 15, 17, 1, 2, 5, 0, 43, 11, 7, 9, 8, 40, 34, 35, 20, 10, 12, 13, 21, 31, 32, 33, 27, 28, 24, 18];2441.0
6001.0;[17, 42, 22, 15, 14, 36, 37, 38, 39, 40, 8, 5, 20, 10, 11, 12, 16, 18, 26, 27, 33, 34, 30, 25, 28, 29, 32, 35, 44, 3, 4, 2, 31, 1, 6, 41, 0, 21, 19, 43, 13, 23, 24, 9, 7];2780.0
6395.0;[22, 18, 16, 17, 20, 7, 9, 8, 40, 25, 27, 26, 42, 15, 12, 13, 19, 21, 0, 1, 3, 4, 6, 41, 5, 2, 31, 36, 37, 44, 39, 38, 24, 23, 28, 29, 14, 43, 11, 10, 32, 33, 34, 35, 30];2457.0
6107.0;[15, 17, 18, 16, 19, 21, 44, 40, 37, 38, 6, 41, 39, 32, 33, 34, 35, 30, 24, 22, 31, 29, 25, 26, 27, 28, 36, 3, 4, 0, 1, 2, 5, 20, 10, 43, 11, 12, 42, 23, 14, 7, 8, 9, 13];2455.0
5789.0;[15, 16, 18, 42, 23, 24, 25, 28, 22, 20, 10, 0, 1, 31, 26, 27, 33, 34, 8, 9, 7, 11, 14, 21, 30, 29, 36, 6, 41, 35, 32, 37, 38, 5, 2, 44, 3, 39, 40, 4, 19, 43, 12, 13, 17];2550.0
6073.0;[8, 40, 34, 36, 37, 38, 3, 41, 39, 35, 32, 2, 44, 6, 11, 12, 13, 23, 25, 33, 27, 28, 26, 18, 16, 1, 4, 5, 20, 7, 10, 15, 17, 19, 14, 21, 0, 31, 30, 29, 24, 42, 22, 43, 9];2430.0
6319.0;[13, 20, 7, 8, 9, 39, 40, 38, 44, 3, 4, 2, 41, 6, 43, 11, 16, 18, 42, 22, 23, 24, 26, 27, 33, 34, 36, 37, 35, 31, 30, 29, 32, 25, 28, 10, 14, 19, 21, 0, 15, 17, 1, 5, 12];2342.0
5809.0;[34, 35, 32, 33, 27, 29, 26, 42, 25, 28, 36, 37, 15, 17, 43, 12, 13, 10, 11, 7, 8, 6, 41, 4, 5, 31, 30, 24, 23, 22, 18, 16, 14, 19, 1, 2, 0, 21, 20, 9, 40, 38, 3, 39, 44];2362.0
6485.0;[26, 33, 34, 1, 2, 20, 7, 10, 21, 19, 0, 30, 27, 28, 29, 24, 42, 22, 23, 25, 36, 37, 40, 39, 38, 44, 3, 4, 5, 32, 35, 31, 43, 12, 16, 17, 14, 9, 8, 41, 6, 11, 13, 15, 18];2490.0
6496.0;[2, 44, 3, 4, 21, 15, 13, 17, 18, 16, 22, 23, 24, 42, 25, 28, 39, 41, 0, 29, 26, 27, 33, 34, 19, 43, 11, 12, 14, 31, 30, 32, 36, 37, 38, 35, 1, 5, 20, 8, 40, 6, 7, 9, 10];2558.0
6413.0;[28, 33, 34, 36, 37, 38, 44, 5, 0, 31, 1, 2, 6, 12, 13, 16, 18, 42, 23, 24, 22, 14, 19, 43, 10, 11, 8, 40, 39, 35, 32, 29, 20, 7, 9, 41, 3, 4, 15, 17, 21, 30, 25, 26, 27];2359.0
6043.0;[30, 25, 26, 42, 23, 24, 27, 32, 33, 34, 36, 37, 3, 41, 6, 8, 9, 7, 10, 43, 11, 12, 21, 1, 4, 5, 2, 44, 39, 40, 38, 35, 28, 29, 22, 14, 20, 13, 15, 18, 16, 17, 19, 0, 31];2066.0
5827.0;[21, 44, 3, 4, 0, 15, 42, 23, 22, 18, 16, 2, 5, 30, 25, 26, 24, 20, 7, 11, 12, 13, 17, 43, 10, 14, 31, 1, 32, 27, 33, 34, 36, 37, 41, 6, 9, 8, 40, 39, 38, 35, 28, 29, 19];2502.0
5726.0;[12, 13, 37, 38, 39, 44, 40, 9, 14, 20, 8, 41, 4, 5, 36, 34, 35, 30, 22, 18, 16, 24, 25, 26, 42, 23, 33, 27, 29, 15, 17, 19, 31, 32, 28, 43, 11, 10, 21, 0, 1, 2, 3, 6, 7];2780.0
5963.0;[10, 20, 7, 8, 9, 41, 5, 2, 0, 21, 31, 30, 29, 25, 27, 26, 42, 23, 15, 17, 19, 32, 28, 24, 22, 18, 16, 14, 1, 4, 6, 35, 33, 34, 36, 37, 44, 39, 40, 38, 3, 43, 12, 13, 11];2293.0
6059.0;[26, 25, 27, 28, 32, 33, 34, 35, 15, 17, 23, 22, 43, 11, 12, 16, 18, 13, 44, 39, 40, 36, 37, 38, 3, 41, 4, 6, 10, 19, 21, 20, 8, 9, 7, 14, 1, 2, 5, 0, 31, 30, 29, 24, 42];2208.0
6146.0;[6, 9, 8, 40, 38, 35, 31, 30, 29, 25, 26, 28, 32, 36, 37, 3, 4, 5, 19, 43, 12, 13, 15, 17, 18, 42, 23, 27, 33, 34, 1, 2, 24, 22, 39, 41, 0, 21, 20, 7, 10, 11, 16, 14, 44];2385.0
6874.0;[11, 12, 13, 15, 17, 20, 7, 8, 9, 10, 14, 19, 21, 5, 2, 31, 30, 29, 24, 25, 26, 27, 42, 23, 28, 32, 36, 37, 38, 44, 35, 33, 34, 22, 18, 16, 0, 1, 3, 4, 6, 39, 40, 41, 43];2230.0
6215.0;[21, 43, 11, 13, 14, 20, 10, 0, 24, 42, 26, 27, 33, 34, 35, 1, 2, 31, 30, 29, 36, 37, 44, 5, 15, 17, 22, 18, 12, 16, 23, 25, 28, 32, 3, 4, 6, 38, 41, 39, 40, 9, 8, 7, 19];2473.0
6333.0;[19, 43, 11, 12, 13, 1, 44, 3, 4, 20, 8, 9, 7, 10, 15, 42, 23, 22, 18, 16, 17, 0, 2, 6, 41, 39, 35, 32, 26, 27, 33, 34, 30, 24, 14, 31, 29, 25, 28, 36, 40, 37, 38, 5, 21];2431.0
6516.0;[4, 30, 25, 26, 18, 42, 27, 32, 28, 29, 17, 14, 20, 10, 43, 13, 11, 12, 16, 8, 41, 39, 40, 36, 37, 38, 3, 6, 9, 7, 19, 31, 33, 34, 35, 1, 2, 5, 0, 21, 15, 23, 24, 22, 44];2713.0
5491.0;[11, 15, 17, 42, 23, 24, 25, 27, 26, 28, 29, 44, 40, 34, 36, 38, 3, 4, 21, 0, 31, 1, 30, 22, 14, 10, 19, 18, 16, 41, 39, 35, 32, 33, 37, 6, 12, 13, 2, 5, 20, 7, 8, 9, 43];2680.0
6194.0;[24, 18, 42, 25, 26, 27, 33, 34, 35, 20, 10, 43, 11, 12, 13, 16, 19, 44, 3, 9, 7, 8, 41, 5, 1, 2, 14, 15, 17, 23, 22, 21, 0, 31, 4, 6, 40, 36, 37, 38, 39, 32, 28, 29, 30];2460.0
6027.0;[27, 33, 34, 37, 38, 44, 6, 41, 5, 0, 14, 43, 11, 12, 13, 17, 15, 18, 16, 9, 8, 40, 39, 35, 24, 22, 1, 2, 32, 36, 3, 4, 21, 19, 20, 7, 10, 31, 30, 29, 25, 28, 26, 42, 23];2343.0
5693.0;[26, 42, 18, 16, 17, 15, 14, 10, 43, 11, 12, 13, 1, 44, 3, 39, 38, 35, 30, 29, 33, 34, 31, 0, 21, 19, 23, 24, 22, 20, 40, 37, 32, 27, 28, 36, 6, 7, 9, 8, 41, 4, 2, 5, 25];2442.0
5785.0;[15, 6, 41, 39, 40, 34, 36, 35, 33, 27, 26, 25, 43, 12, 13, 11, 10, 7, 8, 9, 16, 17, 18, 42, 23, 19, 1, 2, 44, 3, 4, 5, 20, 14, 21, 0, 32, 37, 38, 31, 30, 28, 29, 24, 22];2522.0
6213.0;[17, 23, 24, 28, 27, 33, 34, 44, 39, 32, 36, 37, 38, 41, 6, 7, 10, 8, 9, 40, 35, 31, 29, 22, 20, 12, 16, 18, 13, 14, 19, 1, 2, 3, 4, 5, 21, 0, 30, 25, 26, 42, 43, 11, 15];2421.0
6239.0;[25, 27, 26, 42, 23, 22, 20, 19, 21, 0, 30, 24, 18, 16, 31, 32, 28, 29, 43, 11, 2, 5, 44, 39, 41, 38, 3, 4, 7, 10, 8, 9, 40, 34, 33, 36, 37, 35, 1, 6, 12, 13, 17, 14, 15];2718.0
6509.0;[31, 30, 29, 32, 28, 26, 25, 42, 22, 18, 16, 27, 33, 34, 44, 7, 43, 11, 14, 19, 2, 20, 8, 9, 40, 41, 39, 35, 36, 37, 38, 6, 10, 12, 13, 15, 17, 23, 24, 21, 0, 1, 3, 4, 5];2465.0
6222.0;[43, 11, 8, 40, 34, 32, 36, 37, 4, 0, 21, 15, 17, 24, 23, 27, 33, 31, 20, 12, 13, 7, 9, 41, 35, 28, 25, 26, 42, 18, 16, 10, 14, 30, 29, 22, 19, 1, 2, 5, 44, 39, 38, 3, 6];2662.0
6443.0;[28, 32, 33, 27, 34, 35, 36, 37, 38, 1, 2, 44, 4, 5, 3, 41, 6, 9, 7, 8, 40, 39, 42, 23, 24, 25, 26, 18, 16, 17, 15, 12, 13, 11, 10, 14, 20, 43, 21, 0, 31, 30, 22, 19, 29];2410.0
5763.0;[18, 42, 24, 25, 26, 27, 33, 34, 36, 35, 31, 0, 11, 13, 14, 15, 17, 32, 28, 30, 29, 37, 39, 40, 9, 8, 41, 38, 44, 3, 4, 5, 20, 10, 21, 1, 2, 6, 7, 19, 23, 22, 43, 12, 16];2325.0
6142.0;[32, 33, 34, 27, 28, 26, 42, 23, 25, 36, 37, 44, 3, 6, 41, 5, 30, 29, 24, 22, 8, 40, 4, 18, 16, 20, 9, 7, 10, 19, 0, 31, 21, 12, 13, 14, 43, 11, 15, 17, 1, 2, 39, 38, 35];2506.0
6046.0;[10, 7, 8, 40, 36, 37, 38, 6, 9, 41, 5, 2, 44, 39, 3, 4, 15, 23, 27, 28, 33, 34, 32, 35, 43, 11, 12, 13, 19, 21, 31, 30, 29, 24, 22, 14, 0, 1, 25, 26, 42, 18, 16, 17, 20];2471.0
6389.0;[16, 18, 42, 24, 26, 27, 33, 34, 35, 0, 20, 7, 9, 8, 32, 36, 37, 38, 39, 40, 41, 5, 2, 31, 1, 44, 3, 4, 6, 10, 11, 14, 15, 13, 17, 23, 22, 19, 21, 30, 25, 28, 29, 43, 12];2275.0
6299.0;[44, 39, 33, 34, 27, 26, 25, 28, 32, 36, 37, 38, 3, 6, 7, 43, 11, 12, 13, 19, 21, 20, 9, 8, 40, 41, 4, 5, 2, 35, 31, 30, 29, 23, 24, 42, 22, 10, 15, 18, 16, 17, 14, 0, 1];2083.0
5905.0;[26, 27, 33, 31, 30, 29, 25, 28, 32, 35, 0, 20, 43, 11, 12, 13, 14, 1, 5, 7, 8, 9, 19, 21, 2, 44, 3, 4, 41, 39, 40, 34, 36, 37, 38, 6, 10, 15, 17, 22, 18, 16, 24, 42, 23];2352.0
6165.0;[31, 32, 36, 34, 37, 38, 44, 3, 41, 4, 0, 30, 22, 23, 24, 26, 27, 33, 1, 5, 2, 6, 9, 7, 43, 10, 11, 12, 16, 17, 20, 8, 40, 39, 35, 13, 15, 18, 42, 25, 28, 29, 14, 19, 21];2426.0
6260.0;[12, 44, 3, 6, 41, 39, 32, 33, 34, 27, 28, 25, 26, 42, 23, 22, 18, 16, 17, 15, 13, 0, 31, 1, 2, 4, 5, 21, 19, 14, 10, 20, 7, 9, 8, 40, 36, 37, 38, 35, 30, 29, 24, 43, 11];2065.0
6370.0;[26, 11, 12, 13, 10, 7, 8, 40, 39, 37, 38, 6, 4, 5, 0, 21, 43, 16, 17, 19, 1, 44, 3, 2, 31, 32, 36, 34, 35, 30, 22, 14, 15, 18, 42, 23, 24, 33, 27, 29, 20, 9, 41, 28, 25];2696.0
6145.0;[31, 33, 34, 36, 37, 38, 35, 32, 25, 27, 28, 29, 26, 18, 16, 17, 42, 23, 44, 39, 3, 40, 41, 8, 9, 7, 43, 11, 20, 10, 14, 30, 24, 22, 15, 13, 12, 19, 21, 4, 6, 5, 0, 1, 2];2527.0
6363.0;[9, 11, 12, 13, 30, 29, 32, 33, 34, 35, 25, 26, 27, 28, 24, 42, 23, 22, 18, 16, 1, 2, 3, 4, 5, 20, 10, 19, 0, 21, 14, 43, 7, 8, 41, 6, 39, 31, 15, 17, 36, 37, 38, 44, 40];2383.0
5310.0;[42, 23, 24, 26, 27, 33, 37, 44, 3, 4, 40, 36, 34, 43, 12, 13, 15, 22, 18, 16, 17, 14, 0, 29, 25, 28, 32, 1, 2, 5, 21, 19, 20, 11, 10, 7, 9, 8, 41, 6, 39, 38, 35, 31, 30];2266.0
6576.0;[4, 20, 43, 11, 10, 9, 8, 6, 7, 13, 12, 16, 17, 15, 18, 42, 26, 27, 33, 34, 35, 40, 36, 37, 38, 39, 41, 19, 21, 31, 25, 28, 24, 23, 22, 14, 30, 29, 32, 1, 2, 5, 0, 44, 3];2440.0
6483.0;[11, 10, 12, 13, 32, 33, 27, 26, 42, 18, 16, 31, 34, 36, 37, 38, 3, 5, 0, 30, 29, 25, 28, 24, 22, 23, 20, 7, 1, 2, 39, 35, 44, 4, 6, 41, 40, 9, 8, 15, 17, 19, 21, 14, 43];2474.0
6484.0;[38, 35, 31, 4, 6, 10, 7, 9, 8, 41, 5, 0, 30, 29, 22, 23, 24, 26, 27, 33, 34, 36, 37, 3, 20, 11, 12, 13, 15, 14, 43, 16, 17, 18, 42, 25, 28, 32, 19, 21, 1, 2, 44, 40, 39];2189.0
6412.0;[1, 2, 20, 7, 12, 13, 31, 30, 26, 27, 33, 34, 36, 37, 35, 29, 22, 43, 11, 10, 19, 42, 23, 24, 25, 28, 32, 44, 3, 41, 39, 38, 4, 6, 8, 9, 40, 5, 0, 21, 15, 17, 18, 16, 14];2336.0
6788.0;[33, 34, 37, 38, 3, 4, 5, 19, 21, 20, 7, 10, 18, 42, 23, 24, 25, 28, 32, 36, 43, 11, 12, 13, 16, 15, 17, 44, 39, 40, 9, 8, 6, 41, 0, 31, 30, 29, 22, 14, 1, 2, 35, 26, 27];2356.0
6218.0;[27, 26, 24, 42, 23, 22, 14, 43, 12, 13, 21, 6, 8, 41, 5, 0, 15, 17, 20, 9, 7, 10, 11, 19, 33, 34, 36, 37, 39, 40, 38, 35, 28, 18, 16, 44, 3, 4, 30, 29, 32, 1, 2, 31, 25];2622.0
5976.0;[43, 12, 13, 9, 7, 8, 40, 34, 36, 37, 33, 27, 25, 28, 26, 42, 22, 18, 16, 21, 1, 2, 38, 44, 3, 39, 41, 6, 4, 5, 0, 19, 20, 10, 11, 30, 24, 23, 32, 35, 31, 29, 15, 17, 14];2392.0
5764.0;[16, 23, 24, 22, 14, 19, 21, 1, 2, 39, 40, 41, 6, 7, 9, 8, 27, 26, 42, 20, 10, 43, 11, 12, 13, 15, 17, 31, 33, 34, 36, 44, 3, 4, 5, 0, 30, 29, 25, 32, 37, 38, 35, 28, 18];2336.0
6498.0;[36, 37, 40, 39, 38, 44, 3, 6, 41, 10, 13, 43, 11, 12, 16, 17, 21, 0, 19, 14, 15, 18, 42, 23, 24, 26, 27, 33, 34, 35, 1, 4, 5, 2, 30, 22, 20, 7, 9, 8, 31, 29, 25, 28, 32];2194.0
5958.0;[30, 22, 42, 23, 24, 25, 26, 27, 28, 38, 31, 29, 33, 34, 35, 32, 36, 37, 44, 3, 4, 7, 8, 9, 40, 41, 39, 6, 43, 11, 10, 15, 17, 18, 16, 14, 1, 2, 5, 20, 12, 13, 19, 21, 0];2211.0
6408.0;[0, 36, 37, 35, 32, 28, 25, 26, 42, 18, 16, 17, 8, 41, 4, 5, 44, 39, 6, 7, 10, 19, 1, 2, 20, 12, 13, 15, 23, 22, 24, 27, 33, 34, 31, 30, 29, 14, 43, 11, 9, 40, 38, 3, 21];2444.0
5553.0;[5, 31, 24, 23, 22, 21, 19, 0, 30, 29, 7, 8, 9, 40, 38, 35, 32, 28, 27, 33, 34, 1, 2, 20, 10, 12, 13, 17, 14, 43, 11, 15, 18, 16, 42, 26, 25, 36, 37, 44, 3, 4, 6, 39, 41];2446.0
5839.0;[32, 37, 38, 3, 41, 6, 8, 9, 7, 20, 10, 43, 11, 12, 13, 15, 17, 42, 22, 23, 24, 26, 25, 28, 35, 1, 2, 44, 4, 5, 21, 14, 0, 31, 30, 29, 27, 33, 34, 36, 39, 40, 19, 18, 16];2291.0
6190.0;[18, 25, 27, 26, 42, 23, 22, 24, 28, 29, 32, 0, 19, 20, 7, 8, 9, 40, 33, 34, 31, 30, 36, 37, 3, 4, 6, 41, 38, 39, 35, 1, 2, 44, 5, 21, 14, 15, 13, 17, 43, 11, 10, 12, 16];2333.0
6241.0;[42, 23, 22, 19, 21, 20, 7, 8, 9, 41, 6, 39, 40, 34, 36, 37, 44, 3, 4, 5, 31, 30, 24, 14, 43, 12, 13, 15, 17, 38, 35, 32, 28, 18, 16, 1, 2, 29, 25, 27, 33, 0, 11, 10, 26];2532.0
6019.0;[7, 1, 44, 40, 39, 35, 36, 37, 38, 31, 30, 29, 24, 22, 18, 16, 23, 27, 33, 34, 32, 28, 25, 26, 42, 43, 13, 12, 15, 17, 19, 0, 2, 5, 3, 4, 21, 14, 11, 10, 20, 8, 41, 6, 9];2396.0
6194.0;[37, 38, 44, 3, 39, 6, 41, 4, 5, 0, 31, 26, 25, 27, 33, 19, 20, 8, 40, 9, 7, 10, 11, 12, 16, 17, 21, 30, 29, 22, 14, 43, 13, 15, 18, 42, 24, 23, 1, 2, 35, 28, 32, 36, 34];2318.0
6484.0;[6, 7, 10, 28, 25, 26, 42, 23, 18, 16, 17, 39, 40, 34, 32, 33, 27, 43, 11, 12, 13, 1, 5, 0, 21, 19, 30, 29, 24, 22, 15, 14, 20, 9, 8, 38, 35, 31, 2, 3, 4, 41, 36, 37, 44];2571.0
5837.0;[1, 20, 8, 40, 39, 38, 5, 0, 14, 15, 12, 13, 16, 17, 2, 44, 4, 6, 41, 35, 29, 22, 18, 42, 23, 24, 25, 32, 36, 37, 3, 21, 19, 43, 11, 7, 9, 10, 31, 30, 26, 27, 28, 33, 34];2424.0
6144.0;[15, 25, 27, 28, 26, 42, 24, 23, 18, 12, 16, 17, 2, 44, 39, 41, 4, 20, 43, 11, 13, 19, 36, 3, 5, 0, 22, 14, 21, 1, 40, 9, 8, 38, 35, 31, 30, 29, 32, 33, 34, 37, 6, 7, 10];2704.0
6158.0;[37, 3, 4, 7, 10, 12, 16, 17, 20, 8, 9, 40, 39, 44, 6, 41, 19, 18, 42, 23, 22, 14, 21, 33, 27, 25, 26, 24, 32, 36, 34, 35, 28, 29, 43, 11, 0, 1, 5, 15, 13, 2, 38, 31, 30];2764.0
6051.0;[26, 25, 27, 33, 37, 38, 40, 9, 8, 7, 10, 12, 13, 14, 1, 4, 6, 41, 5, 2, 20, 15, 16, 17, 18, 42, 43, 11, 19, 0, 31, 44, 3, 39, 35, 30, 22, 23, 21, 36, 34, 32, 28, 29, 24];2466.0
5907.0;[8, 9, 40, 6, 41, 15, 16, 17, 23, 24, 22, 43, 12, 13, 11, 10, 14, 19, 18, 42, 27, 33, 34, 28, 32, 36, 37, 35, 31, 2, 30, 29, 26, 25, 1, 44, 39, 38, 3, 4, 5, 0, 21, 20, 7];2303.0
6346.0;[32, 37, 38, 44, 20, 10, 11, 15, 17, 23, 22, 18, 16, 39, 40, 34, 36, 3, 41, 35, 28, 26, 24, 42, 21, 1, 2, 5, 43, 12, 13, 25, 27, 33, 4, 6, 8, 9, 7, 14, 19, 0, 31, 30, 29];2662.0
6354.0;[22, 15, 43, 12, 13, 20, 10, 19, 21, 1, 5, 2, 3, 41, 6, 38, 44, 39, 35, 32, 36, 40, 9, 8, 7, 11, 14, 0, 29, 25, 26, 27, 33, 34, 31, 30, 24, 28, 37, 4, 16, 17, 18, 42, 23];2421.0
6559.0;[19, 31, 33, 27, 28, 29, 43, 12, 13, 23, 22, 20, 8, 40, 36, 34, 37, 38, 5, 14, 11, 7, 9, 10, 30, 24, 42, 18, 16, 21, 0, 1, 3, 4, 2, 26, 25, 32, 35, 44, 39, 41, 6, 15, 17];2764.0
6338.0;[5, 20, 9, 8, 40, 33, 27, 28, 29, 25, 26, 24, 22, 18, 42, 23, 15, 12, 13, 16, 17, 30, 32, 3, 4, 6, 41, 39, 36, 34, 37, 44, 38, 35, 19, 14, 43, 11, 7, 10, 21, 0, 31, 1, 2];2271.0
6360.0;[28, 25, 26, 27, 33, 34, 24, 42, 23, 18, 16, 17, 19, 21, 1, 2, 5, 20, 9, 7, 8, 40, 38, 3, 4, 6, 32, 36, 37, 35, 31, 44, 39, 41, 43, 11, 12, 13, 15, 0, 30, 29, 22, 14, 10];2360.0
6461.0;[28, 24, 22, 23, 12, 13, 43, 11, 20, 7, 10, 21, 33, 34, 36, 35, 32, 27, 25, 26, 42, 18, 16, 17, 15, 14, 19, 0, 1, 2, 3, 4, 5, 31, 30, 29, 37, 44, 6, 41, 9, 8, 40, 39, 38];2316.0
6596.0;[20, 8, 40, 6, 41, 4, 5, 2, 44, 39, 38, 32, 33, 34, 35, 1, 21, 0, 31, 30, 36, 37, 3, 43, 11, 12, 13, 10, 7, 9, 14, 17, 23, 22, 15, 16, 18, 26, 42, 24, 25, 27, 28, 29, 19];2379.0
5432.0;[32, 44, 39, 38, 28, 27, 33, 34, 1, 4, 6, 7, 16, 18, 25, 26, 42, 23, 43, 11, 10, 12, 13, 21, 19, 15, 17, 14, 20, 8, 9, 40, 41, 35, 36, 37, 3, 5, 2, 30, 24, 22, 0, 31, 29];2519.0
6393.0;[2, 44, 3, 41, 6, 9, 40, 39, 38, 33, 34, 27, 32, 28, 24, 18, 16, 17, 15, 12, 13, 43, 11, 10, 19, 23, 25, 26, 42, 22, 14, 20, 7, 8, 35, 31, 36, 37, 4, 5, 21, 0, 30, 29, 1];2421.0
6411.0;[18, 42, 23, 24, 25, 26, 22, 0, 31, 30, 29, 37, 38, 39, 35, 28, 32, 33, 27, 34, 36, 5, 2, 6, 41, 4, 21, 12, 13, 15, 16, 17, 19, 1, 44, 3, 20, 10, 14, 43, 11, 7, 9, 8, 40];2483.0
5886.0;[23, 22, 18, 42, 25, 26, 27, 33, 34, 28, 29, 24, 8, 9, 40, 6, 41, 39, 38, 35, 32, 36, 37, 4, 12, 16, 17, 14, 20, 7, 10, 19, 21, 1, 2, 44, 3, 5, 0, 31, 30, 43, 11, 13, 15];2342.0
5674.0;[19, 17, 18, 42, 23, 22, 43, 12, 16, 25, 26, 28, 29, 11, 10, 14, 1, 2, 3, 4, 5, 31, 35, 36, 37, 20, 8, 41, 6, 39, 38, 44, 40, 9, 7, 21, 0, 30, 24, 15, 13, 32, 27, 33, 34];2771.0
5422.0;[43, 11, 12, 13, 16, 20, 8, 9, 7, 10, 15, 17, 22, 18, 42, 23, 24, 37, 38, 39, 40, 41, 6, 14, 19, 21, 0, 1, 2, 44, 3, 4, 5, 33, 27, 26, 28, 30, 29, 25, 32, 36, 34, 35, 31];2263.0
5918.0;[0, 31, 1, 39, 40, 44, 3, 2, 5, 21, 20, 7, 43, 10, 11, 12, 16, 18, 42, 26, 27, 33, 34, 36, 32, 37, 38, 4, 15, 13, 9, 8, 6, 41, 35, 30, 29, 22, 17, 14, 19, 25, 28, 24, 23];2553.0
6447.0;[2, 15, 16, 18, 42, 23, 25, 28, 44, 3, 4, 31, 30, 26, 27, 33, 34, 36, 37, 38, 40, 39, 41, 6, 7, 9, 11, 10, 19, 21, 14, 43, 12, 13, 17, 0, 29, 24, 22, 20, 8, 35, 32, 1, 5];2453.0
6386.0;[14, 15, 17, 22, 18, 42, 23, 25, 26, 24, 43, 12, 16, 31, 36, 37, 38, 39, 40, 9, 7, 8, 41, 35, 28, 32, 1, 2, 44, 3, 5, 4, 6, 11, 13, 19, 30, 29, 27, 33, 34, 0, 21, 20, 10];2495.0
6638.0;[30, 29, 42, 23, 24, 26, 27, 33, 37, 39, 38, 44, 3, 6, 40, 41, 5, 22, 18, 16, 15, 17, 14, 21, 0, 1, 2, 31, 32, 34, 36, 4, 20, 7, 8, 9, 11, 12, 13, 25, 28, 35, 19, 43, 10];2520.0
5858.0;[16, 17, 26, 27, 33, 37, 4, 6, 41, 39, 38, 40, 8, 34, 35, 1, 2, 5, 0, 19, 21, 20, 7, 9, 43, 11, 12, 13, 15, 14, 10, 31, 30, 25, 28, 32, 36, 44, 3, 29, 42, 23, 24, 22, 18];2381.0
5923.0;[16, 14, 19, 0, 21, 20, 10, 43, 11, 12, 13, 29, 32, 33, 37, 38, 28, 25, 26, 27, 42, 15, 17, 31, 1, 39, 40, 41, 5, 2, 4, 6, 7, 9, 8, 34, 36, 44, 3, 35, 30, 24, 23, 22, 18];2368.0
6153.0;[11, 7, 9, 8, 40, 37, 38, 44, 3, 1, 2, 39, 6, 41, 4, 5, 20, 10, 43, 12, 19, 0, 30, 29, 25, 26, 42, 23, 24, 28, 32, 33, 27, 18, 16, 17, 21, 31, 36, 34, 35, 22, 14, 15, 13];2262.0
5622.0;[16, 17, 19, 14, 43, 11, 13, 15, 18, 42, 23, 24, 26, 25, 27, 33, 34, 35, 21, 0, 31, 30, 22, 20, 8, 9, 10, 1, 2, 5, 44, 38, 32, 28, 29, 36, 37, 39, 40, 41, 3, 4, 6, 7, 12];2212.0
6183.0;[32, 36, 37, 5, 19, 14, 16, 18, 42, 23, 43, 12, 13, 20, 8, 9, 40, 34, 35, 1, 31, 33, 27, 28, 29, 24, 22, 15, 17, 25, 26, 11, 10, 21, 2, 3, 4, 41, 39, 38, 44, 6, 7, 0, 30];2630.0
6617.0;[18, 42, 23, 27, 34, 1, 20, 8, 9, 7, 11, 16, 17, 43, 12, 13, 2, 38, 35, 22, 14, 10, 19, 21, 31, 30, 29, 44, 3, 4, 5, 0, 32, 36, 37, 41, 39, 28, 24, 25, 26, 33, 40, 6, 15];2855.0
6076.0;[20, 9, 8, 40, 35, 27, 26, 42, 23, 22, 21, 1, 2, 31, 30, 18, 16, 11, 41, 6, 7, 10, 33, 34, 36, 37, 38, 3, 4, 5, 43, 12, 13, 0, 44, 39, 32, 28, 25, 29, 24, 15, 17, 14, 19];2544.0
6616.0;[23, 24, 25, 27, 33, 34, 36, 37, 35, 30, 29, 22, 1, 2, 39, 38, 44, 3, 6, 41, 9, 7, 8, 40, 32, 28, 26, 42, 18, 16, 15, 17, 21, 14, 43, 11, 12, 13, 0, 31, 5, 4, 20, 10, 19];2266.0
5962.0;[8, 40, 5, 0, 1, 2, 3, 41, 6, 17, 18, 16, 32, 36, 37, 38, 4, 19, 42, 23, 24, 22, 15, 13, 12, 21, 44, 39, 33, 34, 35, 31, 30, 29, 25, 27, 26, 28, 43, 11, 10, 14, 20, 7, 9];2525.0
6612.0;[26, 28, 20, 8, 40, 39, 44, 3, 4, 6, 41, 5, 1, 2, 0, 21, 19, 17, 15, 23, 22, 14, 43, 11, 10, 7, 9, 12, 13, 31, 32, 33, 27, 34, 36, 37, 38, 35, 30, 29, 24, 42, 18, 16, 25];2376.0
6704.0;[22, 14, 20, 8, 41, 35, 32, 36, 34, 33, 27, 26, 28, 37, 38, 6, 43, 12, 13, 15, 17, 16, 18, 42, 23, 24, 25, 4, 5, 2, 0, 31, 1, 44, 3, 39, 40, 9, 7, 10, 11, 21, 19, 30, 29];2383.0
7050.0;[33, 34, 3, 41, 6, 7, 43, 11, 20, 10, 21, 0, 31, 30, 29, 42, 22, 18, 16, 17, 25, 28, 32, 36, 37, 40, 8, 9, 15, 12, 13, 14, 19, 23, 24, 26, 27, 35, 1, 2, 44, 39, 38, 4, 5];2468.0
6177.0;[21, 1, 41, 6, 9, 7, 11, 12, 16, 18, 42, 27, 33, 37, 3, 4, 5, 2, 30, 22, 20, 8, 40, 36, 34, 35, 32, 25, 26, 28, 38, 44, 39, 31, 29, 24, 23, 14, 10, 43, 13, 15, 17, 19, 0];2453.0
6467.0;[20, 9, 8, 40, 39, 38, 36, 37, 3, 0, 31, 1, 2, 4, 5, 43, 11, 12, 13, 17, 15, 23, 22, 18, 16, 19, 21, 32, 33, 34, 35, 28, 29, 24, 27, 44, 41, 6, 7, 10, 14, 30, 25, 26, 42];2418.0
6076.0;[0, 2, 5, 20, 8, 40, 34, 36, 37, 38, 39, 35, 33, 27, 28, 29, 25, 26, 32, 44, 6, 7, 9, 43, 12, 13, 11, 10, 19, 31, 30, 22, 15, 17, 24, 42, 23, 14, 21, 1, 3, 41, 4, 18, 16];2500.0
5827.0;[38, 42, 23, 26, 25, 28, 32, 27, 33, 34, 21, 15, 12, 13, 17, 19, 0, 31, 30, 29, 36, 44, 39, 35, 24, 22, 18, 16, 20, 7, 8, 9, 10, 14, 43, 11, 1, 2, 5, 3, 4, 6, 41, 40, 37];2460.0
6156.0;[31, 36, 37, 38, 3, 4, 41, 44, 39, 40, 34, 33, 27, 28, 32, 35, 1, 2, 5, 0, 18, 16, 17, 10, 43, 11, 9, 7, 30, 29, 22, 23, 24, 25, 26, 42, 19, 21, 20, 8, 6, 12, 15, 13, 14];2426.0
6089.0;[13, 20, 9, 8, 40, 39, 44, 3, 4, 5, 1, 2, 0, 15, 16, 17, 31, 38, 35, 21, 19, 10, 14, 30, 24, 26, 25, 28, 29, 32, 33, 27, 22, 23, 18, 42, 36, 34, 37, 41, 6, 7, 43, 11, 12];2476.0
5904.0;[33, 27, 26, 25, 42, 18, 12, 13, 11, 43, 10, 15, 16, 17, 14, 19, 20, 8, 41, 4, 5, 44, 3, 36, 34, 37, 6, 7, 9, 24, 23, 22, 1, 2, 0, 21, 31, 30, 28, 29, 35, 32, 38, 39, 40];2661.0
6507.0;[23, 22, 1, 2, 39, 38, 44, 34, 35, 33, 27, 28, 29, 19, 21, 31, 30, 32, 36, 37, 3, 4, 6, 12, 13, 17, 14, 15, 16, 18, 42, 43, 11, 10, 9, 41, 5, 0, 20, 7, 8, 40, 25, 24, 26];2623.0
5735.0;[36, 37, 4, 7, 10, 43, 11, 12, 13, 21, 19, 20, 8, 39, 38, 5, 0, 24, 42, 23, 18, 16, 1, 2, 44, 3, 41, 6, 35, 32, 33, 34, 31, 30, 29, 22, 15, 17, 27, 28, 25, 26, 14, 9, 40];2521.0
6538.0;[31, 33, 34, 37, 41, 6, 39, 38, 35, 32, 26, 27, 28, 36, 3, 7, 15, 18, 16, 17, 14, 12, 13, 2, 44, 4, 5, 0, 19, 20, 43, 11, 10, 9, 8, 40, 30, 22, 23, 24, 42, 25, 29, 21, 1];2582.0
6138.0;[31, 30, 29, 25, 27, 33, 34, 36, 35, 28, 26, 42, 23, 20, 7, 8, 9, 40, 39, 3, 4, 6, 41, 24, 22, 15, 17, 14, 1, 2, 5, 0, 19, 18, 16, 43, 11, 12, 13, 10, 21, 32, 37, 38, 44];2312.0
5338.0;[18, 13, 20, 7, 9, 8, 40, 36, 33, 34, 31, 0, 12, 15, 16, 17, 14, 19, 21, 43, 11, 10, 3, 4, 5, 1, 2, 32, 37, 38, 30, 29, 25, 26, 42, 23, 22, 44, 41, 6, 39, 35, 27, 28, 24];2505.0
6322.0;[9, 8, 40, 34, 36, 44, 3, 41, 6, 12, 13, 15, 43, 10, 11, 19, 21, 30, 29, 24, 23, 22, 14, 20, 7, 18, 16, 17, 31, 33, 37, 38, 35, 1, 2, 4, 5, 0, 39, 32, 28, 25, 27, 26, 42];2525.0
5973.0;[42, 18, 16, 1, 2, 4, 6, 41, 9, 7, 43, 11, 10, 12, 13, 21, 0, 31, 15, 17, 20, 8, 40, 39, 44, 3, 5, 38, 35, 34, 36, 37, 30, 29, 25, 26, 24, 22, 14, 19, 23, 28, 32, 27, 33];2550.0
5841.0;[24, 42, 22, 23, 15, 18, 16, 17, 41, 40, 37, 44, 39, 38, 35, 36, 3, 0, 31, 33, 34, 21, 19, 1, 5, 2, 4, 6, 7, 8, 9, 43, 11, 12, 13, 14, 20, 10, 32, 28, 30, 29, 25, 27, 26];2473.0
6046.0;[8, 40, 39, 41, 4, 5, 0, 21, 31, 30, 29, 32, 37, 38, 44, 6, 7, 9, 43, 10, 11, 16, 17, 14, 19, 33, 34, 35, 27, 28, 26, 42, 22, 18, 12, 13, 15, 23, 24, 25, 36, 3, 1, 2, 20];2344.0
6412.0;[17, 18, 42, 22, 15, 13, 14, 19, 23, 24, 25, 28, 29, 32, 35, 36, 44, 3, 4, 5, 1, 2, 20, 10, 43, 11, 12, 16, 26, 27, 33, 34, 31, 30, 37, 38, 41, 6, 7, 8, 21, 0, 39, 40, 9];2513.0
6012.0;[23, 25, 27, 28, 35, 30, 29, 26, 24, 22, 14, 20, 9, 8, 40, 39, 44, 3, 4, 1, 2, 5, 0, 21, 19, 31, 32, 36, 37, 38, 6, 41, 16, 18, 42, 33, 34, 43, 11, 10, 7, 12, 13, 15, 17];2422.0
5989.0;[30, 29, 27, 25, 26, 42, 23, 14, 15, 17, 20, 7, 8, 9, 40, 28, 24, 22, 18, 16, 21, 44, 41, 4, 6, 39, 35, 31, 1, 2, 32, 36, 37, 38, 3, 5, 0, 33, 34, 43, 10, 11, 12, 13, 19];2482.0
6345.0;[34, 31, 0, 30, 29, 25, 26, 27, 33, 28, 23, 24, 42, 18, 16, 17, 43, 10, 19, 21, 1, 2, 20, 9, 8, 41, 6, 7, 11, 12, 44, 39, 35, 32, 37, 38, 3, 4, 5, 22, 15, 13, 14, 40, 36];2506.0
6178.0;[18, 16, 17, 43, 11, 21, 1, 2, 3, 4, 6, 9, 10, 7, 12, 13, 15, 14, 19, 0, 29, 31, 5, 20, 8, 40, 41, 23, 22, 44, 39, 34, 36, 37, 38, 35, 30, 24, 25, 32, 28, 33, 27, 26, 42];2639.0
5700.0;[19, 0, 31, 29, 34, 36, 35, 30, 26, 27, 33, 40, 9, 8, 7, 1, 44, 3, 39, 38, 41, 6, 11, 12, 13, 2, 5, 21, 14, 15, 16, 17, 22, 18, 24, 42, 23, 25, 28, 32, 37, 4, 20, 43, 10];2606.0
6394.0;[22, 18, 16, 20, 7, 8, 9, 10, 19, 14, 15, 17, 42, 23, 25, 26, 28, 27, 33, 34, 37, 38, 39, 40, 6, 41, 4, 5, 1, 2, 44, 3, 21, 43, 11, 12, 13, 0, 31, 32, 36, 35, 30, 29, 24];2096.0
5794.0;[6, 41, 39, 38, 36, 34, 37, 44, 3, 4, 5, 0, 29, 25, 26, 42, 23, 22, 18, 16, 17, 15, 14, 43, 12, 13, 11, 10, 20, 7, 9, 8, 40, 33, 27, 28, 32, 35, 31, 30, 24, 19, 21, 1, 2];2010.0
6183.0;[30, 24, 22, 7, 8, 6, 41, 35, 32, 34, 36, 3, 4, 5, 20, 43, 11, 12, 13, 14, 21, 0, 31, 1, 2, 29, 25, 26, 42, 23, 15, 17, 10, 9, 40, 33, 27, 28, 37, 44, 39, 38, 19, 18, 16];2515.0
6017.0;[36, 37, 40, 41, 6, 39, 38, 35, 1, 2, 44, 3, 4, 5, 43, 12, 16, 17, 23, 24, 42, 26, 25, 32, 27, 28, 22, 18, 19, 21, 20, 10, 7, 8, 9, 11, 0, 30, 29, 33, 34, 31, 15, 13, 14];2517.0
2010.0;[6, 41, 39, 38, 36, 34, 37, 44, 3, 4, 5, 0, 29, 25, 26, 42, 23, 22, 18, 16, 17, 15, 14, 43, 12, 13, 11, 10, 20, 7, 9, 8, 40, 33, 27, 28, 32, 35, 31, 30, 24, 19, 21, 1, 2]
