p43
Infinity;[15, 4, 0, 22, 35, 37, 17, 18, 7, 29, 9, 31, 11, 32, 10, 5, 34, 13, 33, 12, 1, 36, 2, 27, 3, 28, 40, 39, 41, 38, 42, 24, 23, 21, 25, 26, 14, 6, 30, 8, 20, 16, 19];5848.0
Infinity;[24, 23, 27, 42, 39, 40, 38, 41, 25, 21, 22, 3, 8, 32, 20, 16, 4, 0, 35, 36, 7, 30, 11, 29, 33, 13, 37, 5, 1, 28, 2, 6, 10, 18, 15, 19, 17, 12, 34, 14, 9, 31, 26];5883.0
28155.0;[42, 39, 40, 38, 41, 18, 17, 7, 14, 26, 25, 23, 37, 10, 29, 4, 0, 3, 35, 36, 2, 9, 32, 27, 21, 22, 24, 16, 20, 15, 19, 33, 13, 34, 12, 8, 31, 11, 5, 30, 6, 28, 1];5884.0
Infinity;[6, 10, 32, 11, 1, 28, 2, 9, 7, 30, 27, 21, 23, 35, 36, 3, 0, 4, 14, 18, 16, 12, 34, 13, 33, 31, 8, 5, 29, 25, 26, 19, 17, 41, 38, 40, 20, 15, 37, 22, 24, 42, 39];11246.0
Infinity;[24, 26, 25, 40, 39, 41, 37, 38, 42, 5, 29, 4, 0, 22, 21, 1, 16, 20, 15, 18, 34, 13, 8, 7, 30, 28, 2, 35, 36, 3, 17, 19, 12, 11, 31, 9, 32, 10, 6, 33, 14, 27, 23];11219.0
Infinity;[10, 32, 29, 8, 18, 17, 20, 16, 37, 4, 0, 1, 27, 40, 39, 42, 38, 41, 34, 9, 31, 11, 5, 3, 30, 6, 36, 35, 23, 21, 22, 25, 14, 33, 13, 7, 2, 28, 24, 26, 19, 15, 12];5864.0
28151.0;[37, 4, 0, 22, 21, 23, 25, 26, 24, 1, 9, 32, 11, 6, 3, 35, 36, 10, 31, 8, 20, 17, 18, 14, 34, 13, 5, 30, 7, 12, 33, 15, 19, 16, 28, 2, 27, 29, 42, 38, 41, 39, 40];5832.0
27969.0;[33, 14, 41, 38, 0, 4, 21, 23, 25, 26, 6, 30, 40, 39, 42, 16, 18, 15, 20, 9, 7, 29, 12, 34, 27, 3, 35, 22, 24, 1, 36, 17, 19, 11, 32, 10, 31, 8, 37, 2, 28, 5, 13];11198.0
Infinity;[2, 35, 23, 21, 25, 26, 40, 38, 42, 39, 41, 3, 28, 30, 6, 8, 32, 19, 15, 1, 24, 22, 27, 33, 14, 17, 20, 29, 9, 31, 10, 7, 13, 34, 12, 11, 5, 18, 16, 37, 4, 0, 36];5866.0
Infinity;[34, 14, 26, 40, 38, 41, 39, 42, 20, 16, 28, 22, 35, 0, 4, 37, 12, 17, 18, 15, 19, 11, 6, 27, 25, 21, 23, 24, 3, 9, 32, 8, 2, 36, 1, 10, 31, 5, 30, 7, 29, 33, 13];5855.0
Infinity;[12, 26, 41, 38, 42, 39, 40, 28, 1, 0, 4, 6, 29, 7, 25, 22, 21, 35, 36, 3, 10, 32, 8, 2, 24, 23, 27, 30, 11, 31, 9, 13, 33, 14, 34, 18, 15, 20, 17, 19, 16, 37, 5];5863.0
Infinity;[16, 19, 15, 40, 38, 41, 39, 42, 26, 25, 4, 0, 35, 37, 11, 32, 9, 1, 23, 21, 22, 24, 27, 3, 7, 13, 33, 14, 31, 8, 29, 5, 12, 34, 28, 2, 36, 6, 30, 10, 20, 17, 18];5813.0
Infinity;[10, 31, 9, 26, 25, 21, 22, 24, 23, 37, 15, 20, 17, 18, 13, 34, 12, 33, 14, 8, 4, 0, 35, 2, 28, 1, 27, 41, 39, 40, 38, 42, 16, 19, 6, 36, 3, 5, 29, 7, 30, 11, 32];5810.0
Infinity;[25, 38, 42, 13, 33, 8, 31, 11, 19, 16, 26, 24, 23, 27, 2, 9, 32, 10, 37, 4, 0, 28, 29, 6, 12, 34, 14, 17, 20, 15, 18, 5, 1, 36, 41, 39, 40, 30, 7, 3, 35, 22, 21];11192.0
Infinity;[38, 40, 12, 10, 31, 8, 17, 18, 16, 19, 15, 3, 27, 24, 23, 21, 22, 25, 26, 28, 2, 0, 4, 6, 29, 7, 36, 35, 1, 13, 34, 14, 33, 30, 5, 37, 11, 32, 9, 20, 41, 39, 42];5836.0
17400.0;[7, 11, 19, 15, 18, 16, 24, 22, 0, 4, 17, 20, 32, 8, 25, 26, 13, 34, 12, 33, 40, 39, 37, 2, 27, 21, 23, 35, 3, 28, 36, 1, 30, 10, 31, 9, 5, 14, 42, 38, 41, 6, 29];11222.0
Infinity;[3, 27, 4, 0, 22, 21, 23, 24, 30, 5, 16, 18, 15, 20, 10, 31, 8, 19, 17, 11, 7, 13, 34, 14, 33, 12, 6, 29, 9, 32, 28, 1, 36, 2, 40, 39, 42, 38, 41, 26, 25, 37, 35];5826.0
Infinity;[24, 23, 21, 25, 11, 31, 10, 32, 9, 30, 7, 4, 0, 22, 35, 3, 27, 29, 5, 36, 2, 15, 18, 17, 20, 13, 33, 14, 34, 12, 8, 16, 19, 42, 38, 40, 39, 41, 28, 1, 37, 6, 26];5854.0
Infinity;[1, 15, 20, 16, 4, 0, 35, 22, 24, 40, 39, 41, 38, 42, 12, 33, 13, 26, 25, 21, 23, 37, 10, 32, 11, 6, 14, 34, 27, 2, 36, 3, 8, 31, 9, 30, 5, 29, 18, 17, 19, 7, 28];5852.0
17311.0;[2, 36, 35, 21, 23, 24, 22, 0, 4, 28, 1, 27, 3, 12, 33, 13, 15, 19, 16, 20, 17, 18, 14, 34, 8, 32, 11, 40, 39, 42, 7, 37, 38, 41, 10, 31, 9, 29, 26, 25, 6, 30, 5];11177.0
Infinity;[12, 26, 40, 38, 42, 14, 11, 1, 27, 30, 32, 10, 5, 39, 41, 24, 25, 22, 21, 23, 35, 0, 4, 37, 15, 20, 17, 19, 13, 33, 8, 31, 9, 7, 28, 2, 36, 3, 16, 18, 29, 6, 34];11171.0
Infinity;[1, 17, 19, 15, 18, 40, 38, 41, 34, 12, 33, 13, 7, 10, 32, 11, 31, 8, 6, 36, 35, 2, 28, 5, 37, 4, 0, 3, 29, 14, 26, 24, 22, 25, 39, 42, 16, 20, 9, 30, 27, 23, 21];11194.0
Infinity;[15, 20, 17, 36, 3, 0, 4, 37, 7, 34, 13, 8, 31, 9, 32, 11, 6, 25, 26, 24, 23, 21, 27, 2, 35, 22, 28, 1, 14, 33, 41, 38, 40, 39, 42, 29, 5, 30, 10, 18, 16, 19, 12];5863.0
Infinity;[9, 32, 8, 26, 25, 24, 23, 21, 22, 35, 0, 4, 2, 27, 5, 10, 31, 19, 15, 20, 17, 18, 16, 40, 38, 41, 29, 7, 3, 37, 36, 39, 42, 11, 30, 28, 1, 14, 34, 13, 33, 12, 6];11153.0
Infinity;[9, 4, 0, 23, 35, 2, 17, 19, 41, 38, 40, 26, 25, 24, 3, 15, 18, 8, 32, 11, 14, 34, 12, 33, 42, 39, 37, 36, 1, 7, 29, 5, 30, 28, 21, 22, 27, 16, 20, 13, 10, 6, 31];11225.0
Infinity;[24, 26, 15, 18, 41, 38, 4, 0, 22, 21, 25, 29, 9, 7, 10, 32, 8, 31, 11, 6, 1, 28, 3, 12, 33, 13, 34, 14, 19, 17, 20, 16, 30, 5, 40, 39, 42, 27, 2, 37, 36, 35, 23];11175.0
Infinity;[41, 15, 19, 16, 20, 13, 17, 18, 8, 5, 4, 0, 22, 25, 26, 24, 23, 21, 37, 6, 9, 31, 11, 32, 10, 7, 29, 12, 34, 14, 33, 30, 3, 27, 2, 35, 36, 1, 28, 40, 38, 42, 39];5818.0
Infinity;[18, 26, 25, 23, 21, 22, 24, 36, 35, 0, 4, 37, 40, 39, 42, 38, 41, 28, 1, 27, 3, 5, 9, 31, 30, 34, 14, 33, 13, 8, 32, 10, 2, 17, 20, 12, 11, 6, 29, 7, 15, 19, 16];5817.0
27850.0;[12, 9, 32, 10, 4, 0, 35, 22, 21, 23, 25, 24, 28, 3, 36, 2, 16, 19, 17, 18, 8, 31, 30, 27, 1, 7, 11, 20, 15, 14, 33, 13, 34, 29, 6, 41, 39, 40, 26, 5, 37, 38, 42];11159.0
Infinity;[6, 40, 38, 42, 39, 41, 29, 5, 37, 4, 0, 27, 3, 36, 2, 16, 19, 17, 18, 15, 20, 34, 13, 33, 12, 7, 1, 35, 22, 24, 9, 32, 11, 28, 21, 23, 25, 26, 14, 8, 31, 10, 30];5839.0
Infinity;[23, 21, 22, 27, 30, 20, 17, 19, 15, 18, 16, 14, 34, 26, 42, 39, 40, 3, 0, 4, 5, 12, 33, 13, 11, 31, 10, 7, 28, 2, 35, 37, 8, 32, 9, 6, 29, 38, 41, 25, 24, 36, 1];11194.0
Infinity;[28, 24, 22, 0, 4, 3, 37, 26, 25, 23, 21, 35, 2, 27, 29, 41, 39, 42, 38, 40, 17, 19, 5, 11, 31, 8, 32, 9, 36, 1, 7, 10, 30, 6, 18, 16, 20, 15, 12, 33, 13, 34, 14];5850.0
28256.0;[41, 39, 42, 15, 20, 16, 19, 17, 18, 8, 25, 26, 24, 23, 21, 22, 35, 2, 27, 10, 32, 9, 31, 11, 7, 3, 0, 4, 37, 5, 30, 28, 1, 36, 14, 34, 29, 6, 13, 33, 12, 40, 38];5797.0
Infinity;[19, 40, 39, 41, 38, 42, 17, 20, 16, 36, 1, 27, 24, 22, 21, 23, 25, 26, 30, 28, 3, 35, 37, 15, 18, 8, 29, 31, 11, 32, 5, 10, 13, 34, 12, 33, 14, 9, 6, 4, 0, 2, 7];5848.0
27860.0;[39, 41, 26, 11, 31, 10, 7, 29, 8, 32, 9, 36, 35, 23, 25, 24, 21, 22, 27, 3, 28, 2, 6, 30, 13, 34, 14, 33, 12, 20, 17, 19, 16, 37, 4, 0, 1, 5, 18, 15, 40, 38, 42];5820.0
Infinity;[36, 24, 23, 25, 26, 42, 38, 40, 16, 19, 29, 6, 12, 33, 13, 34, 14, 5, 3, 21, 22, 27, 15, 20, 8, 7, 4, 0, 35, 2, 28, 1, 37, 39, 41, 9, 31, 11, 32, 30, 10, 18, 17];11191.0
Infinity;[2, 27, 1, 24, 22, 21, 23, 25, 26, 18, 17, 19, 16, 20, 15, 4, 0, 35, 37, 6, 8, 32, 10, 5, 30, 11, 31, 9, 7, 29, 14, 34, 12, 33, 42, 39, 41, 38, 40, 13, 28, 3, 36];5785.0
Infinity;[2, 41, 39, 42, 38, 40, 37, 35, 1, 34, 13, 33, 12, 6, 4, 0, 23, 21, 22, 25, 24, 26, 30, 28, 3, 36, 17, 19, 14, 9, 32, 10, 31, 8, 5, 29, 7, 11, 18, 16, 20, 15, 27];5842.0
Infinity;[17, 18, 15, 1, 0, 4, 25, 26, 42, 39, 40, 38, 41, 14, 33, 12, 37, 21, 23, 24, 22, 28, 29, 5, 8, 7, 13, 34, 11, 32, 10, 31, 9, 30, 27, 3, 35, 2, 36, 6, 19, 16, 20];5822.0
Infinity;[26, 24, 23, 21, 22, 25, 40, 39, 42, 38, 41, 31, 11, 29, 28, 2, 36, 35, 27, 1, 6, 8, 32, 9, 5, 16, 19, 17, 18, 10, 7, 37, 4, 0, 3, 30, 13, 34, 14, 33, 12, 15, 20];5827.0
Infinity;[3, 36, 16, 19, 8, 15, 20, 12, 33, 13, 34, 28, 23, 21, 35, 22, 25, 24, 26, 9, 32, 10, 5, 30, 6, 11, 31, 18, 17, 1, 0, 4, 37, 2, 7, 29, 14, 40, 38, 42, 39, 41, 27];5890.0
Infinity;[26, 25, 21, 23, 24, 22, 35, 37, 11, 32, 8, 19, 13, 33, 14, 10, 31, 9, 7, 1, 28, 39, 42, 5, 29, 12, 34, 30, 6, 4, 0, 3, 27, 2, 36, 15, 18, 17, 20, 16, 41, 38, 40];11140.0
Infinity;[42, 38, 41, 39, 40, 25, 26, 18, 16, 20, 17, 37, 22, 21, 0, 4, 13, 34, 12, 9, 32, 8, 29, 6, 28, 3, 36, 35, 2, 27, 5, 30, 7, 14, 33, 10, 31, 11, 19, 15, 1, 23, 24];5887.0
Infinity;[38, 41, 34, 14, 30, 7, 18, 15, 19, 16, 26, 25, 21, 23, 4, 0, 22, 24, 28, 2, 8, 32, 9, 6, 29, 11, 31, 10, 1, 12, 17, 20, 5, 36, 35, 37, 39, 42, 33, 13, 27, 3, 40];11212.0
Infinity;[23, 21, 22, 24, 26, 25, 37, 15, 19, 42, 38, 40, 39, 41, 27, 0, 4, 17, 18, 16, 13, 34, 11, 30, 31, 8, 32, 9, 20, 12, 33, 14, 6, 2, 36, 1, 5, 10, 29, 7, 28, 3, 35];5845.0
27954.0;[41, 14, 31, 11, 37, 35, 21, 23, 0, 4, 9, 32, 8, 20, 17, 19, 15, 36, 1, 28, 3, 10, 5, 30, 6, 12, 34, 13, 33, 18, 16, 27, 2, 22, 25, 24, 26, 42, 38, 40, 7, 29, 39];11192.0
Infinity;[4, 37, 25, 26, 33, 42, 39, 40, 38, 41, 15, 20, 29, 28, 2, 13, 34, 14, 5, 30, 27, 3, 36, 35, 22, 21, 23, 24, 7, 10, 32, 11, 31, 8, 6, 12, 17, 18, 16, 19, 9, 1, 0];5836.0
Infinity;[41, 39, 40, 38, 42, 12, 33, 32, 11, 5, 37, 4, 0, 22, 21, 25, 26, 16, 20, 15, 19, 14, 34, 13, 8, 31, 9, 7, 30, 27, 6, 10, 29, 28, 1, 36, 3, 35, 23, 24, 2, 17, 18];5827.0
Infinity;[13, 40, 38, 42, 39, 41, 15, 20, 17, 5, 37, 0, 4, 14, 34, 12, 10, 32, 8, 31, 11, 19, 16, 2, 36, 35, 1, 30, 7, 18, 26, 25, 22, 21, 23, 24, 28, 3, 27, 6, 9, 29, 33];5839.0
Infinity;[4, 0, 23, 21, 25, 42, 39, 41, 38, 40, 20, 15, 18, 17, 19, 16, 13, 32, 8, 5, 28, 22, 24, 26, 34, 14, 33, 12, 37, 35, 1, 36, 2, 29, 7, 11, 6, 30, 9, 31, 10, 27, 3];5840.0
Infinity;[16, 37, 21, 22, 35, 36, 1, 41, 39, 40, 5, 10, 31, 11, 32, 20, 17, 19, 13, 34, 12, 8, 2, 27, 24, 23, 38, 42, 33, 14, 26, 25, 4, 0, 3, 28, 29, 7, 30, 9, 6, 15, 18];11216.0
Infinity;[3, 27, 13, 33, 41, 38, 40, 39, 42, 34, 14, 7, 37, 2, 28, 9, 31, 8, 6, 29, 12, 15, 19, 17, 1, 36, 35, 0, 4, 11, 32, 10, 5, 30, 18, 16, 20, 26, 25, 23, 21, 22, 24];5828.0
Infinity;[39, 2, 28, 29, 6, 11, 31, 9, 32, 10, 15, 20, 17, 37, 4, 0, 35, 23, 21, 22, 24, 36, 3, 27, 1, 25, 26, 14, 33, 13, 34, 12, 8, 5, 30, 7, 40, 38, 42, 18, 16, 19, 41];11154.0
Infinity;[6, 42, 39, 25, 21, 23, 35, 0, 4, 37, 26, 24, 22, 36, 2, 27, 11, 32, 18, 16, 20, 17, 3, 28, 1, 15, 19, 34, 12, 9, 29, 7, 10, 31, 8, 5, 14, 33, 13, 40, 38, 41, 30];11178.0
Infinity;[5, 4, 37, 42, 38, 25, 22, 21, 23, 0, 35, 2, 36, 3, 27, 1, 28, 24, 26, 17, 18, 41, 39, 40, 16, 14, 34, 12, 31, 10, 33, 13, 11, 19, 15, 20, 32, 9, 6, 30, 7, 29, 8];11208.0
Infinity;[18, 33, 14, 42, 38, 41, 39, 40, 26, 13, 5, 29, 6, 12, 34, 7, 36, 35, 3, 27, 8, 32, 10, 30, 28, 2, 25, 24, 1, 22, 21, 23, 0, 4, 37, 9, 31, 11, 15, 20, 17, 19, 16];5844.0
Infinity;[10, 31, 28, 3, 27, 17, 20, 15, 19, 8, 29, 33, 14, 18, 16, 2, 36, 22, 24, 26, 25, 21, 23, 35, 37, 7, 30, 13, 34, 12, 40, 38, 42, 39, 41, 6, 11, 4, 0, 1, 5, 9, 32];5842.0
27905.0;[27, 29, 34, 13, 17, 19, 16, 20, 14, 33, 30, 5, 42, 39, 40, 38, 41, 12, 9, 32, 8, 6, 1, 37, 35, 23, 21, 25, 26, 24, 22, 28, 31, 10, 2, 36, 0, 4, 7, 11, 18, 15, 3];5854.0
Infinity;[34, 12, 26, 42, 39, 40, 20, 17, 8, 32, 10, 29, 31, 9, 5, 30, 27, 0, 4, 15, 18, 16, 19, 13, 33, 1, 36, 35, 23, 28, 3, 41, 38, 7, 11, 37, 25, 21, 24, 22, 2, 6, 14];11223.0
Infinity;[6, 30, 7, 20, 15, 18, 17, 3, 27, 24, 23, 21, 22, 35, 36, 1, 0, 4, 25, 26, 34, 41, 39, 40, 14, 9, 32, 10, 31, 11, 38, 42, 19, 16, 13, 33, 12, 8, 29, 5, 37, 2, 28];11178.0
Infinity;[27, 2, 42, 39, 22, 21, 23, 25, 24, 26, 40, 38, 41, 1, 36, 9, 31, 20, 17, 14, 33, 12, 4, 0, 35, 37, 15, 18, 16, 19, 7, 30, 8, 32, 10, 5, 29, 11, 6, 28, 3, 34, 13];11180.0
28207.0;[1, 42, 38, 40, 39, 41, 18, 17, 27, 5, 11, 29, 31, 9, 32, 8, 30, 7, 10, 6, 16, 19, 34, 12, 15, 20, 26, 25, 23, 24, 3, 28, 13, 33, 14, 37, 4, 0, 2, 36, 21, 22, 35];5878.0
Infinity;[26, 25, 21, 23, 24, 22, 28, 10, 32, 8, 40, 39, 41, 38, 42, 37, 35, 1, 36, 2, 9, 6, 30, 4, 0, 3, 27, 17, 19, 15, 18, 33, 14, 34, 13, 20, 16, 11, 31, 5, 29, 7, 12];5846.0
Infinity;[37, 4, 0, 23, 35, 36, 22, 24, 21, 25, 26, 34, 12, 7, 1, 27, 40, 39, 42, 38, 41, 17, 20, 15, 19, 11, 32, 9, 2, 28, 3, 6, 30, 18, 16, 13, 33, 14, 5, 29, 10, 31, 8];5840.0
Infinity;[28, 23, 21, 22, 24, 25, 8, 32, 9, 7, 29, 34, 13, 17, 20, 16, 40, 38, 36, 37, 1, 4, 0, 35, 3, 6, 19, 15, 18, 42, 39, 41, 26, 14, 33, 12, 10, 5, 31, 11, 30, 27, 2];11170.0
Infinity;[19, 16, 3, 28, 30, 41, 38, 40, 39, 42, 25, 21, 23, 24, 26, 12, 11, 32, 9, 4, 0, 22, 1, 36, 8, 31, 10, 6, 20, 15, 5, 27, 2, 35, 37, 7, 29, 33, 13, 34, 14, 18, 17];5861.0
Infinity;[35, 0, 4, 42, 38, 40, 39, 41, 12, 33, 13, 34, 14, 11, 20, 17, 28, 24, 22, 27, 1, 5, 30, 18, 16, 19, 15, 26, 25, 21, 37, 10, 31, 29, 6, 2, 36, 8, 32, 9, 7, 3, 23];5886.0
Infinity;[23, 35, 36, 3, 27, 22, 24, 28, 2, 16, 20, 17, 18, 42, 38, 41, 39, 40, 1, 0, 4, 11, 31, 19, 15, 14, 34, 13, 33, 12, 29, 6, 30, 7, 9, 32, 8, 26, 25, 5, 10, 37, 21];5880.0
Infinity;[5, 9, 32, 8, 24, 23, 21, 22, 35, 0, 4, 42, 38, 41, 39, 40, 7, 30, 28, 3, 10, 31, 18, 16, 20, 17, 14, 34, 29, 1, 27, 2, 36, 12, 33, 13, 6, 25, 26, 15, 19, 11, 37];5859.0
Infinity;[26, 25, 21, 23, 24, 22, 1, 27, 10, 18, 17, 2, 37, 4, 0, 35, 36, 3, 28, 15, 20, 9, 32, 11, 31, 8, 29, 5, 40, 38, 41, 39, 42, 12, 6, 30, 7, 19, 16, 33, 13, 34, 14];5832.0
Infinity;[39, 42, 15, 19, 17, 18, 16, 20, 26, 41, 38, 40, 12, 33, 13, 6, 4, 0, 35, 36, 7, 29, 28, 1, 8, 31, 11, 5, 30, 14, 34, 10, 32, 9, 37, 25, 23, 21, 24, 22, 2, 27, 3];11145.0
27971.0;[34, 14, 11, 32, 10, 7, 15, 19, 16, 18, 42, 39, 41, 38, 40, 26, 12, 9, 31, 8, 20, 17, 13, 33, 3, 28, 23, 21, 22, 25, 24, 2, 36, 35, 0, 4, 37, 5, 29, 6, 1, 27, 30];5817.0
Infinity;[8, 5, 19, 15, 20, 16, 26, 25, 24, 2, 7, 30, 14, 33, 12, 18, 17, 6, 10, 32, 9, 36, 3, 0, 4, 35, 22, 21, 23, 28, 34, 13, 40, 39, 41, 38, 42, 37, 1, 27, 29, 11, 31];5859.0
Infinity;[24, 23, 21, 22, 35, 36, 2, 4, 0, 3, 27, 5, 8, 31, 9, 32, 11, 28, 1, 15, 20, 16, 18, 17, 19, 10, 29, 7, 13, 34, 12, 33, 14, 25, 26, 40, 39, 42, 30, 6, 37, 38, 41];11149.0
Infinity;[5, 29, 25, 26, 24, 23, 21, 22, 27, 13, 34, 12, 4, 0, 28, 42, 38, 40, 39, 41, 20, 15, 19, 17, 8, 31, 10, 6, 37, 35, 2, 11, 32, 9, 33, 14, 18, 16, 30, 7, 3, 36, 1];5861.0
27964.0;[20, 26, 41, 38, 40, 12, 8, 5, 3, 37, 4, 0, 35, 23, 24, 27, 16, 19, 17, 1, 28, 7, 30, 9, 32, 6, 36, 2, 13, 33, 14, 34, 18, 15, 42, 39, 22, 21, 25, 29, 10, 31, 11];11219.0
Infinity;[26, 25, 23, 24, 21, 22, 28, 41, 38, 40, 39, 42, 18, 15, 20, 12, 33, 2, 27, 3, 13, 34, 14, 4, 0, 1, 35, 36, 37, 5, 10, 30, 8, 31, 11, 32, 9, 7, 29, 6, 16, 19, 17];5838.0
22844.0;[14, 33, 41, 38, 42, 39, 40, 15, 20, 16, 19, 34, 13, 26, 25, 23, 35, 0, 4, 37, 36, 21, 22, 24, 27, 3, 5, 11, 32, 9, 31, 30, 12, 8, 17, 18, 10, 6, 2, 28, 1, 29, 7];5834.0
Infinity;[0, 2, 40, 38, 41, 14, 32, 9, 15, 18, 17, 20, 8, 31, 10, 27, 1, 7, 37, 25, 21, 23, 28, 16, 19, 11, 30, 6, 36, 35, 3, 33, 12, 34, 13, 42, 39, 22, 24, 26, 5, 29, 4];11226.0
Infinity;[26, 42, 39, 41, 38, 40, 27, 1, 12, 34, 13, 7, 9, 32, 11, 2, 36, 37, 4, 0, 35, 22, 25, 21, 23, 24, 3, 28, 30, 5, 18, 15, 20, 17, 6, 29, 8, 31, 10, 19, 16, 33, 14];5816.0
Infinity;[11, 2, 28, 1, 9, 31, 10, 19, 17, 20, 15, 37, 25, 26, 16, 18, 33, 14, 3, 35, 36, 41, 38, 42, 39, 40, 13, 7, 4, 0, 22, 24, 21, 23, 27, 29, 6, 30, 5, 12, 34, 8, 32];5857.0
Infinity;[35, 37, 7, 14, 8, 5, 4, 0, 21, 23, 25, 41, 38, 40, 39, 42, 16, 20, 15, 19, 17, 18, 13, 26, 24, 22, 3, 28, 30, 11, 6, 34, 12, 33, 10, 32, 9, 31, 29, 27, 1, 36, 2];5836.0
Infinity;[26, 42, 38, 40, 16, 20, 17, 19, 12, 9, 32, 11, 31, 10, 2, 0, 4, 39, 41, 15, 18, 8, 30, 34, 13, 33, 14, 6, 37, 7, 29, 5, 28, 1, 27, 36, 3, 35, 23, 21, 22, 24, 25];11119.0
Infinity;[30, 27, 24, 26, 41, 39, 1, 0, 4, 37, 17, 20, 16, 18, 15, 28, 3, 36, 35, 22, 21, 23, 25, 8, 32, 11, 40, 38, 42, 13, 34, 14, 33, 12, 29, 2, 7, 9, 19, 5, 10, 31, 6];11184.0
28261.0;[10, 18, 16, 19, 17, 20, 15, 4, 0, 22, 35, 3, 7, 26, 25, 21, 6, 14, 33, 13, 34, 30, 12, 42, 39, 41, 24, 23, 28, 29, 9, 32, 8, 40, 38, 37, 1, 27, 2, 36, 5, 11, 31];11221.0
Infinity;[28, 17, 18, 16, 20, 40, 39, 42, 38, 41, 26, 12, 8, 37, 35, 22, 21, 23, 24, 25, 27, 3, 29, 6, 11, 30, 32, 9, 31, 10, 1, 36, 2, 7, 15, 19, 33, 13, 34, 14, 5, 4, 0];5838.0
Infinity;[38, 40, 33, 31, 10, 32, 8, 37, 4, 0, 35, 23, 25, 15, 18, 16, 14, 34, 13, 20, 17, 19, 30, 5, 29, 11, 6, 12, 26, 24, 22, 21, 2, 36, 9, 7, 3, 28, 1, 27, 42, 39, 41];5859.0
Infinity;[21, 22, 35, 38, 41, 36, 3, 27, 42, 39, 40, 34, 14, 30, 28, 2, 37, 4, 0, 1, 6, 20, 16, 18, 17, 13, 10, 31, 11, 32, 8, 5, 29, 7, 9, 19, 15, 12, 33, 26, 25, 24, 23];11164.0
Infinity;[24, 3, 8, 32, 11, 31, 9, 18, 15, 13, 10, 30, 5, 37, 25, 22, 0, 4, 6, 14, 33, 26, 41, 39, 42, 38, 40, 34, 12, 20, 16, 19, 17, 1, 35, 36, 2, 27, 7, 29, 28, 21, 23];5858.0
Infinity;[0, 2, 28, 29, 34, 14, 11, 5, 25, 21, 22, 24, 1, 7, 16, 19, 17, 20, 13, 33, 12, 3, 36, 35, 23, 27, 30, 9, 31, 10, 32, 8, 6, 18, 15, 26, 41, 39, 42, 38, 40, 37, 4];5855.0
Infinity;[32, 8, 6, 14, 34, 12, 33, 13, 26, 40, 39, 42, 38, 41, 25, 21, 23, 0, 4, 37, 15, 18, 16, 3, 36, 1, 28, 5, 29, 7, 19, 17, 20, 11, 2, 35, 22, 24, 27, 30, 10, 31, 9];5834.0
Infinity;[25, 21, 22, 24, 26, 17, 20, 16, 18, 5, 29, 6, 40, 39, 41, 38, 42, 30, 27, 2, 37, 4, 0, 35, 23, 28, 1, 36, 3, 11, 32, 10, 19, 15, 33, 12, 9, 31, 8, 7, 13, 34, 14];5829.0
Infinity;[38, 21, 22, 0, 4, 7, 30, 6, 15, 18, 16, 19, 14, 5, 33, 13, 8, 25, 24, 3, 27, 29, 10, 31, 11, 32, 9, 36, 37, 35, 23, 1, 28, 2, 40, 39, 42, 26, 17, 20, 12, 34, 41];11218.0
Infinity;[11, 40, 38, 25, 26, 7, 10, 31, 20, 17, 37, 2, 28, 42, 39, 41, 5, 29, 13, 34, 14, 1, 36, 35, 0, 4, 21, 22, 24, 23, 27, 3, 16, 19, 15, 18, 12, 33, 9, 6, 30, 8, 32];11204.0
Infinity;[25, 21, 22, 24, 23, 35, 36, 6, 20, 16, 40, 38, 42, 10, 32, 9, 37, 39, 41, 13, 34, 17, 18, 15, 19, 5, 29, 27, 1, 28, 2, 8, 31, 11, 30, 7, 4, 0, 3, 14, 33, 12, 26];11164.0
Infinity;[42, 39, 41, 38, 40, 12, 9, 31, 29, 11, 32, 10, 25, 21, 23, 0, 4, 37, 1, 36, 28, 2, 5, 8, 18, 15, 20, 16, 30, 6, 19, 17, 34, 13, 7, 33, 14, 3, 27, 35, 22, 24, 26];5843.0
Infinity;[41, 18, 16, 6, 27, 24, 23, 21, 25, 22, 1, 28, 3, 36, 2, 35, 0, 4, 37, 5, 30, 13, 33, 14, 17, 19, 15, 20, 11, 31, 8, 38, 42, 34, 12, 9, 32, 10, 7, 29, 26, 40, 39];11159.0
27986.0;[3, 41, 38, 40, 39, 42, 19, 15, 18, 16, 20, 17, 11, 31, 29, 28, 24, 23, 21, 35, 36, 1, 5, 14, 33, 13, 34, 12, 9, 30, 6, 8, 32, 10, 7, 37, 26, 25, 22, 27, 2, 4, 0];5842.0
Infinity;[12, 16, 19, 17, 20, 42, 38, 25, 21, 23, 35, 37, 9, 32, 11, 6, 34, 14, 26, 24, 22, 36, 1, 7, 29, 41, 39, 40, 28, 3, 0, 4, 5, 13, 33, 30, 27, 2, 8, 31, 10, 15, 18];11200.0
Infinity;[38, 40, 37, 4, 0, 3, 27, 29, 28, 24, 26, 25, 21, 22, 1, 7, 11, 31, 8, 36, 35, 23, 2, 10, 32, 9, 16, 20, 17, 6, 30, 5, 12, 19, 15, 18, 13, 34, 14, 33, 42, 39, 41];5860.0
Infinity;[7, 37, 25, 23, 21, 24, 22, 35, 36, 17, 19, 16, 13, 33, 26, 42, 39, 41, 38, 40, 14, 34, 12, 9, 6, 29, 11, 20, 15, 18, 31, 8, 32, 10, 5, 30, 28, 3, 4, 0, 2, 27, 1];5825.0
28083.0;[26, 42, 39, 40, 38, 41, 25, 21, 23, 24, 22, 36, 35, 3, 0, 4, 37, 9, 31, 8, 32, 10, 19, 15, 18, 16, 1, 28, 30, 12, 34, 20, 17, 2, 27, 7, 11, 5, 13, 6, 29, 14, 33];5842.0
27977.0;[8, 37, 35, 0, 4, 7, 30, 20, 17, 36, 2, 23, 21, 24, 22, 25, 10, 31, 9, 6, 33, 13, 34, 12, 11, 5, 29, 27, 1, 28, 3, 16, 18, 15, 19, 42, 39, 41, 38, 40, 26, 14, 32];5844.0
Infinity;[22, 35, 36, 2, 6, 17, 20, 16, 19, 41, 39, 42, 26, 24, 23, 21, 25, 37, 9, 32, 11, 18, 15, 1, 27, 3, 28, 38, 40, 34, 12, 33, 13, 10, 30, 31, 8, 29, 7, 14, 5, 4, 0];11166.0
Infinity;[15, 19, 40, 38, 42, 39, 41, 14, 29, 5, 17, 18, 16, 10, 31, 28, 21, 22, 0, 4, 37, 1, 27, 3, 8, 32, 9, 7, 12, 33, 13, 36, 2, 35, 23, 24, 25, 26, 34, 30, 6, 11, 20];5853.0
Infinity;[19, 16, 40, 38, 41, 39, 42, 7, 11, 32, 8, 37, 22, 24, 26, 25, 21, 0, 4, 12, 33, 14, 20, 15, 18, 13, 34, 31, 9, 29, 5, 36, 1, 23, 35, 3, 27, 2, 28, 30, 6, 10, 17];5860.0
Infinity;[40, 38, 42, 39, 41, 5, 30, 8, 31, 9, 4, 0, 35, 23, 21, 22, 25, 24, 26, 14, 33, 13, 34, 12, 6, 37, 3, 36, 7, 29, 27, 1, 28, 2, 16, 19, 17, 10, 32, 11, 20, 15, 18];5809.0
Infinity;[35, 2, 15, 19, 16, 20, 17, 37, 25, 23, 21, 22, 24, 3, 36, 5, 8, 32, 9, 41, 38, 42, 26, 18, 7, 30, 39, 40, 14, 34, 29, 27, 1, 28, 12, 33, 13, 10, 31, 11, 6, 4, 0];11174.0
Infinity;[39, 42, 38, 40, 26, 25, 21, 22, 35, 36, 23, 24, 3, 27, 1, 28, 2, 0, 4, 37, 10, 32, 8, 15, 18, 16, 20, 9, 31, 11, 6, 19, 17, 13, 33, 14, 34, 12, 29, 7, 30, 5, 41];5804.0
28331.0;[38, 41, 13, 33, 14, 10, 32, 9, 5, 4, 0, 3, 35, 36, 22, 24, 21, 23, 1, 27, 30, 20, 16, 18, 8, 31, 11, 2, 28, 29, 6, 34, 12, 7, 37, 25, 26, 17, 19, 15, 40, 39, 42];5844.0
22867.0;[8, 36, 21, 22, 35, 0, 4, 40, 39, 41, 38, 42, 37, 7, 12, 34, 14, 33, 13, 30, 6, 20, 17, 18, 15, 19, 16, 11, 31, 10, 3, 28, 2, 27, 1, 24, 23, 25, 26, 29, 5, 9, 32];5830.0
Infinity;[17, 20, 41, 38, 42, 34, 13, 33, 12, 10, 31, 11, 32, 30, 8, 7, 29, 6, 15, 18, 14, 9, 5, 16, 19, 26, 25, 21, 24, 22, 2, 27, 3, 36, 1, 23, 28, 40, 39, 37, 35, 0, 4];11204.0
22749.0;[13, 42, 39, 40, 17, 20, 15, 19, 16, 18, 26, 25, 21, 23, 24, 28, 22, 35, 0, 4, 27, 2, 36, 3, 37, 38, 41, 12, 33, 14, 1, 6, 30, 5, 10, 32, 8, 7, 11, 31, 9, 29, 34];11138.0
Infinity;[2, 16, 20, 26, 25, 21, 24, 22, 35, 0, 4, 41, 38, 42, 39, 40, 30, 7, 13, 34, 11, 32, 9, 31, 8, 29, 6, 10, 37, 23, 36, 3, 17, 19, 15, 18, 12, 33, 14, 5, 28, 1, 27];5856.0
Infinity;[13, 5, 29, 7, 12, 18, 15, 19, 16, 20, 17, 37, 21, 22, 0, 4, 9, 32, 10, 28, 2, 36, 1, 27, 40, 39, 41, 38, 42, 33, 6, 30, 8, 31, 11, 3, 35, 23, 25, 24, 26, 14, 34];5838.0
Infinity;[8, 1, 22, 21, 23, 24, 26, 25, 6, 37, 4, 0, 35, 36, 15, 20, 17, 42, 39, 41, 38, 40, 18, 16, 28, 2, 13, 34, 30, 27, 3, 10, 31, 11, 7, 29, 5, 12, 33, 14, 19, 9, 32];5850.0
Infinity;[40, 39, 41, 18, 16, 20, 17, 6, 2, 0, 35, 37, 11, 31, 8, 32, 10, 26, 25, 23, 24, 36, 7, 9, 5, 29, 14, 34, 13, 33, 12, 19, 15, 30, 28, 1, 21, 22, 27, 3, 4, 42, 38];5906.0
Infinity;[36, 41, 38, 40, 17, 19, 16, 26, 24, 22, 35, 0, 21, 23, 25, 39, 42, 18, 11, 32, 10, 31, 8, 7, 20, 15, 3, 28, 30, 13, 33, 12, 9, 37, 4, 6, 29, 34, 14, 5, 1, 27, 2];11228.0
28146.0;[26, 24, 22, 0, 4, 37, 40, 39, 41, 38, 42, 9, 32, 11, 6, 17, 18, 15, 20, 16, 19, 14, 34, 12, 33, 13, 31, 8, 5, 1, 28, 3, 27, 2, 7, 30, 10, 29, 25, 21, 23, 35, 36];5822.0
Infinity;[24, 26, 19, 16, 18, 17, 36, 3, 37, 4, 0, 22, 21, 25, 40, 38, 41, 39, 42, 12, 34, 14, 7, 8, 32, 9, 31, 10, 5, 30, 13, 33, 20, 15, 2, 28, 1, 6, 11, 29, 27, 35, 23];5847.0
Infinity;[18, 15, 20, 5, 9, 31, 8, 25, 21, 23, 35, 1, 28, 0, 4, 7, 29, 11, 32, 10, 40, 39, 41, 38, 42, 14, 34, 13, 33, 12, 6, 30, 3, 36, 37, 2, 16, 19, 26, 24, 22, 27, 17];5856.0
Infinity;[39, 40, 38, 41, 26, 25, 21, 24, 23, 35, 22, 36, 37, 4, 0, 1, 27, 3, 28, 2, 9, 32, 8, 31, 10, 7, 16, 19, 15, 20, 17, 18, 13, 6, 29, 11, 5, 30, 14, 34, 12, 33, 42];5792.0
Infinity;[2, 28, 41, 39, 40, 38, 42, 10, 30, 4, 0, 21, 23, 35, 36, 9, 32, 11, 31, 8, 7, 19, 16, 20, 26, 25, 24, 22, 37, 6, 15, 18, 17, 13, 34, 12, 29, 5, 3, 27, 1, 33, 14];5875.0
Infinity;[19, 40, 39, 41, 38, 42, 27, 2, 37, 4, 0, 35, 23, 21, 25, 31, 9, 6, 33, 13, 10, 1, 36, 3, 5, 29, 7, 14, 26, 24, 22, 28, 30, 32, 11, 18, 16, 8, 20, 15, 12, 34, 17];5882.0
Infinity;[25, 21, 23, 35, 0, 4, 42, 39, 41, 26, 38, 40, 30, 28, 2, 22, 24, 3, 5, 16, 18, 15, 20, 8, 32, 11, 7, 12, 34, 14, 37, 36, 6, 13, 33, 29, 27, 1, 17, 19, 9, 31, 10];11214.0
Infinity;[27, 40, 38, 21, 23, 35, 0, 4, 37, 7, 19, 15, 18, 16, 20, 17, 12, 34, 13, 33, 14, 9, 32, 8, 30, 6, 10, 5, 29, 26, 25, 24, 22, 2, 28, 31, 11, 41, 39, 42, 3, 36, 1];11161.0
Infinity;[27, 23, 21, 22, 25, 42, 39, 41, 26, 17, 19, 16, 20, 12, 11, 32, 8, 31, 10, 7, 2, 36, 37, 4, 0, 35, 1, 14, 33, 30, 28, 24, 3, 15, 18, 34, 13, 9, 5, 38, 40, 6, 29];11198.0
28207.0;[17, 26, 25, 23, 35, 0, 4, 37, 42, 39, 40, 38, 41, 3, 36, 7, 29, 10, 32, 9, 31, 11, 6, 30, 28, 24, 21, 22, 1, 13, 33, 14, 34, 19, 15, 12, 20, 8, 5, 27, 2, 16, 18];5867.0
Infinity;[26, 25, 22, 35, 0, 4, 40, 39, 41, 18, 17, 19, 12, 34, 13, 10, 31, 11, 38, 42, 16, 20, 15, 36, 3, 27, 2, 28, 7, 30, 6, 1, 24, 21, 23, 37, 9, 32, 8, 5, 29, 33, 14];11178.0
Infinity;[42, 1, 36, 21, 23, 3, 28, 12, 33, 17, 20, 8, 32, 10, 19, 16, 18, 26, 25, 22, 24, 27, 13, 34, 14, 40, 39, 41, 15, 5, 29, 7, 9, 31, 11, 37, 2, 30, 6, 4, 0, 35, 38];11219.0
Infinity;[20, 26, 25, 23, 24, 1, 27, 16, 19, 17, 42, 38, 41, 39, 40, 4, 0, 21, 22, 35, 36, 37, 6, 11, 32, 8, 31, 30, 10, 5, 29, 7, 13, 33, 9, 18, 15, 3, 28, 2, 14, 34, 12];5871.0
27936.0;[12, 26, 25, 21, 23, 24, 35, 22, 28, 1, 36, 2, 0, 4, 10, 32, 9, 31, 8, 6, 13, 33, 14, 34, 11, 37, 3, 27, 29, 17, 19, 40, 38, 41, 39, 42, 15, 20, 16, 18, 7, 30, 5];5833.0
Infinity;[38, 36, 35, 22, 0, 4, 10, 32, 11, 30, 31, 8, 6, 42, 39, 41, 17, 19, 9, 2, 27, 3, 28, 23, 24, 21, 25, 37, 5, 13, 33, 29, 12, 34, 14, 7, 1, 15, 20, 16, 18, 26, 40];11200.0
Infinity;[38, 42, 13, 33, 15, 19, 26, 25, 37, 36, 35, 23, 24, 27, 30, 7, 2, 28, 21, 22, 1, 10, 31, 6, 29, 12, 34, 41, 39, 4, 0, 3, 14, 8, 32, 11, 5, 9, 18, 16, 20, 17, 40];11219.0
Infinity;[40, 26, 25, 21, 23, 35, 1, 27, 34, 13, 20, 17, 19, 16, 18, 15, 14, 11, 30, 5, 37, 36, 6, 29, 7, 3, 28, 2, 9, 31, 8, 32, 10, 33, 12, 4, 0, 22, 24, 42, 39, 41, 38];5819.0
Infinity;[38, 40, 20, 17, 19, 15, 18, 16, 11, 32, 10, 31, 9, 5, 8, 6, 14, 33, 13, 34, 28, 2, 35, 0, 4, 37, 3, 30, 7, 29, 12, 26, 25, 21, 22, 24, 23, 36, 1, 27, 42, 39, 41];5796.0
Infinity;[5, 14, 34, 12, 33, 4, 0, 35, 37, 39, 40, 25, 21, 22, 28, 16, 20, 17, 18, 11, 31, 9, 7, 19, 15, 2, 36, 23, 24, 26, 13, 29, 6, 10, 32, 8, 30, 41, 38, 42, 3, 27, 1];11204.0
28003.0;[35, 39, 42, 12, 34, 13, 40, 38, 41, 18, 16, 20, 17, 8, 7, 2, 36, 28, 1, 27, 30, 6, 15, 19, 10, 29, 32, 11, 31, 9, 5, 37, 4, 0, 3, 14, 33, 26, 25, 21, 22, 24, 23];11163.0
Infinity;[3, 36, 35, 1, 27, 2, 6, 30, 9, 31, 10, 20, 17, 19, 8, 32, 11, 25, 21, 23, 24, 22, 0, 4, 14, 42, 38, 40, 12, 33, 16, 18, 15, 34, 13, 26, 41, 39, 37, 5, 29, 7, 28];11161.0
27997.0;[22, 0, 4, 37, 1, 28, 2, 27, 3, 14, 34, 17, 19, 16, 20, 15, 18, 11, 29, 31, 9, 32, 10, 6, 40, 39, 41, 26, 24, 23, 35, 36, 8, 7, 12, 33, 13, 5, 30, 42, 38, 25, 21];11136.0
Infinity;[26, 42, 39, 41, 20, 16, 18, 17, 3, 28, 2, 4, 0, 35, 22, 25, 37, 38, 40, 33, 32, 10, 6, 29, 12, 15, 19, 9, 7, 27, 24, 21, 23, 1, 36, 13, 34, 14, 8, 31, 11, 5, 30];11188.0
Infinity;[25, 23, 24, 22, 21, 35, 1, 27, 30, 5, 37, 7, 29, 11, 42, 39, 40, 38, 41, 26, 13, 34, 14, 33, 12, 19, 15, 18, 16, 20, 17, 2, 28, 36, 3, 0, 4, 9, 32, 10, 31, 8, 6];5817.0
Infinity;[31, 8, 7, 30, 12, 41, 39, 42, 15, 19, 16, 18, 17, 20, 33, 13, 34, 14, 6, 29, 26, 25, 21, 22, 0, 4, 27, 1, 40, 38, 37, 36, 2, 28, 3, 35, 23, 24, 11, 5, 9, 32, 10];11149.0
Infinity;[42, 38, 41, 5, 37, 22, 21, 0, 4, 7, 11, 32, 10, 6, 30, 17, 20, 13, 15, 19, 26, 24, 25, 23, 35, 2, 36, 3, 27, 1, 28, 33, 12, 34, 14, 16, 18, 8, 31, 9, 29, 40, 39];5865.0
Infinity;[0, 4, 35, 37, 1, 16, 20, 15, 40, 39, 41, 38, 42, 18, 17, 19, 26, 24, 22, 21, 25, 23, 27, 30, 14, 33, 13, 8, 31, 9, 6, 11, 32, 10, 7, 29, 34, 12, 5, 3, 36, 28, 2];5837.0
Infinity;[13, 41, 39, 40, 38, 42, 20, 16, 6, 37, 4, 0, 21, 22, 2, 36, 3, 24, 23, 28, 11, 31, 10, 5, 25, 26, 7, 29, 9, 32, 8, 19, 17, 18, 15, 14, 34, 12, 33, 1, 35, 27, 30];5895.0
28092.0;[0, 4, 17, 19, 15, 20, 16, 18, 9, 30, 6, 37, 40, 39, 41, 38, 42, 33, 13, 34, 14, 8, 32, 11, 31, 10, 27, 2, 24, 22, 21, 23, 1, 35, 36, 3, 28, 7, 29, 5, 12, 26, 25];5836.0
Infinity;[25, 26, 24, 21, 23, 35, 22, 39, 41, 15, 19, 13, 34, 12, 16, 20, 6, 1, 29, 10, 31, 11, 32, 8, 5, 36, 37, 40, 38, 42, 27, 2, 28, 30, 33, 14, 17, 18, 9, 7, 3, 0, 4];11206.0
23074.0;[8, 40, 39, 41, 19, 17, 20, 16, 13, 33, 12, 34, 3, 28, 1, 4, 0, 23, 25, 24, 22, 21, 35, 37, 38, 42, 26, 14, 32, 11, 30, 6, 29, 10, 5, 18, 15, 27, 2, 36, 7, 9, 31];11172.0
Infinity;[35, 0, 4, 37, 3, 27, 2, 36, 1, 42, 38, 40, 39, 41, 5, 14, 33, 12, 34, 13, 16, 20, 15, 19, 10, 31, 9, 6, 30, 7, 8, 32, 11, 29, 28, 17, 18, 26, 24, 22, 25, 21, 23];5797.0
28216.0;[37, 25, 22, 21, 23, 0, 4, 40, 39, 42, 17, 18, 16, 19, 10, 5, 27, 1, 36, 3, 35, 38, 41, 34, 14, 29, 6, 8, 32, 11, 31, 9, 7, 12, 33, 30, 13, 20, 15, 26, 24, 28, 2];11178.0
Infinity;[0, 35, 36, 24, 23, 21, 22, 25, 26, 9, 32, 11, 42, 38, 40, 39, 41, 33, 14, 20, 15, 18, 17, 19, 16, 37, 1, 28, 3, 27, 2, 13, 34, 12, 7, 30, 5, 29, 6, 8, 31, 10, 4];5798.0
Infinity;[6, 26, 25, 24, 21, 23, 35, 22, 0, 4, 37, 42, 38, 40, 39, 41, 20, 15, 19, 16, 11, 32, 8, 7, 2, 28, 1, 27, 36, 3, 29, 5, 12, 34, 13, 18, 17, 14, 33, 9, 31, 10, 30];5827.0
Infinity;[14, 42, 38, 40, 33, 12, 34, 13, 4, 0, 27, 29, 10, 31, 9, 32, 11, 20, 17, 19, 16, 5, 37, 15, 18, 8, 7, 25, 26, 41, 39, 21, 22, 24, 23, 1, 35, 36, 3, 28, 2, 6, 30];11179.0
Infinity;[17, 20, 40, 39, 42, 27, 1, 4, 0, 36, 35, 23, 21, 25, 15, 19, 16, 18, 11, 32, 8, 41, 38, 37, 7, 14, 34, 12, 30, 3, 28, 33, 13, 31, 10, 5, 29, 9, 6, 2, 22, 24, 26];11209.0
Infinity;[24, 26, 40, 39, 42, 33, 12, 6, 29, 38, 41, 16, 20, 15, 19, 14, 17, 18, 9, 31, 10, 2, 27, 21, 23, 35, 0, 4, 1, 28, 7, 30, 5, 13, 34, 11, 32, 8, 37, 25, 22, 36, 3];11186.0
Infinity;[16, 19, 26, 25, 21, 22, 24, 40, 39, 42, 33, 13, 34, 12, 38, 41, 27, 0, 4, 17, 20, 11, 32, 9, 6, 14, 37, 35, 1, 5, 29, 10, 31, 8, 2, 23, 28, 30, 7, 36, 3, 15, 18];11229.0
Infinity;[18, 17, 20, 41, 38, 42, 39, 40, 37, 5, 4, 0, 23, 21, 25, 26, 13, 9, 32, 10, 6, 3, 24, 22, 36, 35, 2, 27, 1, 28, 29, 33, 14, 34, 12, 19, 16, 7, 11, 31, 30, 8, 15];5856.0
Infinity;[25, 23, 24, 40, 39, 41, 26, 13, 33, 14, 18, 17, 27, 1, 5, 11, 19, 15, 3, 28, 38, 42, 12, 34, 16, 20, 8, 32, 2, 0, 4, 37, 6, 29, 7, 36, 35, 22, 21, 10, 31, 9, 30];11245.0
28065.0;[29, 6, 4, 0, 23, 24, 26, 25, 40, 38, 41, 39, 42, 16, 18, 17, 20, 30, 5, 37, 21, 22, 3, 12, 34, 13, 33, 14, 10, 19, 15, 27, 1, 28, 2, 35, 36, 9, 32, 8, 31, 11, 7];5841.0
17461.0;[12, 10, 31, 11, 7, 8, 32, 9, 5, 19, 16, 18, 17, 1, 27, 29, 6, 42, 38, 40, 20, 15, 3, 37, 25, 24, 26, 14, 34, 4, 0, 28, 30, 33, 13, 2, 23, 21, 22, 36, 35, 39, 41];11223.0
22889.0;[42, 38, 41, 39, 40, 28, 1, 23, 21, 22, 25, 24, 27, 2, 35, 0, 4, 37, 9, 32, 10, 18, 15, 20, 7, 17, 19, 16, 8, 31, 11, 6, 36, 3, 5, 29, 13, 34, 30, 12, 33, 14, 26];5830.0
Infinity;[4, 0, 2, 24, 22, 21, 23, 35, 37, 14, 33, 13, 34, 40, 38, 41, 39, 42, 12, 7, 1, 27, 30, 6, 28, 3, 36, 5, 15, 18, 17, 26, 25, 29, 9, 20, 16, 19, 10, 32, 8, 31, 11];5851.0
Infinity;[16, 18, 14, 33, 40, 38, 42, 13, 39, 41, 34, 12, 4, 0, 2, 36, 35, 23, 28, 1, 17, 19, 15, 20, 5, 3, 27, 30, 10, 6, 29, 8, 31, 9, 32, 11, 7, 26, 25, 22, 24, 21, 37];11219.0
Infinity;[5, 40, 38, 21, 24, 22, 35, 4, 0, 23, 25, 26, 12, 11, 7, 3, 27, 1, 8, 32, 19, 17, 9, 37, 36, 2, 28, 30, 6, 13, 33, 14, 34, 16, 20, 15, 18, 10, 31, 42, 39, 41, 29];11211.0
Infinity;[41, 39, 40, 19, 17, 18, 15, 20, 16, 6, 8, 32, 9, 26, 24, 21, 22, 25, 38, 42, 34, 12, 5, 4, 0, 28, 1, 27, 3, 23, 35, 37, 11, 31, 10, 7, 30, 14, 33, 13, 29, 2, 36];11173.0
Infinity;[39, 41, 38, 40, 34, 12, 33, 14, 26, 25, 23, 21, 22, 24, 35, 0, 4, 37, 2, 27, 3, 28, 30, 9, 32, 8, 31, 11, 5, 29, 6, 1, 36, 7, 13, 10, 18, 17, 19, 16, 20, 15, 42];5780.0
Infinity;[40, 2, 27, 22, 35, 0, 4, 17, 18, 15, 19, 31, 11, 29, 5, 25, 21, 23, 1, 30, 7, 36, 3, 28, 16, 20, 9, 32, 10, 13, 34, 14, 33, 12, 8, 6, 26, 24, 42, 39, 41, 37, 38];11230.0
Infinity;[13, 40, 39, 37, 4, 0, 1, 28, 24, 23, 21, 22, 25, 26, 9, 31, 8, 7, 29, 5, 30, 27, 2, 36, 35, 3, 6, 14, 17, 19, 16, 18, 42, 38, 41, 34, 12, 33, 11, 32, 10, 20, 15];11147.0
Infinity;[25, 4, 0, 35, 1, 28, 41, 39, 40, 38, 42, 19, 15, 20, 17, 14, 11, 32, 8, 5, 31, 9, 29, 33, 13, 26, 24, 3, 27, 16, 18, 7, 30, 6, 36, 2, 12, 34, 10, 37, 22, 21, 23];5864.0
28155.0;[17, 20, 16, 18, 41, 39, 42, 38, 40, 13, 33, 4, 0, 35, 2, 29, 6, 34, 14, 26, 24, 21, 22, 36, 1, 11, 31, 10, 32, 9, 27, 3, 7, 8, 30, 5, 37, 25, 23, 28, 15, 19, 12];5867.0
Infinity;[42, 16, 8, 32, 9, 19, 17, 20, 15, 18, 10, 31, 11, 6, 3, 28, 36, 2, 12, 34, 14, 1, 35, 23, 27, 29, 5, 30, 26, 24, 22, 21, 25, 41, 39, 40, 13, 33, 7, 4, 0, 37, 38];11202.0
Infinity;[38, 40, 39, 41, 25, 22, 24, 26, 19, 16, 18, 17, 20, 15, 4, 0, 21, 23, 27, 30, 1, 28, 3, 37, 35, 36, 2, 5, 14, 34, 13, 11, 7, 29, 33, 12, 10, 31, 9, 32, 8, 6, 42];5839.0
28203.0;[40, 38, 41, 39, 42, 36, 1, 28, 2, 17, 19, 26, 25, 35, 37, 5, 29, 15, 18, 16, 20, 14, 34, 13, 33, 12, 10, 6, 24, 22, 21, 23, 3, 11, 31, 27, 0, 4, 9, 32, 8, 7, 30];5873.0
28097.0;[9, 40, 38, 42, 39, 41, 29, 27, 4, 0, 22, 21, 23, 25, 37, 10, 6, 13, 16, 20, 17, 19, 5, 8, 32, 18, 15, 1, 28, 2, 35, 36, 3, 24, 26, 34, 12, 7, 30, 14, 33, 11, 31];5863.0
Infinity;[0, 39, 41, 31, 10, 32, 8, 15, 19, 17, 36, 2, 13, 33, 12, 34, 14, 6, 29, 26, 25, 21, 22, 24, 35, 23, 37, 11, 20, 16, 18, 9, 27, 1, 28, 3, 42, 38, 40, 5, 30, 7, 4];11221.0
22729.0;[24, 25, 26, 42, 38, 41, 15, 20, 17, 3, 0, 4, 37, 1, 36, 10, 32, 11, 6, 28, 21, 22, 27, 13, 34, 14, 29, 7, 30, 5, 39, 40, 33, 12, 19, 16, 18, 9, 31, 8, 2, 35, 23];11178.0
Infinity;[31, 9, 3, 36, 37, 40, 39, 42, 38, 41, 26, 25, 4, 0, 2, 35, 22, 21, 23, 24, 28, 1, 27, 7, 19, 15, 20, 16, 18, 17, 14, 34, 8, 29, 5, 30, 6, 13, 33, 12, 11, 32, 10];5797.0
Infinity;[25, 21, 24, 22, 0, 4, 12, 34, 13, 17, 19, 16, 20, 14, 33, 26, 41, 39, 28, 1, 27, 3, 23, 35, 37, 6, 30, 7, 29, 15, 18, 40, 38, 42, 8, 31, 9, 2, 36, 5, 10, 32, 11];11203.0
Infinity;[10, 6, 37, 1, 4, 0, 23, 25, 24, 26, 13, 34, 41, 39, 42, 38, 40, 17, 20, 5, 9, 31, 11, 14, 33, 12, 8, 32, 18, 16, 19, 15, 36, 2, 27, 3, 35, 21, 22, 28, 30, 7, 29];5849.0
Infinity;[6, 24, 25, 26, 17, 20, 15, 7, 9, 5, 3, 35, 22, 21, 23, 27, 30, 14, 34, 12, 33, 13, 19, 16, 18, 10, 31, 8, 32, 42, 39, 41, 38, 40, 29, 28, 2, 36, 37, 4, 0, 1, 11];5848.0
Infinity;[34, 14, 33, 13, 42, 39, 27, 1, 35, 22, 21, 23, 0, 4, 15, 19, 17, 18, 16, 20, 8, 32, 11, 5, 10, 31, 9, 37, 25, 24, 3, 36, 2, 28, 30, 7, 29, 6, 41, 38, 40, 26, 12];11147.0
Infinity;[26, 24, 22, 25, 21, 0, 4, 29, 9, 20, 16, 13, 34, 8, 32, 11, 31, 10, 7, 12, 33, 14, 5, 37, 35, 23, 3, 36, 27, 1, 28, 2, 15, 19, 17, 18, 42, 39, 41, 38, 40, 6, 30];5854.0
Infinity;[32, 10, 4, 0, 35, 36, 3, 24, 23, 21, 22, 25, 26, 7, 30, 5, 8, 20, 16, 18, 15, 19, 17, 37, 6, 40, 39, 41, 38, 42, 27, 1, 28, 2, 12, 33, 13, 34, 14, 11, 31, 29, 9];5803.0
Infinity;[26, 41, 39, 40, 38, 42, 24, 22, 21, 23, 35, 0, 4, 11, 31, 9, 5, 1, 36, 3, 17, 18, 16, 12, 8, 6, 28, 29, 7, 37, 2, 27, 30, 10, 32, 19, 15, 20, 13, 33, 14, 34, 25];5836.0
Infinity;[34, 14, 33, 28, 1, 36, 35, 2, 0, 4, 15, 19, 17, 20, 16, 18, 9, 32, 8, 31, 11, 29, 7, 3, 21, 22, 24, 26, 13, 42, 39, 40, 38, 41, 6, 30, 27, 23, 25, 37, 10, 5, 12];5844.0
28005.0;[19, 15, 20, 16, 18, 17, 40, 39, 41, 34, 14, 33, 13, 6, 4, 0, 21, 22, 25, 26, 42, 38, 37, 10, 31, 9, 32, 11, 30, 5, 8, 29, 28, 24, 23, 35, 2, 27, 1, 36, 3, 12, 7];11144.0
22570.0;[10, 31, 11, 32, 8, 6, 1, 27, 3, 28, 30, 19, 16, 20, 13, 17, 18, 15, 37, 2, 4, 0, 35, 36, 22, 21, 24, 23, 25, 26, 12, 33, 42, 38, 40, 39, 41, 34, 14, 7, 9, 29, 5];5827.0
Infinity;[41, 16, 19, 6, 37, 35, 36, 15, 18, 32, 10, 1, 23, 0, 4, 17, 20, 8, 7, 2, 28, 42, 39, 25, 21, 22, 27, 30, 5, 12, 33, 14, 34, 13, 29, 9, 31, 11, 3, 24, 26, 40, 38];11228.0
Infinity;[13, 33, 14, 34, 40, 39, 41, 26, 16, 18, 12, 9, 32, 8, 31, 11, 7, 10, 36, 1, 17, 20, 15, 19, 29, 4, 0, 22, 24, 2, 27, 3, 28, 21, 23, 25, 42, 38, 35, 37, 6, 30, 5];11189.0
28026.0;[15, 19, 17, 18, 30, 27, 0, 4, 25, 24, 22, 21, 23, 35, 37, 26, 40, 38, 41, 39, 42, 5, 29, 13, 34, 7, 14, 33, 12, 9, 6, 1, 36, 3, 8, 32, 10, 31, 11, 28, 2, 16, 20];5822.0
28393.0;[11, 18, 17, 20, 9, 5, 36, 1, 0, 4, 23, 24, 26, 41, 38, 40, 39, 42, 12, 31, 8, 32, 10, 28, 3, 22, 25, 21, 37, 15, 19, 16, 7, 30, 14, 34, 13, 33, 29, 27, 35, 2, 6];5873.0
Infinity;[4, 0, 35, 22, 24, 25, 26, 9, 32, 8, 31, 11, 5, 18, 15, 19, 13, 10, 29, 27, 1, 6, 30, 7, 12, 42, 39, 40, 34, 14, 33, 41, 38, 21, 23, 28, 2, 16, 20, 17, 3, 36, 37];11180.0
27809.0;[39, 42, 16, 18, 15, 19, 17, 20, 8, 7, 4, 0, 27, 29, 2, 28, 1, 6, 37, 38, 41, 14, 34, 12, 26, 25, 23, 21, 22, 24, 36, 35, 3, 11, 32, 9, 5, 30, 33, 13, 31, 10, 40];11148.0
Infinity;[15, 19, 16, 34, 12, 26, 42, 38, 40, 39, 41, 4, 0, 22, 21, 23, 24, 25, 6, 8, 31, 9, 32, 10, 29, 33, 13, 11, 30, 7, 37, 35, 3, 27, 2, 28, 1, 36, 5, 20, 17, 14, 18];5824.0
Infinity;[0, 4, 15, 18, 17, 6, 27, 21, 23, 2, 5, 40, 38, 42, 16, 20, 10, 29, 32, 9, 31, 8, 30, 33, 12, 11, 1, 35, 36, 41, 39, 22, 24, 14, 34, 13, 19, 26, 25, 37, 7, 28, 3];11265.0
Infinity;[40, 33, 12, 15, 20, 26, 24, 25, 23, 21, 22, 28, 8, 31, 9, 7, 14, 34, 13, 10, 19, 16, 18, 17, 37, 4, 0, 35, 2, 5, 11, 32, 1, 36, 38, 42, 29, 6, 30, 27, 3, 41, 39];11178.0
28211.0;[27, 41, 39, 42, 33, 14, 8, 31, 18, 17, 20, 15, 5, 2, 28, 30, 6, 29, 7, 13, 34, 11, 32, 10, 16, 19, 12, 9, 37, 4, 0, 35, 3, 24, 23, 21, 22, 25, 26, 40, 38, 36, 1];11149.0
Infinity;[3, 35, 36, 2, 38, 42, 12, 9, 7, 37, 4, 0, 22, 21, 23, 25, 24, 26, 1, 27, 29, 5, 17, 18, 15, 20, 16, 19, 32, 10, 6, 13, 34, 14, 33, 41, 39, 40, 11, 31, 8, 30, 28];11151.0
Infinity;[26, 25, 21, 23, 24, 40, 39, 41, 38, 42, 12, 34, 19, 16, 28, 22, 35, 2, 15, 20, 9, 31, 11, 32, 8, 37, 4, 0, 3, 36, 1, 27, 30, 6, 29, 5, 17, 18, 13, 10, 7, 14, 33];5863.0
Infinity;[24, 22, 21, 23, 25, 4, 0, 35, 36, 1, 8, 32, 9, 29, 6, 18, 15, 41, 39, 37, 3, 28, 2, 7, 20, 17, 19, 16, 34, 12, 11, 5, 30, 33, 14, 26, 40, 38, 42, 13, 10, 31, 27];11160.0
27999.0;[38, 4, 0, 23, 24, 26, 34, 14, 33, 12, 7, 40, 39, 42, 16, 18, 17, 19, 15, 20, 13, 2, 27, 5, 30, 25, 22, 21, 37, 6, 29, 11, 32, 10, 28, 1, 35, 36, 3, 8, 31, 9, 41];11185.0
Infinity;[42, 38, 41, 39, 40, 6, 29, 7, 11, 31, 8, 32, 10, 30, 27, 2, 35, 37, 13, 33, 12, 19, 16, 18, 9, 5, 36, 3, 28, 34, 14, 1, 22, 0, 4, 17, 20, 15, 26, 25, 21, 23, 24];5860.0
Infinity;[27, 3, 24, 26, 41, 37, 39, 40, 38, 42, 13, 8, 32, 11, 7, 29, 5, 14, 33, 12, 34, 20, 15, 19, 16, 25, 23, 35, 36, 17, 18, 10, 31, 9, 2, 28, 22, 21, 0, 4, 30, 6, 1];11202.0
Infinity;[41, 39, 42, 38, 40, 25, 21, 22, 0, 4, 16, 20, 17, 18, 30, 28, 29, 5, 14, 34, 27, 3, 23, 24, 26, 7, 10, 32, 9, 6, 13, 33, 12, 37, 35, 2, 36, 1, 15, 19, 11, 31, 8];5872.0
Infinity;[32, 9, 16, 19, 41, 38, 42, 39, 40, 24, 22, 21, 23, 25, 26, 14, 29, 7, 20, 15, 18, 17, 4, 0, 28, 34, 13, 33, 12, 37, 2, 35, 3, 27, 5, 10, 31, 8, 1, 36, 6, 30, 11];5846.0
22883.0;[37, 4, 0, 24, 23, 21, 22, 38, 42, 26, 25, 41, 39, 40, 20, 15, 3, 35, 1, 28, 17, 18, 16, 19, 5, 11, 31, 8, 36, 2, 13, 34, 14, 6, 30, 7, 9, 32, 10, 27, 29, 33, 12];11192.0
Infinity;[25, 26, 19, 15, 20, 17, 13, 33, 40, 39, 41, 38, 42, 34, 14, 31, 10, 32, 9, 29, 7, 11, 2, 36, 1, 6, 27, 3, 12, 16, 18, 8, 4, 0, 23, 24, 21, 22, 28, 30, 5, 37, 35];5868.0
Infinity;[17, 19, 16, 42, 39, 40, 38, 41, 18, 9, 5, 30, 14, 34, 29, 7, 2, 27, 6, 10, 20, 15, 24, 22, 21, 23, 35, 1, 28, 3, 36, 0, 4, 37, 25, 26, 13, 33, 12, 32, 11, 31, 8];5850.0
Infinity;[4, 0, 23, 24, 26, 42, 39, 40, 38, 41, 33, 14, 34, 12, 5, 1, 28, 3, 13, 17, 20, 16, 18, 15, 2, 35, 36, 6, 29, 11, 32, 8, 37, 25, 21, 22, 27, 30, 9, 31, 10, 19, 7];5839.0
Infinity;[23, 35, 37, 11, 31, 9, 3, 27, 2, 5, 16, 19, 15, 28, 1, 36, 0, 4, 12, 34, 18, 17, 20, 30, 7, 29, 6, 13, 33, 14, 40, 39, 41, 8, 32, 10, 25, 21, 22, 24, 26, 42, 38];11187.0
Infinity;[38, 40, 26, 15, 33, 12, 8, 32, 18, 17, 20, 41, 39, 42, 5, 9, 29, 31, 11, 19, 16, 30, 6, 10, 7, 3, 28, 1, 37, 14, 34, 13, 4, 0, 27, 2, 36, 35, 22, 21, 23, 24, 25];11173.0
Infinity;[4, 0, 23, 24, 40, 38, 41, 39, 42, 12, 33, 14, 6, 8, 32, 20, 17, 19, 16, 28, 21, 22, 35, 36, 1, 11, 7, 30, 10, 18, 15, 2, 27, 3, 29, 5, 37, 25, 26, 13, 34, 31, 9];5881.0
Infinity;[26, 42, 39, 40, 38, 41, 17, 18, 16, 20, 12, 15, 7, 4, 0, 2, 6, 9, 32, 10, 1, 27, 21, 22, 35, 37, 11, 31, 8, 25, 23, 24, 36, 3, 28, 30, 5, 29, 34, 14, 33, 13, 19];5867.0
22845.0;[23, 28, 32, 10, 36, 35, 22, 0, 4, 13, 26, 41, 39, 42, 11, 31, 9, 30, 5, 20, 16, 18, 15, 3, 27, 1, 14, 33, 17, 19, 12, 34, 38, 40, 25, 21, 37, 7, 29, 8, 6, 2, 24];11264.0
Infinity;[39, 42, 38, 41, 16, 19, 34, 12, 8, 37, 22, 21, 25, 26, 17, 18, 15, 20, 14, 9, 32, 11, 31, 10, 6, 13, 33, 30, 4, 0, 35, 36, 23, 24, 1, 27, 3, 28, 2, 7, 29, 5, 40];5834.0
Infinity;[3, 29, 7, 17, 20, 16, 19, 26, 40, 39, 41, 15, 18, 14, 10, 32, 8, 13, 34, 12, 33, 4, 0, 22, 21, 23, 24, 25, 42, 38, 27, 1, 36, 37, 35, 2, 28, 5, 11, 31, 9, 30, 6];11163.0
28339.0;[6, 10, 32, 9, 29, 41, 39, 40, 20, 16, 5, 30, 25, 26, 24, 22, 21, 23, 0, 4, 13, 34, 12, 19, 17, 18, 15, 14, 8, 31, 11, 3, 35, 36, 1, 27, 33, 42, 38, 37, 7, 28, 2];11176.0
23108.0;[36, 37, 3, 27, 1, 23, 24, 26, 18, 15, 19, 17, 9, 31, 11, 41, 38, 42, 25, 21, 22, 35, 0, 4, 14, 34, 12, 33, 13, 20, 16, 6, 8, 32, 10, 39, 40, 29, 7, 30, 5, 28, 2];11180.0
Infinity;[41, 38, 42, 39, 40, 18, 16, 19, 17, 37, 36, 35, 0, 4, 3, 27, 2, 28, 22, 24, 26, 7, 11, 31, 8, 6, 20, 15, 14, 33, 13, 34, 12, 10, 32, 9, 29, 5, 30, 1, 23, 21, 25];5839.0
Infinity;[36, 3, 35, 21, 23, 24, 22, 25, 26, 42, 38, 41, 39, 40, 37, 0, 4, 13, 33, 12, 19, 16, 27, 1, 11, 31, 10, 32, 9, 17, 20, 15, 18, 5, 29, 6, 30, 14, 34, 8, 7, 28, 2];5820.0
Infinity;[7, 14, 42, 39, 41, 33, 12, 34, 26, 25, 21, 22, 24, 23, 1, 27, 2, 40, 38, 0, 4, 16, 18, 15, 13, 9, 32, 8, 28, 3, 35, 37, 36, 6, 11, 31, 10, 30, 20, 17, 19, 5, 29];11184.0
Infinity;[19, 41, 38, 40, 39, 42, 6, 4, 0, 3, 9, 32, 8, 24, 22, 21, 27, 15, 18, 16, 26, 25, 23, 2, 11, 31, 10, 5, 36, 35, 37, 13, 34, 12, 33, 14, 7, 29, 1, 28, 30, 20, 17];5891.0
Infinity;[25, 26, 14, 32, 8, 37, 4, 0, 2, 10, 31, 9, 7, 30, 11, 29, 5, 3, 36, 6, 16, 19, 17, 18, 15, 20, 34, 12, 33, 13, 27, 22, 35, 1, 28, 41, 38, 40, 39, 42, 24, 23, 21];5851.0
28101.0;[34, 42, 38, 41, 39, 40, 17, 20, 15, 18, 10, 25, 23, 21, 22, 35, 37, 6, 11, 32, 9, 31, 8, 5, 3, 0, 4, 12, 33, 14, 16, 19, 26, 24, 27, 29, 7, 1, 36, 2, 28, 30, 13];5843.0
Infinity;[22, 35, 36, 15, 20, 16, 19, 42, 39, 40, 14, 8, 30, 34, 13, 26, 41, 38, 37, 1, 29, 6, 17, 18, 5, 3, 28, 2, 7, 12, 33, 9, 4, 0, 27, 10, 31, 11, 32, 25, 21, 23, 24];11191.0
Infinity;[29, 42, 38, 41, 39, 40, 4, 0, 35, 37, 15, 19, 16, 20, 17, 18, 13, 26, 25, 21, 22, 24, 23, 28, 9, 31, 10, 32, 11, 1, 36, 2, 12, 33, 14, 34, 7, 3, 27, 30, 6, 8, 5];5818.0
Infinity;[37, 36, 35, 22, 28, 3, 9, 20, 15, 18, 13, 42, 39, 40, 38, 41, 25, 21, 23, 24, 26, 34, 31, 10, 30, 6, 14, 16, 19, 17, 4, 0, 1, 27, 2, 29, 7, 12, 33, 8, 32, 5, 11];5867.0
Infinity;[5, 10, 32, 11, 18, 17, 20, 16, 40, 39, 42, 38, 41, 6, 29, 8, 31, 9, 7, 19, 15, 13, 33, 14, 34, 12, 26, 25, 4, 0, 22, 21, 23, 24, 2, 28, 30, 27, 3, 36, 1, 35, 37];5822.0
27921.0;[36, 35, 22, 21, 23, 24, 27, 1, 0, 4, 28, 2, 5, 11, 19, 15, 18, 13, 33, 14, 26, 25, 37, 8, 31, 10, 32, 29, 34, 12, 42, 38, 40, 39, 41, 9, 30, 7, 17, 20, 16, 6, 3];5843.0
Infinity;[37, 41, 38, 40, 39, 42, 20, 33, 12, 8, 30, 6, 19, 15, 13, 4, 0, 35, 36, 14, 34, 16, 18, 17, 1, 28, 3, 27, 29, 5, 11, 32, 10, 31, 9, 7, 2, 23, 21, 25, 26, 24, 22];5864.0
Infinity;[11, 37, 25, 26, 42, 39, 40, 38, 41, 24, 22, 21, 23, 36, 16, 20, 17, 18, 12, 33, 14, 4, 0, 35, 1, 27, 2, 28, 3, 6, 29, 7, 19, 15, 13, 34, 9, 31, 10, 5, 30, 8, 32];5818.0
Infinity;[2, 28, 3, 41, 39, 42, 26, 20, 15, 18, 12, 33, 13, 16, 19, 17, 7, 37, 25, 24, 22, 21, 23, 35, 1, 36, 14, 34, 29, 5, 4, 0, 38, 40, 9, 31, 10, 30, 6, 8, 32, 11, 27];11172.0
28041.0;[4, 37, 7, 41, 38, 42, 39, 40, 26, 12, 33, 10, 31, 11, 13, 34, 14, 32, 9, 29, 28, 3, 35, 2, 17, 20, 15, 19, 16, 18, 8, 5, 30, 6, 27, 23, 21, 25, 22, 24, 36, 1, 0];5826.0
Infinity;[42, 38, 40, 39, 41, 18, 16, 19, 17, 4, 0, 35, 3, 28, 24, 22, 21, 23, 27, 2, 12, 33, 13, 10, 31, 9, 5, 14, 34, 8, 32, 11, 26, 25, 37, 36, 1, 15, 20, 30, 7, 29, 6];5843.0
Infinity;[5, 25, 23, 21, 22, 24, 26, 34, 15, 20, 17, 19, 16, 18, 41, 39, 40, 38, 42, 13, 2, 28, 36, 1, 27, 3, 35, 0, 4, 37, 8, 6, 12, 33, 14, 10, 31, 9, 29, 32, 11, 7, 30];5799.0
Infinity;[35, 38, 40, 19, 16, 18, 15, 41, 39, 42, 14, 9, 32, 30, 33, 13, 34, 8, 6, 36, 3, 27, 29, 5, 37, 4, 0, 28, 1, 24, 26, 17, 20, 12, 11, 31, 10, 7, 2, 22, 25, 21, 23];11180.0
Infinity;[32, 40, 38, 41, 39, 42, 15, 19, 16, 18, 17, 20, 30, 6, 2, 0, 4, 21, 23, 24, 26, 13, 33, 12, 1, 35, 37, 11, 29, 5, 27, 3, 36, 9, 31, 10, 7, 14, 34, 28, 22, 25, 8];5868.0
Infinity;[7, 4, 0, 1, 23, 35, 2, 27, 14, 34, 12, 33, 13, 16, 20, 40, 38, 41, 39, 42, 17, 18, 9, 31, 8, 32, 11, 30, 5, 37, 3, 36, 6, 10, 19, 15, 26, 24, 25, 21, 22, 28, 29];5852.0
27875.0;[28, 7, 19, 15, 40, 38, 41, 18, 10, 31, 9, 32, 8, 4, 0, 23, 21, 37, 39, 42, 16, 20, 17, 3, 35, 36, 5, 30, 25, 22, 24, 26, 34, 13, 33, 12, 29, 6, 14, 11, 1, 27, 2];11208.0
Infinity;[24, 21, 23, 0, 4, 29, 7, 37, 25, 26, 15, 18, 17, 20, 12, 33, 14, 30, 5, 41, 38, 40, 39, 42, 34, 10, 32, 9, 31, 11, 19, 16, 36, 35, 28, 1, 27, 3, 6, 13, 8, 2, 22];5852.0
Infinity;[40, 39, 41, 26, 18, 16, 19, 10, 5, 30, 7, 12, 33, 14, 8, 32, 9, 31, 11, 29, 28, 3, 35, 24, 23, 21, 22, 0, 4, 6, 13, 34, 27, 2, 36, 1, 17, 20, 15, 37, 25, 42, 38];5844.0
Infinity;[9, 20, 15, 19, 13, 33, 12, 40, 38, 41, 39, 42, 17, 18, 16, 2, 36, 35, 0, 4, 37, 7, 8, 32, 10, 31, 11, 5, 1, 24, 23, 3, 28, 6, 29, 26, 25, 21, 22, 27, 30, 14, 34];5836.0
Infinity;[39, 40, 38, 41, 26, 7, 8, 31, 10, 32, 20, 16, 13, 34, 12, 33, 14, 9, 5, 29, 11, 18, 15, 19, 17, 1, 0, 4, 30, 6, 37, 35, 21, 23, 2, 28, 3, 27, 24, 25, 22, 36, 42];5864.0
Infinity;[0, 6, 20, 15, 18, 16, 19, 17, 33, 12, 11, 32, 8, 28, 24, 26, 40, 39, 42, 25, 23, 21, 22, 35, 1, 7, 14, 34, 13, 41, 38, 37, 3, 36, 2, 27, 30, 31, 10, 29, 9, 5, 4];11187.0
Infinity;[19, 16, 14, 33, 12, 18, 17, 20, 15, 40, 38, 41, 39, 42, 26, 34, 13, 7, 8, 31, 11, 6, 37, 4, 0, 1, 35, 36, 22, 25, 21, 23, 24, 27, 3, 28, 2, 29, 5, 9, 32, 10, 30];5813.0
Infinity;[37, 25, 26, 40, 39, 41, 38, 42, 13, 33, 14, 32, 11, 7, 15, 18, 16, 1, 35, 36, 5, 8, 19, 17, 20, 34, 12, 2, 28, 9, 31, 10, 29, 6, 30, 3, 27, 24, 22, 21, 23, 0, 4];5828.0
Infinity;[38, 41, 39, 40, 33, 12, 4, 0, 23, 21, 22, 35, 1, 27, 17, 18, 16, 20, 32, 8, 6, 29, 7, 37, 2, 28, 10, 19, 15, 3, 36, 24, 25, 26, 30, 14, 34, 13, 11, 31, 9, 5, 42];5856.0
28057.0;[19, 41, 39, 40, 38, 42, 26, 5, 36, 24, 25, 37, 6, 8, 32, 9, 4, 0, 35, 3, 28, 1, 27, 22, 21, 23, 2, 11, 31, 10, 29, 7, 30, 33, 12, 34, 13, 17, 18, 14, 15, 20, 16];5843.0
Infinity;[6, 13, 33, 17, 20, 16, 18, 15, 19, 12, 34, 14, 11, 4, 0, 23, 35, 1, 8, 31, 9, 32, 10, 36, 3, 22, 24, 40, 38, 42, 25, 21, 37, 5, 26, 41, 39, 28, 2, 27, 30, 7, 29];11213.0
Infinity;[4, 0, 23, 35, 22, 21, 25, 24, 5, 11, 31, 9, 32, 8, 6, 3, 27, 29, 12, 33, 26, 41, 39, 42, 38, 40, 14, 34, 30, 2, 36, 28, 1, 7, 15, 19, 17, 18, 16, 20, 13, 10, 37];5837.0
Infinity;[26, 14, 33, 13, 36, 24, 22, 21, 23, 25, 8, 31, 10, 5, 20, 17, 18, 40, 38, 42, 34, 12, 16, 19, 15, 1, 28, 2, 37, 4, 0, 35, 3, 27, 29, 7, 9, 32, 11, 30, 6, 39, 41];11162.0
27873.0;[29, 41, 39, 42, 20, 16, 18, 26, 25, 23, 35, 37, 38, 40, 13, 33, 15, 19, 17, 4, 0, 27, 1, 36, 7, 11, 32, 9, 3, 24, 21, 22, 2, 28, 30, 10, 31, 8, 6, 12, 34, 14, 5];11187.0
Infinity;[41, 38, 42, 33, 14, 34, 26, 25, 8, 32, 11, 31, 9, 37, 4, 0, 35, 23, 21, 22, 24, 27, 30, 7, 1, 28, 3, 36, 2, 29, 5, 13, 15, 20, 12, 10, 6, 16, 19, 17, 18, 40, 39];5828.0
Infinity;[12, 36, 35, 23, 1, 28, 0, 4, 16, 18, 15, 40, 39, 42, 38, 41, 24, 21, 25, 26, 13, 34, 29, 10, 32, 8, 7, 3, 22, 27, 2, 6, 9, 31, 11, 20, 17, 19, 30, 5, 37, 14, 33];5898.0
28072.0;[36, 41, 38, 40, 39, 42, 13, 33, 14, 31, 8, 32, 10, 6, 30, 34, 12, 7, 4, 0, 2, 11, 19, 15, 27, 24, 26, 17, 18, 16, 20, 9, 37, 25, 23, 21, 22, 3, 5, 29, 28, 1, 35];5863.0
28252.0;[5, 9, 18, 15, 24, 23, 35, 0, 4, 14, 34, 11, 32, 10, 6, 12, 41, 39, 42, 19, 16, 26, 25, 21, 22, 27, 30, 8, 31, 20, 17, 29, 7, 1, 28, 33, 13, 40, 38, 37, 3, 36, 2];11215.0
Infinity;[35, 0, 4, 37, 16, 19, 42, 39, 40, 15, 20, 9, 32, 10, 3, 28, 38, 41, 6, 11, 31, 8, 18, 17, 25, 23, 21, 22, 27, 30, 7, 12, 33, 13, 29, 5, 34, 14, 1, 36, 26, 24, 2];11217.0
Infinity;[9, 32, 11, 2, 24, 22, 21, 23, 3, 17, 20, 15, 19, 16, 18, 7, 36, 35, 37, 25, 26, 4, 0, 28, 1, 27, 30, 8, 5, 29, 6, 12, 34, 13, 33, 41, 39, 42, 38, 40, 14, 10, 31];5836.0
Infinity;[7, 9, 31, 8, 16, 20, 17, 41, 38, 40, 39, 42, 26, 24, 25, 4, 0, 23, 21, 22, 3, 14, 34, 13, 19, 15, 18, 29, 28, 1, 35, 36, 12, 33, 11, 32, 10, 6, 37, 5, 2, 27, 30];5840.0
23084.0;[40, 39, 41, 38, 42, 12, 33, 26, 24, 25, 22, 21, 23, 28, 1, 27, 2, 16, 18, 14, 34, 13, 9, 31, 11, 6, 20, 17, 19, 15, 7, 3, 37, 36, 35, 0, 4, 29, 5, 30, 10, 32, 8];5820.0
Infinity;[34, 41, 38, 40, 39, 42, 33, 13, 10, 32, 8, 5, 14, 19, 15, 18, 16, 4, 0, 27, 1, 24, 23, 21, 22, 35, 36, 2, 28, 3, 29, 11, 31, 9, 7, 37, 25, 26, 20, 17, 30, 6, 12];5832.0
28090.0;[26, 34, 41, 38, 22, 24, 23, 21, 35, 2, 13, 33, 17, 20, 42, 39, 40, 19, 16, 18, 15, 12, 37, 4, 0, 28, 6, 30, 7, 14, 11, 29, 5, 8, 32, 9, 31, 10, 1, 36, 3, 27, 25];11198.0
Infinity;[8, 15, 19, 33, 14, 11, 4, 0, 35, 23, 25, 26, 18, 16, 20, 17, 41, 39, 42, 38, 40, 36, 1, 28, 2, 5, 30, 6, 27, 3, 24, 22, 21, 37, 10, 32, 9, 29, 7, 13, 34, 12, 31];5849.0
Infinity;[38, 42, 39, 41, 12, 30, 27, 21, 22, 2, 28, 1, 0, 4, 37, 8, 7, 29, 19, 17, 20, 15, 25, 26, 24, 23, 35, 3, 36, 5, 14, 34, 13, 33, 16, 18, 11, 32, 9, 31, 10, 6, 40];5856.0
Infinity;[3, 42, 38, 40, 34, 31, 10, 41, 39, 25, 26, 18, 15, 14, 33, 12, 8, 32, 9, 5, 13, 17, 19, 16, 20, 11, 7, 30, 6, 4, 37, 0, 35, 36, 1, 28, 2, 29, 27, 23, 21, 22, 24];11226.0
Infinity;[38, 42, 26, 24, 22, 35, 36, 27, 2, 0, 4, 37, 6, 13, 33, 32, 11, 31, 8, 15, 20, 17, 19, 16, 18, 12, 34, 10, 30, 5, 29, 9, 25, 21, 23, 39, 41, 3, 28, 1, 7, 14, 40];11163.0
Infinity;[17, 20, 16, 11, 7, 42, 39, 40, 38, 41, 26, 25, 21, 23, 0, 4, 6, 30, 5, 14, 34, 12, 33, 13, 8, 32, 10, 31, 27, 22, 24, 28, 29, 1, 35, 37, 2, 36, 3, 9, 19, 15, 18];5820.0
Infinity;[2, 27, 24, 26, 16, 19, 15, 41, 38, 42, 17, 18, 13, 34, 12, 5, 29, 33, 14, 36, 3, 35, 0, 4, 39, 40, 20, 11, 37, 8, 32, 9, 31, 10, 25, 23, 21, 22, 1, 28, 6, 30, 7];11191.0
27864.0;[19, 17, 20, 15, 18, 16, 10, 7, 29, 2, 36, 41, 39, 40, 38, 42, 24, 22, 35, 3, 28, 8, 32, 9, 31, 11, 5, 30, 26, 25, 21, 27, 34, 13, 6, 37, 4, 0, 23, 1, 12, 33, 14];5878.0
Infinity;[12, 4, 0, 36, 13, 34, 30, 38, 41, 15, 19, 26, 25, 21, 22, 24, 23, 1, 27, 3, 35, 37, 10, 5, 17, 18, 16, 2, 28, 7, 9, 32, 8, 31, 11, 29, 6, 20, 42, 39, 40, 14, 33];11191.0
Infinity;[17, 19, 13, 15, 18, 41, 39, 42, 38, 40, 26, 25, 21, 24, 22, 28, 11, 32, 10, 3, 27, 1, 36, 35, 37, 9, 31, 8, 7, 34, 12, 2, 23, 0, 4, 14, 33, 30, 6, 29, 5, 16, 20];5853.0
Infinity;[27, 3, 21, 22, 0, 4, 14, 34, 26, 24, 23, 25, 42, 38, 40, 39, 41, 37, 35, 1, 17, 20, 15, 19, 9, 29, 32, 10, 16, 18, 31, 11, 30, 28, 2, 36, 6, 8, 7, 12, 33, 13, 5];5880.0
Infinity;[8, 31, 11, 37, 35, 0, 4, 17, 19, 40, 38, 42, 39, 41, 16, 20, 15, 2, 22, 21, 25, 26, 18, 32, 9, 6, 3, 27, 24, 23, 28, 14, 33, 13, 34, 12, 10, 29, 7, 36, 1, 30, 5];5872.0
22515.0;[26, 40, 38, 42, 14, 34, 32, 8, 29, 27, 1, 28, 15, 18, 17, 20, 31, 9, 7, 36, 35, 23, 25, 21, 22, 39, 41, 37, 4, 0, 2, 6, 11, 5, 30, 10, 19, 16, 13, 33, 12, 3, 24];11184.0
Infinity;[26, 25, 22, 21, 24, 23, 35, 0, 4, 3, 28, 1, 9, 32, 10, 7, 8, 31, 11, 36, 2, 27, 30, 6, 37, 5, 18, 15, 19, 16, 34, 14, 40, 39, 41, 38, 42, 13, 29, 33, 12, 20, 17];5823.0
Infinity;[14, 19, 16, 42, 39, 41, 38, 40, 37, 4, 0, 35, 23, 1, 17, 18, 15, 26, 24, 22, 28, 8, 31, 11, 6, 2, 36, 3, 5, 29, 7, 25, 21, 27, 30, 10, 32, 9, 20, 12, 34, 13, 33];5892.0
Infinity;[41, 38, 42, 26, 25, 24, 1, 36, 2, 28, 40, 15, 19, 31, 10, 29, 33, 12, 7, 4, 0, 35, 23, 21, 22, 3, 27, 34, 13, 5, 30, 14, 16, 18, 9, 37, 6, 11, 32, 8, 20, 17, 39];11194.0
Infinity;[36, 37, 38, 40, 33, 12, 41, 39, 42, 26, 25, 17, 18, 34, 13, 16, 20, 5, 10, 32, 8, 2, 35, 22, 24, 21, 23, 28, 7, 29, 9, 31, 11, 4, 0, 3, 15, 19, 14, 6, 30, 27, 1];11202.0
28227.0;[33, 26, 41, 39, 40, 38, 42, 25, 21, 23, 24, 22, 35, 3, 28, 9, 32, 11, 13, 34, 14, 8, 31, 29, 27, 2, 36, 5, 30, 6, 4, 0, 1, 17, 18, 16, 37, 7, 10, 19, 15, 20, 12];5836.0
28426.0;[2, 27, 0, 4, 41, 38, 40, 39, 42, 25, 21, 22, 35, 36, 3, 23, 24, 26, 33, 12, 15, 20, 14, 16, 18, 31, 11, 30, 28, 1, 5, 37, 13, 34, 10, 32, 19, 17, 6, 9, 7, 29, 8];5890.0
Infinity;[39, 42, 17, 18, 15, 20, 16, 2, 0, 4, 37, 38, 41, 19, 11, 32, 9, 30, 31, 8, 7, 29, 5, 26, 25, 24, 21, 22, 35, 23, 36, 1, 28, 3, 27, 14, 33, 13, 34, 12, 10, 6, 40];11158.0
Infinity;[13, 33, 26, 25, 23, 24, 28, 2, 5, 19, 16, 20, 17, 18, 15, 4, 0, 35, 22, 21, 3, 36, 37, 40, 39, 42, 38, 41, 12, 34, 14, 8, 32, 9, 31, 11, 1, 27, 6, 29, 7, 10, 30];5832.0
28485.0;[37, 9, 32, 11, 31, 8, 12, 33, 14, 34, 13, 42, 38, 41, 39, 40, 3, 27, 24, 23, 21, 22, 25, 26, 19, 16, 18, 17, 20, 15, 6, 36, 1, 7, 10, 30, 5, 29, 28, 35, 2, 0, 4];5809.0
28456.0;[37, 15, 19, 17, 18, 42, 38, 40, 39, 41, 36, 3, 27, 12, 34, 14, 33, 13, 4, 0, 35, 22, 2, 9, 31, 8, 5, 29, 6, 30, 28, 24, 23, 21, 25, 26, 16, 20, 10, 7, 32, 11, 1];5851.0
Infinity;[33, 13, 26, 25, 24, 36, 37, 5, 10, 31, 11, 41, 38, 40, 39, 42, 19, 17, 20, 15, 18, 16, 12, 9, 7, 32, 8, 30, 34, 14, 4, 0, 35, 22, 21, 23, 3, 27, 2, 29, 6, 1, 28];5836.0
Infinity;[0, 4, 7, 14, 33, 13, 15, 18, 9, 32, 10, 31, 11, 16, 19, 5, 8, 30, 40, 38, 41, 39, 42, 26, 34, 12, 20, 17, 29, 27, 3, 28, 2, 36, 1, 35, 22, 25, 37, 6, 24, 21, 23];5862.0
28058.0;[3, 24, 22, 35, 0, 4, 7, 14, 33, 15, 18, 31, 11, 37, 25, 21, 23, 27, 32, 10, 13, 34, 12, 9, 19, 16, 20, 17, 2, 28, 1, 36, 42, 38, 41, 39, 40, 26, 30, 5, 8, 6, 29];5865.0
Infinity;[27, 1, 16, 18, 17, 19, 40, 39, 42, 20, 15, 29, 5, 12, 33, 26, 24, 23, 21, 37, 7, 10, 32, 30, 13, 34, 14, 11, 2, 35, 36, 6, 9, 31, 8, 3, 28, 38, 41, 25, 22, 0, 4];11213.0
Infinity;[20, 13, 41, 38, 40, 39, 42, 30, 6, 25, 22, 21, 23, 24, 26, 15, 18, 16, 2, 36, 3, 28, 17, 19, 9, 32, 8, 12, 34, 14, 33, 27, 1, 35, 0, 4, 37, 5, 29, 7, 11, 31, 10];5829.0
Infinity;[4, 0, 2, 41, 38, 42, 39, 40, 24, 23, 35, 21, 22, 28, 16, 20, 8, 31, 18, 15, 19, 17, 1, 36, 37, 25, 26, 6, 30, 13, 34, 29, 27, 3, 5, 9, 32, 11, 7, 12, 33, 14, 10];5896.0
28253.0;[1, 7, 9, 31, 4, 0, 2, 16, 20, 15, 18, 17, 19, 11, 32, 10, 13, 34, 12, 33, 14, 8, 37, 35, 3, 6, 29, 41, 39, 40, 38, 42, 27, 24, 26, 25, 23, 21, 22, 28, 30, 5, 36];5840.0
22673.0;[37, 35, 23, 21, 22, 24, 1, 28, 3, 16, 18, 17, 19, 41, 38, 40, 15, 20, 31, 9, 42, 39, 0, 4, 30, 7, 10, 32, 8, 6, 36, 2, 27, 29, 14, 34, 26, 25, 5, 13, 33, 12, 11];11194.0
Infinity;[41, 38, 40, 39, 42, 14, 10, 29, 28, 24, 25, 26, 18, 15, 4, 0, 35, 36, 3, 27, 1, 16, 20, 17, 19, 9, 32, 8, 31, 11, 6, 2, 23, 21, 22, 37, 7, 12, 33, 13, 34, 30, 5];5848.0
Infinity;[36, 35, 22, 1, 5, 14, 33, 12, 2, 24, 26, 17, 18, 34, 13, 42, 38, 41, 39, 40, 15, 20, 7, 30, 6, 37, 4, 0, 28, 3, 9, 32, 10, 29, 27, 23, 21, 25, 11, 31, 8, 19, 16];5898.0
Infinity;[42, 38, 40, 39, 41, 18, 15, 20, 16, 19, 17, 2, 27, 1, 24, 26, 25, 23, 21, 22, 0, 4, 14, 33, 12, 34, 13, 5, 10, 32, 9, 31, 8, 30, 7, 29, 28, 3, 36, 35, 37, 6, 11];5796.0
Infinity;[21, 23, 25, 26, 19, 17, 18, 15, 33, 14, 34, 13, 31, 11, 4, 37, 0, 35, 36, 42, 38, 40, 39, 41, 12, 8, 32, 10, 1, 27, 3, 24, 28, 29, 5, 30, 6, 20, 16, 7, 9, 2, 22];5898.0
Infinity;[39, 4, 0, 35, 37, 5, 31, 10, 30, 13, 26, 25, 21, 22, 24, 1, 27, 34, 14, 33, 12, 2, 23, 28, 17, 19, 15, 20, 16, 18, 8, 7, 29, 6, 42, 38, 41, 3, 36, 9, 32, 11, 40];11201.0
28211.0;[37, 38, 42, 26, 25, 24, 27, 15, 19, 9, 7, 12, 34, 14, 20, 10, 32, 8, 30, 28, 2, 36, 35, 4, 0, 22, 21, 23, 1, 17, 18, 16, 40, 39, 41, 6, 29, 13, 33, 31, 11, 5, 3];11196.0
Infinity;[31, 11, 29, 34, 13, 6, 37, 21, 23, 25, 42, 39, 40, 30, 27, 3, 4, 0, 1, 28, 7, 2, 36, 35, 22, 24, 26, 38, 41, 14, 8, 32, 10, 5, 19, 15, 20, 17, 18, 16, 12, 33, 9];11181.0
5780.0;[39, 41, 38, 40, 34, 12, 33, 14, 26, 25, 23, 21, 22, 24, 35, 0, 4, 37, 2, 27, 3, 28, 30, 9, 32, 8, 31, 11, 5, 29, 6, 1, 36, 7, 13, 10, 18, 17, 19, 16, 20, 15, 42]
