ftv64
8858.0;[40, 41, 44, 45, 12, 35, 20, 24, 51, 62, 52, 30, 55, 33, 56, 18, 17, 46, 43, 9, 60, 15, 0, 1, 4, 39, 5, 61, 50, 54, 28, 22, 59, 63, 29, 38, 2, 42, 11, 10, 16, 13, 36, 8, 27, 48, 49, 23, 25, 26, 21, 19, 57, 53, 31, 32, 37, 14, 6, 58, 34, 64, 3, 47, 7];3397.0
8582.0;[5, 6, 52, 51, 24, 30, 31, 62, 23, 49, 22, 63, 33, 56, 64, 38, 0, 42, 9, 8, 7, 36, 40, 41, 60, 13, 16, 17, 18, 1, 3, 37, 2, 4, 39, 45, 12, 11, 15, 50, 55, 53, 43, 44, 14, 47, 10, 61, 28, 54, 34, 57, 58, 32, 35, 20, 48, 21, 59, 25, 29, 27, 26, 19, 46];3360.0
8147.0;[43, 36, 8, 7, 15, 38, 2, 3, 18, 17, 16, 28, 27, 26, 23, 49, 59, 25, 22, 24, 19, 45, 42, 11, 10, 13, 46, 60, 0, 1, 37, 50, 54, 61, 14, 47, 39, 5, 6, 32, 52, 30, 53, 31, 62, 51, 63, 29, 21, 20, 48, 35, 12, 44, 57, 58, 55, 33, 56, 64, 34, 4, 40, 41, 9];2964.0
8594.0;[60, 50, 28, 0, 14, 47, 8, 40, 41, 9, 20, 21, 49, 22, 55, 33, 38, 2, 4, 39, 6, 57, 53, 31, 32, 1, 37, 3, 15, 36, 10, 11, 45, 16, 17, 18, 61, 27, 48, 35, 19, 12, 44, 7, 5, 58, 56, 64, 34, 51, 24, 23, 59, 26, 25, 63, 29, 30, 62, 52, 54, 42, 43, 13, 46];3148.0
8135.0;[64, 57, 58, 34, 31, 55, 53, 62, 30, 38, 2, 4, 39, 1, 37, 3, 61, 28, 27, 21, 48, 35, 12, 44, 11, 42, 43, 9, 50, 54, 32, 29, 63, 52, 24, 26, 10, 36, 7, 8, 40, 41, 15, 59, 25, 17, 16, 13, 60, 47, 14, 5, 6, 51, 23, 49, 22, 33, 56, 18, 46, 45, 20, 19, 0];3472.0
9408.0;[52, 30, 53, 62, 51, 24, 33, 57, 4, 39, 5, 7, 6, 58, 34, 29, 23, 49, 22, 59, 25, 63, 31, 55, 38, 2, 3, 27, 26, 19, 45, 1, 37, 48, 20, 46, 13, 16, 17, 14, 47, 10, 36, 60, 15, 50, 64, 56, 32, 54, 61, 0, 18, 28, 21, 12, 35, 42, 11, 8, 40, 9, 41, 43, 44];3304.0
9447.0;[7, 10, 36, 8, 5, 6, 58, 34, 53, 62, 24, 25, 43, 9, 42, 11, 48, 49, 59, 54, 0, 13, 46, 12, 44, 51, 30, 57, 4, 39, 40, 41, 60, 15, 16, 17, 18, 27, 26, 63, 55, 33, 56, 64, 38, 2, 3, 61, 50, 29, 52, 31, 32, 28, 22, 23, 35, 20, 21, 19, 45, 1, 37, 14, 47];3091.0
8326.0;[35, 21, 20, 19, 60, 15, 29, 52, 30, 53, 55, 31, 62, 24, 25, 22, 59, 63, 18, 17, 16, 14, 47, 40, 41, 9, 43, 44, 10, 50, 54, 28, 33, 64, 2, 4, 39, 5, 6, 36, 8, 7, 13, 61, 51, 23, 48, 49, 38, 3, 0, 1, 57, 58, 42, 11, 37, 34, 56, 32, 27, 26, 46, 45, 12];3288.0
9034.0;[48, 21, 49, 22, 59, 23, 30, 62, 52, 53, 31, 51, 24, 25, 33, 34, 57, 56, 38, 2, 60, 10, 13, 16, 17, 0, 18, 61, 1, 37, 32, 55, 64, 3, 46, 45, 14, 47, 6, 58, 4, 11, 42, 43, 9, 15, 50, 54, 28, 27, 26, 63, 29, 39, 5, 7, 8, 36, 40, 41, 44, 20, 19, 12, 35];2915.0
8094.0;[50, 54, 28, 29, 30, 53, 55, 33, 64, 38, 56, 22, 23, 35, 12, 44, 11, 1, 37, 3, 2, 4, 34, 57, 58, 31, 62, 52, 51, 24, 25, 26, 46, 43, 41, 9, 10, 13, 17, 16, 18, 49, 59, 63, 32, 21, 48, 20, 0, 61, 27, 19, 14, 47, 39, 5, 6, 7, 36, 8, 40, 42, 45, 60, 15];2958.0
8098.0;[29, 62, 52, 51, 30, 53, 31, 55, 33, 3, 18, 27, 22, 25, 63, 54, 50, 61, 28, 21, 19, 46, 36, 8, 40, 44, 12, 35, 20, 48, 23, 24, 57, 34, 56, 17, 16, 1, 64, 38, 39, 7, 5, 41, 45, 49, 59, 26, 43, 9, 15, 13, 60, 10, 42, 11, 14, 47, 0, 37, 2, 4, 6, 58, 32];3345.0
8746.0;[28, 51, 24, 35, 20, 21, 48, 49, 22, 25, 55, 33, 56, 2, 4, 39, 5, 14, 47, 41, 43, 9, 13, 27, 19, 46, 45, 8, 7, 60, 10, 36, 40, 16, 17, 18, 26, 23, 59, 38, 3, 0, 61, 50, 52, 31, 62, 6, 57, 58, 29, 63, 30, 53, 1, 37, 64, 34, 32, 12, 44, 42, 11, 15, 54];3421.0
9224.0;[60, 42, 43, 9, 11, 20, 21, 48, 46, 14, 47, 39, 5, 8, 40, 41, 44, 12, 35, 49, 37, 64, 57, 34, 32, 54, 28, 27, 29, 62, 24, 51, 30, 53, 36, 7, 23, 22, 59, 25, 63, 61, 1, 38, 2, 3, 0, 18, 50, 52, 31, 55, 33, 56, 26, 19, 45, 6, 58, 4, 10, 13, 16, 17, 15];3330.0
9550.0;[7, 60, 31, 62, 52, 32, 61, 1, 34, 64, 38, 57, 58, 4, 39, 5, 47, 6, 2, 14, 42, 45, 12, 44, 11, 20, 19, 46, 37, 3, 17, 16, 18, 28, 27, 26, 43, 9, 8, 40, 41, 10, 22, 59, 23, 48, 49, 24, 51, 30, 53, 55, 33, 56, 50, 54, 0, 13, 15, 25, 63, 29, 21, 35, 36];3267.0
9354.0;[50, 55, 31, 62, 52, 51, 30, 53, 29, 25, 26, 28, 37, 4, 34, 38, 2, 3, 0, 27, 21, 48, 35, 20, 42, 11, 14, 47, 6, 56, 32, 54, 61, 18, 17, 1, 64, 57, 58, 5, 36, 40, 8, 7, 60, 15, 22, 59, 24, 19, 43, 44, 13, 16, 46, 45, 12, 23, 49, 63, 33, 39, 41, 9, 10];3323.0
9252.0;[46, 36, 8, 5, 6, 58, 4, 39, 40, 41, 7, 10, 34, 64, 38, 18, 17, 16, 13, 42, 43, 9, 0, 61, 27, 26, 29, 63, 52, 51, 24, 35, 20, 19, 12, 44, 11, 45, 60, 15, 50, 54, 28, 1, 3, 37, 2, 14, 47, 57, 33, 56, 32, 55, 53, 31, 62, 30, 25, 23, 48, 21, 49, 22, 59];2891.0
9127.0;[44, 12, 19, 46, 36, 7, 6, 58, 34, 56, 64, 3, 0, 27, 26, 48, 21, 22, 49, 59, 63, 55, 33, 4, 39, 5, 13, 17, 16, 18, 50, 54, 61, 15, 14, 47, 8, 40, 41, 9, 42, 11, 45, 10, 60, 29, 52, 30, 62, 51, 24, 25, 23, 35, 20, 1, 57, 53, 31, 32, 28, 37, 38, 2, 43];2878.0
8138.0;[47, 55, 33, 56, 26, 46, 42, 11, 48, 22, 59, 24, 25, 23, 35, 19, 12, 43, 9, 1, 64, 38, 4, 39, 6, 58, 34, 57, 2, 0, 61, 28, 50, 54, 15, 40, 41, 44, 45, 20, 21, 49, 63, 29, 62, 52, 53, 31, 32, 13, 10, 60, 36, 8, 7, 5, 27, 51, 30, 17, 16, 18, 37, 3, 14];3265.0
9248.0;[10, 0, 15, 14, 47, 7, 42, 11, 21, 48, 49, 23, 24, 30, 62, 51, 35, 20, 19, 12, 44, 45, 64, 38, 2, 3, 37, 4, 39, 6, 34, 25, 63, 29, 55, 57, 58, 56, 27, 26, 46, 36, 8, 40, 41, 61, 22, 59, 31, 17, 18, 50, 52, 53, 33, 5, 13, 16, 1, 32, 54, 28, 43, 9, 60];3444.0
8875.0;[63, 56, 34, 57, 58, 4, 2, 39, 5, 6, 31, 62, 51, 49, 22, 59, 25, 32, 54, 61, 50, 52, 30, 24, 23, 35, 20, 14, 47, 7, 0, 18, 17, 16, 13, 36, 8, 41, 40, 9, 60, 1, 27, 19, 46, 10, 15, 29, 53, 55, 33, 48, 21, 12, 44, 45, 43, 42, 11, 64, 38, 3, 37, 28, 26];3218.0
9019.0;[52, 51, 62, 30, 53, 31, 28, 40, 41, 9, 43, 44, 12, 35, 59, 25, 22, 24, 23, 48, 21, 49, 33, 56, 2, 42, 11, 45, 36, 8, 61, 27, 26, 63, 64, 38, 57, 5, 7, 0, 1, 37, 3, 16, 13, 46, 20, 19, 14, 47, 6, 58, 34, 32, 29, 55, 54, 17, 18, 4, 39, 10, 60, 15, 50];3291.0
8371.0;[24, 23, 35, 20, 21, 48, 12, 44, 43, 9, 8, 5, 6, 58, 34, 38, 4, 39, 7, 0, 64, 53, 62, 30, 55, 33, 56, 25, 63, 29, 17, 18, 16, 13, 36, 40, 41, 15, 1, 37, 2, 3, 61, 50, 54, 28, 27, 49, 22, 59, 26, 42, 11, 45, 14, 47, 57, 31, 32, 19, 46, 10, 60, 52, 51];3116.0
8133.0;[12, 35, 49, 59, 63, 54, 28, 50, 52, 30, 53, 31, 33, 56, 34, 32, 29, 51, 24, 37, 2, 4, 39, 5, 7, 15, 13, 16, 17, 22, 25, 55, 64, 38, 3, 48, 21, 19, 46, 47, 6, 58, 57, 62, 23, 20, 36, 8, 40, 43, 44, 11, 10, 60, 14, 41, 9, 0, 18, 61, 1, 27, 26, 45, 42];3300.0
8842.0;[10, 36, 8, 40, 6, 58, 2, 3, 56, 64, 38, 39, 42, 12, 35, 22, 23, 49, 52, 30, 62, 53, 33, 34, 57, 4, 5, 7, 28, 50, 27, 21, 48, 20, 19, 46, 0, 18, 61, 1, 32, 54, 14, 47, 41, 44, 11, 59, 63, 29, 51, 24, 25, 55, 31, 43, 9, 16, 17, 13, 60, 15, 37, 26, 45];3398.0
8493.0;[35, 21, 48, 62, 52, 30, 33, 56, 32, 51, 23, 49, 59, 2, 3, 37, 28, 61, 50, 53, 31, 54, 1, 14, 47, 7, 10, 60, 27, 26, 63, 64, 4, 5, 18, 17, 16, 45, 42, 11, 36, 8, 6, 34, 57, 58, 39, 40, 41, 9, 15, 0, 29, 55, 38, 13, 46, 20, 22, 24, 25, 19, 43, 44, 12];3483.0
8282.0;[34, 57, 58, 32, 52, 31, 62, 51, 30, 24, 22, 23, 59, 53, 55, 33, 38, 4, 39, 36, 8, 40, 7, 5, 6, 2, 3, 0, 18, 28, 50, 54, 48, 21, 35, 19, 12, 43, 9, 41, 44, 20, 49, 25, 29, 27, 26, 63, 17, 16, 13, 46, 45, 60, 14, 47, 10, 42, 11, 15, 61, 1, 37, 56, 64];2857.0
8392.0;[6, 57, 58, 34, 62, 51, 24, 23, 59, 25, 63, 56, 64, 38, 2, 14, 47, 7, 60, 61, 50, 54, 32, 29, 33, 4, 39, 5, 13, 16, 18, 17, 45, 12, 35, 20, 43, 44, 11, 49, 22, 30, 53, 55, 1, 37, 3, 15, 41, 9, 42, 10, 27, 26, 21, 48, 19, 46, 0, 28, 52, 31, 36, 8, 40];3190.0
8329.0;[24, 26, 12, 44, 11, 20, 21, 48, 35, 19, 46, 0, 18, 61, 1, 37, 28, 27, 22, 23, 49, 59, 25, 63, 32, 14, 47, 58, 56, 64, 38, 2, 3, 50, 55, 53, 31, 54, 42, 45, 60, 16, 17, 13, 8, 40, 6, 57, 34, 52, 30, 62, 33, 4, 39, 5, 7, 10, 36, 41, 9, 43, 15, 29, 51];3049.0
8364.0;[17, 16, 13, 14, 47, 5, 6, 7, 11, 21, 48, 49, 23, 35, 20, 19, 46, 45, 10, 27, 26, 55, 33, 56, 52, 30, 53, 31, 32, 12, 44, 64, 38, 3, 18, 28, 61, 1, 37, 34, 57, 58, 62, 51, 24, 22, 59, 42, 43, 8, 36, 40, 41, 9, 15, 2, 4, 39, 60, 0, 50, 29, 25, 63, 54];3111.0
8857.0;[49, 59, 25, 63, 33, 56, 38, 2, 0, 18, 37, 64, 57, 58, 34, 4, 39, 42, 11, 20, 22, 23, 35, 12, 44, 45, 10, 16, 17, 55, 53, 31, 62, 52, 32, 54, 14, 47, 6, 5, 7, 60, 50, 29, 24, 51, 30, 36, 8, 40, 41, 15, 27, 26, 21, 19, 1, 3, 13, 46, 43, 9, 61, 28, 48];3196.0
8905.0;[24, 51, 26, 12, 44, 42, 43, 9, 15, 1, 57, 58, 34, 64, 56, 38, 3, 37, 28, 61, 14, 47, 36, 8, 40, 41, 52, 62, 23, 49, 21, 48, 35, 20, 19, 46, 11, 45, 10, 2, 4, 39, 5, 0, 50, 29, 55, 33, 54, 27, 63, 30, 53, 31, 18, 17, 16, 13, 60, 7, 6, 32, 59, 25, 22];3253.0
9314.0;[37, 3, 64, 57, 58, 4, 39, 5, 6, 61, 27, 26, 21, 48, 12, 44, 11, 60, 14, 47, 7, 36, 8, 52, 30, 31, 54, 1, 38, 34, 53, 62, 51, 24, 55, 33, 56, 2, 0, 50, 25, 59, 63, 29, 32, 13, 46, 40, 41, 42, 43, 9, 10, 15, 17, 16, 18, 28, 23, 49, 22, 35, 20, 19, 45];3021.0
8989.0;[57, 58, 4, 39, 7, 36, 8, 47, 61, 50, 52, 53, 31, 40, 41, 9, 11, 48, 20, 19, 12, 35, 49, 59, 25, 33, 64, 38, 0, 1, 37, 56, 54, 26, 21, 22, 23, 24, 63, 17, 18, 16, 13, 15, 28, 27, 46, 42, 43, 44, 45, 10, 60, 14, 5, 6, 62, 51, 30, 32, 29, 55, 2, 3, 34];3196.0
8908.0;[52, 33, 56, 32, 51, 30, 53, 24, 23, 35, 12, 43, 9, 40, 41, 16, 17, 18, 28, 26, 22, 59, 25, 29, 13, 36, 8, 6, 57, 58, 4, 5, 42, 44, 11, 15, 0, 61, 54, 27, 19, 46, 45, 20, 21, 48, 49, 63, 38, 2, 3, 64, 34, 39, 7, 14, 47, 10, 60, 1, 37, 50, 55, 31, 62];3089.0
8966.0;[42, 43, 44, 20, 19, 21, 35, 48, 49, 23, 60, 10, 7, 5, 6, 57, 58, 4, 39, 16, 17, 50, 51, 24, 63, 30, 53, 31, 55, 2, 11, 45, 12, 9, 15, 1, 37, 3, 18, 13, 14, 47, 36, 8, 40, 41, 0, 61, 28, 27, 33, 56, 32, 54, 64, 38, 34, 22, 59, 25, 29, 52, 62, 26, 46];3229.0
8665.0;[35, 12, 9, 43, 41, 44, 45, 20, 19, 60, 14, 39, 5, 47, 13, 46, 21, 22, 59, 23, 48, 49, 30, 62, 51, 24, 29, 25, 10, 36, 7, 8, 40, 6, 4, 2, 3, 37, 38, 15, 0, 27, 63, 55, 64, 34, 31, 52, 53, 33, 56, 32, 28, 1, 57, 58, 50, 54, 42, 11, 16, 17, 18, 61, 26];3419.0
8353.0;[49, 59, 25, 46, 7, 47, 36, 8, 41, 40, 9, 43, 10, 60, 13, 1, 2, 4, 39, 42, 11, 45, 35, 23, 22, 24, 54, 28, 18, 17, 16, 14, 5, 6, 58, 34, 62, 51, 30, 32, 50, 61, 37, 38, 3, 0, 15, 63, 29, 52, 53, 33, 56, 64, 57, 31, 55, 27, 26, 21, 19, 12, 44, 20, 48];3114.0
9207.0;[21, 48, 20, 49, 23, 22, 59, 25, 63, 29, 51, 24, 26, 19, 46, 12, 44, 11, 45, 42, 43, 9, 8, 40, 5, 6, 4, 39, 7, 10, 15, 34, 57, 64, 2, 0, 50, 54, 28, 18, 61, 27, 52, 30, 53, 31, 62, 35, 36, 41, 60, 1, 3, 37, 55, 33, 38, 17, 16, 13, 14, 47, 58, 56, 32];3069.0
9293.0;[50, 64, 57, 56, 38, 2, 4, 39, 5, 8, 40, 55, 31, 62, 51, 20, 36, 41, 44, 11, 10, 0, 63, 29, 59, 25, 45, 42, 12, 35, 49, 22, 23, 21, 48, 24, 30, 33, 32, 52, 53, 54, 16, 13, 43, 9, 7, 27, 26, 19, 46, 60, 15, 1, 37, 3, 14, 47, 6, 58, 34, 28, 18, 17, 61];3403.0
8789.0;[37, 64, 34, 38, 2, 3, 17, 18, 27, 59, 63, 52, 53, 31, 62, 51, 25, 22, 23, 48, 49, 24, 30, 33, 56, 32, 29, 55, 50, 28, 61, 1, 4, 39, 36, 8, 40, 41, 9, 43, 60, 10, 15, 0, 26, 19, 46, 5, 6, 57, 58, 54, 16, 13, 42, 11, 45, 20, 21, 35, 12, 44, 14, 47, 7];2898.0
8943.0;[52, 51, 24, 23, 48, 35, 49, 22, 59, 55, 53, 33, 56, 64, 38, 34, 32, 54, 0, 13, 14, 47, 5, 6, 57, 58, 2, 3, 50, 25, 63, 29, 12, 40, 41, 9, 8, 7, 36, 16, 17, 18, 61, 1, 37, 28, 26, 46, 42, 43, 44, 11, 45, 10, 60, 4, 39, 15, 27, 19, 20, 21, 30, 31, 62];2901.0
8676.0;[28, 27, 26, 22, 59, 25, 63, 46, 42, 43, 9, 36, 40, 41, 8, 7, 10, 0, 1, 57, 58, 34, 55, 31, 62, 53, 17, 16, 13, 14, 47, 60, 37, 64, 38, 2, 4, 56, 32, 52, 30, 24, 51, 35, 20, 19, 45, 21, 49, 23, 48, 12, 44, 11, 6, 39, 5, 15, 29, 33, 3, 50, 54, 18, 61];3149.0
8803.0;[7, 42, 43, 9, 11, 45, 36, 8, 44, 12, 22, 24, 51, 30, 62, 31, 17, 18, 52, 53, 33, 57, 58, 56, 14, 47, 5, 6, 4, 39, 46, 20, 21, 19, 13, 16, 1, 37, 27, 26, 23, 35, 48, 49, 59, 25, 63, 55, 38, 2, 3, 10, 40, 41, 50, 29, 32, 54, 15, 60, 0, 28, 61, 64, 34];3346.0
8864.0;[26, 21, 22, 59, 23, 35, 48, 20, 19, 46, 45, 60, 18, 52, 31, 62, 51, 24, 30, 53, 33, 56, 57, 58, 34, 38, 3, 14, 47, 43, 44, 11, 36, 40, 41, 42, 49, 25, 12, 9, 13, 16, 17, 1, 37, 2, 39, 6, 4, 32, 29, 55, 64, 5, 8, 7, 10, 15, 0, 61, 27, 63, 50, 54, 28];3100.0
9193.0;[8, 40, 41, 9, 11, 45, 10, 42, 43, 60, 13, 14, 47, 7, 20, 21, 48, 23, 49, 30, 62, 52, 53, 28, 16, 17, 18, 0, 36, 5, 6, 58, 57, 34, 29, 22, 59, 35, 12, 44, 37, 2, 4, 39, 15, 26, 63, 31, 55, 33, 64, 38, 56, 32, 51, 24, 25, 61, 1, 3, 50, 54, 27, 19, 46];3211.0
8708.0;[52, 31, 61, 0, 15, 46, 12, 35, 20, 21, 48, 19, 45, 60, 36, 41, 9, 27, 26, 23, 49, 22, 59, 24, 25, 63, 28, 1, 3, 37, 42, 11, 14, 47, 39, 5, 7, 8, 40, 6, 38, 2, 4, 10, 43, 44, 13, 16, 17, 18, 50, 54, 64, 34, 57, 58, 55, 33, 56, 32, 29, 51, 30, 53, 62];2804.0
8682.0;[52, 62, 51, 24, 30, 55, 53, 31, 33, 3, 14, 47, 36, 8, 5, 6, 58, 57, 56, 64, 38, 4, 34, 32, 21, 19, 12, 35, 20, 48, 49, 59, 63, 29, 25, 26, 42, 43, 44, 11, 15, 28, 50, 54, 27, 22, 23, 10, 60, 0, 18, 17, 16, 61, 1, 2, 39, 40, 41, 9, 7, 13, 46, 45, 37];3025.0
8888.0;[15, 60, 42, 11, 45, 43, 44, 10, 55, 31, 62, 23, 20, 21, 48, 49, 33, 4, 39, 40, 41, 9, 7, 1, 37, 3, 0, 61, 18, 16, 17, 13, 14, 47, 5, 6, 58, 50, 54, 29, 52, 51, 19, 12, 35, 24, 30, 53, 32, 27, 22, 59, 25, 46, 36, 8, 64, 34, 57, 56, 38, 2, 28, 26, 63];3449.0
8627.0;[4, 7, 42, 45, 12, 35, 20, 19, 21, 48, 49, 23, 24, 51, 30, 31, 2, 3, 0, 18, 16, 17, 13, 46, 8, 40, 10, 1, 37, 64, 57, 58, 39, 6, 5, 14, 47, 15, 27, 63, 29, 55, 53, 62, 52, 32, 54, 61, 36, 41, 44, 11, 43, 9, 60, 50, 28, 26, 22, 59, 25, 33, 56, 38, 34];2909.0
8480.0;[29, 22, 59, 25, 23, 35, 49, 24, 51, 30, 53, 33, 2, 39, 40, 41, 9, 6, 58, 34, 56, 57, 4, 5, 42, 43, 11, 36, 8, 7, 62, 52, 31, 55, 64, 38, 14, 47, 60, 26, 63, 32, 1, 37, 3, 0, 61, 18, 17, 16, 13, 46, 45, 12, 44, 19, 20, 10, 15, 28, 27, 21, 48, 54, 50];3297.0
8968.0;[41, 48, 23, 35, 12, 44, 20, 21, 49, 22, 59, 24, 51, 30, 52, 53, 31, 62, 46, 45, 38, 57, 33, 56, 32, 55, 2, 4, 39, 5, 7, 13, 16, 18, 17, 27, 19, 36, 6, 58, 64, 34, 29, 25, 63, 26, 42, 43, 9, 11, 60, 14, 47, 10, 15, 1, 37, 3, 61, 28, 50, 54, 0, 8, 40];3340.0
8514.0;[14, 47, 40, 41, 44, 12, 35, 48, 59, 53, 62, 52, 19, 46, 43, 42, 11, 45, 13, 17, 16, 18, 50, 29, 25, 63, 55, 33, 57, 58, 34, 4, 5, 6, 7, 60, 15, 27, 26, 21, 49, 54, 56, 32, 51, 24, 30, 31, 61, 1, 38, 2, 3, 0, 37, 64, 39, 9, 10, 36, 8, 28, 22, 23, 20];3293.0
8957.0;[54, 48, 49, 63, 51, 24, 46, 43, 9, 10, 60, 36, 8, 40, 41, 15, 61, 28, 55, 33, 38, 37, 2, 39, 5, 42, 11, 14, 47, 13, 16, 17, 12, 44, 45, 18, 50, 29, 32, 27, 26, 21, 19, 1, 3, 0, 22, 59, 25, 52, 30, 53, 31, 62, 23, 35, 20, 7, 6, 58, 56, 64, 4, 34, 57];3378.0
8751.0;[37, 57, 34, 56, 64, 38, 13, 12, 35, 20, 21, 48, 49, 23, 51, 24, 25, 19, 46, 10, 60, 14, 42, 43, 40, 41, 9, 30, 31, 62, 52, 53, 55, 33, 32, 16, 17, 36, 8, 44, 11, 45, 50, 54, 28, 18, 61, 27, 26, 22, 59, 2, 4, 39, 5, 6, 58, 47, 7, 15, 0, 63, 29, 1, 3];3198.0
8880.0;[23, 49, 63, 53, 62, 52, 51, 24, 12, 44, 14, 47, 39, 10, 60, 28, 50, 29, 55, 57, 58, 4, 2, 3, 37, 32, 30, 31, 54, 26, 48, 22, 33, 56, 21, 35, 20, 19, 46, 45, 42, 43, 9, 41, 11, 36, 8, 40, 7, 5, 6, 34, 64, 38, 0, 61, 1, 18, 17, 16, 13, 15, 27, 59, 25];3080.0
9490.0;[64, 57, 58, 34, 52, 31, 62, 12, 44, 14, 47, 36, 8, 40, 41, 9, 42, 11, 20, 35, 21, 48, 49, 24, 51, 30, 53, 33, 4, 39, 5, 6, 3, 15, 13, 16, 17, 18, 28, 50, 54, 27, 26, 22, 23, 59, 25, 63, 55, 38, 2, 1, 37, 56, 32, 29, 19, 46, 45, 43, 10, 7, 60, 0, 61];2884.0
8897.0;[12, 44, 20, 48, 49, 59, 25, 63, 51, 30, 62, 24, 19, 45, 43, 9, 8, 40, 41, 16, 17, 37, 64, 38, 4, 39, 5, 6, 58, 2, 3, 14, 47, 36, 7, 10, 55, 33, 56, 32, 29, 52, 31, 27, 26, 21, 46, 60, 61, 28, 22, 23, 35, 0, 1, 34, 57, 53, 42, 11, 15, 18, 50, 54, 13];3302.0
8650.0;[26, 12, 44, 11, 42, 41, 43, 9, 60, 15, 61, 21, 48, 20, 5, 6, 57, 58, 64, 34, 52, 53, 62, 51, 24, 30, 31, 2, 3, 0, 50, 54, 28, 17, 18, 16, 13, 35, 23, 49, 22, 59, 55, 38, 4, 56, 32, 19, 46, 45, 14, 47, 7, 1, 37, 25, 63, 29, 33, 39, 36, 8, 40, 10, 27];3310.0
8931.0;[49, 22, 23, 35, 20, 36, 40, 6, 58, 56, 3, 42, 43, 41, 9, 16, 17, 27, 26, 24, 51, 62, 52, 30, 33, 34, 57, 55, 53, 31, 54, 61, 1, 37, 14, 47, 7, 13, 18, 50, 28, 48, 21, 19, 46, 45, 12, 44, 11, 10, 60, 29, 25, 59, 63, 32, 64, 38, 4, 2, 39, 5, 8, 15, 0];3140.0
8976.0;[27, 21, 49, 24, 30, 53, 32, 17, 18, 16, 13, 0, 61, 28, 26, 19, 46, 64, 38, 34, 57, 58, 6, 36, 8, 10, 60, 15, 37, 4, 39, 5, 7, 40, 41, 9, 50, 54, 29, 55, 2, 42, 43, 44, 14, 47, 25, 63, 22, 23, 35, 48, 59, 33, 56, 31, 62, 52, 51, 12, 20, 45, 11, 1, 3];3600.0
8250.0;[22, 23, 49, 59, 25, 48, 35, 46, 43, 41, 9, 13, 16, 17, 18, 28, 61, 50, 29, 55, 31, 62, 53, 33, 56, 38, 14, 47, 5, 7, 10, 42, 11, 15, 0, 52, 30, 51, 24, 63, 32, 54, 60, 36, 8, 40, 6, 39, 57, 58, 2, 37, 3, 27, 26, 21, 12, 44, 20, 19, 45, 1, 64, 4, 34];3061.0
8705.0;[26, 49, 22, 23, 24, 31, 52, 30, 53, 62, 51, 19, 20, 48, 59, 63, 55, 33, 39, 5, 40, 41, 42, 11, 12, 44, 13, 46, 45, 43, 9, 10, 36, 8, 7, 60, 16, 17, 18, 61, 2, 3, 0, 15, 21, 35, 25, 29, 32, 54, 50, 1, 37, 14, 47, 6, 58, 64, 38, 4, 57, 34, 56, 28, 27];2965.0
8762.0;[47, 26, 21, 49, 22, 24, 51, 30, 53, 33, 64, 38, 17, 18, 28, 50, 27, 19, 20, 46, 43, 9, 5, 58, 34, 56, 2, 0, 15, 45, 10, 60, 13, 16, 61, 1, 4, 39, 6, 57, 31, 62, 52, 36, 40, 41, 44, 12, 59, 25, 23, 35, 48, 63, 55, 32, 29, 54, 37, 3, 7, 8, 42, 11, 14];3363.0
8331.0;[27, 21, 48, 22, 59, 55, 53, 33, 56, 54, 43, 44, 11, 45, 42, 12, 35, 46, 13, 16, 17, 18, 26, 63, 36, 8, 40, 7, 10, 14, 60, 0, 29, 52, 51, 24, 25, 23, 49, 34, 57, 58, 39, 47, 5, 6, 2, 3, 37, 20, 19, 15, 61, 28, 1, 64, 38, 4, 41, 9, 62, 30, 31, 32, 50];3504.0
8625.0;[64, 57, 58, 34, 29, 30, 62, 52, 51, 24, 25, 46, 36, 47, 8, 40, 41, 13, 15, 50, 53, 31, 55, 32, 54, 28, 18, 17, 16, 0, 61, 21, 20, 48, 49, 63, 33, 38, 2, 4, 39, 7, 10, 60, 27, 26, 22, 59, 23, 35, 19, 12, 44, 43, 9, 42, 11, 45, 1, 37, 3, 14, 5, 6, 56];2849.0
8947.0;[8, 40, 41, 44, 12, 35, 48, 24, 30, 57, 58, 34, 38, 3, 15, 42, 43, 9, 63, 52, 53, 33, 56, 27, 23, 49, 22, 59, 25, 26, 21, 20, 46, 14, 47, 5, 11, 45, 60, 13, 16, 18, 17, 0, 61, 1, 37, 64, 2, 4, 39, 6, 31, 29, 55, 62, 51, 19, 10, 36, 7, 50, 32, 54, 28];3194.0
8447.0;[10, 30, 62, 52, 53, 31, 32, 22, 63, 55, 33, 56, 2, 4, 3, 13, 14, 47, 8, 40, 42, 21, 48, 59, 25, 29, 61, 1, 37, 64, 34, 57, 58, 15, 60, 43, 44, 12, 23, 49, 38, 39, 5, 6, 36, 41, 9, 27, 26, 35, 20, 19, 0, 50, 54, 28, 17, 16, 18, 51, 24, 46, 45, 11, 7];3475.0
9354.0;[30, 62, 31, 52, 51, 24, 22, 23, 35, 19, 10, 64, 57, 58, 4, 34, 38, 32, 54, 50, 55, 53, 61, 0, 42, 43, 9, 41, 40, 7, 60, 15, 1, 37, 2, 3, 11, 45, 12, 44, 14, 47, 16, 17, 18, 28, 27, 48, 21, 49, 59, 33, 56, 29, 63, 25, 26, 36, 8, 6, 39, 5, 13, 46, 20];3377.0
8656.0;[5, 6, 57, 58, 2, 22, 23, 35, 48, 20, 46, 36, 41, 44, 11, 15, 0, 37, 50, 55, 33, 64, 34, 56, 38, 4, 39, 51, 24, 31, 62, 52, 30, 53, 54, 1, 3, 18, 16, 17, 13, 43, 9, 14, 47, 8, 40, 7, 42, 45, 60, 61, 27, 26, 63, 29, 32, 28, 21, 19, 12, 49, 59, 25, 10];3210.0
8850.0;[17, 13, 36, 8, 5, 6, 53, 62, 52, 55, 33, 56, 38, 34, 4, 39, 7, 40, 9, 43, 41, 44, 12, 51, 24, 30, 31, 32, 2, 3, 37, 64, 57, 58, 46, 45, 42, 11, 20, 21, 48, 49, 22, 23, 35, 19, 10, 0, 1, 50, 29, 25, 59, 63, 54, 28, 61, 27, 26, 60, 14, 47, 15, 16, 18];3039.0
8212.0;[39, 42, 45, 12, 9, 40, 41, 43, 44, 11, 60, 15, 18, 26, 59, 25, 22, 23, 35, 48, 63, 52, 62, 53, 1, 37, 27, 21, 49, 55, 33, 17, 16, 13, 46, 20, 19, 10, 36, 8, 7, 14, 47, 5, 6, 57, 58, 34, 56, 38, 2, 3, 0, 61, 28, 50, 29, 24, 51, 30, 31, 32, 54, 64, 4];2888.0
8889.0;[20, 21, 35, 48, 49, 33, 56, 2, 4, 57, 58, 34, 64, 38, 39, 5, 6, 8, 40, 0, 27, 26, 19, 12, 43, 44, 11, 13, 16, 17, 18, 52, 62, 51, 24, 30, 53, 31, 32, 22, 23, 59, 29, 25, 63, 55, 28, 61, 1, 37, 3, 50, 54, 15, 36, 41, 9, 42, 14, 47, 7, 10, 60, 46, 45];2872.0
9035.0;[6, 57, 58, 56, 51, 30, 31, 52, 53, 62, 24, 23, 48, 19, 45, 14, 47, 40, 7, 0, 22, 59, 26, 46, 13, 50, 55, 33, 38, 2, 41, 9, 43, 44, 12, 35, 20, 21, 49, 63, 29, 54, 64, 4, 34, 32, 25, 27, 10, 36, 8, 16, 18, 17, 28, 61, 37, 39, 5, 60, 15, 1, 3, 42, 11];3431.0
8830.0;[48, 22, 51, 24, 30, 55, 53, 33, 56, 39, 6, 57, 58, 4, 5, 42, 11, 45, 10, 50, 25, 63, 32, 54, 28, 27, 26, 23, 49, 59, 29, 61, 3, 37, 64, 34, 31, 62, 52, 35, 20, 19, 46, 12, 43, 9, 40, 41, 44, 16, 17, 18, 36, 8, 7, 60, 13, 14, 47, 15, 0, 1, 38, 2, 21];3038.0
8116.0;[33, 39, 5, 7, 14, 47, 60, 17, 16, 18, 0, 61, 28, 55, 53, 31, 57, 58, 4, 3, 37, 15, 13, 12, 35, 20, 19, 46, 42, 45, 43, 40, 41, 9, 44, 11, 1, 64, 34, 32, 50, 54, 63, 29, 59, 25, 27, 26, 10, 36, 8, 6, 56, 38, 2, 21, 48, 49, 22, 23, 24, 62, 52, 51, 30];3194.0
9374.0;[54, 21, 48, 49, 59, 55, 33, 2, 3, 42, 43, 14, 47, 8, 40, 56, 34, 57, 58, 5, 7, 10, 60, 13, 46, 15, 16, 17, 18, 61, 28, 12, 44, 52, 51, 24, 25, 45, 11, 36, 41, 9, 0, 27, 26, 63, 29, 22, 23, 35, 20, 19, 1, 37, 64, 38, 4, 39, 6, 53, 31, 62, 30, 32, 50];3253.0
8240.0;[14, 47, 5, 6, 40, 41, 44, 12, 22, 23, 24, 51, 30, 53, 31, 32, 29, 62, 52, 50, 54, 61, 17, 18, 16, 36, 7, 8, 60, 15, 13, 46, 43, 9, 42, 11, 45, 49, 59, 25, 27, 26, 63, 1, 3, 37, 38, 2, 0, 28, 35, 19, 20, 21, 48, 55, 33, 64, 34, 57, 58, 56, 4, 39, 10];2981.0
8237.0;[52, 24, 51, 30, 31, 50, 54, 26, 19, 12, 35, 20, 21, 49, 23, 48, 46, 37, 57, 58, 4, 8, 40, 41, 43, 44, 11, 45, 42, 9, 10, 28, 27, 22, 59, 25, 63, 64, 38, 2, 39, 7, 36, 60, 61, 1, 3, 0, 15, 14, 47, 5, 6, 53, 62, 55, 33, 56, 34, 32, 18, 17, 13, 16, 29];2960.0
8376.0;[8, 22, 49, 59, 23, 35, 12, 42, 43, 44, 11, 13, 16, 17, 18, 10, 40, 41, 9, 25, 63, 29, 55, 33, 32, 52, 31, 62, 51, 24, 30, 53, 54, 50, 1, 37, 64, 57, 4, 39, 5, 7, 6, 58, 34, 56, 38, 2, 3, 14, 47, 15, 27, 48, 20, 19, 60, 0, 61, 28, 26, 21, 46, 45, 36];2989.0
8997.0;[26, 22, 23, 49, 59, 24, 51, 30, 62, 52, 53, 31, 15, 42, 43, 41, 9, 11, 45, 27, 63, 29, 32, 1, 34, 64, 38, 2, 4, 39, 6, 57, 58, 3, 37, 18, 17, 16, 50, 54, 55, 33, 56, 25, 48, 21, 35, 20, 19, 12, 44, 36, 40, 8, 7, 14, 47, 5, 13, 46, 10, 60, 0, 61, 28];2759.0
8779.0;[50, 29, 30, 31, 62, 51, 24, 23, 63, 55, 33, 56, 64, 38, 4, 57, 6, 58, 34, 32, 18, 17, 16, 1, 2, 39, 5, 8, 9, 45, 10, 60, 13, 46, 14, 47, 7, 36, 40, 41, 43, 44, 12, 35, 20, 37, 3, 27, 26, 48, 21, 19, 42, 11, 49, 22, 59, 25, 52, 53, 54, 28, 15, 0, 61];2871.0
8813.0;[27, 26, 63, 29, 24, 51, 25, 22, 23, 35, 21, 48, 49, 59, 19, 20, 12, 44, 60, 13, 15, 55, 33, 38, 4, 39, 42, 11, 43, 9, 14, 47, 7, 8, 5, 6, 57, 58, 2, 3, 17, 16, 1, 37, 53, 31, 64, 34, 56, 36, 40, 41, 46, 45, 10, 0, 52, 62, 30, 32, 54, 50, 28, 61, 18];3114.0
8662.0;[19, 46, 45, 14, 47, 6, 57, 58, 34, 4, 39, 5, 43, 44, 11, 12, 35, 20, 48, 24, 51, 30, 62, 52, 53, 31, 17, 18, 29, 55, 33, 56, 2, 3, 0, 61, 1, 64, 38, 37, 28, 50, 54, 27, 63, 32, 15, 8, 7, 40, 9, 10, 36, 41, 42, 60, 13, 16, 26, 22, 23, 49, 59, 25, 21];2720.0
8892.0;[49, 59, 52, 53, 62, 51, 24, 25, 63, 55, 33, 38, 4, 40, 41, 43, 9, 0, 1, 37, 28, 26, 22, 23, 29, 34, 56, 32, 54, 61, 50, 30, 31, 15, 60, 36, 8, 47, 39, 7, 10, 13, 46, 45, 42, 11, 16, 17, 18, 64, 57, 58, 2, 3, 27, 19, 14, 5, 6, 44, 12, 48, 35, 20, 21];3160.0
9185.0;[6, 57, 31, 62, 52, 30, 53, 33, 38, 2, 3, 4, 39, 5, 41, 9, 44, 11, 12, 35, 48, 49, 59, 25, 22, 21, 19, 46, 10, 0, 50, 29, 51, 24, 23, 20, 42, 43, 60, 15, 61, 27, 63, 55, 32, 54, 1, 37, 56, 64, 34, 58, 17, 13, 14, 47, 36, 8, 7, 40, 16, 18, 28, 26, 45];3045.0
9052.0;[7, 11, 45, 20, 48, 21, 22, 23, 49, 59, 24, 25, 63, 2, 4, 39, 5, 29, 52, 51, 30, 33, 34, 57, 58, 32, 54, 27, 26, 12, 44, 1, 37, 3, 61, 60, 10, 36, 42, 43, 8, 40, 41, 9, 16, 18, 17, 13, 14, 6, 55, 53, 31, 62, 35, 19, 46, 28, 50, 64, 56, 38, 0, 15, 47];3249.0
8561.0;[19, 12, 43, 9, 8, 47, 39, 5, 27, 21, 45, 10, 15, 18, 16, 17, 13, 60, 14, 6, 58, 40, 41, 44, 49, 25, 22, 59, 63, 52, 30, 53, 62, 31, 51, 24, 23, 48, 35, 20, 46, 64, 57, 34, 56, 32, 29, 55, 33, 38, 2, 3, 37, 4, 7, 42, 11, 36, 0, 1, 28, 50, 61, 54, 26];3215.0
8661.0;[12, 44, 14, 47, 5, 61, 28, 1, 37, 29, 55, 53, 33, 38, 2, 4, 39, 6, 57, 58, 3, 42, 11, 45, 60, 10, 15, 0, 50, 56, 64, 34, 31, 62, 51, 24, 63, 52, 30, 32, 54, 36, 41, 43, 9, 27, 26, 21, 48, 19, 46, 20, 59, 25, 23, 35, 8, 40, 7, 13, 16, 17, 18, 49, 22];3174.0
9949.0;[0, 28, 27, 22, 23, 48, 21, 49, 52, 30, 62, 53, 31, 55, 32, 16, 42, 43, 41, 44, 11, 45, 19, 20, 63, 29, 51, 24, 10, 36, 8, 7, 60, 13, 46, 12, 35, 57, 58, 34, 64, 38, 2, 3, 17, 18, 50, 54, 61, 15, 14, 47, 5, 6, 1, 37, 26, 59, 25, 33, 56, 4, 39, 40, 9];3258.0
8271.0;[27, 48, 21, 49, 22, 63, 30, 62, 51, 24, 23, 35, 19, 12, 44, 11, 36, 40, 5, 6, 57, 58, 4, 42, 43, 20, 59, 25, 26, 46, 45, 10, 15, 0, 50, 54, 61, 18, 41, 9, 1, 2, 39, 7, 8, 13, 16, 17, 29, 52, 53, 31, 55, 32, 33, 64, 14, 47, 60, 37, 34, 56, 38, 3, 28];3189.0
8898.0;[26, 19, 6, 58, 2, 3, 17, 16, 13, 14, 47, 7, 36, 8, 40, 42, 49, 22, 23, 59, 21, 48, 35, 20, 12, 43, 44, 11, 45, 10, 46, 60, 0, 18, 61, 28, 1, 37, 64, 34, 57, 30, 53, 62, 52, 31, 32, 25, 29, 55, 33, 4, 39, 5, 41, 9, 15, 54, 27, 63, 56, 38, 50, 51, 24];3066.0
8516.0;[34, 56, 2, 3, 28, 26, 63, 29, 51, 30, 54, 46, 42, 11, 12, 35, 20, 59, 24, 25, 19, 45, 60, 10, 8, 36, 40, 41, 9, 15, 50, 55, 53, 31, 62, 52, 33, 32, 61, 37, 14, 47, 5, 6, 58, 57, 4, 39, 7, 13, 17, 16, 18, 27, 21, 48, 49, 22, 23, 43, 44, 0, 1, 64, 38];2966.0
9211.0;[64, 34, 57, 58, 31, 62, 52, 30, 53, 33, 38, 2, 3, 18, 17, 26, 19, 46, 12, 44, 14, 47, 0, 50, 29, 51, 24, 25, 63, 54, 28, 1, 4, 6, 39, 5, 7, 8, 36, 40, 41, 43, 9, 42, 11, 45, 61, 27, 21, 48, 22, 23, 35, 20, 49, 59, 55, 56, 32, 16, 13, 60, 10, 15, 37];2763.0
8335.0;[6, 62, 30, 31, 51, 24, 23, 35, 20, 19, 46, 60, 13, 16, 17, 18, 61, 64, 34, 57, 58, 56, 32, 52, 53, 54, 50, 29, 25, 45, 36, 40, 41, 44, 12, 11, 1, 37, 28, 27, 63, 2, 3, 0, 15, 10, 42, 43, 9, 14, 39, 5, 26, 48, 21, 49, 22, 59, 55, 33, 38, 4, 7, 8, 47];3066.0
9183.0;[19, 46, 14, 47, 36, 8, 41, 40, 44, 11, 20, 21, 24, 30, 31, 62, 52, 32, 18, 17, 16, 13, 60, 61, 28, 50, 54, 27, 48, 35, 49, 63, 55, 38, 4, 7, 10, 42, 45, 12, 43, 9, 1, 37, 39, 5, 6, 58, 34, 2, 3, 15, 0, 64, 57, 53, 33, 56, 29, 51, 23, 22, 59, 25, 26];2977.0
9239.0;[50, 52, 51, 30, 31, 62, 53, 32, 29, 55, 33, 56, 54, 28, 27, 19, 46, 13, 16, 17, 7, 36, 40, 9, 15, 26, 63, 64, 57, 34, 48, 21, 49, 59, 25, 38, 2, 0, 18, 37, 3, 61, 1, 4, 39, 6, 58, 5, 43, 44, 45, 10, 14, 47, 8, 41, 12, 35, 22, 24, 23, 20, 42, 11, 60];3343.0
9200.0;[10, 36, 8, 7, 40, 41, 29, 30, 53, 62, 57, 58, 3, 15, 42, 43, 9, 12, 44, 11, 13, 16, 17, 18, 52, 31, 55, 33, 56, 28, 61, 64, 38, 2, 4, 39, 5, 14, 47, 6, 34, 23, 35, 20, 19, 0, 1, 37, 50, 51, 24, 49, 59, 25, 22, 27, 26, 21, 48, 63, 32, 54, 46, 45, 60];3179.0
9111.0;[55, 62, 52, 53, 33, 57, 58, 34, 56, 27, 21, 49, 23, 22, 24, 51, 30, 31, 54, 50, 29, 25, 26, 59, 63, 32, 18, 45, 12, 35, 48, 20, 19, 46, 60, 15, 16, 17, 13, 14, 47, 5, 6, 36, 7, 8, 40, 41, 9, 61, 1, 3, 37, 64, 38, 2, 0, 4, 39, 10, 42, 43, 44, 11, 28];2835.0
8366.0;[14, 47, 39, 42, 20, 21, 48, 49, 23, 22, 59, 51, 24, 25, 46, 0, 37, 27, 29, 55, 33, 57, 58, 4, 2, 26, 63, 30, 53, 28, 61, 1, 64, 34, 56, 38, 3, 15, 41, 44, 11, 45, 10, 60, 13, 12, 35, 19, 43, 9, 8, 7, 36, 40, 5, 6, 62, 52, 31, 32, 18, 17, 16, 50, 54];3139.0
8749.0;[8, 40, 6, 57, 58, 4, 41, 44, 11, 48, 59, 25, 19, 42, 43, 9, 64, 38, 34, 62, 52, 31, 32, 54, 18, 17, 61, 28, 27, 21, 35, 20, 46, 36, 7, 10, 60, 0, 1, 37, 3, 15, 14, 47, 50, 63, 29, 51, 30, 33, 56, 39, 5, 26, 22, 23, 24, 53, 16, 13, 45, 12, 49, 55, 2];3608.0
8603.0;[22, 23, 21, 48, 49, 24, 51, 30, 31, 55, 38, 4, 39, 36, 8, 5, 6, 58, 57, 62, 52, 53, 16, 42, 43, 44, 11, 10, 60, 13, 27, 63, 29, 33, 14, 47, 40, 41, 9, 7, 1, 37, 2, 3, 18, 17, 12, 35, 20, 19, 15, 61, 26, 59, 25, 46, 45, 0, 28, 50, 54, 56, 64, 34, 32];3122.0
8988.0;[31, 62, 23, 35, 46, 1, 64, 2, 3, 37, 18, 17, 16, 13, 60, 14, 47, 8, 40, 41, 9, 11, 12, 44, 45, 19, 20, 21, 49, 25, 63, 29, 32, 34, 57, 58, 55, 53, 52, 24, 51, 30, 61, 36, 7, 10, 42, 43, 15, 0, 28, 27, 26, 33, 56, 38, 4, 39, 6, 5, 50, 54, 48, 22, 59];3150.0
8312.0;[14, 47, 5, 58, 4, 39, 7, 1, 64, 34, 21, 35, 20, 12, 44, 55, 33, 56, 38, 2, 3, 37, 17, 16, 18, 50, 52, 30, 53, 31, 54, 36, 40, 41, 9, 10, 60, 0, 61, 27, 26, 19, 46, 45, 42, 43, 8, 6, 57, 62, 51, 24, 23, 49, 22, 59, 29, 28, 15, 13, 11, 48, 25, 63, 32];3227.0
9451.0;[49, 30, 62, 33, 56, 34, 57, 58, 4, 39, 50, 29, 52, 51, 24, 63, 55, 53, 31, 32, 54, 14, 47, 6, 2, 3, 37, 0, 60, 10, 36, 8, 40, 9, 61, 25, 59, 21, 48, 22, 23, 20, 45, 15, 16, 13, 17, 18, 28, 27, 26, 19, 46, 42, 43, 44, 11, 1, 64, 38, 5, 7, 41, 12, 35];3119.0
8599.0;[56, 64, 57, 58, 34, 32, 29, 31, 62, 51, 30, 33, 38, 2, 4, 39, 61, 22, 23, 19, 14, 47, 6, 5, 40, 41, 44, 12, 35, 49, 59, 25, 52, 53, 28, 3, 15, 36, 8, 7, 42, 11, 43, 9, 16, 17, 18, 27, 21, 48, 20, 60, 50, 54, 13, 46, 45, 10, 0, 1, 37, 26, 24, 63, 55];3196.0
8770.0;[29, 22, 23, 35, 20, 19, 2, 4, 57, 55, 31, 62, 53, 52, 24, 51, 30, 8, 40, 41, 14, 47, 5, 6, 58, 34, 56, 32, 25, 63, 54, 36, 9, 13, 16, 17, 18, 61, 28, 27, 21, 12, 43, 42, 44, 11, 45, 10, 50, 33, 64, 38, 39, 7, 60, 0, 48, 49, 59, 26, 46, 15, 1, 3, 37];3388.0
9295.0;[52, 62, 53, 33, 38, 39, 36, 8, 40, 43, 44, 11, 20, 21, 48, 22, 59, 23, 35, 49, 25, 63, 46, 45, 60, 0, 1, 2, 4, 5, 7, 41, 42, 14, 47, 6, 58, 34, 57, 3, 37, 28, 19, 12, 9, 15, 18, 61, 27, 26, 10, 13, 16, 17, 50, 51, 24, 30, 31, 55, 32, 54, 64, 56, 29];3122.0
8919.0;[47, 44, 49, 22, 23, 59, 55, 33, 38, 36, 8, 40, 41, 9, 43, 50, 29, 32, 53, 62, 52, 30, 31, 54, 16, 17, 13, 60, 15, 61, 1, 3, 37, 64, 57, 58, 34, 56, 48, 21, 12, 35, 20, 19, 46, 45, 10, 7, 6, 4, 2, 39, 5, 42, 11, 0, 18, 27, 26, 24, 51, 25, 63, 28, 14];3222.0
8212.0;[29, 25, 23, 22, 59, 19, 46, 0, 61, 28, 1, 15, 42, 43, 44, 45, 12, 35, 20, 21, 48, 49, 24, 51, 30, 31, 32, 54, 50, 18, 17, 16, 27, 26, 63, 55, 62, 52, 53, 33, 38, 2, 3, 37, 64, 57, 58, 4, 39, 5, 36, 8, 40, 41, 9, 11, 10, 7, 60, 13, 14, 47, 6, 34, 56];2521.0
8579.0;[45, 50, 52, 62, 51, 24, 59, 25, 63, 55, 2, 4, 39, 6, 57, 31, 19, 46, 14, 47, 5, 58, 34, 64, 38, 3, 26, 21, 48, 35, 20, 12, 44, 27, 23, 49, 22, 32, 17, 18, 16, 13, 0, 29, 30, 53, 33, 56, 54, 60, 36, 8, 7, 40, 41, 9, 43, 15, 61, 28, 1, 37, 10, 42, 11];3213.0
8552.0;[22, 23, 49, 35, 12, 40, 41, 44, 11, 42, 43, 9, 60, 1, 64, 58, 34, 57, 6, 39, 5, 13, 45, 20, 48, 21, 19, 46, 10, 50, 29, 52, 62, 32, 54, 18, 17, 16, 15, 36, 8, 25, 59, 24, 51, 31, 55, 33, 38, 0, 27, 26, 63, 30, 53, 28, 37, 2, 4, 56, 3, 14, 47, 7, 61];3324.0
8814.0;[32, 54, 28, 18, 17, 16, 13, 36, 41, 42, 11, 14, 47, 5, 7, 8, 40, 6, 53, 31, 55, 62, 52, 30, 33, 56, 1, 37, 26, 19, 20, 21, 59, 63, 64, 38, 2, 3, 45, 12, 44, 10, 15, 0, 27, 22, 23, 35, 46, 60, 61, 50, 34, 57, 58, 4, 39, 43, 9, 29, 51, 24, 25, 48, 49];3178.0
8641.0;[18, 17, 16, 12, 35, 48, 24, 51, 25, 26, 23, 49, 59, 52, 53, 31, 62, 28, 15, 42, 11, 10, 36, 8, 60, 0, 27, 63, 30, 33, 34, 57, 5, 40, 41, 9, 13, 1, 37, 50, 29, 55, 64, 38, 3, 61, 21, 19, 46, 45, 43, 44, 20, 22, 56, 2, 4, 39, 7, 47, 14, 6, 58, 32, 54];3331.0
8426.0;[64, 57, 58, 56, 32, 55, 53, 31, 25, 23, 49, 48, 21, 20, 19, 45, 10, 13, 16, 61, 2, 39, 7, 42, 43, 44, 11, 12, 35, 46, 60, 50, 29, 51, 24, 22, 59, 33, 38, 4, 34, 62, 52, 30, 37, 3, 17, 18, 28, 27, 26, 63, 54, 0, 14, 47, 6, 5, 36, 8, 40, 9, 41, 15, 1];3078.0
8465.0;[4, 36, 8, 40, 41, 9, 42, 14, 47, 39, 5, 57, 55, 33, 17, 18, 50, 29, 30, 62, 52, 51, 24, 23, 49, 22, 59, 25, 12, 43, 44, 11, 45, 10, 1, 2, 3, 0, 61, 27, 26, 21, 35, 46, 60, 37, 64, 34, 56, 38, 13, 15, 16, 63, 53, 31, 32, 54, 28, 48, 20, 19, 7, 6, 58];3030.0
8630.0;[33, 39, 5, 36, 8, 6, 58, 34, 4, 40, 41, 44, 11, 15, 0, 61, 1, 37, 48, 35, 20, 49, 59, 29, 32, 28, 27, 26, 21, 19, 46, 45, 7, 60, 50, 54, 56, 64, 53, 31, 62, 23, 12, 43, 9, 13, 16, 17, 18, 10, 42, 22, 63, 55, 38, 2, 3, 14, 47, 57, 51, 24, 25, 52, 30];3362.0
9609.0;[19, 12, 44, 11, 45, 20, 48, 22, 35, 42, 43, 9, 8, 40, 7, 36, 41, 60, 14, 47, 29, 51, 24, 30, 31, 17, 18, 50, 52, 62, 53, 33, 2, 3, 13, 16, 1, 37, 4, 39, 10, 15, 0, 61, 27, 21, 46, 5, 6, 57, 58, 34, 25, 23, 49, 59, 63, 55, 64, 38, 56, 32, 54, 28, 26];3106.0
8575.0;[64, 55, 62, 52, 53, 31, 51, 23, 35, 20, 45, 14, 47, 36, 8, 13, 15, 50, 29, 18, 17, 16, 61, 54, 28, 27, 63, 33, 2, 37, 26, 12, 44, 11, 60, 34, 56, 38, 57, 4, 39, 40, 41, 43, 9, 10, 42, 48, 49, 59, 25, 22, 24, 30, 32, 21, 19, 46, 7, 5, 6, 58, 3, 0, 1];3342.0
8409.0;[60, 36, 8, 6, 57, 58, 3, 37, 38, 4, 34, 62, 51, 24, 23, 22, 49, 59, 63, 52, 30, 53, 31, 32, 1, 2, 39, 5, 42, 43, 44, 45, 15, 0, 61, 27, 26, 19, 12, 11, 40, 41, 9, 50, 55, 33, 64, 56, 54, 21, 48, 35, 20, 25, 29, 28, 18, 17, 16, 13, 46, 14, 47, 7, 10];2930.0
9044.0;[27, 21, 48, 23, 49, 59, 24, 51, 30, 55, 33, 38, 4, 2, 3, 37, 57, 58, 53, 31, 62, 52, 26, 12, 43, 41, 44, 11, 42, 15, 0, 61, 28, 50, 54, 19, 46, 45, 13, 16, 17, 63, 29, 60, 36, 8, 40, 9, 1, 64, 34, 56, 32, 25, 22, 35, 20, 10, 14, 47, 6, 39, 7, 5, 18];3096.0
8961.0;[51, 24, 25, 35, 20, 21, 48, 23, 49, 59, 26, 19, 46, 45, 43, 60, 61, 29, 52, 30, 31, 62, 53, 33, 38, 57, 58, 4, 39, 6, 5, 36, 8, 40, 41, 9, 42, 11, 12, 44, 16, 18, 1, 64, 34, 56, 32, 54, 27, 22, 63, 55, 2, 17, 13, 14, 47, 7, 10, 15, 0, 37, 3, 28, 50];2744.0
9605.0;[14, 47, 5, 7, 40, 41, 9, 6, 57, 58, 38, 2, 4, 34, 56, 32, 28, 61, 50, 54, 55, 31, 62, 52, 51, 24, 25, 19, 46, 16, 17, 18, 1, 3, 37, 22, 23, 35, 20, 21, 30, 53, 33, 64, 39, 0, 48, 49, 63, 29, 59, 27, 26, 12, 44, 11, 45, 42, 43, 36, 8, 10, 60, 15, 13];2956.0
8845.0;[40, 41, 9, 43, 44, 11, 42, 20, 49, 22, 59, 23, 25, 19, 12, 35, 46, 45, 16, 18, 17, 13, 60, 14, 36, 8, 7, 10, 15, 50, 54, 27, 48, 21, 47, 39, 5, 6, 64, 38, 62, 53, 31, 32, 29, 55, 33, 2, 3, 0, 28, 61, 26, 52, 30, 1, 37, 57, 58, 34, 56, 51, 24, 63, 4];3200.0
9400.0;[0, 15, 10, 11, 20, 21, 49, 22, 59, 35, 19, 14, 47, 36, 8, 40, 13, 16, 17, 18, 61, 50, 27, 25, 26, 63, 51, 30, 53, 33, 38, 2, 3, 37, 32, 54, 28, 1, 64, 57, 58, 4, 39, 5, 7, 6, 34, 56, 29, 55, 62, 24, 23, 48, 46, 42, 45, 12, 43, 9, 41, 44, 60, 52, 31];3032.0
9021.0;[12, 9, 43, 44, 45, 5, 7, 36, 8, 40, 41, 10, 17, 18, 28, 26, 35, 20, 21, 22, 23, 48, 49, 59, 25, 63, 54, 56, 38, 3, 14, 47, 61, 29, 52, 31, 32, 60, 42, 11, 13, 16, 27, 19, 46, 15, 50, 55, 33, 34, 57, 58, 2, 4, 39, 6, 0, 1, 37, 64, 62, 24, 51, 30, 53];3258.0
9008.0;[14, 6, 57, 62, 51, 24, 30, 31, 52, 53, 32, 54, 64, 38, 47, 36, 8, 7, 60, 13, 16, 17, 18, 28, 61, 1, 3, 37, 27, 48, 22, 23, 25, 63, 29, 55, 33, 56, 5, 40, 41, 9, 11, 2, 4, 39, 10, 42, 43, 44, 12, 35, 19, 20, 21, 49, 59, 26, 46, 45, 50, 34, 58, 0, 15];3043.0
9753.0;[27, 21, 35, 19, 45, 42, 11, 20, 48, 30, 62, 52, 14, 47, 7, 36, 8, 6, 57, 58, 4, 39, 5, 40, 41, 9, 10, 13, 16, 17, 18, 0, 64, 34, 56, 32, 54, 50, 29, 51, 24, 23, 49, 22, 63, 55, 33, 61, 1, 37, 38, 2, 3, 53, 31, 60, 43, 44, 12, 59, 25, 26, 46, 15, 28];3089.0
8416.0;[20, 49, 22, 24, 51, 62, 52, 30, 33, 56, 64, 38, 2, 39, 7, 5, 6, 58, 4, 40, 41, 9, 43, 42, 11, 37, 34, 54, 26, 63, 29, 28, 18, 17, 16, 61, 1, 3, 36, 8, 10, 60, 13, 15, 14, 47, 57, 53, 31, 55, 32, 50, 27, 48, 21, 46, 12, 44, 45, 0, 59, 25, 23, 35, 19];3048.0
9023.0;[24, 23, 35, 20, 21, 48, 49, 22, 59, 25, 32, 54, 18, 0, 61, 28, 27, 26, 55, 34, 57, 53, 62, 52, 33, 64, 56, 38, 4, 39, 6, 58, 2, 14, 47, 5, 7, 40, 41, 9, 42, 44, 11, 12, 43, 60, 10, 36, 8, 63, 30, 31, 1, 37, 3, 15, 46, 19, 45, 13, 16, 17, 50, 29, 51];2833.0
8450.0;[40, 51, 24, 23, 20, 19, 1, 37, 2, 6, 57, 58, 3, 17, 13, 46, 42, 43, 44, 12, 35, 45, 14, 47, 39, 5, 27, 21, 48, 49, 22, 63, 30, 31, 32, 26, 59, 25, 29, 18, 16, 60, 10, 36, 41, 9, 11, 15, 0, 50, 54, 61, 28, 64, 38, 34, 55, 53, 62, 52, 33, 56, 4, 7, 8];3233.0
9399.0;[53, 36, 40, 41, 10, 1, 51, 24, 49, 23, 35, 19, 46, 45, 42, 43, 44, 11, 12, 9, 15, 0, 61, 50, 55, 33, 56, 64, 3, 37, 14, 47, 8, 7, 60, 13, 16, 18, 17, 27, 26, 22, 59, 32, 54, 34, 38, 2, 4, 6, 57, 58, 39, 5, 28, 25, 63, 29, 21, 20, 48, 30, 31, 62, 52];3118.0
9101.0;[45, 20, 22, 59, 24, 25, 63, 52, 62, 31, 32, 61, 28, 27, 26, 46, 36, 40, 8, 41, 9, 42, 43, 44, 12, 35, 48, 49, 23, 21, 19, 60, 0, 51, 30, 53, 33, 38, 4, 39, 6, 34, 56, 64, 57, 58, 5, 7, 13, 16, 17, 18, 14, 47, 1, 37, 50, 54, 29, 55, 2, 3, 15, 10, 11];2934.0
8870.0;[20, 21, 48, 49, 59, 26, 19, 46, 13, 16, 61, 64, 38, 2, 3, 37, 4, 39, 58, 57, 33, 29, 55, 53, 31, 32, 27, 36, 41, 60, 0, 18, 17, 12, 44, 11, 14, 47, 7, 10, 1, 34, 56, 25, 22, 24, 63, 54, 15, 8, 40, 28, 50, 52, 30, 62, 51, 23, 35, 45, 5, 6, 42, 43, 9];3475.0
8237.0;[22, 23, 49, 59, 35, 12, 44, 11, 1, 37, 64, 38, 2, 3, 28, 54, 27, 26, 19, 60, 15, 16, 13, 14, 47, 7, 42, 43, 10, 36, 8, 40, 41, 9, 5, 6, 62, 51, 24, 30, 53, 57, 58, 31, 55, 34, 4, 39, 61, 50, 29, 52, 33, 56, 32, 63, 25, 48, 21, 0, 18, 17, 46, 45, 20];3172.0
8995.0;[52, 53, 57, 58, 34, 61, 1, 37, 38, 2, 3, 14, 6, 4, 39, 5, 13, 15, 60, 36, 40, 41, 11, 20, 48, 49, 23, 19, 45, 42, 9, 8, 7, 47, 10, 43, 44, 12, 35, 24, 31, 62, 51, 30, 32, 54, 27, 26, 21, 22, 59, 63, 55, 33, 56, 64, 18, 0, 28, 50, 29, 25, 46, 16, 17];3088.0
8606.0;[42, 43, 12, 35, 20, 21, 22, 48, 36, 40, 41, 9, 10, 7, 47, 8, 44, 11, 45, 13, 16, 17, 18, 0, 54, 61, 28, 50, 32, 51, 24, 63, 29, 52, 31, 55, 27, 26, 19, 46, 37, 4, 39, 5, 15, 1, 64, 57, 62, 23, 49, 59, 25, 33, 38, 2, 3, 14, 6, 58, 34, 56, 30, 53, 60];3229.0
8670.0;[62, 52, 30, 53, 33, 4, 39, 42, 11, 15, 17, 16, 18, 1, 37, 64, 34, 57, 58, 32, 28, 19, 20, 21, 48, 25, 63, 54, 50, 29, 55, 56, 38, 2, 3, 0, 60, 7, 36, 40, 43, 44, 49, 59, 26, 10, 14, 47, 5, 6, 8, 41, 9, 13, 46, 45, 61, 27, 12, 35, 23, 22, 51, 24, 31];3071.0
8423.0;[15, 41, 9, 53, 62, 52, 30, 51, 24, 23, 35, 20, 21, 49, 22, 33, 57, 58, 4, 39, 5, 6, 2, 3, 64, 34, 56, 38, 13, 46, 10, 17, 16, 18, 61, 0, 14, 47, 7, 36, 8, 40, 60, 1, 37, 19, 45, 42, 12, 43, 44, 11, 50, 54, 29, 25, 31, 55, 32, 27, 26, 48, 59, 63, 28];3231.0
8147.0;[11, 34, 57, 53, 29, 55, 33, 2, 3, 27, 63, 52, 31, 62, 51, 30, 24, 23, 26, 21, 48, 49, 22, 59, 25, 32, 61, 15, 14, 47, 5, 7, 6, 58, 56, 64, 38, 13, 46, 45, 12, 35, 20, 19, 42, 43, 9, 8, 40, 10, 60, 16, 17, 18, 1, 37, 4, 39, 0, 50, 54, 28, 36, 41, 44];2904.0
8557.0;[22, 59, 25, 30, 62, 51, 24, 23, 36, 40, 41, 11, 45, 50, 64, 57, 53, 1, 37, 3, 0, 15, 8, 9, 61, 28, 63, 29, 52, 31, 10, 42, 43, 44, 12, 35, 20, 19, 46, 13, 16, 17, 18, 34, 56, 32, 54, 2, 14, 47, 7, 60, 26, 21, 48, 49, 55, 33, 38, 4, 6, 39, 5, 58, 27];3417.0
9305.0;[36, 7, 10, 60, 14, 47, 6, 5, 57, 58, 34, 38, 4, 39, 8, 40, 41, 15, 2, 3, 0, 50, 51, 23, 24, 46, 42, 9, 43, 44, 11, 13, 16, 17, 18, 12, 35, 20, 19, 45, 28, 27, 26, 21, 48, 49, 22, 59, 25, 63, 29, 32, 1, 37, 64, 52, 30, 53, 31, 62, 55, 33, 56, 54, 61];2899.0
8493.0;[23, 35, 48, 49, 22, 59, 25, 46, 45, 20, 63, 34, 57, 4, 5, 44, 12, 43, 9, 42, 11, 0, 62, 52, 53, 31, 54, 61, 28, 27, 21, 19, 10, 60, 14, 47, 6, 58, 2, 3, 1, 37, 15, 36, 40, 41, 8, 26, 29, 55, 64, 38, 39, 7, 13, 16, 18, 17, 50, 51, 24, 30, 33, 56, 32];3324.0
8931.0;[54, 15, 14, 47, 5, 6, 7, 8, 40, 27, 22, 23, 49, 35, 20, 16, 17, 18, 61, 50, 29, 63, 52, 24, 51, 30, 57, 58, 64, 38, 3, 37, 34, 55, 33, 56, 32, 21, 48, 12, 43, 44, 45, 0, 1, 2, 4, 39, 13, 28, 26, 59, 25, 19, 46, 10, 60, 36, 41, 9, 42, 11, 53, 31, 62];3250.0
8381.0;[19, 64, 57, 58, 4, 39, 5, 52, 53, 30, 31, 62, 51, 24, 22, 23, 35, 7, 6, 34, 32, 29, 25, 63, 27, 12, 43, 41, 44, 11, 45, 1, 2, 14, 47, 13, 16, 17, 18, 21, 48, 49, 59, 26, 36, 8, 40, 9, 28, 55, 33, 38, 56, 50, 54, 61, 0, 60, 42, 10, 37, 3, 15, 46, 20];3565.0
9046.0;[52, 33, 56, 64, 57, 58, 54, 27, 26, 19, 46, 36, 8, 40, 41, 47, 39, 7, 5, 6, 4, 2, 3, 15, 12, 44, 11, 45, 49, 24, 30, 31, 55, 53, 32, 37, 14, 10, 42, 43, 9, 60, 0, 18, 17, 13, 16, 61, 50, 51, 23, 48, 35, 20, 21, 22, 59, 63, 25, 29, 28, 1, 38, 34, 62];3031.0
9305.0;[37, 40, 41, 9, 64, 38, 2, 3, 46, 45, 12, 43, 44, 50, 55, 62, 51, 30, 53, 33, 57, 58, 34, 56, 29, 25, 22, 48, 23, 49, 59, 24, 63, 52, 31, 32, 17, 16, 13, 10, 60, 15, 0, 1, 4, 39, 7, 42, 11, 21, 35, 20, 36, 8, 47, 14, 6, 5, 18, 28, 54, 27, 26, 19, 61];3293.0
8730.0;[8, 40, 5, 6, 58, 64, 34, 57, 53, 31, 32, 29, 51, 24, 30, 62, 52, 55, 33, 56, 50, 54, 38, 4, 39, 7, 15, 1, 2, 3, 37, 0, 18, 17, 16, 13, 10, 36, 44, 11, 45, 14, 47, 22, 23, 49, 59, 48, 35, 12, 43, 41, 9, 42, 60, 27, 21, 20, 46, 61, 28, 26, 63, 25, 19];3103.0
8505.0;[36, 40, 44, 48, 49, 59, 24, 51, 30, 22, 23, 42, 11, 35, 20, 19, 12, 43, 8, 39, 5, 7, 16, 17, 13, 60, 14, 47, 6, 57, 58, 34, 25, 63, 29, 21, 46, 45, 1, 37, 2, 4, 41, 9, 10, 15, 28, 27, 26, 33, 56, 64, 38, 3, 61, 50, 55, 62, 52, 53, 31, 32, 54, 18, 0];3159.0
9740.0;[7, 57, 58, 4, 39, 40, 41, 9, 44, 12, 35, 49, 30, 53, 33, 56, 64, 18, 17, 16, 15, 60, 13, 46, 45, 10, 11, 20, 21, 59, 25, 29, 1, 3, 37, 14, 47, 52, 51, 24, 63, 32, 61, 0, 36, 8, 5, 6, 34, 38, 2, 28, 50, 55, 62, 31, 54, 27, 26, 22, 23, 48, 19, 42, 43];3266.0
8654.0;[61, 22, 51, 24, 30, 62, 52, 53, 31, 38, 39, 5, 41, 44, 12, 35, 59, 25, 63, 29, 64, 57, 58, 34, 2, 4, 6, 7, 36, 8, 40, 60, 1, 37, 56, 32, 55, 33, 3, 14, 47, 42, 11, 45, 10, 50, 54, 28, 27, 26, 48, 20, 21, 49, 23, 19, 46, 43, 9, 0, 18, 17, 16, 13, 15];2974.0
8662.0;[36, 8, 40, 41, 9, 43, 7, 6, 58, 57, 62, 52, 51, 30, 31, 24, 26, 21, 48, 49, 63, 55, 2, 17, 16, 13, 46, 12, 44, 50, 53, 33, 34, 56, 32, 54, 28, 61, 0, 10, 42, 11, 45, 19, 20, 59, 25, 22, 23, 35, 64, 38, 4, 39, 5, 60, 15, 18, 27, 29, 1, 37, 3, 14, 47];3164.0
8202.0;[34, 57, 58, 4, 36, 41, 42, 11, 12, 44, 45, 43, 9, 8, 40, 5, 6, 56, 3, 0, 18, 61, 50, 54, 28, 21, 35, 48, 20, 46, 10, 14, 47, 15, 1, 37, 38, 2, 39, 7, 60, 49, 22, 59, 23, 19, 13, 16, 17, 55, 62, 31, 32, 25, 27, 26, 51, 24, 63, 29, 52, 30, 53, 33, 64];3066.0
8720.0;[15, 14, 39, 6, 57, 58, 4, 36, 8, 40, 41, 9, 20, 48, 21, 19, 7, 47, 5, 56, 34, 29, 55, 33, 32, 54, 50, 52, 31, 62, 51, 24, 59, 25, 63, 28, 61, 1, 37, 64, 38, 12, 35, 49, 26, 46, 60, 2, 3, 27, 22, 23, 45, 42, 43, 44, 11, 10, 13, 16, 17, 18, 30, 53, 0];3328.0
8696.0;[19, 40, 7, 36, 8, 47, 6, 58, 34, 57, 32, 54, 28, 61, 27, 63, 52, 31, 62, 51, 24, 30, 53, 55, 33, 4, 39, 5, 21, 48, 35, 20, 42, 43, 41, 9, 10, 1, 38, 2, 37, 56, 64, 3, 14, 13, 46, 45, 12, 44, 11, 60, 15, 16, 17, 18, 0, 50, 29, 25, 23, 49, 22, 59, 26];2792.0
8781.0;[48, 35, 20, 49, 59, 25, 63, 33, 56, 32, 28, 50, 52, 62, 51, 24, 30, 53, 54, 61, 18, 17, 16, 0, 29, 31, 55, 3, 14, 7, 47, 6, 5, 8, 36, 40, 41, 9, 43, 27, 26, 21, 22, 23, 12, 44, 4, 34, 57, 58, 39, 10, 42, 11, 60, 13, 46, 19, 45, 15, 1, 64, 38, 2, 37];3217.0
8024.0;[27, 63, 51, 24, 30, 53, 31, 62, 52, 4, 39, 5, 6, 7, 40, 41, 44, 11, 12, 35, 48, 22, 55, 33, 26, 21, 19, 46, 45, 42, 43, 9, 13, 16, 17, 10, 36, 8, 60, 61, 23, 49, 64, 38, 34, 2, 3, 0, 18, 1, 37, 57, 58, 56, 32, 54, 15, 14, 47, 20, 59, 25, 29, 28, 50];3177.0
8901.0;[59, 63, 28, 27, 26, 10, 36, 8, 40, 41, 9, 42, 11, 20, 21, 48, 19, 46, 13, 45, 12, 44, 15, 0, 1, 37, 64, 34, 2, 4, 39, 7, 16, 17, 18, 30, 53, 62, 51, 24, 25, 55, 33, 56, 38, 3, 61, 50, 54, 14, 47, 5, 6, 57, 58, 29, 22, 23, 35, 43, 60, 52, 31, 32, 49];3048.0
8804.0;[51, 22, 24, 30, 62, 52, 53, 33, 57, 31, 55, 32, 54, 61, 0, 45, 35, 23, 49, 59, 25, 21, 48, 20, 19, 46, 12, 44, 1, 3, 37, 27, 26, 63, 38, 2, 4, 39, 5, 7, 60, 10, 36, 40, 41, 43, 9, 8, 47, 14, 6, 58, 18, 17, 16, 13, 42, 11, 15, 28, 50, 56, 64, 34, 29];3034.0
8753.0;[13, 17, 48, 49, 22, 25, 55, 33, 2, 3, 37, 10, 42, 43, 60, 27, 26, 21, 35, 20, 14, 5, 7, 47, 39, 6, 58, 56, 32, 29, 51, 24, 19, 46, 15, 0, 50, 53, 30, 31, 36, 41, 9, 8, 40, 16, 18, 61, 1, 64, 38, 34, 4, 57, 62, 52, 23, 59, 63, 54, 28, 12, 44, 11, 45];3366.0
8481.0;[9, 46, 20, 21, 48, 22, 25, 63, 27, 26, 19, 14, 47, 5, 8, 7, 10, 42, 43, 12, 44, 11, 45, 60, 15, 0, 64, 34, 57, 58, 2, 4, 3, 1, 37, 13, 36, 40, 6, 56, 52, 53, 30, 31, 62, 51, 24, 23, 35, 49, 59, 29, 32, 54, 28, 18, 17, 16, 61, 50, 55, 33, 38, 39, 41];2965.0
8765.0;[4, 34, 57, 58, 56, 32, 30, 62, 53, 31, 0, 14, 5, 47, 36, 8, 40, 41, 15, 61, 27, 26, 29, 54, 1, 37, 18, 17, 16, 50, 51, 23, 35, 19, 12, 44, 11, 43, 9, 42, 45, 60, 13, 46, 7, 10, 28, 52, 24, 25, 22, 59, 33, 38, 3, 21, 20, 48, 49, 63, 55, 64, 39, 6, 2];3234.0
9677.0;[40, 9, 10, 60, 13, 14, 47, 6, 32, 25, 22, 23, 35, 48, 49, 59, 12, 43, 41, 44, 21, 63, 29, 51, 24, 30, 33, 56, 38, 3, 15, 42, 11, 20, 19, 46, 45, 17, 16, 18, 27, 26, 52, 53, 62, 31, 55, 54, 50, 61, 28, 1, 64, 34, 57, 58, 4, 7, 8, 0, 37, 2, 39, 5, 36];3033.0
9118.0;[16, 52, 30, 31, 62, 53, 33, 56, 64, 38, 2, 3, 14, 47, 6, 58, 34, 57, 54, 1, 37, 28, 18, 17, 61, 50, 29, 24, 51, 25, 22, 59, 63, 55, 32, 60, 40, 41, 9, 42, 43, 36, 8, 7, 15, 27, 19, 12, 44, 0, 4, 39, 5, 11, 45, 20, 21, 48, 35, 23, 49, 26, 46, 10, 13];2995.0
8953.0;[33, 38, 39, 5, 7, 6, 58, 34, 57, 2, 4, 8, 40, 41, 9, 28, 27, 21, 45, 42, 11, 12, 35, 48, 22, 23, 49, 59, 25, 32, 1, 37, 64, 56, 29, 51, 24, 20, 19, 46, 60, 10, 36, 43, 44, 50, 54, 61, 17, 18, 16, 13, 14, 47, 15, 3, 0, 26, 63, 52, 30, 62, 53, 31, 55];2967.0
9301.0;[58, 29, 52, 31, 62, 24, 23, 48, 35, 20, 12, 44, 11, 51, 30, 33, 38, 2, 4, 32, 54, 28, 50, 27, 59, 63, 55, 53, 19, 45, 42, 43, 9, 60, 10, 14, 47, 36, 8, 40, 41, 15, 0, 26, 21, 49, 22, 25, 39, 5, 7, 6, 3, 13, 46, 17, 16, 18, 61, 1, 37, 64, 34, 56, 57];3183.0
8703.0;[9, 54, 50, 32, 55, 33, 56, 57, 58, 4, 8, 40, 41, 1, 3, 0, 18, 16, 17, 61, 28, 27, 26, 19, 60, 13, 46, 45, 42, 11, 12, 35, 20, 10, 14, 47, 6, 38, 2, 39, 5, 7, 15, 37, 64, 34, 53, 62, 23, 49, 22, 24, 25, 59, 63, 29, 52, 51, 30, 31, 36, 44, 21, 48, 43];3180.0
9352.0;[18, 36, 8, 7, 47, 40, 41, 9, 20, 48, 59, 63, 51, 30, 24, 35, 46, 61, 29, 52, 53, 31, 62, 22, 23, 49, 25, 33, 38, 56, 64, 34, 57, 4, 2, 17, 16, 13, 11, 45, 1, 3, 37, 19, 12, 44, 10, 15, 0, 28, 27, 26, 21, 42, 43, 60, 14, 39, 5, 6, 58, 32, 55, 50, 54];3374.0
8901.0;[3, 36, 40, 41, 43, 9, 42, 35, 49, 24, 51, 30, 33, 56, 38, 4, 39, 6, 5, 8, 7, 60, 13, 16, 17, 18, 29, 25, 19, 46, 20, 22, 23, 59, 26, 10, 11, 45, 12, 44, 15, 1, 64, 31, 62, 52, 50, 54, 34, 57, 58, 2, 27, 63, 28, 14, 47, 0, 61, 21, 48, 55, 53, 32, 37];3464.0
8254.0;[9, 52, 62, 51, 24, 23, 49, 30, 53, 31, 55, 32, 37, 3, 61, 18, 17, 16, 13, 8, 40, 39, 5, 6, 58, 56, 29, 25, 63, 33, 2, 43, 44, 20, 21, 48, 22, 54, 28, 50, 27, 59, 26, 19, 1, 64, 38, 34, 57, 4, 42, 11, 45, 12, 35, 46, 10, 14, 47, 7, 15, 0, 60, 36, 41];3289.0
9220.0;[7, 20, 49, 30, 53, 31, 62, 52, 51, 24, 22, 59, 23, 48, 21, 35, 19, 12, 44, 36, 8, 40, 41, 0, 1, 3, 15, 60, 42, 43, 9, 64, 38, 34, 56, 32, 25, 63, 29, 55, 33, 4, 39, 6, 57, 58, 2, 17, 18, 16, 13, 46, 45, 11, 10, 28, 27, 26, 54, 50, 61, 37, 14, 47, 5];2851.0
8780.0;[57, 53, 30, 24, 51, 23, 48, 21, 35, 20, 19, 45, 42, 11, 60, 13, 17, 16, 18, 0, 50, 31, 62, 52, 33, 3, 15, 14, 47, 7, 10, 1, 37, 64, 38, 34, 29, 32, 54, 28, 61, 27, 26, 49, 63, 55, 56, 2, 4, 22, 59, 25, 46, 36, 5, 6, 39, 8, 40, 41, 9, 43, 44, 12, 58];3172.0
8114.0;[62, 24, 26, 21, 19, 46, 10, 36, 40, 41, 8, 7, 61, 28, 50, 54, 35, 20, 48, 49, 63, 29, 42, 11, 43, 9, 0, 1, 37, 3, 64, 34, 57, 58, 38, 2, 14, 47, 5, 15, 18, 17, 16, 13, 45, 12, 44, 60, 27, 22, 23, 59, 25, 33, 4, 39, 6, 56, 32, 52, 51, 30, 31, 55, 53];3006.0
8873.0;[12, 35, 23, 49, 30, 62, 52, 53, 31, 57, 58, 4, 34, 51, 24, 22, 59, 55, 38, 2, 39, 7, 36, 8, 47, 5, 6, 41, 40, 9, 43, 44, 11, 15, 50, 54, 27, 21, 19, 14, 10, 60, 0, 1, 37, 17, 13, 46, 45, 42, 20, 48, 33, 56, 64, 3, 61, 28, 29, 25, 26, 63, 32, 18, 16];3349.0
9067.0;[2, 34, 56, 64, 57, 53, 31, 62, 52, 51, 24, 42, 11, 14, 47, 61, 50, 32, 54, 19, 12, 35, 46, 36, 8, 40, 41, 44, 20, 21, 48, 45, 15, 1, 37, 3, 18, 28, 22, 23, 49, 25, 63, 29, 26, 43, 9, 0, 30, 33, 39, 5, 6, 58, 4, 7, 10, 60, 13, 16, 17, 27, 59, 55, 38];3357.0
8026.0;[15, 51, 24, 31, 62, 52, 30, 53, 4, 6, 57, 58, 32, 1, 37, 18, 61, 28, 27, 22, 23, 49, 59, 63, 25, 35, 20, 19, 36, 8, 40, 41, 50, 54, 56, 64, 34, 29, 26, 12, 44, 43, 9, 42, 11, 10, 13, 16, 17, 55, 33, 38, 2, 3, 0, 14, 47, 21, 48, 46, 45, 7, 39, 5, 60];3264.0
9312.0;[35, 43, 41, 9, 8, 40, 6, 2, 3, 0, 42, 11, 20, 21, 49, 59, 52, 53, 57, 58, 34, 4, 39, 5, 36, 7, 46, 45, 12, 44, 10, 50, 54, 1, 64, 38, 31, 62, 51, 30, 32, 28, 18, 61, 37, 14, 47, 27, 26, 19, 60, 13, 15, 63, 29, 55, 33, 56, 17, 16, 22, 23, 24, 25, 48];3297.0
8692.0;[19, 46, 42, 11, 35, 20, 22, 23, 49, 59, 14, 47, 5, 45, 12, 44, 43, 9, 36, 8, 40, 7, 41, 29, 55, 33, 56, 64, 38, 4, 39, 6, 62, 52, 31, 32, 37, 2, 3, 15, 60, 10, 13, 16, 50, 51, 24, 25, 63, 54, 61, 1, 28, 27, 26, 21, 48, 30, 53, 57, 58, 34, 0, 18, 17];3225.0
9473.0;[58, 39, 40, 41, 43, 44, 36, 8, 7, 5, 6, 9, 10, 60, 15, 16, 13, 12, 35, 48, 49, 23, 21, 19, 42, 11, 50, 54, 61, 1, 37, 2, 4, 34, 56, 25, 63, 33, 3, 14, 47, 27, 29, 24, 51, 30, 31, 55, 38, 45, 20, 22, 59, 26, 46, 0, 28, 62, 52, 53, 32, 18, 17, 64, 57];3473.0
9096.0;[26, 22, 59, 29, 52, 51, 30, 31, 55, 53, 62, 23, 35, 46, 45, 14, 47, 6, 5, 10, 13, 16, 18, 17, 61, 27, 63, 33, 57, 58, 34, 56, 0, 15, 1, 37, 3, 28, 19, 12, 43, 50, 32, 54, 64, 38, 41, 9, 8, 7, 36, 40, 44, 11, 60, 2, 4, 39, 42, 20, 21, 48, 49, 24, 25];3139.0
9054.0;[22, 59, 29, 24, 25, 63, 62, 52, 51, 30, 54, 28, 27, 26, 21, 20, 19, 46, 18, 61, 1, 37, 64, 34, 6, 57, 58, 2, 3, 10, 36, 40, 9, 41, 42, 11, 45, 60, 15, 0, 50, 53, 31, 32, 14, 47, 5, 7, 8, 13, 16, 17, 43, 44, 55, 33, 56, 38, 4, 39, 12, 35, 48, 23, 49];3048.0
9384.0;[27, 21, 48, 25, 63, 52, 53, 31, 24, 23, 35, 20, 45, 42, 43, 41, 9, 13, 17, 16, 15, 10, 7, 60, 14, 47, 50, 29, 55, 33, 38, 3, 0, 18, 61, 28, 37, 64, 2, 4, 39, 44, 11, 12, 49, 22, 59, 26, 36, 8, 1, 57, 58, 34, 56, 19, 46, 40, 5, 6, 62, 51, 30, 32, 54];3248.0
8650.0;[30, 31, 62, 53, 33, 56, 29, 26, 21, 48, 59, 63, 55, 4, 34, 57, 58, 32, 28, 27, 19, 46, 43, 9, 0, 1, 37, 18, 17, 50, 54, 64, 38, 2, 3, 16, 13, 60, 14, 47, 40, 41, 42, 11, 8, 7, 10, 61, 49, 22, 35, 12, 44, 45, 15, 51, 24, 25, 23, 20, 36, 6, 39, 5, 52];3313.0
8921.0;[43, 1, 64, 57, 58, 4, 34, 31, 62, 51, 24, 63, 54, 28, 37, 38, 2, 39, 6, 55, 33, 56, 3, 0, 18, 17, 50, 25, 27, 26, 19, 46, 14, 47, 7, 5, 10, 60, 36, 8, 40, 41, 9, 44, 45, 15, 13, 16, 22, 23, 49, 59, 29, 52, 30, 53, 32, 61, 42, 11, 20, 21, 48, 35, 12];2973.0
8287.0;[31, 55, 64, 38, 5, 9, 43, 44, 11, 60, 15, 28, 50, 54, 17, 18, 61, 1, 3, 16, 13, 42, 12, 35, 48, 20, 45, 10, 36, 7, 27, 26, 23, 49, 22, 59, 63, 29, 52, 53, 33, 56, 57, 58, 34, 32, 25, 21, 19, 46, 14, 47, 8, 40, 41, 0, 37, 2, 4, 39, 6, 51, 24, 30, 62];2997.0
8979.0;[26, 36, 8, 10, 60, 0, 18, 16, 17, 13, 12, 44, 20, 21, 24, 30, 53, 62, 31, 28, 27, 63, 64, 34, 57, 58, 2, 3, 50, 54, 1, 37, 14, 47, 41, 9, 11, 49, 22, 48, 19, 46, 45, 42, 43, 40, 7, 5, 6, 29, 55, 33, 56, 32, 52, 51, 23, 35, 15, 38, 4, 39, 61, 59, 25];3390.0
9111.0;[49, 22, 51, 24, 23, 48, 21, 35, 20, 12, 44, 11, 60, 13, 46, 45, 42, 43, 9, 6, 57, 58, 56, 64, 4, 7, 47, 36, 8, 10, 18, 61, 54, 27, 26, 19, 40, 41, 34, 53, 31, 32, 1, 37, 38, 2, 3, 0, 50, 29, 55, 33, 25, 59, 63, 52, 62, 30, 17, 16, 14, 39, 5, 15, 28];3207.0
8814.0;[46, 43, 41, 9, 42, 19, 20, 21, 48, 49, 25, 55, 38, 2, 3, 37, 28, 61, 1, 4, 39, 7, 11, 45, 27, 26, 59, 63, 32, 54, 14, 6, 57, 58, 5, 47, 13, 16, 17, 18, 15, 60, 10, 36, 8, 40, 44, 12, 35, 0, 50, 29, 30, 31, 62, 52, 53, 33, 56, 64, 34, 51, 24, 23, 22];3089.0
8769.0;[27, 26, 22, 59, 63, 29, 55, 64, 38, 34, 32, 52, 51, 30, 33, 56, 36, 8, 40, 41, 45, 12, 44, 11, 13, 16, 17, 21, 49, 23, 48, 35, 20, 42, 43, 9, 10, 1, 37, 57, 53, 31, 62, 24, 25, 19, 46, 15, 3, 50, 54, 4, 39, 5, 6, 58, 2, 14, 47, 7, 60, 0, 18, 61, 28];2940.0
8765.0;[13, 46, 45, 12, 43, 41, 44, 11, 60, 64, 38, 2, 4, 39, 36, 8, 7, 47, 14, 5, 58, 34, 31, 62, 51, 24, 59, 25, 63, 30, 53, 1, 37, 3, 0, 27, 26, 21, 48, 35, 20, 19, 40, 6, 57, 22, 23, 49, 55, 33, 56, 32, 29, 52, 28, 15, 10, 42, 9, 61, 50, 54, 17, 18, 16];3012.0
8921.0;[27, 22, 59, 46, 45, 10, 36, 40, 41, 9, 13, 16, 17, 53, 31, 0, 15, 14, 47, 8, 26, 23, 49, 25, 63, 55, 33, 56, 38, 3, 34, 58, 64, 2, 39, 5, 7, 60, 52, 30, 42, 11, 12, 44, 1, 37, 4, 6, 57, 62, 51, 24, 35, 20, 48, 21, 19, 43, 50, 54, 29, 32, 61, 18, 28];3501.0
7863.0;[26, 59, 22, 51, 24, 25, 63, 57, 58, 7, 36, 40, 41, 14, 47, 12, 35, 20, 49, 23, 48, 21, 10, 15, 61, 50, 54, 34, 53, 62, 32, 43, 44, 45, 55, 33, 29, 52, 30, 31, 42, 9, 11, 28, 27, 19, 46, 1, 3, 37, 56, 64, 38, 2, 4, 6, 39, 5, 8, 60, 13, 0, 18, 16, 17];3617.0
8581.0;[54, 21, 48, 42, 11, 43, 9, 14, 47, 40, 41, 44, 20, 22, 59, 23, 49, 24, 51, 30, 62, 31, 61, 10, 36, 8, 7, 13, 46, 45, 1, 2, 3, 0, 26, 63, 25, 12, 35, 19, 15, 37, 34, 57, 58, 39, 5, 60, 29, 55, 33, 56, 64, 38, 4, 6, 53, 32, 16, 17, 18, 28, 27, 52, 50];3405.0
9165.0;[57, 31, 62, 52, 49, 22, 59, 23, 35, 19, 20, 21, 48, 63, 30, 53, 32, 54, 60, 42, 43, 64, 34, 26, 46, 45, 14, 47, 40, 41, 9, 13, 16, 17, 18, 50, 38, 2, 3, 28, 27, 55, 33, 56, 5, 11, 12, 44, 10, 15, 0, 61, 1, 37, 4, 39, 6, 58, 29, 51, 24, 25, 36, 8, 7];3358.0
8815.0;[50, 31, 62, 52, 51, 12, 35, 48, 59, 63, 33, 38, 2, 27, 21, 49, 22, 25, 26, 19, 45, 14, 47, 42, 43, 9, 7, 13, 16, 18, 17, 61, 28, 1, 39, 5, 36, 8, 40, 41, 44, 11, 64, 34, 57, 58, 56, 32, 29, 55, 53, 54, 15, 60, 0, 3, 37, 4, 6, 30, 24, 23, 20, 46, 10];3322.0
8831.0;[22, 59, 63, 52, 31, 62, 57, 6, 39, 5, 29, 55, 33, 56, 38, 2, 4, 7, 42, 45, 10, 36, 40, 41, 9, 60, 1, 37, 15, 43, 44, 11, 0, 28, 61, 64, 58, 34, 3, 18, 17, 16, 13, 20, 21, 48, 35, 19, 46, 50, 54, 32, 27, 26, 24, 51, 30, 53, 14, 47, 8, 12, 49, 23, 25];3367.0
8741.0;[29, 25, 21, 12, 44, 43, 41, 9, 42, 48, 49, 30, 31, 62, 24, 51, 19, 47, 39, 5, 36, 40, 6, 38, 2, 4, 8, 60, 13, 61, 28, 27, 26, 22, 23, 35, 20, 46, 15, 1, 37, 10, 11, 45, 16, 17, 18, 64, 3, 0, 54, 59, 63, 55, 33, 56, 32, 14, 7, 50, 52, 53, 57, 58, 34];3626.0
8128.0;[58, 3, 37, 14, 47, 6, 57, 31, 62, 52, 30, 51, 24, 46, 45, 42, 43, 44, 11, 10, 0, 27, 21, 48, 49, 59, 29, 61, 18, 15, 7, 36, 8, 40, 41, 9, 1, 2, 4, 56, 32, 25, 63, 53, 28, 26, 19, 12, 35, 55, 33, 64, 38, 39, 5, 22, 23, 20, 60, 13, 16, 17, 50, 54, 34];3318.0
8998.0;[29, 55, 33, 56, 34, 57, 58, 64, 38, 13, 45, 19, 46, 43, 9, 15, 0, 17, 16, 18, 1, 37, 3, 14, 6, 5, 36, 40, 41, 8, 47, 7, 10, 60, 42, 11, 51, 30, 62, 52, 31, 32, 25, 22, 23, 35, 20, 21, 48, 59, 63, 54, 2, 4, 39, 44, 12, 49, 24, 53, 28, 61, 50, 27, 26];3061.0
8182.0;[36, 40, 41, 44, 12, 35, 48, 49, 23, 20, 43, 9, 8, 47, 7, 60, 1, 37, 22, 59, 63, 25, 21, 19, 46, 10, 14, 6, 58, 34, 57, 31, 55, 62, 51, 30, 24, 29, 56, 64, 38, 32, 52, 53, 33, 3, 17, 16, 13, 42, 11, 0, 61, 50, 54, 2, 4, 39, 5, 15, 18, 28, 27, 26, 45];3144.0
9309.0;[42, 23, 24, 51, 31, 62, 52, 30, 53, 26, 19, 20, 49, 22, 55, 64, 38, 57, 58, 2, 37, 3, 34, 56, 32, 29, 59, 25, 46, 45, 12, 44, 11, 1, 28, 21, 48, 35, 60, 0, 50, 54, 17, 18, 61, 27, 63, 33, 14, 47, 40, 41, 43, 9, 7, 6, 4, 39, 5, 10, 13, 16, 15, 36, 8];3348.0
9609.0;[12, 44, 47, 5, 6, 57, 58, 3, 18, 17, 53, 31, 62, 30, 32, 61, 1, 37, 14, 40, 41, 50, 54, 28, 27, 26, 21, 19, 20, 42, 11, 45, 15, 0, 52, 24, 51, 23, 35, 48, 49, 22, 59, 63, 55, 33, 38, 2, 4, 39, 7, 43, 9, 34, 56, 64, 29, 25, 46, 10, 60, 36, 8, 13, 16];3215.0
9141.0;[23, 49, 35, 12, 43, 44, 22, 59, 63, 51, 24, 25, 29, 50, 54, 28, 18, 0, 61, 30, 62, 52, 32, 1, 14, 47, 42, 11, 10, 15, 60, 27, 48, 20, 46, 45, 37, 64, 38, 3, 16, 17, 13, 36, 40, 41, 9, 55, 33, 34, 57, 53, 31, 56, 2, 4, 39, 5, 7, 26, 21, 19, 8, 6, 58];3558.0
8188.0;[33, 64, 34, 56, 38, 57, 58, 4, 53, 62, 52, 30, 31, 25, 22, 23, 35, 12, 44, 11, 43, 9, 42, 45, 1, 3, 61, 50, 54, 26, 49, 59, 32, 28, 37, 2, 0, 15, 51, 24, 63, 29, 17, 18, 16, 13, 14, 47, 27, 21, 48, 20, 19, 46, 10, 36, 8, 40, 41, 7, 6, 39, 5, 60, 55];3070.0
8912.0;[22, 59, 63, 26, 19, 12, 35, 48, 23, 24, 51, 57, 58, 34, 56, 62, 52, 30, 32, 27, 21, 8, 40, 5, 6, 10, 42, 43, 9, 2, 4, 39, 16, 17, 15, 14, 47, 7, 60, 13, 46, 45, 11, 55, 33, 29, 53, 31, 54, 64, 38, 28, 50, 61, 18, 0, 1, 37, 3, 36, 41, 44, 20, 49, 25];3468.0
9470.0;[39, 5, 8, 40, 7, 60, 0, 2, 4, 34, 57, 58, 56, 38, 42, 11, 48, 21, 35, 20, 12, 43, 44, 53, 62, 52, 32, 1, 37, 3, 17, 16, 13, 46, 45, 10, 36, 41, 9, 15, 18, 50, 54, 28, 22, 23, 49, 59, 24, 51, 30, 31, 25, 63, 29, 55, 33, 64, 14, 47, 61, 27, 26, 19, 6];3093.0
8746.0;[2, 14, 7, 47, 40, 43, 44, 11, 0, 1, 34, 57, 58, 6, 41, 9, 50, 52, 31, 62, 53, 61, 17, 18, 13, 16, 60, 10, 42, 48, 20, 21, 24, 51, 30, 55, 32, 54, 27, 22, 23, 59, 25, 19, 46, 45, 12, 35, 49, 33, 4, 39, 5, 15, 28, 26, 63, 29, 36, 8, 37, 3, 56, 64, 38];3512.0
8994.0;[60, 40, 41, 43, 9, 14, 6, 2, 4, 39, 5, 47, 7, 42, 45, 12, 44, 11, 15, 1, 3, 50, 52, 24, 51, 30, 31, 62, 53, 33, 56, 54, 28, 27, 48, 49, 22, 23, 35, 20, 19, 10, 36, 8, 0, 61, 26, 21, 46, 13, 16, 37, 64, 38, 34, 57, 58, 32, 59, 25, 63, 18, 17, 29, 55];3097.0
8771.0;[14, 47, 6, 58, 4, 39, 5, 41, 9, 63, 55, 33, 64, 57, 53, 32, 61, 18, 16, 17, 13, 0, 1, 37, 2, 3, 29, 25, 22, 23, 59, 24, 51, 30, 31, 62, 52, 50, 54, 28, 27, 26, 19, 20, 48, 21, 49, 35, 12, 43, 44, 11, 15, 34, 56, 38, 46, 42, 45, 10, 36, 8, 7, 40, 60];2928.0
8553.0;[33, 56, 34, 32, 54, 18, 17, 16, 13, 46, 45, 42, 43, 41, 44, 11, 12, 35, 48, 59, 29, 38, 2, 3, 50, 51, 24, 25, 63, 55, 64, 57, 53, 31, 62, 23, 49, 22, 52, 30, 4, 39, 8, 40, 5, 6, 58, 28, 61, 1, 37, 36, 9, 60, 15, 27, 21, 20, 19, 10, 14, 47, 7, 0, 26];3205.0
8707.0;[49, 30, 62, 53, 33, 56, 38, 39, 36, 40, 41, 9, 8, 7, 47, 10, 60, 16, 17, 18, 28, 61, 50, 29, 51, 24, 25, 23, 59, 55, 64, 2, 42, 43, 26, 22, 63, 1, 3, 0, 15, 13, 46, 45, 14, 6, 58, 57, 4, 5, 11, 20, 19, 12, 44, 27, 52, 31, 54, 37, 34, 32, 21, 48, 35];3467.0
8776.0;[46, 27, 26, 22, 24, 51, 30, 53, 55, 33, 56, 38, 4, 39, 7, 11, 12, 43, 44, 45, 60, 14, 5, 6, 57, 58, 34, 54, 21, 48, 49, 23, 35, 20, 59, 25, 63, 32, 1, 37, 64, 2, 3, 0, 15, 36, 8, 47, 10, 13, 16, 18, 17, 61, 28, 50, 29, 52, 31, 62, 40, 41, 9, 42, 19];2820.0
8889.0;[53, 57, 58, 4, 39, 40, 9, 60, 64, 38, 34, 55, 33, 56, 23, 49, 22, 24, 51, 25, 45, 36, 8, 7, 13, 16, 18, 17, 61, 27, 19, 12, 35, 20, 21, 48, 59, 26, 46, 42, 11, 10, 1, 2, 3, 37, 32, 54, 28, 63, 52, 31, 62, 14, 47, 6, 5, 41, 43, 44, 15, 0, 50, 29, 30];3205.0
8966.0;[17, 13, 36, 8, 7, 1, 3, 46, 42, 11, 43, 9, 39, 5, 6, 58, 57, 56, 54, 28, 50, 52, 30, 55, 33, 2, 37, 64, 38, 4, 34, 32, 29, 59, 25, 19, 45, 10, 60, 0, 61, 27, 26, 22, 24, 51, 49, 23, 48, 20, 21, 63, 31, 62, 53, 18, 15, 14, 47, 40, 41, 44, 12, 35, 16];3216.0
8563.0;[47, 12, 35, 20, 19, 46, 48, 21, 49, 28, 50, 54, 42, 43, 44, 11, 0, 64, 38, 34, 57, 55, 62, 53, 31, 32, 36, 9, 15, 1, 37, 4, 5, 40, 41, 61, 27, 26, 23, 22, 59, 24, 63, 29, 25, 45, 60, 10, 13, 16, 17, 8, 7, 18, 52, 51, 30, 33, 56, 2, 39, 6, 58, 3, 14];3440.0
9285.0;[27, 26, 12, 44, 11, 42, 43, 9, 8, 10, 60, 16, 17, 18, 37, 0, 13, 46, 36, 40, 41, 21, 48, 49, 59, 63, 25, 22, 23, 35, 20, 19, 45, 15, 55, 33, 38, 4, 39, 7, 61, 50, 29, 31, 62, 53, 52, 51, 24, 30, 32, 54, 28, 1, 34, 56, 64, 2, 3, 14, 47, 5, 6, 58, 57];2876.0
8977.0;[57, 62, 51, 30, 31, 64, 38, 2, 28, 22, 24, 23, 48, 21, 49, 59, 25, 52, 53, 55, 33, 56, 34, 4, 39, 40, 41, 12, 44, 11, 1, 37, 3, 42, 43, 9, 61, 27, 26, 19, 46, 45, 16, 17, 50, 54, 35, 20, 63, 29, 32, 14, 47, 7, 10, 36, 8, 5, 6, 58, 0, 15, 60, 13, 18];3254.0
8515.0;[61, 50, 54, 56, 64, 38, 2, 27, 22, 23, 24, 25, 26, 21, 48, 35, 20, 19, 12, 44, 42, 11, 49, 59, 63, 4, 39, 6, 5, 36, 8, 40, 7, 16, 52, 53, 31, 62, 51, 30, 32, 13, 14, 47, 41, 9, 43, 10, 60, 15, 28, 29, 55, 33, 34, 57, 58, 46, 45, 17, 18, 1, 37, 3, 0];2997.0
8753.0;[1, 38, 14, 47, 43, 44, 11, 18, 16, 17, 20, 19, 46, 36, 8, 5, 6, 58, 2, 4, 39, 7, 10, 28, 50, 54, 64, 57, 34, 40, 41, 37, 3, 13, 12, 35, 48, 21, 49, 24, 51, 25, 26, 45, 60, 15, 30, 31, 32, 29, 55, 33, 56, 27, 22, 63, 52, 53, 62, 23, 59, 42, 9, 0, 61];3535.0
8973.0;[43, 44, 22, 23, 35, 48, 49, 59, 25, 55, 33, 56, 34, 32, 52, 62, 51, 24, 63, 29, 30, 53, 31, 4, 39, 6, 57, 58, 3, 17, 16, 40, 41, 9, 15, 28, 26, 27, 21, 46, 42, 11, 45, 12, 20, 19, 60, 0, 50, 54, 61, 18, 13, 14, 47, 5, 36, 8, 7, 1, 37, 64, 38, 2, 10];2986.0
8499.0;[36, 40, 41, 44, 11, 42, 43, 9, 13, 46, 12, 35, 20, 19, 45, 10, 60, 8, 5, 6, 2, 4, 39, 27, 26, 23, 49, 59, 63, 51, 30, 53, 32, 54, 50, 29, 55, 33, 56, 3, 0, 16, 17, 18, 61, 37, 64, 38, 34, 31, 62, 52, 14, 47, 7, 15, 1, 57, 58, 28, 21, 48, 22, 24, 25];2983.0
8918.0;[10, 25, 59, 63, 33, 57, 58, 4, 8, 40, 41, 9, 60, 52, 31, 62, 51, 24, 30, 53, 3, 14, 47, 36, 7, 6, 34, 28, 61, 1, 37, 56, 32, 50, 54, 64, 38, 2, 27, 26, 21, 48, 49, 22, 23, 35, 20, 19, 46, 45, 11, 12, 44, 42, 43, 13, 17, 16, 18, 0, 15, 29, 55, 39, 5];3099.0
7984.0;[49, 23, 35, 20, 19, 46, 45, 7, 5, 6, 57, 34, 32, 29, 55, 33, 56, 54, 27, 12, 43, 44, 11, 10, 40, 41, 42, 9, 26, 22, 59, 36, 8, 50, 53, 62, 31, 28, 18, 16, 17, 0, 61, 1, 37, 15, 13, 60, 47, 14, 39, 58, 2, 4, 64, 38, 3, 63, 52, 51, 30, 24, 25, 21, 48];3239.0
8765.0;[42, 43, 8, 40, 6, 5, 57, 58, 34, 56, 64, 38, 4, 39, 41, 9, 0, 1, 3, 61, 50, 54, 37, 2, 17, 18, 27, 49, 22, 23, 46, 45, 20, 21, 48, 35, 19, 13, 16, 63, 29, 55, 53, 31, 32, 28, 12, 44, 11, 15, 52, 62, 30, 33, 10, 36, 7, 60, 14, 47, 26, 59, 24, 51, 25];3462.0
8550.0;[61, 27, 59, 24, 30, 31, 32, 1, 37, 28, 52, 53, 62, 51, 19, 12, 44, 15, 64, 38, 4, 39, 6, 58, 5, 40, 41, 9, 43, 42, 11, 20, 48, 21, 46, 10, 60, 0, 2, 3, 26, 63, 29, 25, 22, 23, 49, 35, 45, 36, 8, 7, 50, 54, 34, 57, 55, 33, 56, 14, 47, 13, 16, 17, 18];3170.0
9301.0;[15, 40, 41, 44, 20, 19, 46, 12, 35, 21, 48, 23, 49, 24, 25, 22, 59, 27, 26, 45, 42, 11, 55, 33, 56, 38, 14, 47, 6, 34, 4, 7, 10, 36, 8, 13, 16, 17, 18, 29, 51, 30, 53, 31, 64, 57, 58, 3, 61, 50, 54, 28, 60, 43, 9, 1, 37, 2, 39, 5, 0, 63, 62, 52, 32];3290.0
8254.0;[6, 58, 56, 22, 23, 35, 48, 20, 19, 46, 14, 47, 39, 5, 40, 41, 50, 52, 30, 32, 15, 10, 60, 1, 4, 57, 53, 31, 62, 51, 24, 63, 17, 13, 16, 18, 37, 64, 38, 34, 54, 28, 21, 49, 59, 55, 33, 2, 3, 0, 61, 27, 26, 12, 44, 43, 9, 42, 11, 36, 8, 29, 25, 45, 7];3360.0
8600.0;[33, 36, 40, 41, 9, 8, 5, 6, 58, 34, 56, 38, 2, 3, 1, 37, 14, 47, 7, 13, 16, 17, 18, 0, 27, 48, 49, 22, 63, 30, 62, 51, 24, 23, 35, 20, 21, 19, 12, 44, 11, 64, 57, 4, 39, 42, 43, 26, 59, 25, 46, 45, 10, 60, 15, 29, 52, 53, 31, 32, 54, 61, 28, 50, 55];2934.0
8433.0;[34, 57, 55, 33, 56, 64, 38, 2, 14, 47, 39, 40, 41, 15, 63, 29, 51, 24, 35, 20, 12, 44, 43, 9, 8, 5, 6, 58, 4, 3, 18, 17, 16, 13, 0, 23, 49, 22, 59, 25, 26, 19, 60, 61, 28, 50, 54, 27, 48, 21, 46, 45, 42, 11, 10, 36, 7, 31, 62, 52, 30, 53, 32, 1, 37];2941.0
8964.0;[25, 42, 43, 44, 11, 20, 22, 23, 48, 35, 16, 17, 18, 2, 4, 6, 39, 5, 7, 10, 13, 15, 1, 37, 34, 64, 38, 57, 58, 3, 14, 47, 0, 61, 50, 54, 28, 51, 30, 33, 56, 32, 52, 53, 62, 24, 63, 55, 31, 27, 26, 21, 19, 46, 12, 49, 59, 45, 36, 8, 40, 41, 9, 60, 29];3186.0
9333.0;[29, 51, 30, 24, 23, 21, 48, 20, 12, 44, 45, 7, 8, 47, 14, 5, 42, 11, 49, 22, 59, 35, 46, 36, 40, 41, 9, 43, 1, 64, 34, 57, 58, 31, 62, 25, 63, 55, 39, 6, 4, 2, 3, 61, 27, 26, 19, 10, 60, 37, 32, 52, 53, 33, 56, 38, 18, 17, 16, 15, 13, 0, 50, 54, 28];3187.0
8116.0;[43, 44, 12, 35, 19, 46, 10, 36, 7, 8, 41, 40, 9, 20, 21, 22, 23, 48, 49, 24, 51, 30, 57, 58, 2, 3, 14, 47, 5, 13, 15, 61, 59, 25, 63, 53, 32, 16, 17, 18, 50, 29, 55, 33, 56, 64, 38, 4, 6, 39, 1, 37, 34, 31, 62, 52, 60, 42, 11, 45, 0, 54, 28, 27, 26];3106.0
9384.0;[47, 14, 56, 64, 34, 57, 31, 62, 52, 51, 24, 23, 49, 59, 25, 55, 38, 4, 39, 5, 7, 6, 58, 3, 46, 43, 44, 45, 10, 60, 13, 17, 16, 18, 0, 61, 1, 37, 54, 28, 50, 19, 12, 35, 20, 48, 21, 22, 63, 32, 42, 11, 15, 27, 26, 29, 30, 53, 33, 2, 36, 41, 9, 8, 40];3038.0
8453.0;[55, 53, 31, 62, 52, 51, 24, 30, 33, 4, 40, 41, 44, 12, 35, 48, 21, 63, 28, 61, 0, 43, 9, 10, 60, 15, 14, 47, 6, 58, 32, 27, 26, 23, 49, 25, 54, 1, 37, 17, 18, 16, 13, 46, 45, 20, 19, 42, 11, 36, 8, 50, 29, 22, 59, 64, 34, 56, 38, 3, 2, 39, 7, 5, 57];3189.0
9229.0;[26, 10, 36, 40, 41, 9, 11, 45, 60, 37, 57, 58, 4, 34, 56, 32, 54, 50, 30, 31, 55, 53, 62, 52, 33, 64, 14, 47, 8, 7, 15, 0, 29, 24, 51, 63, 1, 3, 13, 16, 18, 17, 61, 22, 23, 21, 48, 20, 19, 12, 35, 46, 42, 43, 44, 49, 59, 25, 38, 39, 5, 6, 2, 28, 27];3204.0
8345.0;[64, 57, 58, 39, 5, 14, 47, 6, 2, 3, 28, 50, 26, 22, 24, 51, 30, 62, 52, 23, 35, 19, 36, 40, 41, 9, 45, 12, 44, 11, 20, 59, 63, 29, 32, 54, 16, 17, 18, 61, 27, 48, 21, 49, 25, 53, 31, 0, 15, 1, 37, 34, 55, 33, 56, 38, 4, 7, 8, 13, 46, 42, 43, 10, 60];3060.0
9484.0;[6, 58, 34, 54, 28, 50, 29, 52, 31, 62, 51, 24, 22, 23, 49, 35, 12, 43, 9, 14, 47, 36, 8, 7, 26, 59, 25, 63, 55, 33, 56, 57, 30, 53, 32, 27, 46, 13, 15, 0, 1, 37, 3, 18, 16, 17, 61, 4, 5, 40, 44, 11, 45, 10, 41, 42, 20, 21, 48, 19, 60, 64, 38, 2, 39];3037.0
8911.0;[11, 55, 33, 64, 38, 4, 39, 5, 36, 8, 7, 47, 6, 58, 34, 56, 18, 17, 16, 15, 42, 43, 9, 1, 37, 2, 3, 61, 0, 28, 50, 32, 54, 27, 29, 30, 53, 31, 52, 24, 63, 22, 23, 48, 35, 20, 12, 41, 40, 10, 60, 13, 46, 21, 49, 59, 25, 19, 45, 14, 57, 62, 51, 26, 44];3259.0
8861.0;[42, 44, 11, 61, 27, 26, 21, 20, 48, 24, 51, 25, 19, 46, 45, 60, 14, 47, 13, 0, 28, 59, 63, 29, 18, 17, 16, 50, 55, 33, 56, 38, 41, 9, 15, 2, 4, 36, 8, 7, 5, 57, 58, 31, 62, 52, 30, 53, 32, 54, 1, 3, 37, 64, 34, 22, 49, 23, 35, 12, 43, 40, 6, 39, 10];3325.0
8800.0;[32, 55, 31, 62, 52, 51, 24, 22, 59, 25, 26, 21, 36, 6, 58, 3, 0, 18, 27, 63, 33, 34, 57, 4, 5, 10, 60, 14, 47, 8, 40, 41, 9, 42, 43, 44, 11, 13, 16, 17, 1, 37, 2, 39, 7, 45, 12, 35, 48, 20, 19, 46, 15, 61, 54, 28, 50, 29, 53, 30, 23, 49, 56, 64, 38];3014.0
8563.0;[59, 19, 11, 6, 58, 40, 41, 9, 13, 16, 17, 18, 1, 37, 4, 39, 5, 43, 44, 12, 35, 20, 64, 38, 2, 3, 15, 14, 47, 7, 60, 28, 27, 63, 53, 31, 62, 30, 34, 57, 56, 32, 52, 51, 24, 25, 26, 46, 45, 0, 61, 50, 29, 55, 33, 54, 10, 36, 8, 42, 21, 48, 49, 23, 22];3235.0
9114.0;[40, 41, 1, 64, 34, 4, 39, 6, 58, 57, 55, 53, 31, 62, 30, 25, 12, 43, 44, 11, 10, 42, 9, 14, 47, 5, 7, 8, 52, 51, 24, 49, 59, 32, 37, 3, 17, 18, 16, 28, 27, 22, 23, 48, 35, 46, 13, 45, 20, 21, 63, 54, 61, 15, 0, 26, 19, 60, 50, 29, 33, 56, 38, 2, 36];3355.0
8938.0;[21, 48, 35, 20, 19, 12, 49, 59, 52, 31, 32, 18, 46, 43, 44, 11, 36, 40, 41, 9, 42, 13, 16, 17, 1, 3, 64, 38, 34, 56, 54, 50, 30, 57, 58, 53, 62, 51, 24, 25, 63, 29, 55, 33, 4, 8, 7, 14, 47, 39, 5, 6, 10, 60, 15, 61, 27, 26, 45, 37, 2, 0, 28, 22, 23];3089.0
9015.0;[38, 4, 7, 13, 16, 17, 18, 55, 33, 2, 14, 47, 6, 58, 34, 1, 37, 3, 43, 44, 12, 23, 51, 30, 31, 53, 62, 52, 32, 50, 54, 56, 64, 57, 39, 5, 40, 41, 9, 0, 61, 28, 27, 35, 20, 21, 48, 49, 59, 63, 29, 26, 19, 46, 36, 8, 60, 15, 10, 11, 42, 45, 22, 24, 25];3242.0
8485.0;[11, 20, 21, 35, 48, 49, 23, 24, 25, 22, 59, 26, 19, 12, 44, 45, 13, 15, 37, 56, 38, 4, 5, 42, 43, 0, 50, 54, 27, 63, 29, 61, 18, 17, 16, 46, 36, 8, 7, 40, 41, 9, 10, 60, 14, 47, 6, 58, 2, 3, 52, 51, 30, 31, 62, 53, 55, 33, 32, 28, 1, 64, 34, 57, 39];2905.0
8558.0;[6, 57, 53, 31, 62, 52, 51, 30, 24, 19, 46, 36, 40, 41, 9, 44, 11, 10, 45, 20, 21, 49, 59, 63, 29, 55, 33, 2, 4, 39, 5, 7, 8, 60, 15, 0, 18, 17, 16, 13, 12, 35, 48, 23, 22, 25, 42, 43, 61, 50, 28, 3, 1, 37, 64, 56, 32, 54, 38, 34, 58, 27, 26, 14, 47];2952.0
8684.0;[64, 42, 11, 21, 48, 49, 63, 53, 31, 32, 54, 18, 13, 12, 35, 20, 43, 9, 8, 14, 47, 6, 34, 56, 38, 3, 37, 2, 4, 5, 7, 0, 61, 28, 50, 30, 62, 52, 51, 24, 25, 26, 19, 46, 15, 1, 29, 55, 57, 58, 39, 44, 45, 60, 10, 36, 40, 41, 16, 17, 27, 23, 22, 59, 33];3261.0
9293.0;[24, 22, 25, 33, 56, 4, 39, 5, 40, 41, 9, 61, 50, 54, 55, 53, 31, 32, 1, 37, 64, 2, 7, 10, 36, 8, 27, 21, 19, 60, 14, 47, 6, 58, 34, 57, 52, 30, 62, 23, 48, 20, 15, 18, 16, 17, 13, 46, 45, 42, 11, 43, 44, 12, 35, 49, 59, 26, 63, 38, 3, 0, 28, 29, 51];3153.0
8735.0;[50, 52, 30, 53, 62, 51, 24, 23, 22, 35, 43, 9, 42, 20, 21, 48, 49, 59, 25, 46, 60, 13, 14, 47, 8, 40, 16, 17, 1, 37, 64, 57, 58, 34, 31, 55, 33, 56, 3, 36, 41, 44, 12, 11, 45, 10, 15, 0, 18, 61, 27, 19, 7, 6, 4, 39, 5, 26, 63, 29, 32, 54, 38, 2, 28];3041.0
8660.0;[24, 51, 23, 59, 57, 58, 64, 2, 4, 39, 5, 47, 7, 40, 41, 9, 20, 21, 49, 48, 12, 35, 42, 11, 43, 44, 45, 10, 60, 37, 34, 62, 52, 53, 15, 13, 14, 6, 56, 38, 17, 16, 18, 55, 33, 3, 0, 30, 31, 32, 54, 36, 8, 26, 19, 46, 50, 29, 25, 22, 63, 28, 61, 1, 27];3778.0
8881.0;[38, 8, 7, 10, 36, 40, 41, 9, 42, 19, 20, 21, 49, 22, 23, 35, 12, 43, 44, 60, 14, 47, 6, 55, 31, 62, 30, 53, 32, 54, 50, 28, 27, 29, 52, 51, 24, 26, 46, 0, 61, 1, 2, 4, 39, 5, 11, 45, 48, 59, 25, 63, 33, 3, 15, 13, 16, 17, 18, 37, 34, 56, 57, 58, 64];2917.0
8432.0;[6, 62, 52, 51, 30, 53, 31, 55, 2, 3, 0, 26, 63, 29, 32, 50, 54, 16, 17, 18, 27, 19, 21, 48, 49, 22, 59, 25, 46, 42, 43, 44, 35, 20, 23, 24, 33, 56, 34, 57, 58, 40, 41, 36, 8, 14, 47, 7, 1, 37, 28, 61, 15, 13, 60, 10, 11, 45, 12, 9, 64, 38, 4, 39, 5];3063.0
8683.0;[4, 39, 7, 14, 47, 5, 6, 40, 44, 20, 49, 23, 22, 48, 35, 19, 45, 15, 1, 37, 36, 8, 61, 28, 27, 52, 30, 55, 53, 33, 56, 21, 12, 43, 9, 41, 42, 11, 10, 0, 64, 57, 58, 2, 3, 17, 13, 46, 60, 16, 18, 50, 54, 34, 32, 26, 59, 29, 31, 62, 51, 24, 25, 63, 38];3381.0
8570.0;[61, 28, 55, 33, 17, 16, 14, 39, 6, 58, 57, 4, 2, 37, 27, 26, 48, 21, 49, 59, 22, 23, 35, 20, 19, 7, 36, 8, 47, 5, 40, 41, 50, 29, 52, 31, 32, 1, 34, 56, 64, 38, 3, 60, 42, 43, 9, 12, 44, 11, 46, 45, 10, 13, 15, 0, 18, 63, 30, 53, 62, 51, 24, 25, 54];3042.0
8997.0;[62, 52, 51, 24, 30, 33, 4, 39, 5, 13, 12, 35, 48, 49, 59, 25, 26, 46, 45, 20, 19, 1, 38, 2, 3, 37, 56, 29, 53, 31, 32, 28, 0, 15, 14, 6, 58, 34, 54, 18, 17, 16, 61, 27, 22, 23, 21, 8, 7, 47, 10, 60, 36, 40, 41, 44, 11, 42, 43, 9, 50, 63, 55, 64, 57];3112.0
8197.0;[28, 50, 30, 53, 62, 52, 31, 32, 55, 33, 56, 4, 7, 11, 42, 43, 44, 12, 23, 24, 51, 63, 29, 25, 19, 46, 45, 64, 34, 57, 58, 54, 1, 3, 37, 48, 35, 20, 10, 60, 14, 47, 41, 9, 40, 6, 39, 5, 36, 8, 13, 16, 15, 0, 18, 17, 61, 27, 26, 21, 49, 22, 59, 38, 2];3081.0
8653.0;[42, 43, 41, 9, 11, 20, 49, 59, 25, 22, 23, 21, 19, 46, 45, 0, 28, 61, 15, 60, 36, 40, 44, 12, 35, 48, 24, 63, 37, 3, 34, 57, 58, 32, 27, 26, 29, 56, 64, 38, 2, 39, 6, 4, 53, 62, 52, 51, 30, 31, 54, 1, 14, 47, 13, 16, 17, 18, 50, 55, 33, 5, 7, 8, 10];3058.0
8216.0;[6, 57, 58, 39, 5, 36, 40, 41, 9, 8, 10, 14, 47, 7, 15, 2, 3, 64, 34, 56, 32, 54, 27, 26, 46, 60, 13, 16, 18, 17, 53, 31, 62, 30, 28, 61, 0, 1, 37, 50, 29, 52, 51, 24, 19, 12, 44, 11, 42, 43, 25, 22, 23, 48, 21, 45, 35, 20, 49, 59, 63, 55, 33, 38, 4];2945.0
8599.0;[54, 26, 29, 52, 30, 53, 31, 62, 51, 24, 22, 59, 55, 33, 56, 38, 2, 3, 14, 47, 7, 36, 15, 0, 1, 37, 64, 4, 39, 40, 41, 10, 60, 16, 18, 17, 13, 46, 50, 61, 28, 27, 21, 48, 35, 20, 19, 45, 49, 23, 12, 43, 44, 11, 42, 9, 8, 5, 6, 58, 57, 34, 25, 63, 32];2776.0
8139.0;[14, 6, 4, 57, 58, 62, 52, 33, 56, 38, 2, 1, 37, 3, 0, 45, 42, 43, 13, 46, 49, 63, 55, 64, 7, 40, 41, 9, 44, 11, 20, 24, 51, 30, 53, 31, 36, 8, 47, 39, 5, 10, 60, 15, 61, 34, 32, 27, 21, 48, 22, 59, 25, 26, 19, 12, 35, 23, 29, 28, 50, 54, 17, 18, 16];3369.0
8935.0;[39, 36, 41, 9, 8, 40, 42, 44, 11, 14, 47, 7, 13, 16, 17, 18, 4, 5, 6, 34, 57, 58, 31, 62, 52, 10, 60, 15, 28, 32, 50, 54, 27, 21, 48, 49, 22, 24, 51, 23, 35, 46, 45, 20, 59, 25, 63, 29, 30, 53, 55, 33, 56, 3, 0, 61, 26, 19, 12, 43, 1, 37, 64, 38, 2];2976.0
8966.0;[36, 7, 8, 47, 5, 6, 62, 52, 51, 30, 33, 34, 57, 53, 31, 24, 25, 26, 63, 29, 55, 38, 0, 10, 42, 43, 44, 12, 35, 59, 56, 64, 2, 4, 39, 40, 41, 9, 15, 1, 37, 3, 61, 28, 50, 54, 21, 49, 22, 23, 19, 46, 45, 11, 60, 16, 18, 17, 13, 14, 58, 32, 27, 48, 20];3168.0
8707.0;[49, 59, 19, 14, 47, 8, 40, 6, 58, 57, 53, 62, 52, 31, 50, 54, 34, 64, 38, 3, 42, 11, 45, 60, 13, 10, 36, 41, 43, 44, 20, 46, 15, 0, 61, 27, 23, 22, 24, 51, 30, 55, 33, 56, 32, 29, 25, 63, 17, 16, 18, 1, 2, 4, 39, 5, 7, 28, 48, 35, 12, 9, 37, 26, 21];3193.0
9197.0;[39, 7, 43, 44, 12, 35, 60, 1, 37, 14, 47, 8, 40, 5, 6, 57, 62, 51, 30, 53, 31, 54, 61, 15, 13, 42, 11, 45, 36, 58, 2, 4, 41, 9, 20, 21, 49, 63, 29, 52, 33, 56, 38, 3, 0, 22, 59, 23, 48, 19, 46, 10, 28, 27, 26, 64, 34, 32, 18, 16, 17, 50, 24, 25, 55];3501.0
8192.0;[1, 37, 64, 38, 2, 22, 49, 59, 25, 23, 35, 20, 19, 10, 60, 0, 56, 32, 52, 30, 31, 48, 21, 12, 44, 11, 14, 47, 7, 36, 8, 40, 6, 58, 3, 13, 46, 45, 42, 43, 34, 57, 53, 62, 51, 24, 63, 29, 55, 33, 4, 39, 5, 61, 50, 54, 28, 27, 26, 41, 9, 15, 16, 17, 18];3091.0
9023.0;[39, 44, 12, 35, 20, 19, 45, 14, 47, 28, 23, 48, 21, 60, 61, 27, 26, 46, 43, 41, 9, 8, 7, 10, 13, 16, 17, 18, 63, 29, 25, 42, 11, 5, 6, 57, 30, 53, 31, 62, 52, 24, 51, 49, 22, 59, 55, 33, 32, 56, 64, 2, 0, 15, 36, 40, 58, 34, 38, 3, 37, 50, 54, 1, 4];3310.0
8617.0;[31, 21, 12, 43, 44, 11, 45, 10, 36, 40, 41, 20, 19, 60, 13, 16, 18, 17, 61, 26, 22, 59, 23, 48, 49, 35, 46, 7, 39, 5, 6, 58, 57, 2, 4, 34, 29, 55, 62, 24, 51, 30, 33, 64, 38, 3, 0, 15, 42, 9, 8, 1, 37, 14, 47, 50, 54, 56, 32, 28, 27, 63, 25, 52, 53];3212.0
8654.0;[12, 35, 49, 59, 63, 32, 54, 28, 61, 1, 37, 50, 55, 33, 64, 34, 56, 38, 2, 3, 0, 14, 47, 39, 5, 6, 57, 58, 4, 53, 62, 51, 24, 29, 52, 30, 31, 25, 26, 22, 23, 20, 19, 45, 40, 41, 9, 43, 44, 11, 15, 13, 16, 18, 17, 27, 21, 48, 46, 10, 60, 7, 36, 8, 42];2639.0
9426.0;[42, 43, 41, 9, 10, 13, 17, 16, 18, 1, 37, 15, 36, 8, 40, 44, 11, 20, 49, 22, 23, 59, 63, 32, 54, 27, 26, 21, 48, 30, 62, 52, 53, 31, 33, 56, 38, 4, 39, 7, 60, 0, 61, 28, 50, 29, 51, 24, 25, 19, 46, 45, 12, 35, 55, 64, 2, 3, 14, 47, 6, 58, 34, 57, 5];2774.0
8753.0;[35, 12, 44, 11, 8, 40, 6, 58, 34, 56, 32, 16, 45, 20, 21, 49, 63, 29, 30, 53, 52, 51, 24, 1, 37, 13, 46, 42, 43, 41, 9, 7, 10, 27, 26, 19, 36, 39, 5, 57, 55, 31, 62, 59, 25, 33, 64, 38, 0, 15, 28, 61, 50, 54, 60, 14, 47, 4, 2, 3, 17, 18, 22, 23, 48];3429.0
8919.0;[13, 12, 35, 20, 19, 46, 45, 36, 40, 41, 9, 43, 44, 48, 49, 22, 59, 24, 25, 23, 21, 14, 47, 10, 50, 51, 30, 53, 33, 56, 3, 17, 18, 16, 1, 4, 39, 5, 63, 29, 55, 64, 34, 57, 31, 32, 54, 28, 27, 26, 42, 11, 60, 15, 37, 38, 62, 52, 61, 0, 8, 7, 6, 58, 2];3324.0
8916.0;[0, 41, 9, 8, 36, 40, 6, 62, 51, 19, 10, 60, 46, 45, 48, 59, 29, 30, 31, 55, 4, 57, 58, 39, 5, 42, 43, 52, 53, 33, 38, 2, 13, 12, 44, 11, 14, 47, 7, 15, 16, 18, 17, 61, 28, 27, 26, 35, 20, 21, 49, 23, 24, 25, 22, 63, 64, 34, 56, 32, 50, 54, 1, 37, 3];3364.0
8778.0;[50, 29, 51, 24, 23, 35, 20, 21, 49, 22, 30, 31, 62, 52, 53, 33, 56, 64, 38, 34, 57, 2, 3, 14, 47, 1, 37, 27, 19, 12, 44, 11, 15, 28, 26, 46, 45, 10, 5, 6, 58, 4, 39, 7, 8, 36, 40, 41, 48, 59, 25, 63, 55, 32, 54, 18, 16, 17, 42, 43, 9, 60, 13, 0, 61];2817.0
9282.0;[29, 25, 26, 21, 48, 49, 22, 59, 23, 35, 20, 19, 46, 45, 60, 15, 64, 38, 39, 6, 56, 2, 3, 0, 14, 47, 5, 40, 41, 13, 16, 17, 18, 1, 37, 34, 57, 58, 4, 42, 43, 9, 30, 31, 55, 33, 32, 28, 50, 53, 62, 52, 51, 24, 12, 44, 11, 61, 27, 63, 54, 36, 8, 7, 10];3029.0
8712.0;[12, 35, 49, 22, 59, 25, 63, 30, 53, 62, 52, 31, 32, 29, 28, 37, 0, 15, 61, 27, 26, 24, 51, 23, 48, 21, 46, 36, 41, 9, 42, 43, 20, 19, 60, 1, 64, 38, 3, 18, 17, 16, 50, 54, 56, 34, 57, 58, 7, 14, 47, 5, 6, 4, 39, 8, 40, 44, 11, 45, 10, 55, 33, 2, 13];3028.0
8968.0;[60, 36, 8, 7, 5, 6, 57, 31, 55, 33, 56, 34, 58, 4, 39, 40, 41, 9, 13, 26, 21, 48, 49, 30, 62, 52, 53, 54, 64, 38, 14, 47, 28, 59, 63, 32, 37, 2, 3, 0, 16, 17, 18, 27, 22, 23, 35, 20, 46, 10, 50, 29, 24, 51, 25, 19, 12, 44, 11, 45, 42, 43, 15, 61, 1];3115.0
8904.0;[20, 46, 12, 44, 43, 41, 9, 42, 11, 16, 17, 18, 1, 4, 57, 33, 64, 38, 34, 56, 2, 3, 37, 32, 55, 39, 5, 10, 15, 60, 13, 14, 47, 0, 61, 50, 54, 28, 27, 22, 59, 25, 29, 23, 49, 63, 52, 30, 31, 21, 48, 35, 45, 36, 8, 7, 40, 6, 58, 53, 62, 51, 24, 26, 19];3046.0
8726.0;[32, 29, 51, 24, 23, 35, 12, 44, 45, 36, 8, 41, 40, 5, 7, 10, 11, 20, 21, 19, 46, 15, 61, 50, 54, 28, 27, 22, 59, 25, 63, 52, 31, 62, 30, 55, 33, 1, 37, 2, 4, 3, 0, 16, 17, 18, 26, 48, 49, 64, 34, 58, 56, 38, 42, 43, 9, 60, 13, 14, 47, 6, 39, 57, 53];3000.0
9045.0;[43, 44, 42, 11, 13, 46, 45, 20, 21, 49, 59, 26, 27, 22, 25, 63, 31, 62, 55, 39, 5, 7, 40, 41, 9, 16, 17, 50, 51, 24, 23, 48, 19, 10, 36, 8, 60, 0, 18, 61, 1, 37, 3, 15, 14, 47, 6, 57, 58, 4, 38, 2, 12, 35, 29, 52, 30, 53, 33, 56, 64, 34, 32, 54, 28];3112.0
8838.0;[52, 31, 51, 24, 25, 22, 23, 48, 21, 49, 59, 46, 36, 8, 60, 0, 1, 64, 57, 55, 33, 4, 39, 5, 6, 62, 30, 53, 47, 7, 40, 41, 9, 42, 43, 15, 18, 17, 16, 13, 14, 58, 34, 38, 2, 37, 3, 61, 28, 54, 27, 26, 12, 44, 45, 10, 11, 35, 20, 19, 50, 56, 32, 29, 63];3223.0
9132.0;[43, 8, 7, 10, 60, 14, 47, 61, 48, 49, 59, 30, 33, 56, 3, 0, 1, 37, 28, 50, 54, 27, 22, 23, 35, 20, 21, 19, 15, 52, 62, 51, 24, 25, 63, 55, 39, 5, 36, 40, 41, 9, 18, 17, 16, 13, 46, 45, 42, 6, 57, 58, 53, 31, 64, 38, 2, 4, 34, 32, 29, 26, 12, 44, 11];3130.0
9005.0;[18, 17, 46, 45, 42, 10, 14, 47, 5, 7, 0, 50, 29, 55, 33, 56, 54, 28, 27, 26, 36, 8, 40, 41, 9, 49, 22, 59, 64, 34, 57, 30, 53, 31, 62, 52, 51, 24, 23, 35, 21, 48, 25, 63, 32, 61, 1, 37, 38, 4, 39, 6, 58, 2, 3, 13, 12, 43, 44, 11, 20, 19, 60, 15, 16];2835.0
9435.0;[23, 35, 20, 19, 12, 44, 11, 7, 36, 8, 6, 57, 58, 62, 51, 24, 49, 22, 59, 25, 38, 2, 3, 37, 64, 34, 56, 32, 52, 30, 53, 31, 33, 4, 5, 42, 43, 60, 13, 46, 45, 10, 16, 17, 18, 0, 1, 61, 50, 54, 28, 27, 21, 48, 63, 29, 26, 55, 39, 40, 41, 9, 14, 47, 15];3043.0
9151.0;[8, 44, 11, 12, 35, 20, 19, 14, 47, 53, 31, 62, 51, 24, 23, 49, 22, 59, 25, 21, 48, 46, 45, 27, 63, 52, 30, 33, 56, 38, 42, 43, 9, 26, 32, 15, 13, 10, 60, 36, 40, 41, 0, 1, 3, 37, 34, 57, 58, 29, 55, 61, 17, 16, 18, 28, 50, 54, 64, 2, 4, 6, 39, 5, 7];3083.0
8556.0;[27, 26, 19, 46, 12, 35, 20, 21, 49, 22, 59, 63, 62, 52, 51, 30, 53, 31, 36, 41, 44, 11, 60, 37, 2, 5, 40, 9, 43, 14, 47, 7, 8, 10, 55, 33, 56, 50, 54, 64, 38, 4, 39, 6, 34, 32, 61, 1, 57, 58, 3, 0, 15, 29, 24, 25, 23, 48, 42, 45, 13, 16, 18, 17, 28];3139.0
9273.0;[14, 47, 6, 57, 58, 4, 39, 5, 36, 8, 40, 41, 9, 11, 12, 35, 20, 49, 59, 63, 29, 51, 30, 24, 23, 48, 21, 19, 46, 1, 64, 38, 2, 16, 17, 18, 61, 50, 54, 28, 0, 15, 13, 42, 43, 44, 45, 60, 27, 22, 25, 26, 10, 7, 37, 3, 56, 32, 52, 53, 55, 33, 34, 62, 31];2940.0
8864.0;[64, 62, 51, 23, 24, 30, 53, 14, 47, 36, 8, 5, 6, 57, 58, 34, 38, 2, 3, 0, 28, 61, 63, 29, 55, 33, 56, 32, 50, 54, 18, 13, 15, 16, 17, 52, 31, 27, 21, 48, 35, 20, 19, 42, 43, 44, 11, 45, 12, 49, 22, 59, 25, 26, 46, 7, 10, 60, 1, 4, 39, 40, 41, 9, 37];3010.0
8784.0;[59, 23, 24, 51, 25, 63, 29, 55, 62, 30, 31, 54, 18, 16, 17, 13, 0, 61, 28, 27, 26, 19, 20, 46, 42, 43, 60, 15, 50, 52, 53, 33, 38, 2, 4, 7, 45, 12, 35, 49, 32, 1, 37, 3, 14, 6, 34, 57, 58, 56, 64, 8, 41, 9, 10, 36, 40, 44, 11, 47, 39, 5, 21, 48, 22];3077.0
8332.0;[25, 26, 19, 46, 42, 11, 45, 61, 50, 54, 21, 12, 44, 43, 9, 14, 47, 8, 40, 41, 60, 0, 1, 37, 57, 31, 55, 53, 62, 23, 48, 35, 20, 49, 59, 63, 32, 18, 17, 16, 13, 10, 36, 7, 15, 64, 38, 56, 2, 3, 28, 27, 22, 24, 52, 51, 30, 33, 4, 39, 5, 6, 58, 34, 29];3056.0
9246.0;[50, 30, 62, 52, 53, 31, 32, 54, 37, 64, 34, 56, 57, 4, 39, 5, 36, 8, 7, 10, 60, 15, 17, 16, 13, 41, 9, 45, 20, 21, 35, 48, 49, 59, 24, 51, 25, 63, 29, 55, 33, 28, 27, 26, 42, 11, 12, 44, 1, 38, 2, 14, 47, 0, 61, 22, 23, 19, 46, 43, 40, 6, 58, 3, 18];3063.0
9244.0;[49, 59, 52, 30, 53, 31, 62, 35, 20, 12, 44, 37, 2, 4, 39, 11, 45, 42, 43, 9, 27, 26, 29, 55, 33, 56, 32, 28, 61, 15, 0, 1, 64, 38, 34, 22, 23, 48, 21, 19, 46, 16, 18, 17, 13, 14, 47, 5, 6, 57, 58, 3, 10, 36, 40, 41, 8, 7, 60, 50, 54, 25, 63, 51, 24];2975.0
8390.0;[51, 24, 63, 33, 4, 39, 40, 41, 44, 11, 60, 10, 36, 7, 8, 47, 5, 17, 16, 18, 64, 34, 56, 38, 2, 3, 13, 42, 20, 49, 59, 25, 29, 55, 28, 61, 50, 54, 57, 58, 22, 23, 48, 21, 19, 45, 12, 35, 46, 14, 6, 31, 62, 53, 43, 9, 15, 0, 27, 26, 32, 1, 37, 52, 30];3441.0
7967.0;[21, 48, 49, 23, 24, 51, 32, 52, 31, 62, 30, 53, 33, 56, 54, 28, 61, 0, 1, 37, 34, 57, 58, 64, 38, 5, 6, 4, 39, 42, 43, 44, 12, 35, 22, 59, 63, 25, 26, 19, 20, 46, 45, 10, 36, 8, 40, 41, 9, 11, 60, 15, 50, 29, 55, 2, 3, 14, 47, 7, 13, 16, 17, 18, 27];2653.0
8464.0;[63, 29, 52, 31, 32, 42, 43, 9, 50, 55, 56, 64, 2, 0, 61, 1, 3, 14, 47, 7, 36, 8, 40, 13, 46, 12, 35, 20, 48, 49, 22, 24, 51, 30, 53, 33, 38, 4, 39, 41, 44, 11, 28, 27, 26, 21, 19, 45, 5, 6, 58, 34, 54, 60, 10, 15, 17, 16, 18, 37, 57, 62, 23, 59, 25];3018.0
8703.0;[20, 14, 47, 36, 8, 40, 7, 10, 29, 22, 23, 49, 59, 24, 51, 30, 33, 64, 38, 2, 4, 6, 39, 5, 60, 13, 16, 17, 18, 0, 61, 28, 27, 21, 48, 25, 63, 55, 56, 32, 53, 31, 62, 52, 54, 15, 46, 42, 9, 43, 41, 44, 11, 45, 1, 57, 58, 34, 3, 37, 50, 26, 19, 12, 35];2868.0
8891.0;[19, 46, 64, 34, 57, 4, 39, 6, 58, 2, 3, 0, 60, 10, 36, 40, 9, 1, 37, 28, 50, 29, 32, 54, 61, 27, 26, 63, 51, 24, 25, 22, 23, 42, 11, 45, 13, 16, 17, 12, 35, 48, 49, 59, 30, 31, 55, 18, 15, 14, 47, 5, 7, 8, 41, 43, 44, 53, 62, 52, 33, 56, 38, 21, 20];3176.0
8493.0;[7, 22, 59, 52, 53, 62, 51, 24, 63, 54, 61, 1, 37, 34, 56, 38, 2, 13, 43, 41, 9, 44, 11, 12, 35, 30, 31, 55, 33, 32, 18, 17, 16, 46, 45, 42, 20, 21, 48, 8, 40, 0, 29, 25, 23, 49, 28, 50, 64, 57, 3, 15, 14, 47, 58, 4, 6, 39, 5, 60, 27, 26, 19, 10, 36];3529.0
8595.0;[9, 42, 43, 10, 7, 15, 26, 59, 25, 22, 35, 20, 46, 14, 47, 5, 6, 58, 34, 57, 31, 32, 28, 50, 54, 56, 55, 33, 38, 36, 8, 40, 44, 48, 49, 29, 52, 30, 24, 1, 37, 2, 3, 0, 27, 63, 18, 61, 53, 62, 51, 23, 21, 19, 45, 60, 13, 16, 17, 64, 4, 39, 11, 12, 41];3430.0
8730.0;[33, 56, 32, 54, 0, 36, 40, 41, 9, 42, 48, 49, 63, 29, 25, 22, 23, 30, 55, 38, 39, 6, 57, 58, 34, 4, 5, 7, 8, 10, 43, 44, 11, 16, 17, 13, 46, 45, 14, 47, 60, 15, 1, 3, 37, 50, 52, 51, 24, 26, 19, 12, 35, 20, 21, 59, 64, 2, 18, 61, 28, 27, 53, 31, 62];3056.0
8972.0;[44, 14, 6, 58, 4, 39, 5, 57, 53, 62, 52, 51, 48, 35, 20, 46, 60, 16, 18, 37, 3, 0, 36, 8, 47, 7, 40, 41, 9, 1, 34, 56, 64, 32, 25, 63, 61, 15, 42, 11, 45, 10, 13, 17, 50, 55, 33, 38, 2, 27, 21, 49, 59, 29, 54, 28, 26, 22, 23, 24, 30, 31, 19, 12, 43];3241.0
8587.0;[48, 22, 49, 59, 23, 30, 31, 62, 52, 53, 32, 55, 33, 54, 27, 21, 46, 5, 6, 57, 58, 56, 64, 38, 2, 3, 37, 61, 28, 50, 29, 51, 24, 25, 63, 26, 36, 8, 40, 41, 9, 60, 13, 15, 0, 18, 16, 17, 1, 34, 4, 39, 42, 12, 35, 20, 19, 45, 14, 47, 7, 10, 43, 44, 11];2788.0
2521.0;[29, 25, 23, 22, 59, 19, 46, 0, 61, 28, 1, 15, 42, 43, 44, 45, 12, 35, 20, 21, 48, 49, 24, 51, 30, 31, 32, 54, 50, 18, 17, 16, 27, 26, 63, 55, 62, 52, 53, 33, 38, 2, 3, 37, 64, 57, 58, 4, 39, 5, 36, 8, 40, 41, 9, 11, 10, 7, 60, 13, 14, 47, 6, 34, 56]
