ftv47
6100.0;[18, 36, 14, 13, 34, 35, 16, 45, 20, 9, 27, 28, 2, 4, 29, 30, 8, 11, 37, 39, 21, 40, 22, 41, 43, 42, 38, 17, 46, 15, 19, 44, 23, 7, 31, 5, 6, 10, 0, 25, 47, 26, 1, 33, 3, 24, 12, 32];2654.0
6730.0;[47, 22, 41, 28, 24, 4, 29, 2, 43, 42, 11, 8, 9, 33, 27, 3, 13, 23, 7, 31, 5, 30, 0, 26, 1, 25, 17, 46, 36, 45, 38, 37, 44, 19, 20, 18, 12, 32, 6, 10, 15, 16, 14, 34, 35, 39, 21, 40];2747.0
6501.0;[23, 12, 7, 31, 5, 4, 3, 2, 43, 22, 41, 19, 39, 21, 40, 47, 26, 42, 9, 33, 27, 28, 29, 30, 0, 1, 6, 24, 8, 11, 37, 38, 25, 18, 13, 34, 46, 36, 35, 32, 10, 45, 16, 14, 15, 44, 20, 17];2621.0
7138.0;[26, 1, 24, 30, 5, 4, 29, 46, 36, 14, 15, 44, 19, 39, 21, 47, 42, 22, 40, 20, 38, 18, 12, 32, 31, 6, 10, 37, 16, 45, 11, 8, 7, 23, 34, 35, 17, 13, 9, 27, 33, 28, 3, 2, 41, 43, 0, 25];2678.0
6739.0;[36, 23, 34, 13, 46, 16, 45, 20, 0, 25, 41, 43, 40, 47, 22, 44, 39, 19, 38, 37, 15, 35, 14, 21, 26, 9, 27, 28, 2, 42, 32, 7, 31, 5, 29, 30, 6, 8, 11, 18, 17, 12, 24, 4, 33, 3, 10, 1];2719.0
6762.0;[26, 28, 2, 25, 47, 22, 41, 43, 42, 40, 20, 37, 17, 34, 13, 46, 36, 45, 39, 44, 19, 38, 11, 8, 9, 33, 27, 3, 29, 30, 31, 7, 23, 35, 14, 15, 16, 21, 1, 24, 4, 5, 10, 18, 12, 32, 6, 0];2493.0
6757.0;[36, 35, 14, 15, 44, 19, 40, 47, 2, 41, 43, 42, 22, 17, 13, 34, 23, 12, 27, 28, 6, 8, 11, 0, 25, 38, 18, 46, 16, 45, 20, 37, 39, 21, 26, 1, 10, 32, 7, 31, 29, 30, 5, 9, 33, 3, 24, 4];2641.0
6843.0;[18, 36, 14, 34, 13, 35, 15, 44, 19, 21, 40, 20, 38, 17, 46, 39, 47, 26, 42, 28, 6, 31, 5, 32, 7, 23, 12, 0, 1, 4, 29, 30, 11, 8, 10, 24, 33, 2, 43, 22, 41, 16, 45, 25, 9, 27, 3, 37];2862.0
7179.0;[12, 13, 34, 46, 36, 14, 45, 39, 21, 47, 26, 19, 44, 15, 35, 23, 6, 9, 33, 4, 29, 30, 5, 0, 25, 20, 38, 18, 17, 22, 41, 43, 42, 24, 3, 27, 28, 2, 1, 32, 7, 31, 8, 11, 10, 37, 40, 16];2647.0
7082.0;[46, 16, 45, 21, 40, 38, 37, 39, 44, 19, 0, 25, 22, 20, 17, 36, 15, 35, 14, 23, 7, 31, 3, 2, 41, 43, 42, 1, 9, 10, 47, 26, 8, 32, 6, 11, 18, 13, 34, 12, 33, 27, 28, 24, 4, 29, 30, 5];2766.0
6826.0;[17, 45, 39, 21, 40, 41, 43, 28, 3, 24, 4, 29, 30, 6, 8, 11, 18, 12, 7, 23, 34, 15, 44, 19, 20, 46, 36, 16, 32, 9, 27, 10, 37, 38, 47, 26, 1, 13, 35, 14, 31, 5, 33, 2, 22, 42, 0, 25];2774.0
7072.0;[12, 7, 31, 4, 29, 24, 30, 5, 47, 26, 9, 27, 28, 2, 22, 20, 38, 18, 13, 34, 33, 3, 6, 0, 41, 43, 42, 1, 25, 36, 14, 15, 44, 19, 39, 21, 40, 11, 8, 32, 10, 37, 46, 16, 45, 17, 35, 23];2817.0
6883.0;[12, 7, 31, 5, 4, 3, 24, 29, 30, 8, 11, 26, 1, 9, 33, 27, 2, 43, 41, 42, 28, 6, 37, 19, 44, 15, 35, 14, 16, 13, 46, 36, 45, 39, 21, 40, 38, 0, 25, 47, 22, 20, 18, 34, 23, 32, 10, 17];2416.0
6347.0;[23, 12, 27, 2, 43, 22, 42, 24, 30, 5, 31, 4, 29, 6, 18, 13, 34, 46, 36, 15, 16, 19, 21, 40, 47, 26, 11, 8, 32, 7, 35, 14, 39, 28, 3, 10, 37, 17, 45, 20, 38, 0, 1, 25, 9, 33, 41, 44];2932.0
6291.0;[5, 33, 27, 42, 22, 26, 25, 1, 0, 10, 6, 24, 3, 37, 16, 45, 38, 18, 17, 36, 15, 19, 44, 21, 40, 20, 11, 8, 32, 7, 23, 46, 39, 47, 9, 28, 2, 41, 43, 13, 34, 35, 14, 12, 4, 29, 30, 31];2830.0
6402.0;[37, 39, 44, 21, 40, 41, 43, 18, 46, 36, 13, 12, 32, 6, 24, 4, 29, 3, 2, 47, 26, 22, 42, 1, 9, 33, 27, 28, 17, 15, 19, 38, 7, 23, 34, 35, 14, 16, 45, 20, 0, 25, 30, 31, 5, 8, 10, 11];2716.0
7585.0;[42, 28, 29, 30, 5, 7, 23, 13, 46, 15, 36, 14, 35, 34, 31, 8, 11, 10, 0, 25, 18, 17, 39, 21, 40, 47, 19, 44, 20, 38, 9, 33, 27, 43, 22, 26, 1, 37, 45, 16, 12, 32, 6, 24, 3, 4, 2, 41];2703.0
6802.0;[27, 17, 46, 36, 14, 23, 13, 12, 7, 31, 4, 29, 2, 28, 6, 0, 25, 10, 30, 5, 8, 11, 37, 39, 19, 44, 15, 45, 16, 20, 38, 47, 41, 43, 22, 42, 40, 34, 35, 21, 26, 1, 18, 32, 24, 3, 33, 9];2774.0
7070.0;[1, 11, 32, 31, 5, 4, 3, 33, 9, 27, 2, 43, 18, 46, 36, 16, 45, 39, 44, 21, 47, 26, 42, 28, 29, 30, 6, 8, 24, 10, 37, 13, 34, 23, 12, 7, 35, 14, 15, 17, 20, 38, 41, 19, 0, 25, 22, 40];2707.0
6187.0;[4, 29, 30, 5, 6, 8, 32, 24, 33, 2, 43, 42, 22, 41, 39, 19, 44, 7, 31, 37, 40, 47, 26, 1, 9, 27, 28, 3, 18, 14, 15, 45, 21, 20, 11, 10, 0, 25, 38, 17, 13, 23, 34, 35, 16, 46, 36, 12];2703.0
7334.0;[44, 15, 16, 31, 5, 9, 33, 27, 3, 8, 7, 34, 23, 13, 46, 36, 12, 32, 24, 2, 41, 43, 28, 4, 29, 30, 6, 26, 42, 1, 0, 25, 18, 17, 35, 14, 45, 39, 19, 38, 11, 10, 37, 40, 20, 21, 47, 22];2730.0
6986.0;[34, 23, 12, 9, 27, 33, 2, 28, 3, 29, 43, 41, 19, 44, 15, 7, 31, 30, 5, 24, 4, 17, 45, 39, 21, 26, 42, 40, 47, 22, 20, 37, 38, 13, 35, 16, 8, 11, 18, 46, 36, 14, 32, 6, 10, 0, 25, 1];2875.0
6346.0;[15, 47, 41, 43, 28, 24, 29, 30, 6, 8, 32, 13, 46, 36, 39, 21, 40, 26, 7, 23, 34, 35, 20, 38, 17, 45, 19, 44, 11, 9, 2, 22, 42, 1, 0, 25, 18, 12, 31, 5, 4, 33, 3, 27, 10, 37, 16, 14];2938.0
6808.0;[2, 43, 1, 6, 31, 30, 5, 4, 3, 32, 7, 23, 34, 13, 46, 36, 14, 15, 16, 35, 17, 12, 9, 33, 27, 24, 29, 18, 45, 39, 40, 47, 26, 20, 38, 37, 11, 8, 10, 0, 25, 22, 41, 19, 44, 21, 42, 28];2485.0
6904.0;[9, 27, 18, 13, 34, 15, 45, 16, 17, 12, 32, 10, 37, 39, 19, 44, 21, 41, 43, 28, 24, 4, 3, 33, 2, 22, 40, 47, 20, 38, 46, 36, 35, 14, 23, 7, 5, 31, 30, 29, 6, 26, 42, 0, 25, 1, 11, 8];2694.0
6394.0;[13, 46, 36, 39, 21, 40, 47, 26, 1, 9, 27, 28, 3, 29, 30, 33, 2, 41, 44, 15, 35, 14, 23, 7, 5, 31, 10, 0, 43, 42, 22, 20, 6, 24, 4, 37, 16, 45, 19, 38, 18, 12, 32, 8, 11, 25, 17, 34];2677.0
7001.0;[0, 24, 4, 9, 33, 27, 2, 41, 19, 44, 43, 42, 28, 3, 29, 30, 46, 36, 14, 23, 35, 45, 39, 21, 47, 26, 1, 25, 22, 40, 20, 18, 7, 31, 5, 6, 8, 11, 37, 15, 16, 17, 34, 13, 12, 32, 10, 38];2626.0
6677.0;[13, 32, 33, 27, 28, 4, 29, 2, 41, 43, 42, 20, 39, 19, 44, 15, 45, 38, 18, 17, 46, 16, 21, 40, 1, 11, 0, 25, 10, 24, 30, 5, 31, 8, 7, 23, 12, 37, 47, 22, 26, 9, 3, 6, 36, 14, 34, 35];2789.0
7081.0;[5, 0, 25, 1, 9, 2, 43, 22, 47, 26, 42, 33, 27, 28, 41, 39, 21, 40, 20, 19, 44, 13, 46, 36, 14, 45, 37, 38, 10, 24, 29, 30, 6, 11, 18, 35, 15, 16, 17, 3, 4, 8, 32, 7, 23, 34, 12, 31];2706.0
7475.0;[9, 33, 27, 2, 41, 43, 42, 28, 3, 4, 29, 31, 34, 35, 14, 16, 19, 44, 15, 17, 45, 0, 25, 24, 30, 5, 6, 10, 22, 40, 39, 21, 26, 8, 32, 7, 23, 13, 46, 36, 20, 38, 18, 12, 11, 37, 47, 1];2688.0
6587.0;[10, 26, 42, 24, 29, 30, 46, 36, 35, 14, 34, 23, 7, 31, 5, 4, 33, 2, 41, 39, 20, 16, 45, 21, 40, 18, 32, 3, 6, 9, 27, 28, 43, 22, 19, 44, 15, 17, 13, 12, 0, 25, 47, 1, 37, 38, 11, 8];2802.0
7033.0;[4, 33, 2, 43, 22, 40, 18, 34, 23, 12, 9, 27, 41, 21, 47, 42, 28, 3, 6, 8, 32, 7, 35, 15, 19, 44, 39, 26, 1, 0, 25, 24, 29, 30, 5, 17, 36, 14, 13, 46, 16, 45, 20, 38, 37, 11, 10, 31];2774.0
7152.0;[8, 6, 31, 7, 23, 14, 15, 45, 39, 20, 38, 18, 17, 13, 34, 35, 16, 12, 32, 37, 47, 26, 22, 1, 46, 36, 0, 25, 9, 27, 2, 44, 19, 21, 40, 41, 43, 42, 28, 3, 4, 29, 33, 24, 30, 5, 10, 11];2671.0
6797.0;[35, 14, 23, 32, 11, 17, 45, 19, 44, 15, 16, 34, 13, 12, 7, 31, 5, 30, 10, 0, 25, 47, 22, 40, 26, 28, 24, 29, 4, 3, 6, 8, 33, 9, 27, 18, 46, 39, 21, 41, 43, 2, 42, 1, 20, 37, 38, 36];2736.0
7170.0;[22, 40, 47, 41, 43, 19, 44, 15, 23, 12, 7, 31, 29, 30, 5, 35, 14, 34, 13, 32, 6, 25, 26, 28, 3, 46, 36, 16, 18, 17, 45, 39, 21, 20, 38, 37, 11, 0, 1, 10, 8, 9, 33, 27, 24, 4, 2, 42];2570.0
6017.0;[18, 17, 13, 46, 36, 14, 34, 7, 31, 30, 5, 29, 24, 4, 3, 27, 28, 8, 11, 0, 22, 40, 20, 15, 35, 16, 45, 19, 44, 23, 12, 32, 6, 10, 47, 26, 43, 42, 1, 9, 33, 2, 41, 39, 21, 38, 25, 37];2513.0
7103.0;[18, 46, 17, 36, 14, 34, 35, 16, 45, 39, 19, 44, 15, 13, 23, 7, 5, 31, 9, 33, 27, 2, 43, 22, 20, 38, 12, 32, 47, 41, 42, 1, 8, 11, 0, 25, 24, 29, 30, 6, 37, 21, 40, 26, 28, 4, 3, 10];2720.0
6300.0;[34, 13, 24, 4, 33, 9, 27, 29, 30, 3, 6, 8, 11, 18, 12, 7, 31, 5, 39, 21, 40, 41, 43, 42, 22, 19, 44, 15, 26, 1, 36, 35, 23, 32, 10, 0, 25, 37, 38, 46, 14, 16, 45, 47, 28, 2, 20, 17];2927.0
6784.0;[27, 7, 23, 34, 46, 36, 14, 15, 35, 16, 21, 41, 43, 42, 22, 1, 8, 10, 11, 38, 17, 13, 12, 32, 31, 18, 45, 44, 19, 20, 0, 25, 37, 39, 26, 28, 3, 33, 2, 40, 47, 6, 24, 4, 29, 30, 5, 9];2740.0
7405.0;[12, 9, 33, 27, 28, 2, 42, 3, 24, 4, 30, 29, 31, 5, 10, 11, 8, 32, 7, 23, 6, 0, 47, 26, 1, 25, 22, 40, 39, 19, 44, 20, 37, 38, 34, 35, 16, 45, 21, 41, 43, 18, 17, 36, 14, 13, 46, 15];2544.0
6713.0;[0, 25, 47, 28, 29, 30, 4, 3, 33, 27, 2, 41, 43, 22, 42, 13, 35, 14, 16, 45, 39, 21, 40, 26, 1, 9, 24, 32, 7, 12, 31, 5, 6, 10, 18, 17, 8, 11, 46, 36, 23, 34, 15, 19, 44, 20, 38, 37];2643.0
6316.0;[41, 44, 15, 45, 20, 19, 39, 21, 40, 37, 38, 18, 17, 12, 10, 9, 33, 27, 2, 43, 22, 42, 25, 1, 11, 8, 32, 7, 35, 14, 0, 47, 26, 28, 3, 24, 6, 23, 34, 13, 46, 36, 16, 31, 30, 5, 4, 29];2724.0
6683.0;[13, 34, 12, 7, 23, 31, 4, 27, 36, 35, 14, 15, 45, 39, 21, 42, 28, 3, 10, 37, 38, 18, 17, 46, 16, 32, 6, 9, 33, 2, 43, 41, 19, 44, 20, 0, 22, 40, 47, 26, 24, 29, 30, 5, 8, 11, 25, 1];2761.0
6838.0;[27, 41, 44, 15, 13, 34, 23, 7, 31, 33, 2, 43, 42, 22, 40, 0, 25, 28, 24, 4, 29, 30, 5, 3, 18, 17, 46, 14, 35, 16, 12, 32, 6, 10, 36, 45, 19, 39, 20, 38, 37, 21, 47, 26, 1, 8, 11, 9];2700.0
6894.0;[40, 47, 26, 1, 10, 8, 35, 14, 39, 21, 41, 42, 28, 33, 27, 3, 4, 6, 32, 13, 34, 23, 24, 29, 30, 7, 31, 5, 9, 2, 43, 20, 18, 46, 36, 15, 44, 19, 38, 11, 0, 37, 16, 45, 17, 12, 25, 22];2900.0
6848.0;[44, 15, 35, 14, 13, 34, 46, 36, 23, 12, 7, 31, 5, 10, 37, 16, 45, 19, 20, 38, 17, 18, 39, 21, 40, 29, 30, 6, 8, 11, 32, 24, 4, 2, 41, 43, 42, 0, 1, 25, 47, 22, 26, 9, 3, 33, 27, 28];2694.0
6832.0;[13, 46, 36, 14, 15, 1, 9, 33, 27, 28, 3, 24, 4, 2, 43, 41, 44, 19, 39, 21, 20, 37, 38, 34, 35, 16, 45, 40, 47, 26, 22, 42, 29, 30, 5, 31, 6, 7, 23, 8, 11, 10, 0, 25, 18, 17, 12, 32];2497.0
6683.0;[21, 9, 27, 17, 13, 35, 34, 23, 12, 7, 31, 10, 18, 46, 36, 16, 47, 26, 22, 41, 43, 1, 0, 25, 37, 38, 42, 28, 2, 33, 3, 8, 32, 6, 24, 4, 29, 30, 5, 11, 45, 39, 40, 20, 14, 15, 19, 44];2815.0
7393.0;[25, 32, 31, 7, 23, 34, 35, 14, 46, 36, 39, 21, 40, 41, 43, 42, 28, 30, 5, 6, 10, 24, 3, 4, 29, 2, 19, 44, 15, 16, 20, 37, 47, 22, 26, 1, 11, 8, 9, 33, 27, 17, 45, 38, 18, 13, 12, 0];2721.0
6461.0;[12, 2, 43, 42, 40, 11, 32, 7, 31, 5, 4, 29, 33, 27, 28, 24, 30, 10, 0, 25, 47, 22, 41, 39, 21, 20, 13, 23, 34, 35, 14, 26, 1, 8, 9, 3, 6, 46, 16, 37, 38, 17, 45, 44, 19, 18, 36, 15];2975.0
6365.0;[47, 26, 9, 33, 27, 29, 30, 23, 34, 7, 31, 5, 8, 11, 38, 22, 42, 41, 43, 20, 13, 46, 36, 35, 14, 15, 16, 45, 39, 28, 4, 3, 10, 37, 21, 40, 1, 25, 18, 17, 24, 2, 19, 44, 12, 32, 6, 0];2962.0
5808.0;[33, 24, 29, 30, 5, 6, 0, 25, 37, 38, 47, 26, 43, 42, 1, 10, 8, 11, 18, 12, 2, 41, 19, 39, 21, 40, 22, 44, 20, 9, 27, 28, 7, 23, 46, 36, 14, 17, 34, 13, 35, 15, 45, 16, 32, 31, 4, 3];2684.0
6773.0;[23, 13, 46, 36, 14, 16, 45, 21, 40, 26, 42, 1, 0, 25, 20, 39, 47, 22, 41, 43, 38, 37, 34, 35, 15, 44, 19, 9, 27, 24, 4, 29, 3, 33, 2, 28, 8, 32, 6, 10, 11, 18, 17, 12, 31, 30, 5, 7];2457.0
6598.0;[36, 9, 33, 27, 28, 4, 29, 2, 42, 41, 43, 35, 14, 39, 47, 22, 40, 20, 38, 0, 25, 18, 12, 31, 5, 30, 10, 13, 34, 7, 23, 45, 21, 26, 1, 8, 32, 6, 37, 15, 16, 19, 44, 11, 24, 3, 17, 46];3180.0
6973.0;[11, 25, 47, 26, 22, 40, 41, 43, 42, 4, 29, 30, 31, 5, 46, 36, 45, 38, 37, 0, 1, 9, 33, 2, 20, 18, 34, 13, 12, 24, 27, 28, 3, 7, 23, 35, 14, 16, 39, 21, 19, 44, 15, 17, 32, 6, 10, 8];2676.0
6699.0;[13, 34, 46, 36, 23, 12, 7, 31, 5, 47, 40, 26, 1, 9, 27, 28, 33, 2, 43, 42, 41, 22, 20, 0, 25, 18, 17, 45, 11, 8, 32, 3, 24, 4, 29, 30, 6, 19, 44, 15, 39, 21, 16, 14, 35, 38, 10, 37];2769.0
6382.0;[41, 19, 44, 15, 23, 12, 34, 35, 14, 45, 39, 21, 47, 26, 42, 1, 25, 37, 18, 13, 46, 36, 16, 17, 7, 31, 24, 4, 3, 2, 43, 40, 20, 38, 10, 9, 33, 27, 28, 29, 30, 5, 8, 11, 32, 6, 0, 22];2304.0
6647.0;[23, 35, 14, 34, 12, 13, 46, 36, 16, 21, 26, 1, 9, 33, 27, 28, 3, 6, 31, 11, 8, 0, 25, 37, 18, 45, 39, 22, 41, 43, 20, 38, 10, 24, 29, 30, 5, 4, 2, 42, 40, 47, 19, 44, 15, 17, 32, 7];2475.0
6729.0;[39, 21, 26, 1, 31, 30, 5, 13, 35, 15, 6, 9, 33, 27, 28, 10, 37, 44, 19, 38, 46, 36, 45, 11, 8, 7, 23, 34, 14, 16, 24, 4, 3, 29, 2, 41, 43, 42, 20, 18, 17, 12, 32, 0, 25, 47, 22, 40];2899.0
6806.0;[6, 35, 14, 23, 46, 36, 16, 20, 0, 25, 1, 9, 27, 32, 7, 31, 30, 5, 8, 11, 37, 47, 26, 22, 42, 10, 18, 17, 4, 3, 33, 44, 19, 15, 12, 24, 29, 2, 41, 43, 40, 38, 13, 34, 45, 39, 21, 28];3130.0
6866.0;[47, 26, 28, 24, 3, 2, 42, 41, 43, 22, 19, 44, 15, 45, 21, 40, 20, 39, 37, 38, 18, 36, 14, 34, 23, 35, 16, 17, 7, 31, 4, 10, 8, 11, 0, 25, 1, 12, 32, 6, 9, 33, 27, 29, 30, 5, 13, 46];2663.0
7261.0;[11, 8, 33, 2, 43, 41, 19, 44, 15, 35, 14, 13, 34, 46, 36, 23, 7, 31, 4, 29, 30, 5, 17, 12, 32, 0, 1, 25, 18, 45, 16, 39, 21, 20, 9, 27, 28, 24, 3, 6, 10, 37, 38, 42, 22, 40, 47, 26];2555.0
7267.0;[21, 40, 42, 22, 47, 26, 39, 19, 44, 15, 16, 7, 31, 6, 9, 2, 41, 43, 28, 29, 30, 5, 8, 11, 37, 20, 38, 18, 12, 32, 24, 4, 33, 27, 3, 10, 1, 0, 25, 17, 34, 35, 23, 13, 46, 36, 14, 45];2443.0
6902.0;[22, 41, 39, 19, 44, 15, 16, 14, 35, 34, 13, 23, 32, 10, 0, 25, 47, 26, 42, 28, 33, 27, 2, 43, 20, 38, 11, 9, 24, 29, 30, 5, 6, 8, 18, 12, 7, 31, 4, 3, 37, 45, 21, 40, 1, 17, 46, 36];2689.0
6824.0;[30, 13, 34, 35, 14, 32, 6, 24, 3, 4, 33, 27, 28, 10, 18, 45, 39, 17, 46, 36, 23, 7, 31, 5, 8, 11, 37, 38, 20, 0, 25, 9, 2, 19, 44, 21, 41, 43, 42, 22, 26, 1, 47, 40, 15, 16, 12, 29];2843.0
6438.0;[41, 44, 15, 16, 46, 36, 14, 35, 23, 7, 31, 8, 11, 45, 19, 39, 21, 40, 20, 17, 34, 13, 32, 6, 3, 33, 27, 28, 2, 42, 1, 25, 37, 38, 18, 12, 24, 29, 4, 30, 5, 0, 26, 10, 9, 43, 22, 47];2613.0
6967.0;[7, 23, 35, 14, 16, 45, 39, 21, 26, 42, 1, 33, 9, 27, 28, 2, 43, 22, 41, 31, 5, 4, 29, 30, 10, 37, 38, 47, 40, 20, 0, 25, 19, 44, 15, 13, 46, 36, 34, 24, 3, 6, 8, 11, 18, 17, 12, 32];2499.0
6390.0;[10, 31, 5, 13, 46, 36, 14, 34, 32, 24, 4, 29, 30, 8, 11, 9, 33, 27, 28, 2, 43, 42, 3, 6, 18, 17, 45, 21, 40, 41, 19, 44, 15, 12, 7, 23, 35, 16, 39, 47, 22, 26, 1, 0, 25, 20, 38, 37];2523.0
7020.0;[31, 27, 28, 2, 41, 43, 30, 5, 9, 33, 3, 4, 6, 0, 42, 22, 40, 20, 38, 18, 17, 46, 16, 45, 11, 8, 10, 37, 39, 19, 44, 21, 47, 26, 1, 25, 13, 34, 12, 32, 24, 29, 36, 14, 35, 15, 23, 7];2706.0
6911.0;[34, 35, 45, 39, 21, 40, 12, 7, 31, 0, 47, 26, 1, 25, 6, 30, 5, 10, 37, 13, 23, 32, 9, 33, 27, 28, 18, 46, 36, 14, 16, 19, 44, 15, 17, 20, 38, 41, 2, 43, 22, 42, 11, 8, 24, 4, 29, 3];2910.0
6619.0;[15, 12, 7, 23, 32, 10, 47, 41, 43, 42, 28, 2, 3, 4, 29, 8, 11, 0, 25, 18, 36, 14, 35, 16, 45, 17, 13, 34, 46, 39, 21, 22, 40, 26, 1, 9, 33, 27, 24, 30, 5, 31, 6, 37, 38, 20, 19, 44];2428.0
7055.0;[35, 41, 43, 22, 19, 44, 15, 18, 17, 13, 12, 7, 23, 46, 36, 14, 16, 45, 39, 21, 47, 26, 9, 27, 2, 1, 25, 40, 20, 38, 0, 42, 28, 3, 24, 4, 6, 8, 32, 31, 30, 5, 29, 33, 10, 11, 37, 34];2543.0
6916.0;[41, 42, 28, 7, 23, 4, 29, 30, 5, 31, 6, 8, 11, 0, 25, 18, 46, 36, 35, 14, 15, 16, 17, 34, 13, 12, 32, 9, 33, 27, 10, 37, 45, 19, 44, 39, 21, 40, 47, 26, 1, 20, 38, 24, 3, 2, 43, 22];2454.0
6793.0;[18, 36, 14, 13, 34, 35, 16, 17, 46, 45, 21, 47, 26, 42, 41, 43, 1, 9, 28, 2, 40, 38, 0, 25, 22, 44, 15, 23, 12, 6, 24, 4, 3, 29, 30, 5, 33, 27, 8, 11, 32, 7, 31, 10, 37, 19, 39, 20];2606.0
6833.0;[47, 26, 1, 27, 28, 9, 33, 2, 42, 22, 13, 34, 35, 39, 19, 44, 20, 18, 23, 12, 31, 29, 30, 5, 6, 37, 38, 46, 14, 16, 17, 36, 21, 25, 11, 8, 32, 7, 15, 45, 10, 24, 3, 4, 0, 41, 43, 40];3076.0
6836.0;[4, 27, 28, 2, 42, 44, 19, 17, 36, 16, 45, 39, 41, 43, 21, 26, 11, 8, 7, 23, 35, 15, 12, 32, 6, 0, 22, 40, 47, 25, 1, 9, 33, 3, 10, 37, 20, 38, 18, 13, 46, 14, 34, 24, 29, 30, 31, 5];2755.0
6575.0;[41, 43, 42, 28, 30, 5, 31, 37, 38, 13, 12, 32, 6, 9, 33, 2, 10, 35, 14, 16, 18, 17, 24, 4, 29, 8, 11, 0, 25, 47, 22, 44, 19, 20, 26, 1, 27, 3, 7, 23, 34, 46, 36, 15, 45, 39, 21, 40];2693.0
6729.0;[7, 31, 5, 9, 33, 27, 3, 24, 4, 14, 15, 13, 34, 35, 16, 45, 19, 44, 39, 21, 40, 22, 42, 2, 41, 43, 20, 38, 18, 17, 12, 32, 6, 10, 37, 47, 26, 28, 29, 30, 8, 11, 0, 1, 25, 46, 36, 23];2487.0
7383.0;[45, 20, 41, 43, 40, 47, 9, 27, 28, 24, 4, 8, 11, 38, 37, 19, 44, 15, 16, 35, 14, 34, 13, 12, 7, 31, 5, 30, 6, 10, 18, 17, 46, 23, 32, 29, 3, 33, 2, 42, 22, 39, 21, 26, 25, 1, 0, 36];2636.0
6779.0;[20, 37, 9, 33, 27, 28, 2, 43, 22, 38, 18, 17, 12, 7, 23, 13, 46, 36, 15, 16, 45, 47, 42, 30, 31, 5, 0, 25, 1, 10, 11, 8, 32, 34, 35, 14, 39, 21, 40, 26, 6, 24, 4, 29, 3, 41, 19, 44];2501.0
6330.0;[37, 16, 45, 39, 21, 12, 7, 23, 35, 14, 34, 33, 27, 28, 29, 30, 31, 5, 2, 41, 43, 40, 47, 26, 1, 9, 3, 36, 15, 44, 19, 20, 10, 11, 8, 18, 17, 46, 13, 32, 6, 24, 4, 0, 25, 42, 22, 38];2893.0
6428.0;[34, 35, 15, 39, 21, 40, 44, 19, 20, 18, 17, 45, 22, 41, 43, 42, 28, 2, 3, 24, 29, 30, 31, 7, 23, 12, 32, 6, 47, 26, 1, 36, 16, 38, 9, 33, 27, 4, 5, 8, 11, 10, 0, 25, 37, 46, 14, 13];2666.0
6825.0;[1, 24, 29, 30, 0, 25, 36, 16, 32, 33, 27, 31, 5, 4, 3, 18, 13, 46, 14, 35, 45, 20, 11, 10, 8, 7, 34, 23, 12, 2, 43, 42, 22, 41, 40, 38, 37, 19, 44, 15, 17, 6, 9, 28, 47, 26, 39, 21];3192.0
6863.0;[18, 17, 12, 24, 29, 30, 31, 7, 23, 13, 46, 36, 32, 6, 9, 33, 27, 2, 43, 41, 44, 19, 21, 40, 28, 3, 4, 5, 34, 35, 14, 20, 11, 0, 25, 47, 22, 42, 10, 8, 15, 16, 45, 39, 26, 1, 37, 38];2730.0
7353.0;[36, 21, 41, 43, 19, 44, 15, 16, 45, 39, 26, 1, 9, 27, 6, 10, 17, 13, 12, 32, 24, 29, 30, 8, 11, 47, 22, 40, 38, 18, 34, 23, 7, 31, 5, 4, 3, 33, 2, 42, 28, 37, 14, 35, 20, 0, 25, 46];2784.0
6362.0;[27, 2, 42, 41, 43, 22, 44, 15, 16, 35, 14, 34, 23, 13, 46, 36, 40, 47, 26, 1, 8, 11, 37, 19, 20, 38, 12, 32, 6, 10, 0, 25, 18, 7, 31, 9, 33, 17, 45, 39, 21, 28, 29, 30, 5, 4, 3, 24];2710.0
6387.0;[39, 21, 40, 26, 9, 33, 27, 28, 3, 2, 41, 43, 22, 20, 38, 37, 17, 13, 12, 31, 5, 7, 23, 34, 46, 16, 45, 19, 44, 11, 8, 32, 6, 0, 25, 10, 29, 30, 47, 42, 1, 24, 4, 18, 36, 14, 35, 15];2691.0
7258.0;[24, 3, 33, 27, 4, 29, 31, 23, 34, 15, 44, 19, 0, 25, 1, 10, 18, 12, 7, 35, 21, 40, 47, 22, 41, 42, 28, 30, 5, 9, 2, 43, 16, 17, 36, 14, 13, 46, 45, 39, 20, 37, 38, 26, 11, 8, 32, 6];2837.0
7361.0;[19, 44, 15, 13, 34, 35, 16, 18, 17, 46, 36, 14, 45, 11, 8, 9, 24, 4, 3, 33, 27, 6, 31, 5, 1, 25, 42, 28, 2, 29, 30, 10, 37, 39, 21, 22, 40, 20, 38, 12, 32, 7, 23, 0, 41, 43, 47, 26];2699.0
6412.0;[10, 0, 25, 26, 1, 29, 30, 31, 5, 7, 23, 34, 19, 39, 21, 40, 47, 22, 38, 18, 17, 13, 46, 36, 14, 12, 3, 27, 28, 41, 43, 44, 15, 16, 35, 45, 20, 37, 24, 4, 6, 9, 33, 2, 42, 11, 8, 32];2747.0
6444.0;[20, 38, 46, 36, 45, 39, 19, 0, 25, 7, 23, 32, 9, 27, 3, 37, 16, 14, 13, 34, 35, 15, 21, 47, 22, 40, 1, 11, 8, 24, 29, 30, 4, 33, 41, 44, 12, 31, 5, 6, 10, 18, 17, 26, 42, 28, 2, 43];3063.0
7080.0;[12, 32, 6, 31, 7, 23, 13, 46, 36, 45, 21, 47, 1, 9, 27, 2, 41, 43, 40, 26, 28, 4, 29, 3, 18, 34, 35, 14, 15, 19, 44, 39, 0, 25, 10, 11, 8, 24, 30, 5, 33, 42, 22, 20, 37, 38, 17, 16];2650.0
6251.0;[24, 4, 29, 30, 31, 5, 37, 39, 19, 44, 21, 47, 22, 40, 26, 1, 25, 41, 42, 28, 3, 7, 23, 6, 10, 13, 35, 14, 34, 32, 9, 33, 2, 43, 20, 16, 17, 12, 8, 11, 18, 46, 36, 15, 45, 38, 0, 27];2789.0
6509.0;[26, 31, 7, 23, 46, 36, 14, 45, 9, 28, 2, 41, 19, 44, 15, 16, 12, 32, 6, 18, 17, 13, 34, 35, 29, 30, 5, 24, 4, 3, 33, 27, 43, 42, 1, 25, 22, 40, 38, 37, 11, 8, 10, 0, 20, 39, 21, 47];2708.0
6439.0;[14, 16, 12, 7, 23, 34, 15, 19, 44, 21, 22, 29, 30, 3, 24, 4, 2, 41, 43, 42, 1, 9, 33, 27, 28, 25, 37, 38, 40, 20, 18, 17, 13, 46, 45, 39, 47, 26, 11, 8, 32, 6, 31, 5, 10, 0, 36, 35];2634.0
6422.0;[7, 23, 46, 36, 15, 19, 44, 41, 43, 40, 47, 26, 24, 4, 29, 30, 31, 5, 10, 0, 25, 1, 18, 17, 32, 33, 2, 42, 22, 20, 37, 39, 21, 28, 3, 6, 13, 35, 14, 34, 12, 8, 11, 16, 45, 38, 9, 27];2906.0
6733.0;[33, 41, 39, 21, 40, 47, 22, 19, 44, 15, 23, 34, 13, 35, 16, 17, 12, 7, 5, 31, 8, 11, 37, 38, 0, 10, 32, 3, 27, 28, 2, 43, 42, 25, 18, 46, 36, 14, 45, 20, 26, 1, 24, 4, 29, 30, 6, 9];2488.0
7394.0;[12, 32, 9, 33, 27, 28, 2, 43, 47, 26, 42, 1, 22, 41, 21, 40, 39, 19, 44, 10, 11, 8, 34, 13, 23, 7, 31, 4, 3, 24, 29, 30, 5, 6, 46, 36, 35, 14, 15, 45, 20, 37, 38, 0, 25, 18, 17, 16];2470.0
6746.0;[0, 22, 41, 43, 17, 36, 15, 45, 39, 19, 44, 34, 13, 46, 16, 21, 40, 38, 18, 12, 9, 33, 27, 2, 42, 28, 3, 6, 47, 26, 32, 7, 31, 25, 1, 24, 29, 23, 35, 14, 20, 37, 11, 10, 8, 4, 30, 5];3054.0
6543.0;[30, 7, 23, 12, 10, 0, 25, 47, 26, 41, 43, 42, 3, 4, 29, 33, 27, 8, 11, 37, 39, 19, 44, 15, 16, 17, 13, 46, 36, 14, 45, 9, 28, 2, 22, 40, 20, 38, 18, 21, 1, 34, 35, 32, 31, 5, 6, 24];2673.0
7475.0;[16, 17, 46, 36, 14, 15, 35, 7, 31, 5, 3, 24, 4, 29, 30, 45, 39, 21, 27, 28, 2, 43, 42, 40, 20, 37, 10, 11, 8, 6, 9, 33, 41, 44, 19, 38, 18, 13, 34, 23, 12, 32, 0, 26, 1, 25, 47, 22];2688.0
6788.0;[31, 5, 10, 37, 38, 17, 13, 46, 36, 14, 15, 19, 44, 39, 21, 20, 16, 34, 23, 24, 29, 30, 4, 3, 0, 47, 22, 40, 26, 1, 25, 11, 8, 32, 7, 35, 45, 9, 33, 27, 2, 41, 43, 42, 28, 18, 12, 6];2645.0
7241.0;[7, 23, 34, 13, 9, 33, 27, 3, 24, 4, 29, 2, 41, 43, 22, 42, 28, 31, 30, 5, 37, 39, 21, 40, 17, 45, 19, 44, 15, 35, 16, 20, 38, 0, 47, 26, 1, 46, 36, 14, 32, 6, 10, 8, 11, 25, 18, 12];2547.0
6423.0;[18, 34, 13, 12, 32, 30, 31, 5, 24, 4, 9, 33, 27, 2, 28, 29, 3, 6, 37, 38, 35, 14, 39, 47, 41, 43, 42, 22, 26, 1, 10, 11, 8, 7, 23, 15, 16, 45, 19, 44, 21, 40, 20, 17, 46, 36, 0, 25];2601.0
6972.0;[38, 11, 7, 23, 13, 46, 36, 21, 42, 41, 43, 19, 39, 47, 22, 40, 26, 18, 34, 35, 12, 3, 24, 4, 29, 30, 33, 2, 28, 10, 17, 14, 16, 45, 44, 15, 32, 31, 5, 6, 8, 0, 25, 1, 9, 27, 37, 20];2918.0
7177.0;[35, 45, 44, 19, 41, 43, 42, 28, 2, 1, 9, 33, 27, 3, 6, 24, 4, 29, 30, 5, 31, 8, 11, 37, 47, 26, 10, 32, 7, 34, 23, 12, 46, 36, 14, 15, 16, 17, 39, 21, 40, 22, 20, 38, 0, 25, 18, 13];2386.0
7682.0;[6, 47, 41, 44, 19, 39, 21, 40, 26, 42, 28, 2, 43, 22, 9, 27, 3, 7, 23, 32, 0, 25, 1, 46, 36, 14, 34, 35, 15, 16, 45, 13, 31, 5, 33, 24, 29, 4, 30, 10, 37, 20, 38, 11, 8, 18, 17, 12];2837.0
7142.0;[47, 22, 41, 44, 19, 11, 8, 9, 33, 27, 18, 36, 14, 34, 13, 46, 23, 7, 31, 5, 24, 4, 2, 43, 40, 20, 38, 42, 28, 29, 30, 37, 15, 16, 17, 12, 32, 35, 45, 39, 21, 26, 1, 3, 6, 10, 0, 25];2755.0
6895.0;[32, 7, 23, 46, 36, 14, 34, 13, 12, 31, 9, 33, 27, 2, 42, 1, 35, 16, 39, 21, 22, 40, 20, 38, 47, 26, 19, 44, 15, 6, 24, 29, 30, 5, 0, 25, 41, 43, 28, 3, 4, 10, 18, 17, 45, 37, 11, 8];2671.0
6578.0;[7, 23, 34, 13, 35, 45, 47, 42, 22, 41, 44, 15, 19, 39, 21, 40, 28, 3, 24, 4, 29, 6, 36, 14, 16, 12, 32, 10, 26, 1, 11, 8, 9, 33, 27, 2, 43, 20, 38, 0, 25, 37, 18, 46, 17, 31, 30, 5];2663.0
6247.0;[45, 20, 37, 39, 21, 40, 47, 22, 16, 35, 14, 15, 23, 34, 13, 46, 36, 12, 9, 2, 41, 43, 42, 28, 29, 30, 8, 11, 32, 7, 31, 5, 24, 4, 3, 33, 27, 6, 44, 19, 38, 0, 25, 26, 1, 10, 18, 17];2548.0
7133.0;[22, 42, 28, 3, 33, 2, 43, 41, 39, 19, 44, 15, 17, 36, 23, 7, 31, 5, 29, 30, 32, 12, 46, 45, 21, 40, 26, 1, 0, 25, 20, 38, 11, 8, 10, 18, 13, 34, 35, 14, 16, 9, 27, 24, 4, 6, 37, 47];2637.0
6463.0;[7, 23, 35, 20, 37, 19, 44, 39, 21, 40, 47, 26, 42, 3, 24, 4, 29, 30, 31, 5, 46, 36, 14, 13, 34, 12, 32, 9, 33, 27, 28, 2, 41, 43, 22, 1, 6, 10, 8, 11, 18, 17, 15, 16, 45, 38, 0, 25];2452.0
6309.0;[31, 7, 23, 34, 35, 14, 16, 46, 36, 15, 45, 19, 44, 20, 24, 29, 33, 9, 27, 28, 2, 4, 3, 10, 18, 17, 32, 8, 11, 0, 25, 47, 26, 1, 22, 41, 43, 42, 39, 21, 37, 40, 38, 13, 12, 6, 30, 5];2590.0
6807.0;[15, 13, 34, 23, 7, 31, 5, 4, 29, 30, 41, 43, 40, 20, 16, 46, 45, 39, 47, 22, 19, 44, 21, 26, 8, 10, 11, 0, 25, 1, 18, 17, 12, 32, 37, 38, 9, 27, 28, 3, 6, 24, 33, 2, 42, 36, 35, 14];2739.0
6163.0;[19, 47, 26, 1, 34, 23, 12, 32, 24, 4, 29, 10, 18, 13, 46, 36, 20, 25, 22, 42, 41, 39, 21, 40, 28, 3, 6, 37, 38, 0, 9, 33, 27, 30, 31, 5, 8, 11, 35, 14, 15, 16, 45, 17, 7, 2, 43, 44];2930.0
7261.0;[38, 41, 43, 42, 28, 9, 33, 27, 2, 3, 0, 25, 47, 26, 1, 37, 19, 44, 18, 17, 31, 5, 24, 4, 29, 30, 8, 32, 7, 23, 46, 36, 35, 14, 15, 16, 34, 13, 12, 6, 11, 10, 45, 39, 21, 40, 22, 20];2547.0
6571.0;[37, 40, 22, 41, 43, 19, 44, 46, 36, 16, 45, 39, 21, 28, 24, 30, 5, 4, 29, 2, 42, 1, 25, 9, 33, 27, 3, 17, 13, 14, 20, 38, 0, 47, 26, 31, 7, 23, 32, 6, 10, 18, 34, 35, 15, 12, 8, 11];2855.0
6326.0;[7, 23, 34, 13, 46, 36, 35, 14, 12, 9, 33, 27, 28, 10, 0, 42, 22, 40, 20, 38, 37, 31, 30, 5, 25, 47, 41, 19, 44, 15, 16, 17, 24, 4, 29, 18, 45, 39, 21, 26, 1, 8, 6, 3, 2, 43, 11, 32];2712.0
6840.0;[28, 4, 29, 30, 5, 6, 9, 27, 3, 0, 25, 35, 14, 16, 39, 19, 44, 21, 40, 26, 1, 10, 8, 11, 32, 7, 31, 23, 34, 46, 36, 15, 45, 38, 18, 17, 13, 12, 24, 33, 2, 43, 20, 37, 47, 22, 42, 41];2575.0
7400.0;[10, 47, 22, 40, 16, 45, 39, 21, 20, 18, 17, 32, 6, 8, 11, 37, 13, 34, 35, 14, 9, 33, 27, 29, 30, 5, 4, 3, 2, 43, 41, 19, 44, 15, 46, 36, 38, 0, 25, 1, 26, 42, 28, 24, 31, 7, 23, 12];2709.0
6710.0;[31, 5, 29, 30, 4, 3, 24, 33, 9, 27, 28, 2, 42, 40, 37, 38, 47, 41, 43, 22, 18, 17, 46, 36, 16, 45, 19, 44, 15, 20, 39, 21, 26, 1, 8, 11, 13, 23, 12, 34, 35, 14, 32, 6, 10, 0, 25, 7];2529.0
7085.0;[42, 9, 33, 3, 29, 30, 5, 31, 7, 23, 32, 6, 0, 1, 25, 36, 14, 15, 35, 16, 17, 46, 45, 20, 18, 34, 13, 12, 27, 28, 24, 4, 2, 22, 40, 19, 44, 39, 21, 10, 8, 11, 37, 38, 47, 26, 41, 43];2648.0
6781.0;[27, 24, 4, 3, 8, 32, 7, 31, 10, 18, 17, 36, 35, 14, 39, 21, 20, 11, 25, 47, 40, 26, 1, 37, 16, 45, 44, 19, 38, 0, 41, 43, 22, 42, 28, 29, 30, 5, 23, 34, 13, 46, 15, 12, 6, 9, 33, 2];2688.0
6985.0;[24, 29, 30, 5, 10, 13, 35, 45, 39, 26, 1, 9, 33, 27, 28, 2, 41, 43, 22, 40, 20, 38, 37, 18, 36, 14, 15, 34, 23, 12, 7, 31, 8, 11, 0, 17, 46, 16, 32, 6, 25, 47, 19, 44, 21, 42, 3, 4];2567.0
6741.0;[8, 7, 31, 9, 33, 46, 36, 16, 39, 21, 19, 44, 15, 35, 14, 20, 27, 2, 42, 1, 13, 34, 23, 45, 38, 0, 25, 10, 24, 29, 30, 5, 47, 26, 28, 3, 4, 6, 11, 37, 18, 17, 12, 32, 22, 40, 41, 43];3223.0
6891.0;[6, 9, 33, 27, 28, 2, 43, 20, 0, 25, 26, 1, 8, 10, 11, 37, 16, 39, 21, 22, 40, 47, 41, 42, 4, 29, 31, 30, 5, 7, 23, 34, 35, 15, 45, 44, 19, 38, 18, 17, 13, 46, 36, 14, 12, 32, 24, 3];2364.0
7164.0;[11, 10, 46, 36, 15, 44, 19, 38, 29, 30, 7, 31, 5, 0, 22, 47, 26, 28, 2, 41, 39, 21, 40, 24, 4, 6, 16, 14, 23, 13, 34, 35, 45, 20, 37, 18, 17, 12, 32, 3, 43, 42, 1, 25, 9, 33, 27, 8];2945.0
7082.0;[18, 12, 7, 23, 13, 34, 46, 36, 14, 31, 5, 6, 10, 37, 47, 41, 43, 40, 20, 38, 17, 35, 16, 45, 21, 26, 9, 33, 3, 39, 44, 15, 32, 24, 29, 30, 4, 0, 25, 1, 11, 8, 27, 28, 2, 42, 22, 19];2765.0
6965.0;[16, 29, 30, 5, 8, 11, 10, 0, 25, 1, 18, 46, 36, 14, 45, 21, 47, 26, 27, 28, 24, 4, 2, 43, 42, 41, 40, 22, 20, 38, 17, 12, 32, 31, 7, 23, 35, 19, 39, 13, 34, 6, 9, 33, 3, 37, 44, 15];2903.0
7182.0;[33, 3, 35, 15, 16, 45, 39, 21, 41, 43, 42, 22, 26, 1, 47, 40, 20, 19, 44, 7, 31, 5, 29, 30, 10, 0, 25, 27, 2, 28, 37, 38, 18, 17, 46, 36, 14, 23, 32, 24, 4, 6, 8, 11, 34, 13, 12, 9];2779.0
6408.0;[21, 41, 43, 22, 44, 19, 20, 0, 25, 8, 11, 9, 27, 33, 7, 23, 35, 14, 34, 13, 12, 46, 15, 16, 17, 32, 24, 3, 4, 29, 30, 5, 31, 10, 45, 39, 26, 42, 28, 2, 6, 37, 38, 40, 47, 1, 18, 36];2836.0
7190.0;[17, 46, 36, 15, 45, 27, 28, 2, 43, 16, 14, 35, 23, 34, 13, 12, 7, 31, 4, 29, 3, 0, 25, 47, 42, 22, 20, 38, 37, 41, 19, 44, 11, 9, 33, 8, 32, 6, 18, 39, 21, 40, 26, 1, 10, 24, 30, 5];2869.0
6845.0;[19, 44, 15, 35, 14, 16, 45, 39, 20, 18, 34, 13, 23, 12, 32, 25, 47, 22, 40, 37, 38, 11, 8, 6, 24, 29, 30, 4, 3, 33, 2, 43, 42, 26, 1, 9, 27, 28, 7, 31, 5, 10, 0, 17, 46, 36, 21, 41];2532.0
6656.0;[25, 13, 34, 7, 23, 31, 5, 4, 3, 27, 2, 28, 18, 46, 36, 14, 35, 15, 12, 24, 29, 30, 6, 38, 37, 47, 40, 20, 17, 32, 8, 11, 10, 9, 33, 45, 16, 39, 22, 41, 43, 42, 44, 19, 21, 26, 1, 0];2920.0
6923.0;[17, 46, 36, 15, 44, 19, 39, 21, 13, 34, 23, 12, 7, 35, 14, 16, 45, 41, 43, 40, 47, 26, 1, 8, 11, 32, 9, 2, 28, 33, 27, 30, 31, 5, 10, 0, 25, 22, 42, 24, 29, 4, 3, 6, 37, 38, 20, 18];2572.0
7206.0;[43, 42, 1, 25, 37, 39, 21, 40, 26, 13, 46, 36, 14, 15, 19, 44, 20, 24, 4, 29, 30, 31, 5, 7, 23, 34, 35, 12, 32, 6, 3, 0, 47, 22, 18, 17, 16, 45, 38, 11, 8, 10, 9, 33, 27, 28, 2, 41];2458.0
5907.0;[18, 7, 23, 13, 46, 36, 14, 15, 45, 21, 26, 1, 25, 34, 35, 16, 17, 12, 27, 28, 2, 29, 30, 5, 31, 6, 32, 9, 33, 3, 24, 4, 10, 37, 38, 39, 44, 19, 20, 8, 11, 0, 22, 40, 47, 41, 43, 42];2614.0
6306.0;[2, 43, 40, 22, 15, 23, 34, 35, 45, 39, 21, 9, 33, 1, 47, 41, 19, 44, 38, 11, 7, 31, 5, 10, 18, 17, 32, 24, 4, 29, 30, 8, 0, 25, 26, 42, 28, 3, 6, 46, 36, 14, 16, 20, 37, 13, 12, 27];3057.0
6327.0;[46, 36, 23, 9, 33, 27, 28, 2, 1, 0, 25, 41, 43, 22, 20, 12, 7, 31, 5, 37, 38, 47, 26, 42, 3, 4, 24, 29, 30, 10, 39, 21, 40, 35, 14, 34, 13, 32, 6, 44, 19, 15, 16, 45, 11, 8, 18, 17];2906.0
7582.0;[43, 41, 44, 19, 39, 21, 20, 16, 14, 15, 46, 36, 45, 47, 26, 42, 1, 9, 33, 27, 28, 3, 8, 32, 6, 24, 30, 5, 22, 40, 38, 37, 11, 10, 0, 25, 18, 17, 12, 7, 31, 4, 29, 34, 13, 35, 23, 2];2751.0
6820.0;[13, 34, 35, 14, 16, 46, 36, 45, 39, 21, 28, 3, 4, 33, 27, 24, 29, 30, 6, 8, 11, 18, 12, 32, 2, 42, 1, 7, 31, 5, 10, 0, 41, 19, 44, 15, 23, 9, 43, 40, 20, 37, 38, 25, 47, 26, 22, 17];2821.0
7254.0;[38, 13, 23, 7, 31, 9, 33, 27, 4, 18, 34, 35, 14, 15, 45, 16, 17, 12, 32, 8, 11, 46, 36, 21, 26, 1, 10, 24, 29, 30, 5, 6, 39, 19, 44, 20, 0, 25, 47, 22, 42, 28, 3, 2, 41, 43, 40, 37];2632.0
6781.0;[24, 4, 0, 25, 26, 1, 10, 9, 33, 2, 43, 22, 41, 42, 27, 28, 3, 8, 32, 46, 36, 16, 20, 37, 38, 13, 34, 35, 14, 23, 7, 5, 31, 29, 30, 6, 11, 18, 17, 45, 39, 19, 21, 40, 47, 44, 15, 12];2646.0
7118.0;[46, 36, 14, 45, 21, 40, 1, 18, 34, 13, 12, 9, 33, 27, 24, 4, 29, 30, 7, 23, 35, 39, 47, 26, 28, 10, 8, 11, 0, 25, 19, 44, 15, 16, 38, 37, 32, 6, 31, 5, 3, 2, 43, 42, 41, 22, 20, 17];2700.0
7028.0;[4, 29, 30, 5, 6, 17, 36, 14, 35, 34, 13, 46, 23, 3, 27, 28, 2, 43, 38, 18, 12, 32, 7, 31, 10, 0, 47, 41, 44, 19, 20, 11, 8, 9, 33, 37, 15, 16, 45, 39, 21, 40, 1, 25, 26, 22, 42, 24];2651.0
7154.0;[18, 34, 13, 46, 36, 14, 35, 15, 23, 12, 27, 28, 2, 42, 1, 32, 7, 31, 4, 29, 30, 5, 24, 3, 6, 37, 16, 17, 45, 41, 43, 22, 20, 0, 25, 47, 26, 21, 40, 39, 19, 44, 38, 11, 10, 8, 9, 33];2659.0
6463.0;[24, 29, 30, 31, 5, 4, 3, 33, 2, 43, 42, 1, 25, 8, 11, 18, 12, 7, 23, 34, 13, 32, 6, 0, 47, 22, 41, 21, 40, 26, 9, 27, 28, 10, 37, 38, 46, 36, 14, 35, 15, 17, 16, 45, 39, 19, 44, 20];2466.0
6923.0;[11, 8, 24, 4, 3, 27, 28, 18, 36, 16, 45, 39, 21, 40, 17, 13, 46, 47, 26, 34, 35, 14, 32, 31, 5, 30, 29, 2, 43, 22, 19, 20, 37, 38, 42, 9, 33, 41, 44, 15, 12, 7, 23, 6, 0, 1, 25, 10];3048.0
7117.0;[9, 33, 27, 28, 4, 30, 29, 2, 41, 43, 42, 20, 17, 15, 19, 44, 35, 14, 16, 45, 39, 21, 26, 18, 12, 7, 23, 46, 36, 34, 13, 32, 11, 8, 31, 5, 10, 37, 38, 0, 25, 22, 40, 47, 1, 24, 3, 6];2539.0
7388.0;[6, 4, 2, 43, 22, 20, 0, 1, 26, 42, 28, 3, 33, 41, 39, 21, 40, 10, 9, 27, 46, 36, 14, 35, 23, 7, 31, 5, 17, 34, 13, 8, 11, 24, 29, 30, 45, 16, 38, 25, 47, 19, 44, 15, 12, 32, 37, 18];3263.0
6740.0;[14, 15, 16, 45, 39, 21, 38, 11, 8, 7, 23, 35, 34, 13, 46, 36, 12, 32, 9, 33, 27, 28, 29, 30, 5, 31, 4, 6, 10, 0, 25, 1, 47, 26, 22, 40, 44, 19, 37, 18, 17, 24, 3, 2, 42, 41, 43, 20];2522.0
6786.0;[29, 30, 5, 31, 7, 23, 35, 15, 19, 44, 20, 37, 38, 18, 17, 45, 39, 21, 40, 41, 2, 43, 42, 22, 26, 11, 8, 36, 14, 16, 24, 3, 6, 10, 0, 25, 47, 1, 13, 46, 34, 12, 32, 9, 33, 27, 28, 4];2559.0
6066.0;[32, 24, 4, 6, 9, 33, 27, 28, 2, 3, 29, 30, 5, 10, 8, 46, 36, 23, 7, 31, 47, 26, 22, 40, 20, 0, 25, 41, 43, 42, 1, 11, 37, 38, 17, 45, 19, 44, 15, 35, 14, 16, 39, 21, 18, 13, 34, 12];2462.0
6754.0;[9, 33, 3, 6, 8, 24, 4, 27, 28, 2, 41, 43, 22, 20, 11, 10, 37, 38, 18, 17, 46, 36, 13, 32, 31, 29, 30, 5, 0, 26, 42, 19, 44, 15, 16, 12, 7, 23, 34, 35, 14, 45, 39, 21, 40, 47, 1, 25];2283.0
6110.0;[41, 43, 42, 19, 44, 25, 1, 9, 33, 27, 4, 8, 11, 18, 17, 36, 35, 14, 15, 16, 45, 0, 24, 29, 30, 5, 7, 31, 23, 34, 12, 32, 6, 10, 37, 38, 20, 39, 21, 47, 22, 40, 26, 28, 2, 3, 13, 46];2839.0
6325.0;[6, 0, 25, 9, 33, 2, 42, 1, 10, 32, 13, 23, 34, 35, 14, 15, 45, 39, 20, 38, 18, 46, 36, 16, 17, 12, 7, 31, 5, 24, 4, 27, 3, 8, 11, 37, 26, 22, 41, 43, 40, 47, 44, 19, 21, 28, 29, 30];2494.0
7113.0;[7, 23, 13, 46, 36, 14, 16, 45, 22, 41, 43, 44, 15, 35, 34, 32, 9, 33, 27, 28, 2, 42, 40, 26, 1, 47, 19, 39, 21, 20, 37, 38, 0, 25, 11, 8, 6, 24, 4, 3, 10, 18, 17, 12, 31, 5, 29, 30];2433.0
6489.0;[23, 6, 24, 3, 8, 32, 34, 13, 12, 7, 31, 5, 4, 29, 30, 10, 11, 9, 27, 28, 33, 2, 41, 39, 19, 44, 15, 16, 45, 21, 43, 42, 20, 38, 37, 0, 25, 47, 22, 40, 26, 1, 18, 35, 17, 46, 36, 14];2437.0
6672.0;[11, 32, 7, 23, 35, 34, 13, 12, 31, 30, 5, 37, 18, 46, 36, 14, 39, 21, 9, 33, 3, 27, 28, 2, 43, 42, 47, 26, 22, 41, 19, 44, 15, 17, 6, 8, 10, 24, 4, 29, 0, 25, 40, 16, 45, 20, 38, 1];2604.0
6756.0;[16, 45, 39, 0, 1, 25, 26, 41, 43, 42, 28, 4, 33, 27, 3, 8, 11, 10, 37, 38, 17, 34, 35, 21, 47, 22, 40, 20, 18, 12, 32, 24, 29, 30, 5, 6, 9, 2, 19, 44, 15, 23, 13, 46, 36, 7, 31, 14];2683.0
7092.0;[32, 7, 31, 29, 30, 5, 34, 13, 46, 14, 35, 16, 18, 17, 36, 15, 19, 44, 23, 12, 2, 43, 22, 20, 45, 39, 21, 40, 41, 42, 1, 11, 8, 9, 3, 6, 10, 37, 38, 0, 24, 4, 33, 27, 28, 25, 47, 26];2779.0
6976.0;[15, 16, 45, 39, 21, 40, 47, 26, 10, 31, 5, 8, 7, 23, 34, 35, 14, 46, 36, 20, 38, 9, 27, 11, 18, 13, 24, 29, 30, 2, 43, 42, 1, 25, 37, 0, 28, 4, 3, 33, 41, 22, 17, 12, 32, 6, 19, 44];2948.0
6907.0;[36, 14, 35, 15, 16, 45, 39, 22, 41, 19, 44, 21, 26, 1, 37, 20, 38, 18, 17, 32, 10, 8, 11, 0, 25, 13, 46, 34, 31, 5, 30, 6, 7, 23, 12, 27, 28, 24, 3, 4, 29, 2, 43, 42, 40, 47, 9, 33];2811.0
7128.0;[35, 14, 34, 23, 12, 32, 6, 10, 9, 27, 28, 2, 41, 43, 22, 42, 40, 26, 1, 24, 29, 30, 5, 7, 31, 8, 11, 0, 25, 18, 17, 46, 36, 15, 16, 45, 20, 19, 44, 39, 21, 47, 33, 3, 4, 37, 38, 13];2346.0
6603.0;[1, 10, 24, 3, 33, 2, 43, 38, 18, 13, 34, 12, 4, 29, 30, 5, 11, 37, 35, 14, 16, 45, 39, 21, 20, 17, 46, 36, 23, 32, 6, 0, 25, 9, 27, 28, 8, 7, 31, 26, 40, 47, 19, 44, 15, 22, 41, 42];2884.0
6589.0;[36, 45, 27, 28, 2, 42, 38, 34, 35, 19, 44, 47, 26, 22, 41, 43, 20, 16, 17, 32, 10, 37, 39, 21, 40, 1, 6, 29, 30, 5, 8, 11, 18, 14, 15, 12, 24, 4, 0, 25, 9, 33, 3, 31, 7, 23, 13, 46];2985.0
5852.0;[18, 36, 14, 45, 20, 38, 37, 10, 31, 30, 5, 4, 29, 7, 23, 13, 46, 21, 40, 42, 11, 8, 32, 24, 27, 28, 6, 0, 47, 26, 25, 1, 9, 33, 2, 41, 39, 19, 44, 15, 16, 17, 34, 35, 12, 3, 43, 22];2834.0
6404.0;[23, 12, 7, 31, 5, 8, 32, 22, 41, 19, 44, 39, 21, 38, 37, 0, 25, 9, 3, 29, 30, 6, 24, 4, 33, 27, 42, 1, 17, 46, 36, 16, 20, 11, 10, 18, 13, 35, 14, 15, 45, 40, 47, 26, 28, 2, 43, 34];2765.0
6829.0;[38, 9, 2, 28, 24, 29, 30, 4, 3, 33, 27, 18, 35, 14, 46, 36, 23, 7, 5, 25, 47, 22, 41, 43, 19, 44, 15, 45, 16, 12, 32, 31, 6, 0, 1, 8, 11, 37, 39, 21, 40, 17, 34, 13, 10, 26, 42, 20];2907.0
6471.0;[46, 45, 47, 40, 26, 9, 33, 2, 43, 42, 6, 10, 8, 11, 0, 1, 25, 37, 38, 18, 12, 32, 27, 28, 30, 5, 22, 41, 19, 44, 15, 7, 31, 4, 3, 24, 29, 36, 14, 23, 34, 35, 39, 21, 20, 16, 17, 13];2859.0
6487.0;[31, 27, 28, 2, 43, 42, 41, 44, 19, 15, 17, 13, 46, 14, 23, 3, 24, 4, 29, 30, 5, 36, 16, 45, 47, 26, 1, 10, 11, 8, 6, 9, 33, 0, 18, 34, 35, 21, 22, 40, 25, 37, 39, 20, 38, 12, 32, 7];2860.0
6758.0;[46, 36, 21, 41, 43, 42, 10, 6, 29, 3, 27, 28, 2, 14, 35, 15, 19, 44, 9, 33, 30, 5, 31, 0, 47, 26, 22, 40, 20, 38, 18, 12, 7, 23, 32, 8, 11, 37, 16, 17, 45, 39, 24, 4, 25, 1, 13, 34];3026.0
6309.0;[11, 17, 13, 12, 9, 33, 27, 2, 43, 22, 41, 47, 26, 42, 28, 10, 0, 25, 1, 8, 32, 7, 46, 36, 14, 20, 38, 31, 5, 37, 16, 45, 39, 19, 44, 15, 35, 21, 40, 18, 34, 23, 6, 29, 30, 3, 24, 4];2818.0
6904.0;[6, 24, 2, 41, 44, 15, 13, 46, 14, 35, 34, 32, 4, 29, 30, 5, 18, 36, 16, 17, 45, 21, 47, 22, 40, 43, 42, 28, 31, 7, 23, 12, 9, 33, 27, 3, 8, 11, 0, 1, 37, 39, 19, 20, 38, 25, 26, 10];2745.0
6690.0;[18, 17, 12, 13, 34, 35, 14, 20, 38, 33, 27, 2, 22, 40, 11, 8, 32, 31, 5, 6, 7, 23, 46, 36, 21, 47, 26, 1, 9, 29, 30, 37, 39, 44, 19, 15, 16, 45, 41, 43, 42, 28, 3, 0, 25, 24, 4, 10];2885.0
6915.0;[23, 7, 31, 5, 29, 30, 6, 33, 9, 27, 28, 10, 37, 15, 16, 45, 0, 25, 26, 1, 47, 41, 43, 40, 38, 18, 12, 32, 39, 19, 44, 21, 11, 8, 24, 4, 3, 2, 42, 22, 20, 17, 36, 34, 13, 46, 14, 35];2694.0
6851.0;[22, 39, 44, 19, 20, 38, 7, 31, 4, 29, 3, 33, 27, 30, 5, 35, 14, 15, 16, 17, 21, 40, 41, 43, 42, 1, 37, 0, 25, 26, 9, 28, 2, 24, 10, 18, 13, 34, 23, 12, 32, 6, 8, 11, 46, 36, 45, 47];2746.0
7031.0;[30, 7, 23, 46, 36, 14, 15, 13, 34, 35, 45, 39, 25, 37, 38, 0, 41, 44, 19, 21, 40, 47, 26, 22, 42, 1, 10, 31, 5, 6, 9, 27, 33, 28, 2, 43, 20, 16, 18, 17, 12, 32, 8, 11, 24, 4, 3, 29];2480.0
6881.0;[7, 31, 35, 14, 16, 17, 46, 15, 39, 47, 43, 22, 42, 33, 27, 28, 3, 37, 18, 36, 45, 20, 38, 0, 25, 26, 1, 11, 8, 10, 24, 4, 29, 30, 5, 6, 9, 2, 41, 19, 44, 21, 40, 34, 13, 23, 12, 32];2629.0
6866.0;[43, 42, 28, 2, 41, 44, 19, 39, 21, 40, 20, 38, 46, 36, 14, 35, 23, 34, 13, 6, 24, 4, 10, 0, 25, 1, 7, 31, 37, 15, 16, 45, 26, 9, 29, 30, 5, 11, 18, 17, 12, 32, 33, 27, 3, 8, 47, 22];2761.0
6450.0;[9, 27, 3, 33, 2, 41, 19, 44, 15, 16, 17, 7, 31, 5, 4, 43, 22, 40, 20, 38, 26, 1, 37, 39, 21, 47, 42, 28, 24, 29, 30, 6, 13, 34, 46, 36, 14, 45, 11, 10, 0, 25, 18, 12, 8, 32, 35, 23];2788.0
7614.0;[9, 6, 31, 30, 5, 7, 23, 35, 15, 16, 12, 32, 24, 4, 29, 8, 17, 46, 36, 14, 45, 22, 41, 43, 42, 28, 3, 33, 27, 2, 44, 19, 39, 21, 20, 38, 18, 13, 34, 10, 0, 25, 1, 11, 37, 47, 26, 40];2656.0
7677.0;[9, 33, 24, 4, 3, 27, 43, 42, 28, 29, 30, 5, 46, 36, 15, 16, 7, 31, 6, 39, 19, 44, 21, 22, 40, 20, 37, 34, 35, 14, 23, 32, 2, 41, 10, 11, 8, 0, 25, 1, 47, 26, 18, 17, 12, 13, 45, 38];3064.0
6626.0;[6, 2, 43, 42, 40, 47, 26, 22, 41, 19, 44, 15, 16, 45, 39, 21, 1, 9, 33, 27, 28, 0, 25, 17, 46, 36, 14, 35, 34, 13, 32, 24, 4, 29, 3, 8, 11, 37, 38, 31, 30, 5, 10, 20, 18, 12, 7, 23];2491.0
6935.0;[7, 23, 13, 46, 36, 14, 15, 16, 45, 12, 24, 4, 29, 30, 8, 11, 18, 34, 35, 44, 19, 9, 33, 41, 39, 21, 10, 31, 5, 37, 38, 22, 40, 42, 47, 26, 1, 0, 25, 28, 2, 43, 20, 17, 32, 6, 3, 27];3004.0
6838.0;[13, 34, 46, 36, 45, 39, 19, 44, 23, 12, 32, 35, 14, 15, 16, 21, 47, 22, 26, 40, 17, 7, 31, 9, 33, 27, 2, 0, 25, 28, 24, 4, 29, 5, 30, 37, 20, 38, 41, 43, 42, 1, 11, 8, 3, 6, 10, 18];2795.0
6785.0;[45, 39, 44, 15, 16, 46, 14, 35, 23, 12, 7, 31, 4, 3, 38, 37, 21, 40, 1, 9, 33, 6, 8, 11, 47, 26, 41, 43, 20, 17, 24, 27, 28, 2, 42, 22, 19, 18, 36, 34, 13, 32, 10, 0, 25, 29, 30, 5];2946.0
7395.0;[3, 2, 43, 42, 22, 40, 26, 46, 36, 45, 39, 21, 47, 19, 44, 15, 35, 14, 23, 34, 7, 31, 5, 4, 24, 29, 30, 6, 25, 1, 10, 8, 11, 0, 37, 38, 18, 17, 12, 32, 9, 33, 27, 28, 41, 20, 16, 13];2612.0
6698.0;[7, 23, 34, 35, 45, 16, 19, 44, 15, 18, 17, 32, 31, 5, 6, 9, 33, 41, 22, 20, 47, 1, 8, 11, 37, 38, 39, 21, 40, 26, 24, 4, 29, 30, 27, 28, 2, 43, 42, 3, 10, 0, 25, 46, 36, 14, 13, 12];2620.0
6818.0;[23, 12, 0, 26, 42, 22, 28, 10, 13, 34, 46, 36, 14, 35, 41, 43, 9, 33, 27, 6, 8, 24, 4, 3, 29, 30, 31, 5, 2, 44, 15, 16, 39, 21, 1, 25, 47, 40, 20, 38, 18, 17, 45, 19, 37, 11, 32, 7];2849.0
6178.0;[23, 34, 46, 14, 35, 16, 20, 0, 25, 4, 29, 30, 5, 6, 9, 33, 27, 3, 37, 38, 17, 19, 44, 21, 22, 40, 26, 42, 41, 43, 2, 28, 13, 12, 32, 10, 18, 36, 15, 45, 39, 47, 1, 11, 8, 24, 31, 7];2764.0
7534.0;[47, 22, 40, 41, 19, 44, 15, 14, 35, 16, 17, 34, 13, 46, 45, 39, 21, 9, 2, 43, 28, 30, 31, 5, 4, 29, 33, 27, 3, 24, 6, 8, 11, 37, 20, 38, 0, 25, 26, 42, 1, 10, 18, 36, 23, 7, 12, 32];2638.0
6712.0;[18, 13, 34, 23, 12, 2, 43, 22, 41, 19, 44, 15, 17, 46, 45, 40, 47, 26, 42, 1, 36, 35, 14, 16, 24, 4, 33, 3, 29, 30, 31, 5, 6, 8, 10, 11, 0, 25, 9, 27, 28, 32, 7, 37, 38, 20, 39, 21];2756.0
6777.0;[12, 32, 24, 33, 3, 6, 31, 7, 23, 34, 35, 42, 2, 41, 43, 1, 10, 9, 27, 8, 11, 37, 40, 20, 38, 0, 25, 18, 17, 46, 36, 14, 15, 44, 19, 47, 22, 16, 45, 39, 21, 26, 28, 4, 29, 30, 5, 13];2718.0
6127.0;[44, 15, 46, 36, 14, 16, 45, 39, 21, 40, 47, 26, 41, 43, 42, 22, 20, 7, 23, 13, 12, 11, 8, 31, 5, 4, 33, 27, 28, 3, 24, 29, 30, 6, 10, 37, 38, 18, 17, 32, 9, 2, 1, 0, 25, 34, 35, 19];2483.0
6873.0;[20, 29, 30, 6, 0, 25, 40, 47, 26, 42, 1, 9, 33, 3, 10, 37, 38, 11, 8, 12, 32, 7, 23, 34, 13, 19, 44, 15, 16, 31, 5, 24, 4, 27, 28, 2, 43, 22, 41, 39, 21, 18, 17, 46, 36, 14, 35, 45];2581.0
6776.0;[24, 30, 5, 46, 36, 14, 35, 15, 16, 18, 17, 13, 12, 7, 31, 4, 29, 33, 27, 8, 11, 10, 26, 1, 0, 25, 9, 2, 42, 41, 43, 22, 47, 28, 3, 6, 45, 39, 21, 40, 44, 19, 20, 37, 38, 34, 23, 32];2641.0
6375.0;[13, 46, 36, 39, 21, 19, 44, 15, 45, 20, 38, 0, 25, 47, 1, 17, 35, 14, 16, 12, 32, 37, 22, 40, 26, 10, 11, 8, 24, 30, 4, 29, 3, 2, 41, 43, 42, 18, 34, 23, 7, 9, 33, 27, 28, 6, 31, 5];2733.0
6570.0;[5, 46, 36, 17, 13, 12, 32, 10, 37, 39, 19, 44, 15, 16, 18, 45, 0, 25, 1, 6, 24, 29, 30, 31, 7, 23, 34, 35, 14, 21, 41, 43, 22, 40, 20, 38, 11, 8, 33, 9, 27, 28, 2, 47, 26, 42, 3, 4];2558.0
6875.0;[42, 28, 29, 30, 5, 7, 23, 12, 9, 2, 43, 22, 40, 47, 26, 10, 6, 24, 4, 3, 33, 27, 8, 11, 37, 19, 44, 15, 35, 14, 46, 36, 16, 45, 20, 38, 18, 17, 13, 34, 32, 31, 39, 21, 0, 1, 25, 41];2580.0
7032.0;[38, 9, 33, 27, 7, 23, 34, 35, 15, 44, 41, 43, 22, 13, 46, 14, 16, 6, 8, 11, 18, 17, 36, 12, 32, 31, 5, 2, 1, 0, 25, 37, 40, 47, 19, 39, 21, 26, 42, 28, 3, 24, 4, 29, 30, 10, 45, 20];2876.0
6384.0;[18, 46, 36, 14, 45, 39, 44, 21, 40, 47, 26, 22, 41, 43, 42, 19, 20, 38, 10, 6, 24, 4, 29, 30, 5, 31, 7, 23, 13, 12, 32, 37, 17, 34, 35, 15, 16, 9, 33, 27, 3, 0, 25, 1, 2, 28, 8, 11];2473.0
6793.0;[43, 46, 36, 14, 35, 23, 12, 7, 31, 24, 4, 29, 30, 5, 0, 25, 18, 45, 1, 9, 27, 28, 17, 13, 34, 32, 6, 8, 11, 10, 3, 33, 2, 42, 20, 38, 37, 15, 16, 19, 44, 39, 21, 40, 47, 22, 26, 41];2657.0
6440.0;[24, 7, 35, 14, 15, 34, 23, 12, 32, 9, 33, 27, 4, 29, 30, 36, 16, 39, 21, 40, 28, 2, 41, 43, 22, 42, 1, 8, 11, 10, 37, 38, 18, 17, 13, 46, 45, 44, 19, 20, 31, 5, 6, 0, 25, 47, 26, 3];2703.0
6976.0;[3, 8, 11, 12, 32, 24, 33, 27, 4, 29, 30, 5, 23, 35, 14, 16, 7, 31, 6, 0, 25, 26, 1, 37, 39, 47, 42, 22, 44, 19, 15, 45, 21, 40, 41, 43, 38, 18, 17, 34, 13, 46, 36, 20, 10, 9, 2, 28];2766.0
6857.0;[12, 6, 24, 3, 33, 27, 28, 2, 41, 43, 40, 26, 9, 4, 29, 31, 7, 23, 34, 13, 46, 21, 42, 30, 5, 8, 11, 37, 38, 0, 1, 25, 47, 22, 20, 39, 44, 19, 15, 32, 10, 18, 36, 14, 35, 45, 16, 17];2643.0
6615.0;[2, 43, 22, 40, 26, 1, 25, 47, 9, 27, 28, 3, 30, 29, 31, 5, 6, 8, 32, 7, 23, 12, 35, 14, 16, 45, 19, 44, 20, 37, 38, 0, 18, 17, 13, 34, 46, 36, 15, 39, 21, 41, 42, 11, 10, 24, 4, 33];2342.0
6797.0;[25, 26, 42, 28, 2, 22, 40, 47, 18, 7, 23, 34, 35, 14, 15, 44, 19, 39, 21, 45, 16, 17, 13, 12, 32, 46, 36, 41, 43, 29, 30, 31, 5, 6, 37, 20, 38, 0, 1, 24, 4, 33, 9, 27, 3, 8, 11, 10];2783.0
7169.0;[31, 27, 28, 2, 41, 43, 42, 30, 5, 0, 47, 22, 20, 17, 46, 36, 39, 21, 40, 26, 1, 25, 8, 11, 6, 24, 29, 4, 3, 10, 18, 45, 19, 44, 15, 35, 16, 14, 23, 34, 13, 12, 32, 9, 33, 37, 38, 7];2686.0
7132.0;[23, 12, 13, 46, 36, 14, 35, 20, 11, 32, 7, 31, 5, 30, 6, 10, 0, 25, 1, 18, 17, 19, 39, 37, 38, 41, 43, 44, 15, 16, 45, 21, 40, 47, 26, 8, 9, 33, 24, 4, 29, 27, 28, 3, 2, 42, 22, 34];2601.0
6791.0;[22, 18, 46, 36, 14, 17, 31, 5, 30, 7, 23, 6, 2, 43, 42, 39, 21, 45, 15, 16, 32, 24, 4, 29, 34, 35, 13, 12, 0, 26, 1, 25, 11, 8, 10, 9, 33, 3, 27, 28, 41, 44, 19, 20, 38, 37, 40, 47];3074.0
6912.0;[18, 17, 45, 47, 26, 1, 22, 41, 19, 44, 35, 15, 16, 14, 34, 13, 32, 6, 24, 33, 9, 27, 2, 43, 42, 28, 10, 0, 25, 37, 39, 21, 40, 20, 38, 12, 7, 23, 46, 36, 31, 5, 30, 4, 29, 3, 8, 11];2611.0
6721.0;[2, 42, 1, 18, 17, 12, 6, 9, 27, 28, 30, 5, 31, 10, 0, 25, 13, 46, 36, 14, 21, 40, 26, 44, 15, 45, 20, 11, 8, 24, 29, 4, 3, 37, 47, 22, 41, 43, 19, 39, 38, 7, 23, 34, 35, 16, 32, 33];2821.0
6276.0;[38, 46, 36, 14, 15, 34, 13, 23, 32, 33, 2, 22, 41, 43, 42, 28, 3, 6, 25, 40, 47, 26, 39, 21, 11, 8, 30, 31, 7, 35, 16, 17, 12, 24, 4, 29, 5, 10, 37, 18, 45, 20, 0, 1, 9, 27, 19, 44];2982.0
6960.0;[14, 35, 15, 40, 41, 43, 22, 44, 19, 20, 0, 25, 47, 26, 9, 27, 28, 2, 42, 1, 37, 46, 36, 16, 45, 39, 21, 38, 18, 17, 34, 13, 12, 7, 23, 32, 31, 5, 3, 33, 24, 4, 29, 30, 6, 8, 10, 11];2453.0
7258.0;[9, 27, 28, 8, 7, 23, 46, 36, 13, 31, 4, 2, 41, 43, 21, 40, 20, 39, 19, 44, 24, 29, 30, 5, 34, 35, 14, 15, 12, 10, 11, 0, 37, 38, 47, 26, 22, 18, 45, 16, 17, 32, 6, 3, 33, 42, 1, 25];2995.0
6849.0;[43, 42, 22, 47, 26, 18, 46, 36, 16, 21, 40, 9, 33, 10, 0, 25, 1, 11, 8, 7, 31, 29, 30, 5, 37, 35, 14, 45, 20, 38, 6, 24, 4, 3, 2, 41, 19, 39, 44, 15, 17, 34, 13, 23, 12, 32, 27, 28];2711.0
6509.0;[3, 18, 36, 20, 37, 17, 46, 14, 12, 9, 33, 2, 19, 44, 15, 16, 31, 30, 5, 8, 11, 45, 39, 21, 22, 41, 43, 28, 4, 6, 0, 25, 24, 29, 7, 23, 32, 47, 26, 42, 40, 1, 13, 34, 35, 38, 10, 27];3310.0
6708.0;[34, 41, 43, 22, 44, 15, 35, 16, 45, 20, 11, 30, 5, 39, 19, 21, 40, 47, 26, 42, 1, 18, 46, 36, 14, 17, 12, 32, 8, 9, 3, 10, 0, 25, 38, 37, 24, 29, 4, 33, 27, 2, 28, 6, 31, 7, 23, 13];2865.0
6738.0;[13, 34, 23, 7, 31, 5, 6, 24, 29, 30, 4, 3, 33, 27, 28, 41, 19, 44, 15, 17, 12, 8, 11, 10, 0, 25, 18, 46, 36, 14, 35, 16, 32, 9, 2, 43, 42, 20, 37, 38, 45, 39, 21, 40, 47, 22, 26, 1];2395.0
6798.0;[46, 14, 41, 43, 19, 39, 21, 40, 26, 1, 47, 22, 42, 9, 27, 28, 2, 44, 15, 16, 7, 31, 4, 33, 3, 13, 34, 12, 32, 10, 37, 18, 17, 45, 20, 38, 0, 25, 36, 35, 23, 24, 29, 30, 5, 6, 8, 11];2886.0
7222.0;[23, 7, 31, 30, 5, 8, 11, 47, 22, 41, 43, 40, 20, 38, 37, 44, 19, 15, 16, 18, 17, 12, 32, 24, 4, 29, 3, 27, 28, 6, 10, 9, 33, 2, 39, 21, 26, 42, 13, 34, 46, 14, 35, 45, 0, 1, 25, 36];2595.0
7134.0;[41, 19, 44, 39, 21, 26, 2, 43, 42, 1, 8, 11, 0, 25, 40, 20, 38, 46, 14, 35, 34, 23, 12, 7, 31, 5, 4, 3, 33, 27, 37, 18, 13, 32, 6, 9, 28, 24, 10, 36, 15, 16, 29, 30, 17, 45, 47, 22];2930.0
7051.0;[34, 35, 15, 11, 8, 10, 0, 40, 47, 26, 1, 25, 37, 38, 39, 19, 44, 20, 9, 33, 29, 30, 5, 3, 27, 2, 43, 16, 45, 21, 22, 41, 42, 28, 24, 4, 6, 32, 12, 7, 31, 18, 17, 13, 46, 36, 14, 23];2680.0
6958.0;[6, 9, 28, 2, 43, 42, 40, 26, 1, 25, 37, 34, 23, 12, 7, 31, 5, 10, 0, 47, 22, 41, 19, 44, 15, 46, 36, 14, 16, 17, 32, 8, 11, 18, 13, 35, 45, 39, 21, 20, 38, 24, 29, 30, 4, 33, 27, 3];2388.0
6232.0;[46, 36, 14, 23, 7, 31, 5, 37, 40, 20, 38, 13, 34, 0, 25, 24, 4, 29, 30, 10, 11, 8, 32, 12, 6, 47, 22, 41, 43, 16, 45, 17, 35, 15, 39, 26, 9, 3, 33, 27, 28, 2, 42, 44, 19, 21, 1, 18];2962.0
7547.0;[39, 19, 44, 21, 40, 47, 26, 28, 2, 22, 41, 43, 42, 1, 20, 37, 38, 18, 13, 34, 23, 12, 46, 15, 16, 45, 17, 36, 35, 14, 7, 31, 5, 8, 11, 9, 33, 27, 3, 29, 30, 6, 10, 0, 25, 32, 24, 4];2513.0
7032.0;[0, 1, 10, 29, 30, 5, 8, 11, 6, 24, 4, 27, 28, 2, 19, 44, 15, 39, 21, 40, 26, 42, 9, 33, 3, 18, 13, 35, 14, 34, 23, 7, 31, 37, 20, 38, 25, 47, 22, 41, 43, 45, 16, 46, 36, 17, 12, 32];2685.0
6444.0;[33, 2, 42, 28, 7, 23, 32, 6, 1, 25, 38, 37, 39, 21, 20, 45, 44, 19, 24, 30, 5, 31, 8, 11, 10, 0, 26, 41, 43, 22, 47, 40, 13, 34, 35, 14, 46, 36, 15, 16, 18, 17, 12, 9, 27, 4, 29, 3];2773.0
7384.0;[7, 23, 35, 14, 34, 13, 46, 45, 39, 21, 26, 9, 27, 6, 8, 36, 15, 16, 18, 17, 12, 31, 30, 5, 0, 25, 44, 19, 11, 24, 4, 29, 3, 10, 47, 22, 28, 33, 2, 20, 38, 37, 40, 41, 43, 42, 1, 32];2863.0
6664.0;[8, 11, 34, 35, 15, 19, 44, 39, 20, 18, 17, 12, 7, 31, 30, 5, 0, 47, 26, 1, 9, 27, 3, 24, 4, 29, 13, 46, 36, 45, 21, 22, 40, 16, 14, 23, 32, 6, 10, 37, 38, 25, 33, 2, 41, 43, 42, 28];2656.0
6872.0;[5, 4, 33, 27, 3, 6, 32, 7, 23, 34, 35, 14, 16, 39, 22, 42, 10, 8, 11, 18, 46, 36, 13, 12, 9, 2, 43, 41, 19, 44, 15, 21, 40, 26, 1, 37, 17, 45, 20, 38, 0, 25, 47, 28, 24, 29, 31, 30];2558.0
6893.0;[35, 14, 23, 46, 36, 45, 20, 38, 37, 17, 13, 34, 21, 22, 41, 19, 44, 15, 16, 39, 26, 42, 1, 18, 12, 9, 33, 2, 43, 28, 27, 3, 4, 10, 0, 25, 40, 47, 11, 8, 32, 6, 24, 29, 30, 5, 31, 7];2714.0
6763.0;[20, 38, 11, 8, 10, 0, 25, 47, 26, 1, 9, 3, 24, 33, 27, 7, 23, 34, 13, 12, 32, 31, 5, 2, 41, 43, 22, 39, 21, 40, 42, 28, 4, 29, 30, 6, 37, 19, 44, 18, 17, 36, 14, 35, 46, 15, 16, 45];2484.0
6890.0;[23, 12, 34, 35, 14, 45, 39, 21, 22, 41, 44, 15, 16, 32, 6, 9, 33, 2, 43, 42, 40, 20, 18, 17, 7, 31, 27, 28, 30, 5, 4, 29, 3, 24, 0, 25, 47, 26, 1, 37, 19, 38, 11, 8, 10, 13, 46, 36];2587.0
6732.0;[17, 32, 0, 1, 25, 37, 40, 47, 26, 9, 33, 27, 28, 24, 4, 6, 8, 11, 18, 36, 45, 21, 22, 43, 42, 29, 30, 5, 10, 39, 19, 20, 38, 46, 14, 23, 12, 7, 31, 3, 2, 41, 44, 15, 13, 34, 35, 16];2684.0
7084.0;[39, 21, 40, 41, 43, 22, 20, 10, 31, 5, 7, 23, 24, 29, 30, 4, 3, 11, 18, 17, 34, 13, 12, 6, 8, 32, 46, 36, 14, 35, 16, 45, 15, 19, 44, 38, 9, 27, 0, 47, 26, 28, 33, 2, 42, 1, 25, 37];2744.0
7599.0;[30, 7, 23, 34, 13, 35, 19, 44, 15, 46, 36, 14, 16, 45, 39, 21, 26, 1, 25, 9, 33, 27, 0, 40, 20, 38, 37, 18, 17, 12, 32, 31, 5, 10, 11, 8, 6, 3, 2, 43, 47, 22, 41, 42, 28, 24, 4, 29];2332.0
7199.0;[23, 12, 24, 3, 6, 8, 11, 17, 13, 34, 7, 31, 5, 4, 29, 30, 18, 35, 45, 39, 22, 42, 19, 21, 40, 26, 28, 2, 41, 43, 20, 38, 0, 47, 1, 25, 9, 33, 27, 37, 44, 15, 16, 32, 10, 46, 36, 14];2796.0
6818.0;[3, 24, 33, 27, 28, 4, 29, 31, 30, 5, 10, 11, 37, 0, 25, 47, 41, 43, 22, 20, 38, 46, 36, 34, 23, 32, 6, 8, 7, 35, 14, 45, 21, 40, 26, 1, 9, 2, 42, 39, 19, 44, 15, 16, 18, 17, 13, 12];2446.0
6385.0;[3, 10, 8, 11, 32, 6, 31, 5, 18, 17, 34, 35, 15, 45, 21, 40, 41, 43, 9, 33, 27, 29, 30, 39, 44, 19, 20, 38, 12, 7, 23, 13, 46, 36, 14, 16, 37, 0, 24, 4, 2, 22, 42, 1, 25, 47, 26, 28];2709.0
6890.0;[9, 27, 33, 2, 41, 21, 40, 47, 26, 43, 22, 42, 28, 24, 4, 29, 3, 8, 11, 44, 15, 13, 34, 23, 12, 7, 31, 5, 30, 6, 0, 25, 1, 10, 18, 46, 36, 14, 45, 39, 19, 20, 38, 37, 35, 16, 17, 32];2506.0
6188.0;[42, 24, 29, 4, 30, 5, 31, 46, 36, 14, 15, 35, 16, 17, 45, 39, 21, 40, 8, 11, 3, 33, 6, 7, 23, 34, 13, 10, 37, 19, 44, 20, 38, 18, 12, 32, 0, 25, 47, 22, 26, 1, 9, 27, 28, 2, 41, 43];2624.0
5951.0;[46, 36, 45, 21, 22, 41, 43, 1, 9, 33, 6, 8, 11, 37, 19, 39, 44, 15, 35, 23, 12, 7, 31, 10, 38, 47, 40, 26, 42, 28, 4, 29, 0, 25, 24, 3, 27, 2, 20, 18, 17, 14, 16, 32, 30, 5, 34, 13];2896.0
6356.0;[0, 25, 42, 28, 2, 41, 43, 22, 44, 19, 24, 4, 3, 29, 30, 37, 16, 14, 15, 45, 20, 38, 18, 12, 32, 6, 46, 36, 34, 23, 7, 31, 5, 9, 33, 27, 8, 11, 17, 13, 35, 47, 26, 39, 21, 40, 1, 10];2782.0
6591.0;[7, 23, 35, 15, 39, 21, 40, 26, 1, 25, 37, 0, 47, 41, 43, 22, 42, 16, 17, 34, 13, 46, 36, 14, 12, 9, 33, 27, 29, 30, 5, 31, 10, 8, 11, 32, 6, 24, 2, 28, 4, 3, 18, 45, 19, 44, 20, 38];2576.0
6369.0;[39, 21, 40, 20, 16, 13, 46, 36, 14, 15, 12, 32, 3, 27, 28, 29, 30, 7, 34, 23, 35, 45, 0, 25, 18, 17, 6, 24, 4, 8, 9, 33, 2, 41, 44, 19, 47, 22, 43, 42, 1, 37, 38, 26, 10, 11, 31, 5];2840.0
7079.0;[42, 18, 17, 36, 23, 12, 6, 9, 27, 30, 5, 46, 14, 35, 16, 45, 39, 21, 28, 24, 4, 29, 0, 47, 22, 40, 20, 11, 7, 31, 33, 3, 8, 10, 37, 38, 25, 1, 26, 41, 43, 19, 44, 15, 13, 34, 32, 2];2960.0
6756.0;[26, 42, 28, 10, 46, 36, 15, 16, 14, 34, 13, 12, 0, 1, 25, 47, 41, 43, 22, 18, 45, 39, 21, 40, 20, 38, 37, 9, 33, 27, 2, 19, 44, 17, 32, 24, 29, 4, 3, 8, 11, 6, 30, 5, 31, 7, 23, 35];2813.0
7327.0;[0, 25, 41, 43, 22, 44, 19, 9, 27, 28, 2, 42, 26, 1, 46, 36, 17, 13, 34, 23, 12, 7, 31, 5, 3, 24, 4, 37, 38, 20, 11, 32, 8, 6, 10, 18, 15, 16, 35, 14, 45, 39, 21, 40, 47, 33, 29, 30];2765.0
6621.0;[39, 19, 21, 40, 42, 28, 2, 43, 1, 0, 22, 41, 44, 15, 16, 17, 12, 7, 31, 4, 33, 9, 27, 46, 36, 14, 23, 6, 8, 3, 24, 29, 30, 5, 11, 18, 45, 47, 26, 25, 34, 35, 20, 38, 13, 32, 10, 37];2952.0
6527.0;[20, 38, 0, 25, 27, 4, 3, 11, 45, 39, 19, 44, 15, 16, 21, 40, 41, 43, 22, 26, 28, 2, 42, 47, 1, 8, 9, 33, 18, 36, 17, 7, 23, 46, 14, 35, 34, 13, 12, 32, 6, 24, 29, 30, 5, 31, 10, 37];2666.0
6293.0;[46, 36, 14, 15, 19, 44, 39, 21, 20, 17, 13, 34, 7, 23, 12, 32, 11, 37, 38, 8, 9, 33, 27, 6, 35, 16, 45, 24, 29, 30, 31, 5, 10, 0, 25, 47, 41, 43, 42, 28, 4, 3, 2, 22, 40, 26, 1, 18];2584.0
6407.0;[16, 13, 34, 12, 32, 24, 4, 3, 18, 46, 36, 14, 15, 35, 23, 7, 31, 5, 29, 30, 6, 10, 0, 1, 25, 37, 38, 17, 45, 39, 47, 26, 11, 8, 41, 19, 44, 21, 40, 22, 42, 9, 33, 27, 28, 2, 43, 20];2524.0
7102.0;[46, 36, 45, 22, 43, 33, 9, 27, 28, 2, 41, 19, 44, 15, 34, 13, 35, 14, 23, 12, 24, 29, 30, 5, 8, 11, 10, 0, 25, 47, 26, 42, 1, 32, 7, 31, 6, 37, 20, 38, 18, 16, 17, 39, 21, 40, 3, 4];2798.0
7106.0;[35, 14, 15, 16, 17, 12, 32, 6, 33, 27, 28, 42, 1, 25, 37, 39, 44, 19, 38, 18, 45, 21, 40, 22, 41, 43, 8, 7, 31, 24, 4, 29, 3, 30, 5, 0, 47, 26, 11, 10, 9, 2, 20, 46, 36, 23, 34, 13];2632.0
7066.0;[15, 16, 21, 40, 26, 1, 10, 33, 2, 41, 43, 42, 28, 29, 30, 5, 31, 6, 24, 4, 8, 11, 18, 17, 12, 34, 13, 46, 36, 14, 45, 20, 37, 38, 39, 19, 0, 25, 9, 27, 3, 32, 7, 23, 35, 47, 22, 44];2530.0
7371.0;[39, 19, 34, 23, 13, 46, 36, 16, 21, 40, 22, 42, 41, 43, 44, 15, 45, 20, 38, 18, 12, 32, 3, 6, 8, 7, 31, 5, 10, 47, 26, 1, 9, 33, 27, 17, 35, 14, 37, 11, 0, 25, 2, 28, 24, 4, 29, 30];2890.0
6760.0;[22, 7, 23, 46, 36, 14, 15, 16, 17, 12, 29, 30, 31, 5, 27, 28, 41, 19, 44, 39, 21, 18, 13, 34, 35, 45, 25, 9, 33, 6, 24, 4, 3, 2, 43, 20, 37, 38, 47, 40, 26, 1, 8, 32, 10, 11, 0, 42];2778.0
7361.0;[46, 36, 14, 45, 20, 38, 18, 34, 23, 7, 31, 5, 6, 21, 40, 22, 47, 26, 1, 0, 25, 10, 9, 33, 27, 2, 41, 43, 24, 29, 30, 4, 44, 19, 39, 42, 28, 3, 8, 32, 11, 37, 15, 16, 13, 35, 17, 12];2794.0
5919.0;[6, 30, 7, 23, 34, 35, 13, 46, 15, 17, 36, 14, 45, 16, 12, 32, 31, 5, 9, 2, 41, 39, 21, 40, 20, 0, 1, 25, 22, 43, 42, 28, 29, 3, 10, 47, 26, 24, 4, 33, 27, 18, 19, 44, 37, 38, 11, 8];2818.0
6928.0;[13, 12, 9, 33, 27, 28, 2, 43, 38, 18, 46, 36, 23, 7, 31, 0, 25, 47, 22, 41, 19, 44, 39, 21, 40, 20, 11, 32, 30, 5, 6, 24, 4, 29, 3, 8, 10, 37, 26, 42, 1, 34, 35, 14, 15, 16, 45, 17];2486.0
6491.0;[20, 17, 13, 46, 36, 14, 34, 23, 35, 16, 45, 19, 44, 15, 12, 32, 31, 30, 29, 2, 43, 42, 28, 33, 24, 4, 6, 10, 38, 47, 22, 41, 26, 1, 18, 7, 5, 0, 25, 9, 27, 3, 8, 11, 37, 39, 21, 40];2615.0
6468.0;[12, 32, 9, 33, 27, 2, 3, 24, 30, 5, 4, 29, 31, 6, 10, 11, 0, 47, 22, 41, 43, 18, 46, 36, 14, 16, 45, 20, 38, 40, 26, 42, 1, 25, 37, 19, 44, 15, 17, 34, 35, 39, 21, 28, 8, 7, 23, 13];2463.0
6869.0;[46, 36, 14, 16, 21, 26, 9, 27, 3, 33, 2, 43, 22, 40, 47, 41, 42, 28, 24, 4, 29, 30, 7, 23, 34, 35, 45, 39, 20, 38, 0, 25, 1, 37, 19, 44, 15, 17, 13, 12, 10, 11, 8, 32, 31, 5, 6, 18];2382.0
6135.0;[34, 7, 23, 46, 36, 22, 41, 43, 40, 38, 37, 11, 8, 10, 27, 28, 6, 18, 45, 19, 44, 15, 16, 39, 21, 1, 9, 33, 24, 4, 29, 30, 31, 5, 0, 25, 47, 26, 17, 13, 12, 32, 3, 2, 42, 20, 35, 14];2780.0
6918.0;[32, 7, 31, 5, 4, 3, 33, 27, 28, 34, 35, 14, 15, 29, 30, 23, 13, 46, 36, 45, 11, 8, 24, 10, 0, 47, 22, 40, 20, 18, 17, 12, 6, 9, 2, 41, 43, 42, 19, 39, 44, 38, 1, 25, 37, 16, 21, 26];3001.0
7128.0;[3, 27, 28, 2, 43, 42, 46, 36, 14, 16, 45, 39, 21, 26, 31, 5, 6, 24, 4, 8, 11, 10, 0, 25, 1, 29, 30, 37, 47, 22, 40, 38, 18, 34, 13, 12, 7, 35, 23, 32, 9, 33, 41, 19, 20, 44, 15, 17];2909.0
6684.0;[2, 41, 21, 1, 9, 33, 27, 43, 42, 28, 24, 4, 29, 30, 18, 35, 16, 17, 12, 32, 13, 34, 46, 36, 14, 45, 20, 38, 0, 25, 47, 22, 40, 26, 11, 8, 7, 23, 6, 10, 37, 39, 19, 44, 15, 31, 5, 3];2659.0
7288.0;[18, 35, 16, 45, 39, 21, 19, 44, 15, 34, 13, 12, 0, 47, 22, 41, 43, 42, 1, 9, 33, 27, 28, 2, 20, 38, 37, 10, 4, 29, 30, 5, 31, 25, 40, 26, 11, 8, 32, 7, 23, 46, 36, 14, 17, 24, 3, 6];2648.0
6953.0;[17, 46, 36, 15, 45, 39, 19, 44, 21, 26, 7, 31, 30, 5, 29, 2, 43, 42, 22, 40, 47, 28, 6, 37, 38, 18, 14, 16, 13, 34, 35, 23, 12, 32, 8, 11, 10, 24, 4, 3, 27, 41, 20, 0, 25, 1, 9, 33];2679.0
7675.0;[37, 17, 46, 36, 16, 12, 32, 24, 3, 4, 2, 43, 28, 29, 30, 6, 9, 33, 27, 41, 44, 15, 45, 39, 19, 21, 40, 47, 22, 20, 38, 26, 42, 1, 10, 18, 13, 34, 35, 14, 23, 7, 5, 31, 8, 11, 0, 25];2521.0
7038.0;[32, 31, 30, 29, 27, 28, 2, 43, 22, 41, 42, 1, 10, 11, 0, 25, 37, 39, 21, 47, 26, 40, 18, 17, 12, 24, 4, 3, 6, 45, 16, 14, 23, 7, 5, 46, 36, 15, 19, 44, 20, 13, 34, 35, 38, 9, 33, 8];2804.0
7128.0;[8, 32, 7, 23, 13, 46, 36, 14, 15, 34, 35, 16, 45, 39, 37, 0, 25, 47, 22, 41, 19, 44, 21, 40, 26, 42, 1, 11, 10, 29, 30, 31, 5, 9, 33, 27, 28, 2, 43, 20, 38, 18, 17, 12, 24, 3, 4, 6];2219.0
6954.0;[32, 7, 23, 35, 15, 16, 45, 39, 20, 38, 37, 11, 8, 33, 27, 28, 29, 30, 5, 31, 6, 24, 4, 3, 10, 9, 2, 41, 19, 44, 21, 22, 43, 42, 1, 0, 25, 40, 47, 26, 18, 17, 13, 34, 46, 36, 14, 12];2266.0
7213.0;[16, 17, 46, 36, 14, 15, 45, 39, 21, 22, 42, 41, 19, 44, 38, 40, 1, 27, 4, 29, 30, 5, 31, 18, 34, 13, 12, 7, 23, 32, 24, 3, 6, 10, 8, 11, 0, 25, 47, 26, 28, 2, 43, 20, 37, 9, 33, 35];2658.0
7322.0;[21, 40, 9, 27, 42, 28, 33, 3, 7, 23, 32, 4, 29, 2, 43, 22, 46, 36, 35, 14, 15, 44, 19, 20, 11, 8, 6, 24, 30, 5, 31, 10, 0, 25, 18, 17, 12, 13, 34, 16, 45, 39, 47, 26, 1, 37, 38, 41];2789.0
7091.0;[2, 19, 44, 15, 39, 21, 40, 20, 45, 16, 17, 13, 7, 23, 12, 32, 6, 37, 38, 0, 1, 31, 30, 5, 4, 24, 29, 3, 8, 11, 18, 35, 14, 34, 46, 36, 41, 43, 42, 9, 33, 27, 10, 25, 47, 26, 22, 28];2681.0
6596.0;[18, 16, 17, 13, 34, 46, 36, 45, 20, 0, 10, 24, 4, 29, 2, 42, 28, 33, 3, 25, 1, 8, 32, 35, 14, 15, 23, 12, 7, 31, 47, 41, 43, 22, 19, 39, 44, 21, 40, 26, 9, 27, 6, 37, 38, 11, 30, 5];2939.0
6735.0;[21, 40, 13, 34, 35, 23, 12, 24, 4, 2, 28, 41, 43, 42, 22, 20, 0, 1, 25, 47, 26, 9, 33, 27, 3, 36, 14, 16, 45, 11, 8, 32, 6, 10, 46, 15, 44, 19, 38, 18, 17, 7, 31, 29, 30, 5, 37, 39];2764.0
6927.0;[14, 15, 17, 46, 16, 21, 41, 43, 28, 3, 29, 30, 6, 8, 11, 10, 37, 0, 25, 18, 36, 45, 20, 38, 24, 4, 27, 2, 42, 1, 32, 31, 5, 44, 19, 39, 47, 26, 22, 40, 9, 33, 13, 34, 12, 7, 23, 35];2876.0
7052.0;[31, 7, 23, 35, 14, 12, 9, 27, 29, 5, 18, 46, 36, 16, 39, 47, 26, 41, 43, 22, 19, 44, 15, 34, 13, 32, 6, 24, 4, 33, 2, 42, 20, 17, 45, 21, 40, 1, 8, 11, 37, 38, 10, 0, 25, 28, 3, 30];2737.0
7370.0;[47, 26, 22, 41, 19, 20, 9, 27, 28, 33, 3, 39, 21, 40, 42, 29, 30, 5, 2, 43, 17, 46, 36, 23, 12, 7, 31, 6, 8, 11, 38, 37, 0, 25, 1, 10, 32, 24, 4, 18, 44, 15, 16, 14, 34, 13, 35, 45];2941.0
7371.0;[28, 2, 42, 22, 20, 37, 38, 19, 44, 35, 15, 45, 39, 21, 40, 47, 26, 1, 0, 25, 10, 24, 4, 29, 30, 3, 41, 43, 18, 17, 34, 23, 12, 13, 32, 7, 31, 5, 8, 11, 46, 36, 14, 16, 6, 9, 33, 27];2521.0
6791.0;[11, 9, 2, 41, 43, 42, 28, 29, 30, 3, 24, 4, 33, 27, 32, 7, 31, 5, 6, 10, 0, 47, 22, 16, 45, 20, 38, 46, 36, 15, 44, 19, 39, 21, 40, 26, 37, 18, 17, 34, 23, 12, 13, 35, 14, 25, 1, 8];2539.0
6732.0;[43, 40, 16, 13, 34, 35, 14, 15, 12, 7, 23, 32, 6, 11, 8, 31, 5, 3, 33, 27, 28, 24, 4, 29, 30, 10, 25, 0, 47, 22, 41, 19, 44, 46, 36, 45, 20, 38, 37, 18, 17, 39, 21, 26, 42, 1, 9, 2];2494.0
7205.0;[41, 43, 22, 40, 20, 38, 0, 47, 26, 25, 13, 34, 46, 23, 7, 31, 5, 4, 28, 2, 42, 1, 10, 6, 8, 11, 18, 17, 36, 14, 32, 3, 24, 29, 30, 37, 16, 45, 39, 21, 19, 44, 15, 35, 12, 9, 33, 27];2712.0
7013.0;[41, 43, 3, 29, 5, 6, 8, 32, 7, 31, 10, 11, 13, 34, 35, 47, 22, 19, 44, 21, 40, 38, 18, 12, 46, 36, 14, 39, 26, 9, 33, 27, 28, 2, 42, 1, 25, 37, 16, 17, 45, 20, 0, 24, 4, 30, 23, 15];3013.0
6834.0;[17, 45, 39, 21, 40, 26, 42, 22, 19, 44, 20, 41, 43, 34, 35, 23, 12, 7, 31, 5, 0, 25, 1, 47, 28, 2, 4, 3, 24, 29, 30, 9, 33, 27, 46, 36, 14, 15, 16, 38, 37, 13, 32, 6, 8, 10, 11, 18];2699.0
6403.0;[1, 24, 29, 30, 5, 8, 32, 7, 23, 35, 17, 13, 34, 12, 31, 10, 11, 18, 46, 36, 45, 21, 41, 43, 22, 40, 9, 27, 4, 3, 6, 0, 42, 2, 28, 33, 37, 39, 44, 19, 20, 14, 15, 16, 38, 25, 47, 26];2818.0
6804.0;[15, 44, 19, 21, 47, 26, 8, 11, 18, 17, 12, 32, 13, 46, 36, 14, 39, 9, 33, 27, 2, 41, 43, 42, 28, 30, 5, 24, 4, 29, 3, 0, 22, 40, 20, 38, 25, 1, 10, 37, 16, 45, 6, 31, 7, 23, 34, 35];2612.0
6873.0;[47, 22, 43, 42, 28, 3, 25, 19, 44, 15, 34, 13, 7, 23, 12, 24, 4, 29, 32, 35, 14, 45, 10, 11, 8, 33, 9, 27, 2, 41, 39, 21, 26, 1, 18, 17, 46, 36, 16, 31, 30, 5, 6, 0, 40, 20, 37, 38];2855.0
6635.0;[5, 7, 23, 13, 46, 36, 14, 35, 34, 12, 32, 9, 27, 33, 2, 44, 15, 16, 39, 21, 40, 41, 43, 42, 28, 24, 4, 29, 3, 10, 19, 20, 18, 17, 45, 47, 22, 26, 1, 25, 0, 37, 38, 11, 8, 6, 31, 30];2541.0
6984.0;[3, 24, 33, 9, 27, 28, 2, 43, 22, 41, 19, 0, 1, 13, 34, 23, 12, 7, 31, 30, 5, 4, 29, 25, 47, 26, 42, 40, 20, 10, 6, 8, 11, 37, 38, 36, 14, 35, 16, 21, 18, 46, 45, 39, 44, 15, 17, 32];2635.0
6794.0;[43, 18, 46, 36, 14, 15, 12, 32, 6, 8, 24, 29, 30, 0, 25, 26, 42, 1, 13, 34, 9, 33, 31, 5, 4, 27, 3, 28, 2, 20, 38, 11, 37, 19, 44, 39, 21, 40, 47, 22, 45, 16, 17, 35, 23, 7, 10, 41];3077.0
6677.0;[23, 13, 46, 36, 16, 45, 39, 19, 44, 21, 3, 24, 4, 33, 27, 28, 41, 43, 22, 40, 20, 17, 32, 10, 0, 25, 29, 31, 30, 5, 6, 9, 2, 42, 1, 47, 26, 11, 8, 37, 38, 18, 34, 35, 14, 15, 12, 7];2547.0
7047.0;[43, 42, 29, 30, 5, 13, 34, 35, 14, 15, 45, 39, 44, 21, 47, 9, 33, 27, 7, 23, 12, 32, 31, 6, 25, 1, 10, 24, 4, 3, 8, 11, 37, 0, 22, 40, 26, 28, 2, 41, 19, 18, 17, 46, 36, 16, 20, 38];2712.0
6779.0;[39, 21, 47, 40, 26, 22, 41, 43, 42, 2, 28, 6, 10, 18, 13, 46, 36, 15, 20, 0, 25, 1, 32, 7, 23, 34, 12, 24, 3, 4, 29, 30, 35, 14, 16, 45, 38, 37, 44, 19, 11, 8, 9, 33, 27, 5, 31, 17];2711.0
6744.0;[33, 27, 29, 30, 5, 4, 37, 44, 15, 45, 21, 22, 41, 43, 42, 40, 20, 18, 17, 13, 34, 46, 36, 14, 12, 32, 31, 10, 11, 0, 25, 38, 47, 26, 1, 8, 7, 23, 35, 16, 6, 9, 2, 19, 39, 28, 3, 24];2770.0
2219.0;[8, 32, 7, 23, 13, 46, 36, 14, 15, 34, 35, 16, 45, 39, 37, 0, 25, 47, 22, 41, 19, 44, 21, 40, 26, 42, 1, 11, 10, 29, 30, 31, 5, 9, 33, 27, 28, 2, 43, 20, 38, 18, 17, 12, 24, 3, 4, 6]
