ftv35
4869.0;[4, 6, 7, 5, 13, 0, 1, 35, 2, 3, 12, 34, 8, 9, 16, 26, 22, 28, 29, 30, 25, 10, 33, 19, 21, 20, 23, 24, 17, 18, 11, 14, 15, 27, 31, 32];1986.0
4641.0;[11, 14, 24, 19, 21, 33, 10, 18, 17, 34, 8, 9, 26, 25, 20, 23, 22, 28, 29, 27, 30, 15, 16, 32, 31, 35, 2, 1, 3, 0, 13, 12, 7, 6, 4, 5];2047.0
4948.0;[9, 10, 19, 33, 18, 17, 1, 2, 4, 3, 35, 0, 13, 12, 6, 7, 5, 11, 26, 25, 24, 20, 21, 22, 23, 31, 32, 30, 27, 28, 29, 16, 14, 15, 34, 8];1994.0
5004.0;[0, 20, 22, 23, 19, 17, 10, 12, 7, 6, 32, 29, 28, 31, 35, 4, 5, 34, 9, 8, 1, 2, 3, 26, 27, 30, 16, 15, 14, 11, 25, 24, 21, 33, 18, 13];2153.0
4985.0;[20, 22, 28, 29, 30, 27, 23, 17, 10, 9, 7, 6, 32, 21, 33, 19, 18, 14, 15, 11, 12, 8, 34, 13, 16, 0, 1, 2, 4, 5, 25, 24, 31, 35, 3, 26];2237.0
4883.0;[34, 9, 10, 33, 18, 19, 20, 26, 1, 2, 4, 32, 30, 23, 21, 22, 31, 35, 7, 6, 3, 27, 28, 29, 0, 13, 16, 14, 15, 11, 12, 5, 8, 25, 24, 17];2187.0
4726.0;[27, 29, 30, 23, 21, 33, 18, 17, 0, 26, 1, 25, 19, 12, 5, 6, 7, 34, 8, 20, 22, 28, 31, 35, 32, 4, 2, 3, 15, 16, 14, 11, 10, 9, 13, 24];2109.0
5121.0;[5, 20, 21, 22, 28, 31, 35, 32, 2, 3, 10, 33, 18, 34, 8, 9, 14, 16, 15, 1, 4, 7, 6, 29, 23, 24, 27, 30, 13, 11, 0, 26, 25, 19, 17, 12];2212.0
4632.0;[10, 33, 18, 12, 7, 6, 25, 20, 21, 22, 28, 29, 0, 11, 13, 27, 23, 24, 19, 17, 34, 5, 8, 9, 14, 15, 16, 1, 32, 31, 30, 26, 3, 35, 4, 2];2274.0
5089.0;[12, 6, 7, 34, 9, 8, 13, 26, 30, 27, 28, 29, 31, 2, 0, 11, 15, 14, 16, 32, 35, 4, 5, 1, 3, 25, 24, 19, 17, 10, 33, 18, 21, 20, 22, 23];2078.0
4636.0;[22, 23, 27, 31, 35, 3, 13, 11, 15, 14, 16, 0, 1, 20, 21, 33, 18, 12, 7, 2, 4, 32, 30, 26, 19, 17, 10, 9, 8, 34, 5, 6, 29, 25, 24, 28];2091.0
5107.0;[14, 11, 10, 9, 34, 8, 5, 6, 4, 32, 30, 21, 20, 33, 19, 17, 18, 13, 12, 7, 29, 31, 35, 2, 3, 1, 25, 24, 27, 28, 22, 23, 26, 16, 0, 15];2101.0
5330.0;[22, 23, 31, 35, 32, 30, 27, 28, 29, 26, 1, 2, 4, 6, 3, 24, 20, 21, 33, 17, 10, 9, 13, 0, 16, 14, 15, 11, 12, 34, 8, 5, 7, 25, 19, 18];1996.0
5010.0;[0, 1, 3, 32, 30, 25, 24, 28, 29, 26, 16, 15, 21, 22, 23, 20, 27, 31, 35, 4, 5, 7, 18, 19, 33, 17, 10, 9, 34, 8, 12, 6, 2, 11, 14, 13];2165.0
4797.0;[20, 22, 23, 27, 30, 12, 6, 7, 5, 34, 8, 11, 13, 25, 19, 33, 18, 10, 9, 26, 31, 35, 32, 2, 4, 24, 17, 1, 3, 0, 28, 29, 16, 15, 14, 21];2293.0
5141.0;[8, 34, 9, 10, 33, 18, 19, 22, 28, 29, 26, 3, 12, 6, 7, 5, 11, 15, 14, 16, 25, 24, 20, 21, 31, 30, 13, 0, 1, 35, 2, 4, 32, 27, 23, 17];1996.0
5016.0;[32, 24, 17, 34, 8, 9, 25, 10, 1, 2, 4, 7, 6, 23, 20, 21, 33, 18, 19, 22, 30, 16, 14, 15, 0, 26, 3, 13, 11, 12, 5, 27, 28, 29, 31, 35];2316.0
3893.0;[22, 28, 29, 31, 30, 27, 1, 35, 32, 2, 3, 11, 12, 5, 7, 6, 4, 34, 9, 8, 13, 0, 16, 14, 15, 26, 25, 20, 21, 23, 24, 19, 17, 10, 33, 18];1779.0
4380.0;[17, 10, 9, 13, 16, 26, 27, 28, 29, 31, 3, 0, 25, 21, 20, 33, 19, 18, 1, 35, 2, 4, 5, 11, 14, 15, 12, 34, 8, 6, 7, 32, 30, 22, 23, 24];2106.0
4619.0;[5, 7, 6, 25, 20, 23, 24, 27, 1, 3, 0, 16, 15, 14, 35, 32, 4, 30, 26, 19, 17, 12, 34, 8, 9, 33, 18, 13, 11, 10, 21, 22, 29, 28, 31, 2];2368.0
4776.0;[35, 2, 4, 3, 0, 16, 15, 14, 26, 19, 33, 18, 34, 8, 13, 27, 23, 21, 20, 22, 28, 11, 12, 5, 7, 6, 30, 25, 24, 17, 10, 9, 1, 32, 29, 31];2071.0
4080.0;[23, 31, 35, 2, 3, 12, 11, 14, 25, 20, 22, 28, 29, 26, 15, 16, 0, 1, 32, 4, 30, 27, 21, 33, 17, 10, 9, 8, 5, 6, 7, 34, 13, 24, 19, 18];2113.0
4854.0;[33, 10, 9, 12, 5, 34, 8, 13, 0, 25, 18, 17, 7, 6, 4, 32, 31, 35, 2, 3, 26, 27, 28, 29, 16, 15, 14, 11, 1, 30, 22, 23, 24, 19, 20, 21];2031.0
4492.0;[21, 22, 17, 10, 9, 13, 1, 2, 3, 0, 26, 28, 29, 30, 15, 11, 14, 16, 27, 23, 19, 33, 18, 12, 7, 6, 32, 31, 35, 4, 5, 34, 8, 25, 24, 20];2049.0
4700.0;[0, 16, 13, 11, 14, 15, 25, 24, 18, 19, 17, 10, 9, 8, 34, 20, 22, 28, 29, 27, 23, 21, 33, 12, 5, 7, 6, 31, 26, 1, 3, 35, 2, 4, 32, 30];2054.0
4802.0;[12, 7, 6, 4, 32, 35, 30, 26, 0, 13, 8, 34, 9, 27, 22, 23, 1, 2, 3, 25, 24, 28, 29, 31, 5, 11, 14, 15, 16, 21, 20, 33, 18, 19, 10, 17];2309.0
5512.0;[13, 0, 19, 33, 20, 21, 22, 23, 32, 4, 6, 7, 3, 14, 15, 16, 26, 25, 24, 18, 17, 10, 9, 11, 1, 30, 27, 28, 29, 31, 35, 2, 12, 5, 34, 8];2019.0
4923.0;[4, 32, 21, 22, 28, 29, 16, 13, 34, 8, 7, 6, 30, 27, 23, 24, 19, 17, 10, 33, 18, 20, 31, 35, 3, 0, 26, 25, 9, 14, 15, 11, 12, 5, 1, 2];2197.0
4861.0;[25, 24, 31, 32, 35, 2, 4, 6, 7, 9, 18, 17, 10, 33, 19, 20, 22, 21, 23, 27, 28, 29, 30, 13, 34, 8, 12, 5, 11, 14, 15, 16, 0, 26, 1, 3];1916.0
4880.0;[11, 14, 15, 24, 20, 22, 28, 29, 27, 23, 21, 33, 18, 10, 9, 12, 7, 6, 31, 35, 32, 30, 26, 3, 0, 16, 1, 4, 2, 25, 19, 17, 34, 5, 8, 13];2047.0
4685.0;[1, 2, 4, 6, 7, 5, 9, 10, 33, 18, 17, 19, 11, 14, 15, 16, 26, 25, 21, 22, 28, 29, 31, 32, 35, 3, 0, 13, 12, 34, 8, 20, 23, 24, 27, 30];1962.0
5121.0;[25, 24, 22, 28, 29, 15, 16, 1, 12, 7, 5, 11, 14, 10, 33, 18, 9, 13, 0, 26, 20, 21, 19, 17, 34, 8, 6, 2, 3, 30, 23, 27, 31, 35, 4, 32];2224.0
4167.0;[18, 17, 1, 32, 35, 4, 2, 3, 12, 8, 25, 21, 22, 28, 29, 30, 15, 14, 16, 0, 13, 26, 27, 31, 6, 7, 5, 34, 9, 11, 10, 33, 20, 23, 24, 19];2110.0
4780.0;[32, 31, 35, 30, 21, 33, 18, 12, 5, 7, 6, 4, 2, 24, 19, 20, 22, 23, 10, 9, 8, 34, 13, 14, 11, 15, 16, 27, 28, 29, 26, 3, 0, 25, 17, 1];2270.0
4867.0;[14, 15, 16, 27, 31, 35, 4, 7, 6, 32, 2, 3, 0, 1, 26, 23, 22, 28, 29, 30, 13, 34, 8, 9, 25, 24, 10, 33, 18, 20, 21, 19, 17, 11, 12, 5];2020.0
4843.0;[30, 25, 10, 33, 18, 17, 5, 7, 6, 4, 2, 26, 24, 20, 22, 28, 29, 31, 3, 13, 12, 34, 8, 9, 27, 23, 21, 19, 11, 14, 15, 16, 0, 1, 35, 32];2022.0
4784.0;[12, 5, 6, 7, 8, 34, 14, 15, 16, 26, 25, 17, 18, 22, 28, 29, 23, 24, 19, 20, 21, 33, 10, 9, 13, 1, 2, 4, 35, 32, 30, 27, 31, 3, 0, 11];1924.0
4503.0;[12, 7, 6, 32, 30, 27, 28, 29, 25, 20, 21, 22, 23, 31, 35, 2, 4, 5, 34, 8, 9, 11, 13, 14, 16, 15, 24, 19, 10, 33, 18, 17, 0, 1, 26, 3];1827.0
5241.0;[20, 21, 22, 23, 28, 29, 26, 34, 8, 9, 33, 18, 19, 17, 13, 0, 16, 27, 31, 35, 2, 1, 3, 25, 24, 12, 5, 6, 7, 4, 32, 30, 14, 15, 11, 10];2176.0
4942.0;[10, 20, 21, 19, 33, 18, 23, 28, 22, 29, 26, 0, 12, 7, 6, 32, 30, 27, 31, 35, 3, 1, 2, 4, 5, 34, 8, 9, 14, 15, 16, 25, 24, 17, 13, 11];2019.0
5301.0;[33, 18, 17, 34, 8, 20, 21, 23, 27, 28, 22, 29, 31, 35, 32, 30, 1, 2, 3, 0, 13, 16, 15, 14, 11, 12, 5, 26, 25, 10, 9, 6, 7, 4, 24, 19];2162.0
4918.0;[27, 15, 14, 11, 13, 0, 16, 19, 18, 17, 10, 21, 33, 20, 22, 28, 31, 35, 2, 3, 4, 5, 7, 34, 8, 9, 12, 6, 32, 29, 30, 26, 1, 25, 24, 23];2016.0
4311.0;[7, 6, 4, 3, 1, 35, 32, 2, 0, 13, 16, 14, 15, 11, 10, 17, 33, 18, 19, 20, 23, 25, 24, 21, 22, 28, 29, 30, 27, 31, 26, 34, 8, 9, 12, 5];1844.0
4677.0;[17, 10, 33, 18, 34, 8, 9, 13, 22, 23, 27, 31, 35, 3, 12, 6, 30, 28, 29, 15, 16, 14, 11, 0, 1, 32, 2, 4, 5, 7, 26, 25, 24, 19, 20, 21];2110.0
5199.0;[12, 7, 6, 32, 31, 30, 35, 4, 5, 11, 14, 15, 25, 10, 9, 24, 22, 23, 20, 21, 19, 33, 18, 17, 13, 1, 2, 3, 16, 0, 34, 8, 27, 28, 29, 26];2225.0
3997.0;[9, 13, 16, 15, 14, 11, 10, 33, 18, 17, 6, 7, 4, 32, 35, 29, 31, 30, 27, 23, 21, 20, 22, 28, 1, 3, 2, 0, 26, 25, 24, 19, 12, 5, 34, 8];1988.0
5029.0;[13, 27, 28, 22, 24, 19, 17, 35, 32, 29, 31, 2, 12, 5, 7, 6, 4, 30, 26, 25, 20, 23, 21, 33, 18, 11, 14, 1, 3, 0, 16, 15, 10, 9, 34, 8];2134.0
4703.0;[8, 0, 27, 31, 30, 24, 17, 12, 5, 7, 6, 32, 35, 4, 2, 3, 16, 15, 14, 1, 26, 25, 22, 28, 29, 23, 20, 21, 19, 33, 18, 10, 9, 13, 11, 34];1946.0
4407.0;[27, 22, 21, 19, 18, 17, 34, 8, 9, 12, 7, 5, 6, 2, 3, 0, 16, 15, 14, 11, 13, 1, 4, 32, 29, 28, 31, 35, 30, 26, 25, 24, 10, 33, 20, 23];1866.0
4454.0;[27, 28, 29, 12, 34, 8, 1, 32, 31, 35, 4, 5, 6, 7, 2, 3, 19, 18, 17, 11, 13, 0, 26, 25, 24, 23, 20, 21, 22, 33, 10, 9, 14, 16, 15, 30];2180.0
5530.0;[7, 30, 27, 23, 20, 22, 21, 19, 18, 17, 13, 1, 3, 10, 33, 11, 14, 15, 16, 0, 34, 9, 8, 5, 6, 2, 4, 32, 26, 25, 24, 28, 29, 31, 35, 12];2140.0
5618.0;[10, 33, 21, 20, 22, 28, 29, 31, 35, 32, 27, 23, 19, 18, 17, 9, 25, 24, 30, 26, 1, 2, 4, 3, 0, 16, 15, 14, 13, 11, 12, 5, 34, 8, 7, 6];1945.0
4688.0;[23, 27, 31, 32, 29, 30, 25, 24, 22, 28, 26, 16, 0, 13, 34, 8, 6, 7, 1, 35, 3, 2, 4, 9, 18, 10, 33, 19, 17, 12, 5, 11, 15, 14, 20, 21];2306.0
4658.0;[20, 21, 22, 23, 24, 27, 28, 29, 31, 30, 32, 35, 2, 3, 0, 16, 11, 12, 6, 7, 5, 14, 15, 26, 25, 19, 18, 17, 10, 33, 13, 1, 4, 34, 9, 8];2028.0
4989.0;[20, 30, 1, 12, 5, 34, 8, 9, 14, 15, 16, 7, 6, 32, 4, 29, 28, 22, 21, 23, 27, 31, 35, 2, 3, 0, 11, 10, 33, 18, 19, 17, 13, 26, 24, 25];2114.0
4945.0;[6, 28, 22, 21, 20, 31, 32, 30, 27, 23, 24, 19, 12, 5, 7, 4, 2, 3, 1, 35, 0, 25, 29, 26, 16, 15, 10, 33, 18, 17, 11, 13, 14, 34, 9, 8];2335.0
4538.0;[32, 30, 23, 20, 21, 19, 17, 10, 33, 18, 11, 13, 26, 25, 24, 27, 31, 5, 34, 8, 9, 22, 28, 29, 12, 6, 7, 4, 2, 3, 0, 14, 15, 16, 1, 35];2033.0
4647.0;[34, 8, 9, 10, 20, 22, 28, 29, 24, 25, 21, 33, 18, 19, 17, 12, 7, 5, 6, 32, 30, 23, 27, 31, 35, 4, 2, 3, 15, 14, 16, 26, 1, 0, 13, 11];1963.0
4614.0;[2, 5, 6, 7, 4, 32, 29, 31, 35, 3, 1, 12, 34, 9, 8, 13, 11, 10, 33, 23, 30, 27, 26, 16, 14, 15, 18, 17, 0, 25, 24, 19, 20, 21, 22, 28];2230.0
5066.0;[20, 22, 28, 31, 35, 2, 12, 5, 6, 4, 7, 32, 30, 26, 24, 27, 29, 23, 21, 33, 18, 17, 13, 0, 19, 10, 9, 34, 8, 11, 14, 15, 16, 1, 3, 25];2050.0
4873.0;[31, 2, 4, 7, 6, 32, 29, 30, 0, 26, 25, 20, 21, 23, 24, 12, 5, 8, 9, 10, 33, 18, 34, 11, 13, 14, 15, 16, 19, 17, 1, 3, 35, 27, 22, 28];2226.0
4696.0;[25, 24, 10, 33, 18, 19, 20, 23, 31, 4, 5, 7, 6, 32, 30, 27, 22, 21, 17, 11, 28, 29, 26, 16, 14, 15, 1, 35, 2, 0, 3, 12, 34, 8, 9, 13];2049.0
4924.0;[1, 35, 2, 3, 25, 21, 33, 12, 5, 34, 8, 9, 10, 20, 22, 28, 31, 32, 4, 6, 7, 0, 16, 14, 15, 11, 13, 26, 27, 29, 30, 23, 24, 19, 18, 17];2126.0
5040.0;[17, 34, 8, 6, 32, 35, 4, 2, 0, 16, 26, 27, 28, 29, 31, 30, 13, 9, 11, 14, 15, 1, 3, 12, 7, 5, 10, 21, 33, 20, 23, 22, 25, 24, 18, 19];2208.0
4062.0;[0, 1, 4, 7, 5, 6, 2, 3, 14, 11, 10, 9, 13, 35, 32, 31, 30, 26, 12, 34, 8, 27, 28, 29, 15, 16, 25, 24, 21, 33, 20, 22, 23, 19, 17, 18];2268.0
4432.0;[24, 19, 17, 18, 7, 6, 32, 30, 27, 28, 29, 31, 3, 0, 1, 35, 2, 4, 23, 20, 22, 21, 33, 10, 9, 34, 8, 13, 11, 12, 5, 14, 15, 16, 26, 25];1966.0
4792.0;[24, 20, 21, 19, 34, 9, 8, 11, 10, 33, 18, 17, 12, 5, 6, 7, 32, 28, 29, 30, 16, 14, 15, 27, 31, 3, 0, 13, 1, 35, 2, 4, 26, 25, 22, 23];2096.0
4932.0;[28, 29, 30, 31, 32, 35, 2, 3, 12, 5, 6, 7, 24, 19, 22, 23, 20, 21, 33, 18, 10, 9, 0, 16, 15, 14, 26, 25, 17, 11, 13, 1, 4, 34, 8, 27];2037.0
5059.0;[19, 18, 10, 9, 12, 7, 6, 4, 32, 23, 27, 22, 21, 20, 33, 34, 8, 5, 1, 35, 2, 3, 26, 28, 29, 31, 30, 15, 16, 0, 13, 25, 24, 17, 11, 14];2221.0
5088.0;[31, 35, 3, 12, 7, 5, 9, 10, 33, 20, 27, 1, 2, 4, 6, 32, 30, 22, 21, 19, 18, 17, 34, 8, 28, 29, 15, 16, 11, 14, 13, 0, 26, 25, 23, 24];2310.0
4613.0;[17, 10, 33, 20, 23, 27, 30, 2, 4, 32, 5, 6, 7, 8, 34, 9, 11, 12, 13, 0, 28, 29, 15, 14, 16, 25, 24, 21, 22, 31, 35, 3, 1, 26, 19, 18];2119.0
4436.0;[2, 4, 34, 8, 9, 26, 25, 24, 1, 3, 0, 15, 16, 14, 11, 12, 5, 6, 7, 13, 27, 28, 29, 35, 32, 30, 17, 10, 18, 19, 33, 21, 20, 22, 23, 31];2038.0
4947.0;[3, 10, 33, 20, 23, 12, 6, 7, 34, 8, 9, 13, 14, 16, 35, 2, 4, 5, 0, 26, 27, 30, 25, 17, 11, 15, 21, 22, 28, 29, 31, 32, 24, 19, 18, 1];2432.0
5299.0;[17, 1, 4, 32, 29, 30, 31, 35, 2, 3, 26, 27, 22, 28, 16, 15, 14, 11, 13, 0, 25, 24, 23, 20, 21, 19, 33, 18, 12, 7, 5, 6, 34, 8, 9, 10];2103.0
4483.0;[20, 21, 22, 28, 31, 35, 4, 5, 7, 34, 8, 9, 10, 33, 18, 0, 1, 26, 27, 29, 30, 23, 19, 17, 12, 6, 32, 2, 3, 16, 15, 14, 11, 13, 25, 24];1959.0
4297.0;[24, 21, 22, 28, 29, 25, 19, 33, 18, 17, 7, 6, 2, 3, 0, 13, 11, 10, 9, 20, 23, 27, 31, 4, 34, 8, 1, 35, 32, 30, 26, 16, 14, 15, 12, 5];2237.0
4678.0;[26, 27, 28, 29, 34, 8, 9, 5, 6, 7, 4, 31, 32, 30, 25, 10, 33, 18, 21, 20, 22, 23, 24, 19, 17, 13, 16, 0, 1, 35, 2, 3, 12, 11, 14, 15];2083.0
4842.0;[10, 33, 18, 34, 8, 5, 7, 6, 29, 22, 21, 20, 23, 26, 4, 9, 11, 15, 14, 16, 0, 1, 32, 30, 27, 28, 31, 35, 2, 3, 12, 13, 25, 24, 19, 17];2048.0
4801.0;[33, 18, 13, 11, 14, 15, 16, 1, 3, 25, 19, 17, 12, 5, 6, 7, 0, 24, 29, 30, 26, 2, 4, 32, 27, 23, 20, 22, 28, 31, 35, 34, 8, 9, 10, 21];2167.0
4873.0;[31, 30, 26, 25, 24, 19, 33, 18, 17, 10, 9, 13, 12, 34, 8, 5, 7, 6, 4, 2, 0, 23, 20, 21, 22, 15, 11, 14, 16, 1, 3, 35, 32, 27, 28, 29];1858.0
4981.0;[23, 20, 21, 33, 22, 28, 29, 25, 24, 19, 10, 9, 11, 18, 17, 34, 8, 13, 26, 1, 35, 12, 5, 7, 6, 3, 0, 16, 15, 14, 2, 4, 32, 31, 30, 27];1983.0
4573.0;[0, 13, 12, 5, 6, 7, 4, 21, 19, 34, 8, 1, 3, 15, 14, 11, 18, 17, 16, 26, 27, 22, 28, 29, 30, 35, 32, 23, 20, 33, 10, 9, 25, 24, 31, 2];2416.0
5460.0;[4, 5, 34, 8, 9, 12, 6, 7, 11, 14, 26, 25, 19, 18, 20, 21, 22, 28, 29, 31, 35, 2, 3, 15, 16, 27, 30, 23, 10, 33, 13, 0, 24, 17, 1, 32];2101.0
4962.0;[21, 12, 6, 3, 15, 14, 16, 1, 2, 4, 5, 7, 13, 25, 19, 33, 34, 8, 26, 27, 28, 29, 31, 24, 18, 17, 11, 10, 9, 0, 35, 32, 30, 22, 23, 20];2411.0
5112.0;[12, 7, 6, 25, 24, 20, 22, 21, 19, 33, 18, 17, 10, 23, 27, 28, 29, 31, 30, 32, 4, 5, 8, 34, 9, 11, 13, 14, 15, 16, 26, 1, 35, 2, 3, 0];1888.0
4921.0;[31, 35, 4, 34, 9, 8, 11, 15, 14, 16, 25, 24, 20, 23, 19, 17, 10, 33, 18, 21, 22, 28, 29, 30, 26, 2, 1, 3, 0, 13, 12, 5, 6, 7, 32, 27];1864.0
5143.0;[5, 6, 7, 4, 32, 30, 28, 29, 31, 27, 22, 21, 19, 13, 16, 0, 1, 35, 2, 3, 34, 8, 9, 10, 33, 18, 11, 14, 15, 26, 25, 20, 23, 24, 17, 12];2012.0
4986.0;[30, 12, 5, 8, 34, 9, 10, 33, 18, 20, 21, 22, 23, 28, 29, 31, 2, 4, 6, 7, 32, 35, 3, 15, 16, 14, 11, 13, 0, 25, 24, 19, 17, 1, 26, 27];1958.0
4482.0;[10, 33, 20, 21, 19, 18, 17, 0, 26, 25, 24, 28, 29, 31, 32, 35, 3, 13, 34, 8, 9, 11, 12, 5, 7, 14, 15, 16, 1, 30, 22, 23, 27, 4, 6, 2];2177.0
4754.0;[32, 31, 35, 4, 5, 8, 7, 6, 2, 3, 12, 34, 9, 10, 33, 18, 17, 13, 0, 25, 19, 11, 14, 15, 16, 26, 24, 27, 23, 20, 21, 22, 28, 29, 30, 1];1913.0
4667.0;[13, 14, 15, 19, 33, 21, 20, 22, 23, 30, 26, 1, 2, 4, 5, 34, 8, 0, 16, 27, 28, 29, 31, 35, 32, 7, 6, 3, 25, 24, 18, 17, 10, 9, 12, 11];2031.0
4574.0;[22, 28, 29, 31, 27, 23, 21, 33, 10, 9, 8, 7, 6, 3, 25, 18, 17, 13, 0, 26, 24, 19, 1, 35, 2, 4, 32, 30, 15, 16, 14, 11, 12, 5, 34, 20];2221.0
4961.0;[28, 29, 31, 2, 3, 25, 19, 17, 12, 7, 5, 6, 4, 32, 35, 30, 27, 22, 23, 20, 21, 33, 18, 10, 9, 13, 1, 0, 16, 14, 15, 11, 34, 8, 26, 24];1946.0
5254.0;[11, 14, 15, 16, 25, 10, 33, 18, 19, 17, 12, 5, 7, 6, 31, 30, 23, 24, 27, 26, 13, 0, 1, 3, 35, 2, 4, 32, 21, 20, 22, 28, 29, 34, 8, 9];2002.0
5611.0;[10, 33, 18, 13, 25, 24, 19, 17, 11, 0, 1, 35, 2, 12, 6, 7, 4, 32, 29, 30, 27, 28, 31, 3, 16, 14, 15, 26, 21, 20, 22, 23, 34, 5, 8, 9];2163.0
4456.0;[18, 22, 28, 31, 35, 32, 4, 2, 3, 0, 13, 12, 6, 7, 5, 34, 9, 8, 11, 15, 14, 16, 1, 26, 25, 27, 23, 20, 21, 29, 30, 24, 17, 10, 33, 19];1845.0
5107.0;[19, 18, 12, 6, 7, 5, 34, 13, 35, 32, 30, 28, 29, 16, 15, 1, 2, 4, 27, 22, 23, 31, 3, 0, 24, 17, 10, 8, 9, 26, 25, 20, 21, 33, 11, 14];2406.0
4975.0;[34, 8, 9, 13, 0, 16, 26, 25, 24, 27, 23, 21, 19, 33, 18, 1, 35, 2, 32, 4, 7, 5, 11, 17, 10, 20, 22, 28, 29, 15, 14, 3, 12, 6, 31, 30];2289.0
5253.0;[31, 12, 6, 7, 5, 34, 9, 8, 11, 10, 33, 20, 25, 24, 27, 23, 19, 17, 0, 4, 32, 30, 22, 21, 18, 13, 14, 15, 16, 1, 35, 2, 3, 26, 28, 29];2218.0
5432.0;[27, 30, 26, 1, 2, 3, 25, 22, 28, 29, 0, 34, 8, 9, 12, 7, 6, 24, 17, 18, 19, 23, 31, 35, 32, 4, 5, 13, 14, 16, 15, 11, 10, 33, 21, 20];2098.0
4771.0;[6, 7, 5, 10, 33, 18, 17, 11, 1, 2, 4, 34, 8, 9, 19, 21, 22, 28, 29, 30, 25, 24, 13, 0, 16, 15, 14, 26, 35, 32, 23, 20, 27, 31, 3, 12];2130.0
4462.0;[1, 4, 5, 6, 7, 34, 8, 9, 28, 29, 30, 27, 31, 32, 25, 21, 20, 22, 23, 35, 2, 3, 12, 11, 10, 33, 18, 17, 13, 15, 14, 16, 0, 26, 24, 19];2151.0
4646.0;[9, 11, 14, 15, 16, 27, 26, 12, 5, 1, 3, 35, 32, 29, 30, 19, 18, 22, 28, 31, 4, 6, 7, 2, 0, 13, 34, 8, 25, 24, 20, 23, 21, 33, 17, 10];2243.0
4762.0;[12, 7, 6, 2, 4, 5, 34, 8, 9, 0, 21, 20, 22, 28, 29, 31, 3, 16, 26, 27, 30, 1, 35, 32, 23, 25, 24, 17, 10, 33, 19, 18, 11, 15, 14, 13];1954.0
4927.0;[25, 23, 24, 20, 22, 21, 19, 34, 9, 18, 17, 10, 33, 27, 30, 26, 1, 35, 32, 4, 2, 0, 28, 29, 31, 3, 12, 5, 6, 7, 8, 11, 13, 14, 15, 16];2115.0
4866.0;[25, 19, 33, 18, 13, 0, 27, 28, 29, 30, 21, 20, 22, 23, 24, 17, 10, 9, 8, 34, 5, 7, 2, 15, 16, 14, 11, 12, 6, 4, 32, 31, 35, 3, 1, 26];1987.0
4391.0;[12, 5, 7, 6, 29, 22, 21, 28, 31, 35, 4, 32, 30, 27, 24, 19, 18, 1, 2, 3, 34, 8, 9, 13, 0, 26, 20, 23, 16, 15, 25, 17, 11, 14, 10, 33];2385.0
4201.0;[8, 34, 9, 13, 26, 27, 28, 22, 23, 24, 19, 10, 33, 18, 17, 1, 35, 3, 12, 5, 6, 7, 4, 2, 0, 25, 20, 21, 29, 31, 32, 30, 15, 16, 14, 11];2029.0
5050.0;[9, 10, 33, 18, 19, 21, 22, 28, 29, 30, 26, 25, 17, 15, 14, 16, 0, 1, 35, 2, 4, 3, 13, 11, 12, 34, 8, 6, 32, 27, 23, 24, 20, 31, 7, 5];2071.0
4861.0;[35, 32, 25, 24, 17, 10, 33, 18, 34, 8, 9, 12, 13, 27, 23, 20, 21, 19, 22, 28, 31, 2, 3, 0, 15, 16, 26, 1, 4, 5, 6, 7, 11, 14, 29, 30];2073.0
5025.0;[23, 17, 18, 19, 21, 22, 28, 29, 30, 27, 31, 4, 7, 6, 32, 35, 12, 5, 1, 2, 3, 16, 15, 26, 25, 10, 33, 34, 8, 9, 11, 14, 13, 0, 24, 20];2003.0
5176.0;[16, 26, 25, 24, 17, 10, 9, 8, 5, 7, 29, 28, 22, 20, 21, 33, 18, 34, 13, 0, 12, 6, 4, 32, 35, 31, 30, 27, 23, 19, 11, 14, 15, 1, 3, 2];2148.0
4802.0;[34, 5, 8, 9, 11, 14, 13, 12, 7, 6, 4, 35, 2, 3, 0, 1, 26, 25, 24, 10, 33, 18, 17, 19, 22, 28, 29, 27, 23, 20, 21, 31, 32, 30, 16, 15];1947.0
4648.0;[15, 16, 25, 19, 21, 22, 28, 29, 31, 2, 4, 32, 35, 27, 30, 26, 1, 3, 34, 8, 9, 18, 17, 10, 33, 11, 13, 0, 24, 20, 23, 12, 6, 7, 5, 14];2101.0
5322.0;[32, 29, 28, 22, 21, 33, 10, 18, 19, 20, 23, 24, 17, 12, 7, 6, 4, 5, 34, 9, 8, 35, 2, 0, 25, 27, 30, 11, 14, 15, 16, 1, 3, 13, 26, 31];2127.0
5202.0;[31, 32, 35, 4, 7, 6, 2, 3, 12, 5, 26, 20, 21, 23, 24, 25, 19, 10, 33, 18, 17, 11, 14, 15, 16, 0, 13, 8, 34, 9, 1, 29, 30, 27, 22, 28];2070.0
4888.0;[27, 22, 21, 33, 18, 34, 8, 11, 14, 15, 16, 0, 26, 24, 19, 17, 10, 9, 1, 2, 4, 32, 25, 20, 23, 31, 35, 3, 12, 6, 7, 5, 13, 28, 29, 30];2002.0
5647.0;[29, 28, 22, 20, 21, 33, 18, 17, 10, 9, 0, 26, 30, 25, 24, 31, 32, 35, 2, 5, 6, 4, 27, 23, 19, 34, 8, 11, 14, 16, 15, 1, 3, 13, 12, 7];2153.0
5009.0;[31, 4, 5, 7, 11, 14, 15, 16, 25, 21, 33, 18, 19, 1, 3, 34, 8, 9, 10, 17, 13, 12, 6, 32, 30, 20, 22, 23, 24, 27, 35, 2, 0, 26, 28, 29];2251.0
4751.0;[33, 18, 17, 10, 9, 12, 6, 7, 5, 13, 0, 20, 22, 28, 29, 30, 26, 25, 24, 19, 34, 8, 11, 15, 14, 16, 27, 31, 35, 2, 4, 3, 1, 32, 23, 21];1928.0
4637.0;[33, 18, 5, 7, 6, 2, 4, 32, 31, 35, 11, 10, 9, 12, 34, 8, 13, 24, 20, 21, 17, 0, 27, 23, 22, 28, 29, 30, 1, 3, 16, 15, 14, 26, 25, 19];2164.0
5019.0;[5, 7, 6, 30, 20, 23, 27, 31, 35, 32, 4, 2, 16, 15, 25, 24, 21, 22, 28, 29, 26, 18, 19, 17, 34, 8, 9, 13, 1, 3, 0, 14, 11, 10, 33, 12];2040.0
5129.0;[32, 5, 6, 7, 18, 17, 19, 20, 21, 33, 10, 9, 8, 15, 14, 16, 23, 22, 28, 29, 30, 26, 25, 24, 27, 31, 2, 4, 3, 0, 13, 11, 12, 34, 1, 35];2096.0
4691.0;[12, 7, 5, 6, 27, 28, 29, 30, 15, 16, 14, 11, 34, 8, 9, 13, 1, 35, 32, 4, 3, 0, 26, 25, 24, 21, 22, 17, 18, 10, 33, 19, 20, 23, 31, 2];1967.0
5024.0;[25, 22, 28, 21, 19, 18, 10, 33, 20, 23, 24, 17, 12, 5, 6, 7, 29, 31, 30, 34, 8, 9, 35, 2, 4, 32, 27, 26, 0, 1, 3, 15, 16, 14, 11, 13];2223.0
4874.0;[21, 33, 17, 0, 1, 26, 4, 5, 34, 8, 13, 11, 14, 15, 16, 27, 28, 29, 25, 19, 10, 9, 18, 20, 22, 23, 31, 35, 2, 3, 12, 6, 7, 32, 30, 24];2167.0
5032.0;[0, 26, 27, 28, 22, 23, 20, 21, 18, 17, 13, 1, 35, 32, 29, 31, 30, 25, 24, 19, 10, 33, 9, 11, 12, 6, 2, 3, 4, 34, 8, 7, 5, 14, 15, 16];2075.0
5074.0;[24, 20, 23, 27, 2, 4, 32, 31, 35, 3, 0, 16, 26, 1, 30, 22, 21, 33, 10, 9, 8, 13, 25, 28, 29, 12, 5, 6, 7, 34, 19, 18, 17, 11, 14, 15];2311.0
5251.0;[1, 4, 8, 7, 5, 6, 2, 3, 12, 34, 0, 26, 25, 24, 27, 23, 20, 22, 21, 33, 10, 9, 13, 14, 16, 15, 11, 17, 18, 19, 28, 29, 31, 32, 35, 30];2089.0
4754.0;[27, 28, 22, 29, 31, 35, 2, 3, 25, 20, 21, 33, 18, 19, 23, 17, 34, 8, 9, 1, 4, 32, 15, 16, 11, 14, 12, 5, 13, 0, 26, 24, 10, 7, 6, 30];2227.0
4860.0;[35, 4, 2, 3, 1, 25, 24, 20, 21, 19, 33, 18, 17, 10, 16, 15, 14, 11, 12, 6, 7, 5, 8, 34, 9, 13, 0, 26, 28, 29, 30, 22, 23, 27, 31, 32];1820.0
4448.0;[30, 10, 33, 18, 17, 34, 8, 9, 14, 15, 26, 20, 21, 22, 31, 2, 3, 13, 0, 25, 24, 27, 23, 19, 12, 7, 5, 11, 16, 1, 35, 32, 4, 6, 28, 29];2213.0
4587.0;[10, 12, 6, 7, 5, 14, 15, 24, 19, 18, 20, 22, 23, 27, 28, 29, 31, 30, 26, 16, 25, 17, 34, 8, 9, 11, 1, 2, 4, 3, 13, 0, 35, 32, 21, 33];2154.0
5221.0;[21, 22, 33, 18, 10, 9, 13, 11, 12, 34, 8, 1, 3, 35, 32, 30, 28, 29, 27, 23, 31, 2, 0, 16, 14, 15, 19, 17, 6, 4, 7, 5, 26, 25, 24, 20];2181.0
5482.0;[2, 3, 12, 34, 8, 7, 6, 32, 22, 23, 20, 33, 17, 18, 19, 31, 35, 4, 5, 9, 13, 0, 16, 14, 15, 11, 10, 21, 28, 29, 25, 24, 27, 30, 26, 1];2093.0
4359.0;[30, 26, 25, 20, 21, 33, 17, 16, 14, 15, 10, 9, 12, 7, 6, 2, 3, 1, 24, 28, 29, 31, 35, 32, 4, 5, 8, 34, 13, 0, 11, 18, 19, 22, 23, 27];2028.0
5087.0;[10, 33, 18, 11, 14, 16, 15, 13, 0, 12, 5, 6, 7, 2, 3, 1, 32, 29, 30, 25, 20, 21, 22, 28, 31, 35, 4, 34, 8, 9, 26, 27, 23, 24, 19, 17];1869.0
4400.0;[10, 33, 23, 24, 17, 11, 14, 15, 1, 4, 5, 8, 13, 0, 16, 12, 7, 6, 28, 22, 21, 20, 27, 35, 32, 29, 31, 2, 3, 26, 30, 25, 19, 18, 34, 9];2300.0
4636.0;[6, 7, 32, 27, 28, 29, 30, 22, 23, 21, 20, 33, 18, 19, 17, 10, 9, 26, 25, 24, 31, 3, 15, 14, 11, 34, 8, 13, 0, 16, 1, 35, 4, 2, 5, 12];2030.0
5101.0;[20, 31, 35, 4, 5, 12, 7, 6, 28, 22, 21, 33, 18, 17, 10, 9, 11, 13, 0, 14, 15, 16, 1, 32, 27, 29, 30, 2, 3, 25, 24, 19, 34, 8, 26, 23];2176.0
5022.0;[31, 2, 5, 7, 34, 8, 9, 13, 12, 6, 4, 32, 35, 30, 15, 14, 11, 10, 19, 33, 18, 17, 26, 25, 20, 23, 21, 22, 28, 1, 3, 0, 16, 24, 27, 29];2147.0
4765.0;[25, 24, 20, 21, 33, 19, 18, 10, 9, 0, 26, 2, 4, 5, 34, 8, 6, 7, 32, 29, 31, 27, 28, 22, 23, 17, 14, 16, 15, 3, 12, 11, 13, 1, 35, 30];2129.0
4809.0;[29, 28, 31, 35, 4, 7, 5, 18, 19, 17, 11, 15, 16, 20, 21, 33, 10, 9, 1, 2, 3, 0, 25, 24, 27, 22, 23, 12, 6, 32, 30, 34, 8, 13, 14, 26];2435.0
5348.0;[25, 33, 18, 19, 20, 21, 23, 24, 17, 10, 9, 8, 5, 34, 11, 0, 26, 1, 3, 13, 12, 6, 7, 2, 4, 31, 35, 32, 27, 28, 22, 29, 30, 14, 15, 16];1990.0
4659.0;[18, 34, 9, 8, 12, 6, 7, 5, 13, 25, 24, 19, 17, 15, 14, 16, 0, 28, 29, 31, 35, 2, 4, 32, 30, 26, 1, 3, 11, 10, 33, 20, 23, 27, 22, 21];2048.0
4333.0;[26, 20, 22, 23, 21, 33, 10, 9, 1, 32, 30, 27, 28, 29, 31, 35, 12, 5, 6, 4, 15, 16, 25, 24, 11, 14, 19, 18, 17, 13, 0, 8, 34, 7, 2, 3];2328.0
5081.0;[8, 26, 20, 21, 33, 18, 17, 10, 9, 35, 32, 30, 28, 29, 31, 3, 12, 7, 5, 6, 2, 14, 15, 16, 25, 24, 22, 27, 23, 19, 11, 13, 0, 1, 4, 34];2160.0
4902.0;[34, 8, 9, 18, 19, 33, 17, 12, 5, 31, 35, 16, 15, 11, 14, 1, 30, 27, 20, 21, 22, 28, 29, 23, 24, 25, 10, 7, 6, 4, 32, 2, 3, 26, 0, 13];2254.0
4976.0;[24, 27, 35, 4, 7, 5, 34, 8, 9, 10, 20, 22, 28, 31, 32, 30, 26, 0, 1, 2, 3, 12, 6, 29, 23, 21, 19, 33, 18, 17, 11, 13, 14, 15, 16, 25];2059.0
5164.0;[10, 9, 0, 26, 1, 32, 4, 2, 3, 20, 21, 18, 19, 22, 23, 25, 24, 17, 34, 8, 13, 11, 14, 15, 16, 28, 31, 35, 12, 5, 7, 6, 29, 30, 27, 33];2141.0
4791.0;[0, 27, 31, 35, 2, 3, 13, 12, 34, 8, 7, 6, 32, 30, 24, 19, 33, 23, 21, 20, 22, 28, 29, 26, 25, 18, 17, 10, 9, 1, 4, 5, 11, 14, 15, 16];1986.0
5058.0;[19, 17, 10, 14, 15, 16, 27, 29, 28, 22, 21, 20, 23, 31, 35, 2, 3, 4, 12, 5, 7, 6, 32, 30, 25, 33, 18, 34, 8, 9, 11, 13, 0, 26, 1, 24];2060.0
4812.0;[27, 23, 20, 21, 19, 5, 7, 4, 2, 13, 16, 14, 15, 11, 12, 34, 8, 6, 30, 26, 1, 3, 0, 25, 24, 28, 31, 35, 32, 29, 22, 33, 18, 17, 10, 9];2201.0
5148.0;[21, 33, 18, 5, 7, 6, 29, 30, 25, 20, 23, 24, 19, 17, 10, 9, 11, 14, 15, 16, 1, 3, 12, 34, 8, 13, 26, 31, 35, 32, 4, 2, 0, 27, 28, 22];1999.0
4509.0;[26, 25, 24, 23, 20, 21, 19, 18, 17, 10, 33, 9, 34, 8, 11, 14, 15, 13, 12, 5, 6, 4, 7, 32, 30, 27, 28, 22, 29, 31, 3, 35, 2, 0, 16, 1];1936.0
5086.0;[28, 12, 5, 6, 7, 16, 15, 1, 2, 4, 32, 29, 31, 35, 3, 10, 9, 13, 14, 11, 34, 8, 0, 25, 20, 21, 23, 24, 19, 17, 26, 27, 30, 33, 18, 22];2382.0
4650.0;[5, 13, 11, 10, 33, 17, 18, 19, 21, 22, 30, 7, 6, 3, 26, 27, 28, 29, 16, 15, 14, 0, 1, 12, 34, 8, 9, 25, 24, 20, 23, 31, 32, 35, 2, 4];2155.0
5432.0;[23, 20, 22, 28, 29, 30, 35, 2, 12, 0, 26, 21, 19, 17, 13, 1, 3, 25, 24, 27, 31, 32, 4, 5, 6, 7, 8, 34, 9, 11, 10, 33, 18, 14, 15, 16];2128.0
4825.0;[18, 21, 19, 12, 7, 6, 11, 14, 15, 16, 26, 25, 20, 22, 28, 29, 30, 2, 3, 0, 1, 32, 4, 8, 13, 24, 27, 23, 31, 35, 5, 34, 9, 17, 10, 33];2221.0
4680.0;[18, 11, 12, 7, 6, 4, 32, 29, 30, 28, 22, 23, 21, 19, 17, 10, 9, 13, 1, 35, 2, 5, 34, 8, 26, 27, 31, 3, 0, 14, 15, 16, 25, 24, 20, 33];1998.0
4675.0;[35, 32, 4, 2, 3, 1, 12, 5, 34, 8, 9, 0, 26, 25, 17, 10, 21, 22, 23, 20, 24, 19, 33, 18, 14, 15, 16, 27, 28, 29, 30, 13, 11, 6, 7, 31];2077.0
5213.0;[33, 10, 9, 11, 14, 15, 27, 31, 35, 32, 26, 25, 24, 20, 22, 23, 28, 29, 30, 17, 18, 12, 6, 7, 2, 4, 5, 13, 0, 1, 3, 34, 8, 16, 19, 21];2189.0
5009.0;[28, 22, 21, 20, 23, 29, 30, 26, 34, 8, 9, 12, 6, 2, 4, 5, 7, 0, 25, 24, 27, 31, 3, 16, 15, 14, 11, 10, 33, 18, 19, 17, 13, 1, 35, 32];2026.0
5098.0;[24, 20, 21, 22, 23, 27, 28, 29, 31, 35, 2, 3, 1, 26, 16, 15, 14, 11, 10, 9, 34, 8, 7, 32, 30, 25, 19, 33, 18, 17, 0, 13, 12, 5, 6, 4];1911.0
5013.0;[25, 24, 33, 18, 19, 17, 10, 9, 5, 7, 11, 28, 29, 31, 32, 35, 2, 0, 13, 34, 8, 14, 16, 15, 12, 6, 4, 30, 27, 20, 21, 22, 23, 26, 1, 3];2120.0
4914.0;[28, 29, 30, 26, 0, 13, 15, 14, 16, 24, 20, 21, 33, 10, 9, 1, 3, 35, 2, 4, 31, 32, 27, 23, 34, 8, 6, 7, 18, 17, 11, 12, 5, 25, 19, 22];2302.0
4987.0;[11, 10, 33, 18, 34, 8, 9, 24, 27, 30, 15, 14, 16, 1, 4, 6, 29, 28, 22, 21, 20, 23, 31, 35, 32, 2, 3, 12, 5, 7, 0, 26, 25, 19, 17, 13];2131.0
5014.0;[6, 2, 4, 5, 7, 34, 8, 9, 13, 1, 3, 35, 32, 22, 28, 29, 30, 0, 26, 25, 24, 27, 16, 15, 14, 11, 10, 33, 20, 21, 19, 17, 18, 23, 31, 12];2088.0
4807.0;[28, 29, 22, 21, 33, 18, 17, 11, 12, 7, 6, 2, 3, 0, 1, 4, 31, 35, 32, 30, 25, 19, 10, 9, 8, 5, 34, 13, 26, 20, 23, 24, 27, 16, 15, 14];2167.0
4725.0;[11, 10, 33, 18, 17, 14, 15, 16, 1, 30, 26, 25, 19, 21, 20, 23, 24, 22, 28, 29, 4, 5, 34, 8, 9, 13, 0, 27, 31, 35, 32, 2, 3, 12, 6, 7];1957.0
4975.0;[0, 16, 26, 27, 29, 30, 25, 20, 21, 23, 19, 10, 33, 18, 17, 9, 8, 13, 1, 24, 22, 28, 31, 35, 4, 32, 2, 3, 14, 15, 11, 12, 34, 5, 7, 6];2091.0
5651.0;[20, 21, 22, 23, 24, 25, 19, 33, 18, 17, 10, 9, 1, 32, 29, 31, 30, 26, 3, 35, 2, 4, 5, 13, 16, 0, 27, 28, 15, 14, 11, 12, 34, 8, 6, 7];2184.0
5040.0;[29, 22, 20, 21, 33, 17, 34, 8, 1, 3, 16, 15, 11, 12, 7, 5, 6, 18, 19, 23, 31, 32, 30, 27, 14, 13, 0, 26, 35, 2, 4, 25, 24, 10, 9, 28];2401.0
4372.0;[32, 24, 18, 19, 20, 22, 28, 29, 30, 26, 16, 0, 1, 3, 35, 2, 4, 5, 11, 14, 15, 12, 34, 8, 13, 25, 27, 31, 23, 21, 33, 17, 10, 9, 7, 6];2061.0
4934.0;[8, 13, 1, 3, 0, 25, 24, 29, 12, 5, 6, 7, 4, 28, 22, 23, 15, 16, 26, 27, 31, 32, 30, 20, 21, 33, 18, 19, 17, 10, 9, 11, 14, 35, 2, 34];2272.0
4876.0;[23, 21, 22, 28, 31, 35, 2, 3, 16, 1, 32, 27, 26, 25, 33, 18, 19, 17, 12, 6, 4, 5, 7, 29, 30, 15, 14, 11, 10, 9, 13, 0, 34, 8, 24, 20];2190.0
4651.0;[8, 9, 10, 33, 18, 14, 15, 16, 25, 19, 17, 11, 13, 0, 1, 4, 6, 7, 29, 23, 24, 27, 28, 22, 20, 21, 31, 2, 3, 35, 32, 30, 26, 12, 5, 34];2160.0
5254.0;[12, 6, 7, 4, 32, 29, 30, 26, 1, 3, 25, 24, 19, 20, 21, 34, 5, 8, 9, 11, 14, 15, 16, 27, 28, 22, 23, 31, 35, 2, 0, 13, 10, 33, 18, 17];2021.0
4658.0;[26, 1, 2, 4, 5, 7, 6, 35, 32, 30, 27, 31, 3, 19, 17, 10, 9, 12, 34, 8, 20, 22, 28, 29, 23, 21, 33, 18, 0, 16, 15, 14, 11, 13, 25, 24];2132.0
4795.0;[21, 20, 33, 19, 18, 17, 10, 9, 12, 5, 34, 8, 0, 1, 2, 3, 35, 4, 32, 29, 31, 6, 7, 28, 22, 23, 27, 30, 16, 15, 14, 11, 13, 26, 25, 24];2037.0
5123.0;[31, 12, 8, 9, 1, 3, 15, 14, 16, 35, 32, 30, 28, 29, 26, 25, 24, 20, 21, 22, 23, 10, 33, 19, 18, 17, 34, 11, 13, 2, 4, 5, 6, 7, 0, 27];2133.0
4928.0;[16, 1, 30, 26, 25, 24, 28, 29, 31, 4, 5, 34, 8, 13, 11, 14, 15, 27, 23, 20, 22, 21, 33, 19, 18, 17, 10, 9, 12, 6, 7, 32, 35, 2, 3, 0];1833.0
4793.0;[14, 11, 12, 6, 4, 23, 24, 27, 28, 22, 29, 31, 35, 2, 3, 25, 20, 21, 19, 18, 17, 1, 32, 30, 26, 13, 8, 9, 10, 33, 34, 5, 7, 0, 16, 15];2231.0
4507.0;[3, 20, 21, 19, 17, 10, 33, 18, 22, 23, 26, 1, 8, 34, 9, 0, 16, 15, 25, 24, 13, 11, 14, 12, 5, 6, 7, 4, 32, 29, 30, 27, 28, 31, 35, 2];2110.0
5021.0;[9, 0, 1, 3, 35, 32, 28, 22, 23, 20, 21, 17, 13, 12, 7, 6, 2, 4, 5, 34, 8, 11, 14, 16, 15, 26, 29, 30, 27, 31, 25, 24, 19, 33, 18, 10];1965.0
5117.0;[24, 20, 21, 22, 23, 31, 35, 2, 3, 12, 5, 6, 7, 4, 34, 8, 13, 1, 32, 27, 28, 29, 30, 26, 19, 17, 10, 9, 33, 18, 11, 14, 15, 16, 0, 25];1940.0
4798.0;[11, 13, 0, 16, 1, 2, 4, 8, 34, 9, 24, 27, 31, 35, 32, 30, 28, 29, 26, 3, 25, 20, 23, 19, 18, 17, 10, 33, 21, 22, 15, 14, 12, 6, 7, 5];2148.0
4820.0;[8, 6, 7, 29, 31, 35, 2, 0, 24, 20, 21, 22, 23, 27, 30, 28, 26, 1, 3, 12, 5, 13, 14, 15, 16, 34, 9, 11, 10, 33, 17, 4, 32, 25, 18, 19];2376.0
4771.0;[11, 12, 5, 34, 8, 7, 6, 32, 31, 35, 2, 4, 27, 23, 21, 33, 18, 17, 0, 1, 3, 16, 15, 26, 25, 24, 20, 22, 28, 29, 30, 19, 10, 9, 13, 14];1896.0
4683.0;[25, 24, 31, 35, 4, 32, 30, 27, 28, 29, 12, 6, 7, 5, 11, 14, 16, 15, 1, 2, 3, 0, 33, 18, 19, 20, 21, 22, 23, 17, 10, 9, 34, 8, 13, 26];1923.0
4879.0;[7, 6, 4, 2, 11, 14, 15, 16, 20, 23, 10, 33, 18, 19, 21, 22, 24, 34, 8, 9, 13, 35, 31, 32, 30, 26, 27, 28, 29, 0, 1, 3, 25, 17, 12, 5];2200.0
4880.0;[28, 29, 1, 32, 30, 19, 17, 10, 33, 18, 15, 14, 16, 20, 21, 23, 31, 35, 2, 4, 3, 26, 25, 24, 13, 0, 11, 34, 8, 9, 12, 5, 7, 6, 27, 22];2144.0
4409.0;[34, 8, 13, 12, 7, 5, 6, 4, 32, 30, 28, 29, 31, 35, 2, 3, 0, 1, 25, 20, 22, 21, 19, 33, 18, 17, 10, 9, 11, 14, 15, 16, 26, 27, 23, 24];1799.0
4817.0;[34, 8, 7, 6, 2, 3, 13, 25, 24, 20, 22, 23, 28, 29, 27, 21, 33, 10, 9, 12, 5, 11, 1, 35, 32, 4, 31, 30, 0, 16, 14, 15, 26, 19, 18, 17];2048.0
5202.0;[25, 21, 33, 19, 18, 17, 10, 9, 12, 34, 8, 5, 6, 7, 4, 29, 28, 22, 23, 20, 27, 31, 32, 35, 2, 3, 0, 13, 11, 14, 15, 16, 1, 24, 30, 26];1897.0
4897.0;[6, 2, 3, 32, 30, 22, 28, 29, 16, 15, 11, 14, 19, 18, 17, 10, 33, 34, 8, 9, 25, 20, 21, 23, 24, 27, 31, 35, 4, 5, 7, 13, 0, 26, 1, 12];2137.0
5007.0;[18, 12, 7, 6, 32, 22, 28, 29, 2, 4, 5, 34, 8, 9, 10, 33, 23, 24, 17, 0, 16, 1, 3, 13, 11, 14, 15, 27, 31, 35, 30, 26, 25, 20, 21, 19];2126.0
5206.0;[17, 10, 33, 18, 19, 22, 23, 27, 31, 35, 3, 12, 6, 7, 5, 13, 0, 1, 26, 25, 28, 29, 30, 11, 14, 15, 16, 24, 20, 21, 34, 8, 9, 2, 4, 32];2101.0
4928.0;[12, 7, 5, 11, 13, 0, 1, 4, 34, 9, 8, 6, 2, 3, 16, 15, 14, 27, 28, 29, 25, 10, 33, 18, 19, 20, 21, 22, 23, 31, 32, 35, 30, 26, 24, 17];2070.0
4719.0;[6, 30, 22, 28, 29, 15, 16, 23, 20, 21, 33, 18, 10, 9, 1, 35, 32, 4, 2, 3, 0, 25, 24, 19, 34, 8, 26, 17, 13, 12, 11, 14, 27, 31, 5, 7];2350.0
4673.0;[32, 28, 29, 30, 26, 25, 19, 33, 18, 17, 10, 9, 15, 14, 16, 24, 20, 22, 21, 23, 27, 31, 35, 6, 7, 3, 0, 11, 12, 5, 8, 34, 13, 1, 2, 4];2003.0
4376.0;[18, 17, 5, 6, 7, 4, 32, 28, 29, 31, 35, 2, 3, 1, 26, 25, 20, 22, 23, 30, 27, 24, 19, 10, 9, 11, 14, 15, 16, 13, 12, 34, 8, 0, 21, 33];2023.0
4786.0;[1, 12, 6, 4, 2, 16, 14, 15, 10, 33, 18, 35, 32, 30, 28, 29, 22, 23, 27, 24, 31, 3, 0, 34, 8, 7, 5, 9, 25, 19, 20, 21, 17, 11, 13, 26];2368.0
4813.0;[29, 26, 25, 20, 22, 10, 9, 8, 34, 5, 7, 6, 2, 4, 3, 12, 13, 11, 0, 1, 32, 31, 35, 30, 27, 23, 24, 19, 21, 33, 18, 17, 14, 15, 16, 28];2090.0
4875.0;[5, 6, 7, 4, 32, 35, 31, 2, 3, 24, 17, 10, 8, 9, 34, 13, 11, 14, 15, 16, 0, 26, 25, 20, 22, 21, 33, 18, 19, 23, 27, 28, 29, 30, 1, 12];1913.0
5073.0;[12, 6, 2, 3, 1, 35, 32, 4, 7, 5, 8, 34, 25, 22, 28, 29, 30, 20, 21, 23, 24, 19, 33, 18, 17, 10, 9, 27, 31, 26, 0, 16, 14, 15, 11, 13];2006.0
4793.0;[24, 30, 26, 15, 16, 1, 32, 35, 2, 4, 6, 7, 34, 8, 9, 10, 19, 33, 18, 17, 12, 5, 11, 14, 27, 28, 29, 31, 3, 13, 0, 21, 20, 22, 23, 25];2021.0
4785.0;[2, 3, 26, 19, 33, 18, 12, 7, 4, 32, 27, 28, 29, 31, 35, 5, 34, 25, 21, 20, 22, 23, 24, 17, 0, 16, 15, 14, 13, 11, 10, 9, 8, 6, 30, 1];2278.0
4734.0;[34, 8, 5, 11, 14, 24, 20, 21, 22, 28, 29, 30, 16, 15, 10, 33, 18, 9, 13, 0, 31, 35, 2, 4, 32, 27, 23, 17, 12, 6, 7, 3, 1, 26, 25, 19];2243.0
4991.0;[24, 19, 20, 21, 10, 33, 13, 11, 14, 15, 25, 17, 18, 22, 23, 28, 29, 16, 0, 1, 3, 12, 34, 9, 26, 27, 31, 35, 2, 4, 5, 7, 8, 6, 32, 30];2198.0
4966.0;[20, 22, 23, 28, 29, 13, 34, 8, 24, 21, 33, 10, 9, 14, 16, 15, 25, 19, 18, 17, 11, 12, 5, 7, 6, 3, 1, 4, 32, 30, 27, 31, 35, 2, 0, 26];2114.0
4803.0;[12, 6, 4, 2, 5, 7, 34, 8, 1, 3, 25, 20, 22, 23, 31, 32, 35, 30, 27, 21, 33, 19, 18, 10, 9, 11, 14, 15, 28, 29, 0, 13, 16, 26, 24, 17];2241.0
4940.0;[20, 22, 23, 21, 33, 18, 17, 19, 10, 9, 11, 25, 24, 31, 2, 3, 14, 15, 16, 0, 26, 28, 29, 13, 34, 8, 12, 5, 7, 6, 4, 1, 35, 32, 30, 27];2003.0
5155.0;[19, 31, 35, 2, 3, 0, 10, 33, 12, 5, 6, 7, 32, 4, 30, 15, 14, 16, 1, 26, 25, 20, 21, 22, 28, 29, 27, 23, 24, 17, 11, 13, 34, 8, 9, 18];2106.0
5135.0;[29, 25, 17, 10, 9, 8, 5, 6, 4, 7, 2, 3, 0, 13, 26, 1, 24, 27, 31, 35, 32, 30, 22, 23, 16, 15, 14, 11, 12, 34, 20, 21, 33, 18, 19, 28];2210.0
4804.0;[0, 26, 25, 19, 33, 18, 17, 10, 9, 13, 1, 35, 30, 27, 23, 24, 34, 8, 7, 32, 29, 21, 20, 22, 28, 31, 5, 6, 4, 2, 3, 12, 11, 14, 15, 16];2110.0
4508.0;[32, 31, 35, 2, 4, 7, 6, 0, 13, 26, 25, 20, 21, 23, 24, 27, 30, 16, 14, 15, 11, 17, 10, 33, 18, 19, 22, 28, 29, 1, 3, 12, 5, 8, 34, 9];1999.0
4904.0;[20, 23, 27, 16, 12, 5, 34, 8, 14, 15, 11, 10, 9, 13, 1, 32, 30, 25, 24, 21, 22, 28, 29, 31, 35, 2, 4, 7, 6, 3, 18, 17, 0, 26, 19, 33];2186.0
5211.0;[34, 5, 8, 9, 10, 33, 18, 13, 0, 26, 15, 16, 14, 11, 12, 7, 6, 4, 32, 20, 21, 22, 23, 31, 35, 2, 3, 1, 30, 27, 28, 29, 25, 24, 19, 17];1942.0
5199.0;[18, 19, 23, 30, 27, 28, 29, 16, 14, 15, 10, 9, 11, 13, 25, 24, 12, 34, 8, 5, 7, 6, 35, 32, 22, 21, 33, 20, 31, 26, 1, 2, 4, 3, 0, 17];2301.0
4863.0;[25, 34, 8, 9, 12, 13, 1, 2, 4, 6, 7, 5, 18, 17, 10, 33, 19, 21, 20, 23, 24, 27, 31, 35, 3, 32, 29, 30, 16, 15, 14, 11, 0, 26, 28, 22];2121.0
5576.0;[10, 33, 19, 20, 23, 4, 6, 2, 3, 34, 8, 9, 0, 1, 32, 31, 35, 30, 27, 21, 22, 28, 29, 13, 11, 14, 15, 16, 26, 25, 24, 17, 18, 12, 5, 7];2208.0
5014.0;[11, 10, 9, 12, 5, 6, 7, 34, 8, 13, 25, 24, 30, 27, 23, 22, 20, 21, 19, 33, 18, 17, 14, 15, 16, 28, 29, 31, 3, 0, 26, 1, 32, 35, 4, 2];2019.0
4899.0;[10, 33, 18, 20, 27, 31, 2, 4, 8, 9, 13, 0, 25, 23, 24, 35, 32, 30, 26, 1, 3, 12, 5, 34, 7, 6, 28, 29, 22, 21, 19, 17, 14, 16, 15, 11];2208.0
4966.0;[20, 21, 22, 28, 29, 30, 27, 23, 31, 2, 16, 15, 24, 19, 33, 18, 12, 5, 13, 34, 8, 6, 7, 4, 3, 0, 1, 26, 25, 17, 11, 14, 10, 9, 35, 32];2264.0
4927.0;[30, 23, 25, 24, 19, 17, 13, 16, 14, 15, 11, 10, 20, 22, 21, 33, 18, 34, 8, 9, 1, 3, 0, 26, 27, 28, 29, 31, 32, 35, 2, 4, 12, 7, 5, 6];2021.0
5199.0;[14, 15, 20, 21, 33, 18, 22, 23, 25, 24, 19, 17, 12, 7, 6, 32, 4, 5, 34, 8, 0, 26, 27, 28, 29, 11, 10, 9, 13, 1, 2, 3, 35, 31, 30, 16];2131.0
4383.0;[26, 25, 10, 9, 12, 34, 8, 5, 6, 7, 32, 4, 30, 22, 28, 29, 16, 14, 15, 11, 13, 1, 3, 24, 20, 21, 33, 18, 17, 19, 23, 27, 31, 35, 2, 0];1988.0
4747.0;[10, 33, 21, 22, 28, 29, 31, 35, 3, 13, 11, 12, 34, 8, 9, 0, 1, 26, 16, 14, 15, 25, 24, 20, 27, 2, 4, 7, 5, 6, 32, 30, 23, 19, 18, 17];1882.0
5191.0;[31, 32, 4, 5, 7, 8, 6, 2, 1, 35, 3, 0, 13, 11, 10, 20, 21, 33, 18, 23, 27, 30, 26, 25, 22, 28, 29, 12, 34, 9, 14, 15, 16, 24, 17, 19];2322.0
4530.0;[25, 24, 19, 20, 21, 18, 17, 32, 29, 30, 27, 31, 35, 12, 6, 5, 7, 11, 13, 0, 16, 1, 2, 4, 3, 34, 8, 9, 14, 15, 28, 22, 23, 10, 33, 26];2282.0
5113.0;[21, 22, 23, 27, 31, 35, 2, 3, 12, 5, 7, 6, 32, 4, 8, 34, 9, 11, 15, 14, 13, 0, 1, 30, 26, 16, 20, 25, 24, 19, 33, 18, 28, 29, 17, 10];2074.0
4730.0;[25, 20, 21, 33, 10, 12, 5, 7, 6, 35, 32, 29, 31, 30, 23, 24, 18, 19, 17, 11, 14, 15, 16, 1, 3, 26, 27, 22, 28, 34, 8, 9, 13, 2, 4, 0];2198.0
4549.0;[11, 13, 25, 20, 21, 33, 19, 18, 10, 9, 0, 2, 4, 32, 30, 26, 24, 17, 14, 16, 15, 1, 3, 12, 5, 7, 6, 23, 27, 22, 28, 29, 31, 35, 34, 8];2091.0
4886.0;[34, 8, 7, 5, 6, 31, 35, 32, 4, 2, 3, 0, 16, 15, 14, 26, 27, 28, 29, 22, 20, 21, 33, 17, 10, 9, 12, 11, 13, 1, 25, 24, 18, 19, 23, 30];2041.0
4911.0;[11, 10, 33, 34, 8, 5, 7, 20, 21, 23, 24, 27, 35, 4, 6, 32, 30, 25, 19, 18, 17, 13, 26, 22, 28, 29, 31, 2, 12, 9, 14, 15, 16, 0, 1, 3];2365.0
4703.0;[26, 11, 14, 15, 16, 25, 24, 19, 18, 10, 33, 21, 20, 23, 17, 12, 6, 29, 28, 22, 27, 31, 35, 3, 34, 8, 9, 13, 0, 1, 2, 4, 5, 7, 32, 30];2033.0
5072.0;[18, 19, 33, 31, 35, 4, 32, 30, 27, 23, 24, 20, 21, 22, 28, 29, 17, 10, 9, 8, 5, 6, 7, 2, 3, 1, 0, 13, 12, 34, 11, 15, 14, 16, 26, 25];2036.0
4025.0;[12, 9, 34, 8, 5, 7, 6, 2, 4, 32, 26, 10, 33, 18, 17, 13, 1, 3, 15, 11, 14, 16, 25, 24, 19, 22, 28, 29, 31, 35, 30, 23, 21, 20, 27, 0];2054.0
4376.0;[4, 5, 34, 8, 7, 6, 31, 30, 25, 17, 10, 9, 13, 20, 22, 21, 33, 18, 28, 29, 26, 16, 1, 35, 2, 3, 0, 27, 23, 24, 19, 12, 11, 14, 15, 32];2272.0
4377.0;[29, 34, 8, 5, 7, 11, 0, 13, 1, 35, 32, 4, 2, 12, 6, 3, 25, 24, 19, 33, 20, 21, 22, 23, 31, 30, 26, 17, 18, 10, 9, 15, 14, 16, 27, 28];2172.0
4581.0;[27, 28, 22, 21, 33, 18, 17, 1, 35, 2, 3, 16, 15, 26, 25, 24, 19, 20, 23, 29, 31, 12, 5, 14, 11, 10, 8, 9, 0, 13, 34, 6, 7, 4, 32, 30];2121.0
5043.0;[5, 6, 29, 31, 3, 1, 35, 2, 0, 16, 14, 15, 11, 34, 9, 8, 7, 4, 32, 25, 19, 33, 18, 17, 10, 13, 28, 22, 20, 21, 23, 24, 27, 30, 26, 12];2177.0
4509.0;[7, 5, 26, 20, 22, 28, 29, 32, 30, 27, 23, 21, 33, 19, 18, 17, 10, 9, 11, 1, 3, 13, 0, 16, 15, 14, 34, 8, 25, 24, 31, 35, 2, 12, 6, 4];2072.0
4752.0;[30, 26, 16, 15, 14, 10, 33, 18, 19, 17, 12, 5, 11, 13, 0, 25, 20, 21, 23, 24, 7, 6, 4, 27, 22, 28, 29, 31, 35, 2, 3, 34, 8, 9, 1, 32];2097.0
5143.0;[12, 7, 5, 6, 32, 30, 23, 33, 18, 19, 21, 20, 22, 28, 4, 34, 8, 0, 1, 35, 2, 3, 26, 27, 29, 31, 25, 24, 17, 10, 9, 11, 14, 16, 15, 13];2045.0
5163.0;[12, 6, 7, 5, 34, 9, 8, 10, 33, 19, 20, 21, 22, 28, 29, 32, 31, 35, 2, 4, 3, 15, 16, 14, 11, 18, 17, 13, 0, 1, 26, 25, 24, 23, 27, 30];2001.0
4953.0;[3, 13, 12, 8, 5, 6, 7, 11, 10, 33, 21, 20, 22, 14, 15, 1, 32, 2, 4, 30, 26, 27, 23, 25, 24, 19, 18, 17, 34, 9, 0, 16, 28, 29, 31, 35];2170.0
4809.0;[9, 13, 12, 5, 6, 7, 32, 30, 27, 22, 28, 29, 31, 3, 16, 15, 26, 25, 24, 34, 8, 14, 11, 33, 18, 20, 21, 19, 0, 1, 35, 2, 4, 23, 17, 10];2202.0
4696.0;[35, 2, 3, 16, 15, 14, 26, 25, 20, 22, 23, 21, 33, 18, 10, 9, 8, 7, 5, 6, 4, 32, 28, 29, 31, 30, 27, 24, 19, 17, 11, 13, 12, 34, 0, 1];1920.0
4581.0;[22, 28, 26, 1, 2, 3, 0, 25, 24, 21, 19, 20, 23, 27, 4, 5, 9, 10, 33, 18, 17, 13, 16, 15, 14, 11, 12, 34, 8, 7, 6, 29, 31, 35, 32, 30];2037.0
4640.0;[15, 14, 16, 35, 30, 27, 23, 22, 28, 29, 20, 21, 33, 10, 9, 8, 1, 3, 13, 12, 5, 6, 32, 31, 24, 19, 18, 34, 7, 4, 2, 0, 26, 25, 17, 11];2277.0
4698.0;[2, 3, 0, 24, 19, 17, 10, 33, 18, 11, 14, 13, 12, 34, 9, 27, 28, 29, 30, 26, 25, 20, 21, 22, 23, 31, 35, 15, 16, 1, 32, 4, 5, 8, 7, 6];2002.0
4754.0;[25, 19, 33, 18, 10, 9, 34, 8, 7, 6, 2, 4, 27, 29, 31, 32, 35, 30, 23, 20, 21, 22, 28, 12, 5, 13, 0, 11, 15, 14, 16, 26, 24, 17, 1, 3];2146.0
5147.0;[32, 27, 31, 35, 5, 34, 8, 11, 15, 14, 16, 0, 26, 25, 24, 20, 21, 33, 10, 9, 13, 23, 22, 28, 29, 30, 1, 2, 4, 3, 19, 17, 18, 12, 6, 7];2117.0
4419.0;[4, 5, 9, 27, 22, 28, 29, 30, 25, 24, 21, 19, 33, 18, 17, 10, 20, 23, 0, 13, 11, 14, 15, 16, 1, 26, 31, 35, 2, 3, 12, 34, 8, 7, 6, 32];2024.0
5579.0;[25, 24, 19, 17, 9, 34, 8, 12, 5, 7, 6, 35, 2, 4, 32, 31, 30, 27, 16, 14, 15, 13, 11, 10, 33, 18, 20, 23, 21, 22, 28, 29, 26, 0, 1, 3];1885.0
4892.0;[3, 12, 7, 5, 6, 2, 4, 23, 19, 20, 21, 33, 18, 17, 10, 9, 0, 26, 25, 24, 22, 28, 29, 31, 35, 32, 30, 27, 16, 15, 14, 13, 11, 34, 8, 1];1894.0
4450.0;[16, 25, 21, 33, 18, 19, 17, 10, 9, 13, 14, 15, 11, 12, 5, 34, 8, 1, 3, 0, 20, 22, 28, 29, 23, 24, 7, 6, 35, 2, 4, 32, 27, 31, 30, 26];2090.0
4648.0;[14, 13, 12, 5, 7, 34, 8, 9, 11, 10, 33, 18, 17, 0, 1, 30, 26, 25, 24, 19, 20, 21, 22, 23, 4, 6, 29, 27, 28, 31, 35, 32, 2, 3, 16, 15];1961.0
5103.0;[32, 30, 18, 17, 10, 33, 21, 22, 28, 29, 26, 0, 13, 11, 12, 8, 34, 9, 25, 24, 19, 20, 23, 27, 31, 35, 5, 7, 6, 4, 2, 3, 14, 15, 16, 1];1937.0
5001.0;[1, 2, 4, 5, 8, 9, 11, 15, 14, 16, 25, 24, 12, 6, 7, 32, 30, 20, 21, 22, 23, 19, 17, 34, 13, 26, 27, 28, 29, 31, 35, 3, 0, 10, 33, 18];2144.0
4775.0;[26, 25, 24, 19, 12, 5, 6, 29, 22, 23, 20, 21, 33, 18, 17, 7, 4, 35, 32, 30, 16, 15, 14, 0, 13, 27, 28, 31, 2, 11, 10, 9, 34, 8, 1, 3];2249.0
4469.0;[1, 35, 32, 4, 2, 3, 12, 13, 0, 16, 15, 14, 11, 10, 33, 20, 24, 21, 22, 28, 29, 31, 5, 7, 6, 30, 19, 18, 34, 8, 9, 26, 27, 23, 25, 17];2192.0
5253.0;[12, 7, 6, 8, 34, 11, 10, 9, 26, 25, 27, 30, 31, 35, 2, 16, 15, 14, 13, 0, 1, 3, 32, 4, 5, 17, 18, 19, 33, 20, 23, 24, 21, 22, 28, 29];2185.0
5067.0;[27, 28, 29, 22, 23, 25, 24, 19, 17, 1, 3, 15, 16, 26, 31, 35, 32, 30, 20, 21, 12, 7, 6, 10, 33, 18, 2, 4, 5, 34, 9, 8, 11, 14, 13, 0];2325.0
5111.0;[32, 4, 2, 12, 5, 7, 6, 29, 30, 27, 31, 3, 16, 15, 14, 25, 24, 18, 19, 10, 9, 34, 8, 0, 26, 23, 28, 22, 20, 21, 33, 17, 11, 13, 1, 35];2004.0
5495.0;[31, 4, 7, 6, 3, 2, 34, 8, 9, 13, 0, 26, 27, 22, 21, 10, 33, 18, 19, 17, 11, 12, 5, 1, 35, 32, 30, 28, 29, 16, 15, 14, 25, 24, 20, 23];2116.0
5306.0;[16, 24, 20, 23, 17, 10, 6, 2, 4, 32, 27, 30, 1, 13, 34, 8, 9, 12, 7, 5, 11, 26, 25, 21, 33, 18, 19, 22, 28, 29, 31, 35, 3, 0, 15, 14];2090.0
5227.0;[27, 23, 20, 21, 33, 18, 17, 10, 9, 7, 6, 2, 4, 5, 34, 8, 13, 14, 25, 22, 28, 29, 30, 26, 1, 35, 32, 31, 3, 12, 0, 24, 19, 11, 15, 16];2061.0
4391.0;[17, 35, 32, 29, 30, 23, 27, 28, 22, 21, 20, 31, 4, 5, 13, 0, 11, 12, 7, 6, 2, 16, 15, 14, 1, 3, 26, 25, 24, 34, 8, 9, 10, 33, 18, 19];2062.0
5162.0;[34, 8, 9, 13, 27, 31, 22, 23, 17, 11, 14, 12, 5, 6, 7, 2, 3, 16, 15, 26, 28, 29, 30, 1, 35, 32, 4, 0, 25, 10, 33, 18, 19, 21, 20, 24];2204.0
4837.0;[35, 32, 28, 29, 1, 2, 4, 3, 0, 13, 11, 34, 8, 9, 12, 5, 7, 6, 15, 14, 16, 26, 25, 17, 10, 33, 18, 19, 20, 23, 27, 30, 24, 21, 22, 31];1889.0
4970.0;[20, 21, 18, 19, 22, 23, 27, 28, 31, 32, 29, 30, 12, 5, 6, 7, 14, 15, 16, 1, 3, 35, 2, 4, 10, 33, 17, 13, 11, 8, 34, 9, 0, 24, 26, 25];2225.0
4462.0;[25, 33, 18, 17, 34, 8, 9, 11, 10, 21, 20, 22, 23, 24, 19, 12, 7, 6, 4, 32, 31, 30, 26, 3, 0, 13, 16, 1, 35, 2, 5, 14, 15, 27, 28, 29];2120.0
4332.0;[13, 12, 34, 8, 7, 6, 2, 3, 1, 26, 25, 27, 28, 31, 35, 32, 4, 5, 0, 20, 21, 22, 19, 33, 18, 17, 14, 15, 16, 29, 30, 23, 24, 10, 9, 11];2108.0
4785.0;[19, 20, 22, 21, 23, 31, 35, 32, 4, 2, 15, 14, 11, 10, 33, 17, 13, 16, 0, 34, 8, 9, 27, 28, 29, 26, 25, 24, 30, 1, 3, 12, 6, 7, 5, 18];2099.0
4512.0;[25, 24, 19, 17, 12, 6, 7, 9, 10, 33, 18, 34, 8, 20, 21, 22, 28, 29, 30, 26, 0, 1, 35, 32, 27, 23, 31, 2, 3, 13, 11, 14, 15, 16, 4, 5];2138.0
4826.0;[4, 32, 29, 31, 35, 34, 8, 9, 12, 5, 6, 7, 3, 0, 13, 26, 25, 28, 22, 27, 23, 30, 16, 15, 14, 24, 20, 21, 33, 10, 18, 19, 17, 11, 1, 2];2086.0
4770.0;[7, 10, 33, 18, 19, 22, 28, 29, 30, 26, 35, 32, 4, 5, 34, 9, 8, 11, 15, 14, 16, 13, 0, 25, 17, 1, 2, 3, 12, 20, 21, 23, 24, 27, 31, 6];2222.0
5115.0;[25, 20, 21, 33, 18, 10, 9, 0, 19, 17, 14, 15, 27, 28, 29, 22, 23, 30, 3, 12, 8, 34, 13, 1, 2, 4, 5, 6, 7, 11, 16, 26, 24, 31, 35, 32];2257.0
5190.0;[21, 33, 18, 19, 17, 10, 9, 1, 35, 32, 31, 2, 4, 5, 7, 6, 23, 22, 28, 29, 27, 30, 15, 14, 11, 12, 34, 8, 0, 13, 16, 26, 3, 25, 24, 20];1940.0
4947.0;[32, 20, 21, 33, 10, 18, 19, 22, 28, 29, 31, 30, 27, 23, 25, 24, 17, 34, 3, 12, 5, 6, 7, 8, 9, 13, 0, 15, 11, 14, 16, 26, 1, 35, 2, 4];1919.0
4630.0;[29, 26, 12, 34, 8, 9, 11, 14, 16, 15, 0, 13, 10, 18, 19, 17, 5, 7, 6, 4, 2, 25, 24, 20, 21, 33, 23, 22, 28, 31, 35, 3, 1, 32, 30, 27];2071.0
4824.0;[32, 4, 5, 6, 7, 13, 14, 15, 16, 26, 25, 20, 21, 33, 17, 18, 22, 28, 29, 31, 12, 34, 8, 1, 2, 3, 24, 19, 23, 27, 30, 0, 11, 10, 9, 35];2133.0
5164.0;[13, 12, 34, 8, 6, 7, 5, 11, 14, 10, 9, 16, 15, 26, 35, 4, 32, 30, 27, 31, 23, 21, 33, 18, 19, 20, 22, 28, 29, 25, 24, 17, 0, 1, 2, 3];2029.0
5152.0;[19, 10, 33, 17, 9, 13, 0, 16, 26, 25, 24, 20, 22, 28, 29, 31, 35, 2, 4, 3, 15, 14, 11, 12, 5, 6, 7, 34, 8, 1, 32, 30, 27, 23, 21, 18];1801.0
3922.0;[9, 8, 5, 34, 7, 6, 4, 2, 27, 29, 28, 22, 21, 23, 31, 35, 32, 30, 19, 33, 18, 20, 24, 17, 13, 1, 3, 12, 11, 14, 16, 15, 0, 26, 25, 10];2211.0
4470.0;[25, 20, 23, 24, 10, 33, 18, 17, 34, 9, 8, 11, 13, 0, 1, 3, 15, 16, 14, 26, 27, 31, 35, 2, 28, 29, 22, 21, 19, 12, 5, 7, 6, 4, 32, 30];2015.0
4282.0;[34, 8, 5, 13, 27, 28, 29, 30, 25, 17, 18, 19, 20, 22, 23, 26, 16, 14, 15, 11, 10, 9, 12, 6, 7, 4, 2, 3, 0, 1, 31, 35, 32, 24, 21, 33];2170.0
5072.0;[32, 29, 28, 22, 21, 18, 17, 11, 14, 15, 16, 19, 10, 33, 23, 31, 35, 3, 12, 5, 13, 1, 26, 27, 30, 2, 6, 7, 34, 8, 9, 0, 25, 24, 20, 4];2370.0
4259.0;[13, 12, 5, 7, 6, 4, 2, 18, 19, 10, 9, 0, 31, 35, 32, 26, 25, 24, 21, 20, 23, 29, 30, 16, 15, 14, 27, 28, 22, 33, 17, 11, 34, 8, 1, 3];2249.0
5231.0;[3, 12, 5, 7, 6, 29, 30, 27, 28, 22, 23, 24, 20, 21, 33, 18, 8, 34, 11, 14, 16, 15, 26, 25, 19, 17, 10, 9, 13, 0, 1, 4, 32, 31, 35, 2];1800.0
4964.0;[14, 26, 25, 27, 28, 29, 31, 32, 4, 5, 6, 7, 8, 34, 13, 0, 35, 2, 3, 15, 16, 1, 30, 22, 21, 19, 33, 17, 10, 9, 12, 18, 20, 23, 24, 11];2174.0
5226.0;[21, 33, 18, 12, 7, 5, 6, 4, 2, 3, 35, 32, 29, 1, 11, 34, 8, 14, 15, 16, 28, 22, 23, 24, 19, 17, 0, 26, 25, 10, 9, 13, 27, 31, 30, 20];2227.0
4681.0;[24, 25, 19, 33, 18, 17, 12, 7, 6, 28, 29, 31, 32, 4, 8, 9, 10, 20, 21, 22, 35, 5, 34, 1, 30, 23, 27, 2, 3, 13, 11, 14, 15, 16, 0, 26];2355.0
5611.0;[35, 27, 30, 23, 20, 22, 28, 29, 31, 2, 13, 11, 12, 6, 4, 7, 5, 34, 8, 9, 15, 14, 16, 26, 25, 24, 21, 19, 17, 10, 33, 18, 0, 1, 3, 32];1907.0
4739.0;[26, 25, 20, 21, 33, 18, 19, 23, 24, 17, 10, 9, 13, 28, 22, 29, 15, 16, 1, 35, 32, 30, 27, 31, 4, 7, 6, 2, 3, 0, 34, 8, 11, 14, 12, 5];2087.0
5213.0;[24, 19, 10, 33, 18, 12, 5, 7, 6, 2, 0, 20, 21, 28, 22, 27, 23, 17, 13, 11, 14, 15, 16, 32, 29, 31, 4, 34, 8, 9, 1, 3, 35, 30, 26, 25];2165.0
4624.0;[33, 18, 17, 10, 9, 11, 12, 5, 6, 2, 4, 34, 8, 7, 35, 32, 25, 24, 22, 28, 29, 30, 1, 3, 13, 0, 26, 27, 23, 31, 14, 15, 16, 19, 20, 21];2054.0
1779.0;[22, 28, 29, 31, 30, 27, 1, 35, 32, 2, 3, 11, 12, 5, 7, 6, 4, 34, 9, 8, 13, 0, 16, 14, 15, 26, 25, 20, 21, 23, 24, 19, 17, 10, 33, 18]
