ft70
72435.0;[64, 68, 66, 32, 29, 24, 56, 53, 27, 22, 34, 31, 62, 61, 59, 10, 9, 8, 7, 20, 17, 19, 50, 18, 15, 12, 11, 3, 60, 58, 57, 28, 54, 52, 25, 35, 36, 42, 41, 5, 6, 44, 43, 49, 47, 55, 0, 1, 40, 39, 37, 69, 67, 65, 38, 13, 21, 26, 33, 51, 46, 45, 48, 16, 2, 4, 23, 30, 14, 63];45122.0
67698.0;[25, 3, 30, 37, 69, 64, 39, 35, 38, 13, 34, 32, 29, 24, 33, 31, 36, 42, 41, 40, 62, 61, 54, 59, 57, 44, 46, 45, 58, 2, 4, 0, 1, 60, 14, 43, 49, 67, 65, 11, 8, 7, 27, 22, 23, 15, 21, 26, 68, 66, 12, 10, 9, 28, 56, 55, 53, 52, 50, 63, 48, 47, 16, 51, 18, 5, 6, 20, 17, 19];47458.0
71435.0;[28, 39, 37, 69, 67, 63, 64, 48, 46, 45, 44, 43, 51, 19, 18, 31, 62, 61, 59, 57, 40, 38, 35, 14, 10, 9, 7, 0, 1, 11, 3, 60, 34, 32, 58, 27, 22, 21, 42, 41, 36, 54, 52, 13, 12, 8, 6, 16, 15, 4, 53, 23, 26, 68, 66, 65, 49, 47, 50, 20, 17, 25, 56, 55, 30, 29, 24, 33, 5, 2];45767.0
72138.0;[49, 67, 63, 64, 21, 26, 52, 51, 20, 17, 16, 15, 0, 1, 22, 25, 24, 56, 55, 61, 59, 57, 46, 45, 18, 19, 47, 33, 30, 27, 6, 50, 35, 39, 36, 42, 41, 40, 32, 12, 3, 31, 62, 58, 28, 54, 53, 2, 4, 37, 69, 68, 66, 65, 38, 13, 10, 14, 60, 44, 48, 43, 34, 29, 23, 5, 9, 7, 11, 8];45559.0
73985.0;[62, 44, 46, 45, 49, 47, 54, 52, 25, 14, 10, 2, 1, 0, 38, 35, 37, 69, 68, 66, 65, 67, 63, 19, 22, 21, 26, 13, 12, 9, 8, 7, 3, 5, 4, 23, 61, 39, 41, 40, 34, 32, 27, 55, 51, 50, 18, 16, 15, 28, 30, 29, 11, 36, 42, 64, 48, 43, 6, 60, 59, 57, 56, 53, 20, 17, 24, 33, 58, 31];44737.0
72572.0;[48, 43, 68, 69, 65, 66, 46, 45, 49, 67, 63, 64, 36, 40, 38, 35, 42, 41, 23, 50, 18, 62, 61, 59, 21, 26, 6, 17, 16, 11, 8, 60, 44, 5, 4, 54, 57, 0, 1, 34, 33, 32, 27, 24, 56, 12, 9, 7, 2, 28, 15, 53, 52, 55, 13, 10, 14, 19, 51, 31, 30, 29, 39, 37, 58, 22, 25, 3, 20, 47];46018.0
72747.0;[60, 66, 64, 49, 35, 38, 39, 41, 0, 1, 20, 18, 19, 61, 58, 56, 50, 24, 2, 28, 54, 52, 42, 40, 14, 11, 7, 17, 55, 53, 51, 46, 43, 34, 32, 12, 10, 9, 26, 33, 31, 62, 27, 22, 25, 3, 5, 45, 68, 65, 13, 8, 6, 59, 57, 23, 15, 4, 30, 36, 37, 69, 67, 63, 48, 16, 44, 47, 29, 21];47016.0
69729.0;[5, 3, 46, 45, 61, 44, 48, 43, 59, 10, 14, 6, 16, 47, 49, 35, 42, 41, 40, 36, 15, 28, 21, 26, 25, 24, 20, 17, 1, 60, 2, 23, 55, 53, 34, 32, 0, 51, 50, 33, 31, 62, 18, 19, 30, 29, 8, 4, 37, 69, 65, 63, 66, 64, 39, 38, 13, 9, 7, 52, 54, 57, 27, 22, 68, 67, 58, 56, 12, 11];46058.0
73012.0;[45, 49, 35, 63, 66, 64, 48, 43, 6, 20, 17, 47, 33, 38, 39, 42, 22, 25, 3, 18, 16, 15, 4, 2, 23, 61, 54, 59, 60, 44, 27, 24, 56, 55, 53, 51, 50, 19, 41, 40, 34, 32, 0, 1, 5, 62, 58, 57, 31, 30, 37, 69, 67, 52, 13, 10, 12, 14, 65, 68, 36, 29, 28, 21, 26, 9, 11, 8, 7, 46];46362.0
73163.0;[0, 56, 54, 20, 17, 16, 19, 18, 31, 9, 11, 8, 7, 3, 60, 59, 58, 28, 30, 46, 45, 49, 10, 14, 51, 50, 52, 55, 69, 65, 68, 66, 36, 42, 41, 40, 48, 43, 29, 27, 21, 26, 25, 13, 12, 62, 61, 4, 22, 35, 38, 6, 2, 23, 24, 34, 32, 67, 63, 64, 39, 37, 57, 44, 47, 53, 33, 15, 5, 1];45476.0
73944.0;[30, 39, 37, 68, 65, 31, 62, 58, 2, 27, 24, 4, 23, 50, 18, 19, 51, 46, 45, 49, 47, 55, 53, 20, 17, 16, 15, 32, 69, 67, 64, 48, 21, 26, 33, 59, 57, 22, 14, 10, 9, 7, 28, 56, 54, 52, 25, 13, 5, 6, 44, 43, 34, 3, 60, 61, 66, 63, 41, 40, 29, 12, 8, 11, 38, 35, 36, 42, 0, 1];46294.0
75133.0;[69, 67, 65, 63, 66, 64, 68, 19, 33, 32, 29, 51, 50, 18, 31, 30, 36, 39, 40, 38, 35, 13, 7, 28, 12, 10, 9, 8, 14, 20, 17, 25, 24, 59, 58, 56, 53, 27, 22, 54, 52, 46, 62, 61, 16, 15, 2, 45, 49, 47, 43, 6, 34, 11, 3, 5, 4, 21, 26, 57, 0, 1, 60, 44, 48, 23, 55, 42, 41, 37];44500.0
70520.0;[69, 68, 65, 67, 43, 29, 27, 22, 46, 45, 58, 13, 10, 9, 16, 51, 53, 2, 1, 0, 26, 33, 36, 42, 41, 40, 62, 61, 23, 15, 4, 19, 47, 55, 7, 3, 60, 59, 57, 56, 32, 12, 14, 63, 66, 64, 28, 21, 54, 44, 48, 49, 35, 38, 5, 11, 8, 34, 31, 30, 39, 37, 6, 50, 18, 20, 17, 25, 24, 52];46247.0
73009.0;[20, 17, 15, 11, 8, 4, 2, 27, 22, 25, 31, 62, 59, 10, 12, 9, 7, 66, 64, 39, 38, 35, 42, 41, 40, 36, 51, 50, 18, 47, 33, 24, 56, 53, 52, 54, 57, 44, 16, 19, 30, 46, 45, 32, 34, 29, 55, 0, 1, 60, 61, 58, 13, 14, 63, 48, 49, 43, 6, 3, 5, 28, 21, 26, 23, 37, 69, 65, 68, 67];45899.0
71545.0;[65, 68, 67, 63, 32, 27, 22, 6, 4, 59, 57, 44, 49, 35, 36, 40, 38, 39, 42, 41, 23, 26, 52, 25, 13, 11, 8, 7, 5, 3, 60, 61, 37, 69, 66, 64, 48, 43, 29, 24, 56, 9, 12, 10, 14, 18, 31, 62, 58, 28, 54, 53, 20, 47, 33, 34, 51, 46, 45, 50, 17, 16, 19, 55, 30, 15, 2, 1, 0, 21];44343.0
69212.0;[21, 14, 10, 9, 8, 12, 3, 60, 2, 4, 19, 47, 33, 34, 29, 55, 51, 18, 62, 58, 6, 0, 1, 37, 69, 65, 66, 64, 68, 26, 56, 30, 41, 36, 42, 40, 32, 27, 23, 15, 43, 67, 63, 53, 20, 24, 59, 57, 44, 16, 17, 22, 25, 45, 49, 48, 31, 52, 50, 35, 39, 38, 13, 46, 61, 54, 5, 11, 7, 28];47991.0
76363.0;[47, 40, 36, 42, 23, 56, 33, 31, 58, 13, 12, 14, 65, 68, 66, 69, 67, 63, 64, 21, 62, 61, 59, 10, 9, 8, 20, 17, 16, 15, 2, 1, 45, 49, 7, 3, 18, 19, 28, 54, 52, 25, 4, 53, 30, 37, 60, 34, 32, 39, 41, 38, 35, 11, 5, 27, 22, 26, 55, 51, 50, 46, 48, 43, 29, 24, 6, 0, 57, 44];45581.0
74198.0;[25, 24, 66, 64, 40, 44, 48, 43, 20, 39, 37, 6, 0, 1, 56, 12, 11, 46, 45, 49, 47, 51, 50, 5, 3, 60, 58, 28, 54, 52, 15, 23, 61, 65, 68, 19, 18, 17, 55, 53, 2, 4, 26, 35, 38, 42, 34, 31, 9, 7, 14, 10, 30, 41, 36, 69, 67, 63, 16, 33, 32, 29, 21, 27, 13, 8, 62, 59, 57, 22];48010.0
71380.0;[68, 69, 65, 67, 63, 66, 64, 48, 29, 54, 52, 55, 51, 50, 17, 42, 41, 36, 40, 38, 13, 12, 11, 2, 4, 23, 24, 56, 53, 30, 32, 27, 59, 60, 34, 31, 58, 57, 44, 6, 0, 1, 20, 18, 62, 10, 9, 7, 14, 5, 3, 28, 26, 25, 35, 39, 37, 61, 16, 19, 8, 46, 45, 43, 22, 21, 33, 15, 47, 49];44800.0
70400.0;[37, 69, 67, 63, 66, 32, 26, 55, 30, 3, 60, 31, 36, 42, 24, 33, 29, 54, 59, 58, 57, 8, 7, 28, 56, 50, 18, 17, 16, 15, 21, 27, 22, 25, 13, 1, 0, 4, 38, 35, 39, 41, 40, 46, 45, 49, 14, 10, 9, 12, 11, 68, 65, 64, 47, 53, 52, 62, 61, 44, 48, 43, 34, 5, 6, 19, 51, 20, 2, 23];46132.0
71025.0;[68, 69, 65, 67, 63, 66, 64, 16, 19, 18, 47, 29, 21, 26, 55, 51, 46, 45, 43, 49, 14, 50, 33, 30, 15, 53, 23, 5, 3, 52, 2, 1, 60, 59, 61, 9, 7, 34, 31, 62, 58, 28, 39, 41, 40, 32, 27, 24, 56, 20, 17, 22, 25, 13, 12, 10, 4, 37, 35, 11, 8, 6, 0, 38, 36, 42, 54, 57, 44, 48];44819.0
73094.0;[69, 66, 64, 48, 46, 45, 68, 65, 67, 63, 47, 55, 51, 50, 17, 19, 41, 40, 36, 42, 0, 1, 56, 33, 31, 35, 38, 5, 27, 22, 25, 12, 10, 9, 57, 44, 49, 43, 11, 7, 13, 14, 6, 16, 28, 21, 39, 37, 15, 53, 52, 54, 20, 18, 62, 61, 8, 3, 60, 59, 58, 26, 29, 24, 2, 4, 23, 30, 34, 32];45612.0
72343.0;[30, 39, 41, 40, 38, 5, 6, 17, 16, 15, 33, 34, 32, 27, 22, 23, 21, 24, 56, 69, 64, 68, 65, 67, 63, 66, 37, 60, 44, 48, 43, 29, 54, 2, 4, 26, 31, 62, 58, 28, 8, 7, 14, 10, 61, 59, 57, 46, 45, 49, 35, 36, 42, 0, 1, 19, 47, 55, 53, 25, 3, 11, 9, 13, 12, 52, 51, 50, 20, 18];44843.0
70522.0;[69, 64, 48, 43, 6, 0, 1, 60, 58, 2, 38, 35, 42, 24, 4, 23, 55, 51, 54, 59, 57, 44, 49, 47, 50, 18, 19, 34, 32, 12, 9, 7, 13, 11, 8, 39, 41, 40, 36, 68, 66, 65, 67, 63, 3, 5, 27, 22, 25, 21, 26, 52, 56, 33, 31, 46, 45, 62, 61, 16, 15, 28, 30, 29, 14, 10, 20, 17, 53, 37];44338.0
72301.0;[41, 37, 69, 65, 68, 67, 63, 64, 66, 47, 5, 45, 62, 58, 25, 11, 46, 48, 16, 19, 50, 18, 1, 0, 26, 20, 17, 22, 21, 33, 34, 59, 57, 38, 35, 13, 60, 44, 27, 24, 56, 54, 52, 32, 29, 14, 4, 31, 9, 8, 12, 10, 43, 49, 7, 3, 30, 39, 40, 36, 2, 28, 15, 6, 55, 51, 53, 23, 61, 42];46299.0
74774.0;[3, 57, 27, 22, 21, 28, 26, 13, 14, 10, 9, 19, 55, 50, 5, 1, 0, 54, 52, 37, 69, 68, 66, 65, 67, 63, 64, 48, 43, 34, 31, 30, 29, 24, 6, 60, 59, 44, 49, 35, 38, 39, 40, 32, 12, 8, 46, 45, 62, 58, 56, 53, 33, 20, 17, 25, 2, 4, 15, 47, 42, 41, 36, 51, 61, 23, 18, 16, 11, 7];43947.0
72986.0;[69, 67, 63, 48, 16, 2, 1, 0, 56, 54, 53, 65, 68, 66, 46, 45, 34, 42, 41, 36, 39, 37, 38, 60, 59, 10, 9, 50, 17, 55, 32, 12, 3, 52, 18, 19, 51, 33, 58, 13, 11, 8, 7, 49, 47, 62, 61, 57, 22, 21, 26, 28, 23, 15, 4, 25, 35, 40, 44, 43, 31, 30, 29, 24, 27, 14, 5, 6, 20, 64];46748.0
72140.0;[63, 36, 15, 5, 4, 22, 25, 7, 2, 23, 21, 18, 19, 47, 33, 12, 10, 14, 42, 41, 68, 66, 64, 48, 43, 29, 51, 50, 53, 3, 28, 26, 6, 20, 17, 54, 52, 0, 1, 60, 58, 13, 9, 11, 8, 27, 24, 56, 55, 40, 35, 38, 39, 37, 69, 67, 49, 32, 62, 59, 34, 31, 30, 16, 46, 45, 61, 57, 44, 65];45927.0
70390.0;[62, 61, 57, 44, 5, 6, 4, 2, 56, 54, 52, 51, 50, 18, 16, 19, 8, 7, 14, 13, 9, 38, 35, 39, 37, 69, 65, 66, 64, 48, 47, 55, 53, 23, 12, 10, 43, 68, 67, 63, 0, 1, 60, 59, 58, 28, 3, 27, 22, 30, 36, 42, 41, 24, 33, 15, 46, 45, 49, 31, 34, 32, 29, 21, 26, 20, 17, 25, 11, 40];45090.0
73367.0;[37, 60, 44, 48, 43, 49, 47, 53, 38, 69, 67, 68, 65, 66, 63, 64, 21, 24, 20, 17, 25, 11, 51, 46, 45, 29, 54, 52, 56, 33, 32, 31, 30, 34, 1, 0, 55, 36, 39, 42, 40, 59, 57, 23, 62, 61, 58, 27, 50, 18, 19, 22, 14, 8, 7, 13, 12, 10, 9, 5, 3, 6, 16, 15, 2, 4, 26, 28, 35, 41];44099.0
73329.0;[65, 68, 69, 67, 63, 64, 66, 62, 59, 58, 57, 56, 51, 53, 26, 6, 0, 1, 15, 46, 45, 61, 34, 32, 27, 31, 36, 42, 23, 55, 16, 47, 29, 12, 8, 20, 18, 19, 44, 49, 48, 43, 11, 5, 4, 2, 22, 21, 24, 33, 30, 50, 17, 54, 52, 25, 13, 9, 7, 3, 28, 35, 41, 40, 38, 39, 37, 60, 10, 14];44953.0
74092.0;[41, 36, 42, 0, 1, 45, 49, 14, 11, 8, 22, 25, 24, 56, 53, 27, 59, 57, 44, 63, 64, 69, 68, 66, 65, 67, 48, 43, 34, 62, 61, 54, 51, 18, 47, 33, 32, 29, 12, 10, 9, 7, 28, 58, 23, 15, 21, 26, 6, 16, 20, 17, 5, 4, 2, 38, 35, 39, 37, 40, 55, 50, 52, 13, 31, 30, 3, 46, 60, 19];45588.0
71809.0;[35, 41, 36, 42, 40, 39, 69, 65, 67, 48, 43, 34, 37, 60, 44, 49, 14, 12, 11, 0, 1, 61, 59, 57, 31, 30, 56, 33, 32, 29, 21, 26, 55, 50, 19, 51, 53, 20, 17, 27, 22, 25, 5, 6, 16, 15, 23, 62, 58, 24, 4, 2, 28, 54, 52, 13, 10, 9, 8, 7, 3, 18, 47, 46, 45, 68, 63, 66, 64, 38];43572.0
71124.0;[69, 67, 63, 48, 43, 31, 30, 39, 37, 35, 38, 36, 42, 41, 40, 62, 61, 59, 58, 56, 53, 3, 54, 57, 44, 46, 45, 49, 14, 10, 12, 11, 8, 0, 1, 60, 22, 21, 51, 50, 17, 16, 15, 28, 26, 13, 9, 7, 20, 18, 19, 47, 55, 65, 64, 68, 66, 25, 5, 6, 27, 24, 2, 4, 33, 34, 32, 29, 23, 52];44194.0
72872.0;[62, 58, 15, 11, 5, 4, 2, 38, 42, 40, 45, 68, 65, 63, 66, 64, 21, 26, 61, 57, 44, 48, 16, 0, 1, 3, 28, 54, 52, 13, 12, 8, 7, 56, 55, 53, 22, 25, 24, 6, 20, 17, 19, 41, 60, 59, 10, 9, 49, 47, 33, 29, 23, 46, 43, 34, 32, 27, 31, 51, 18, 30, 36, 39, 37, 69, 67, 35, 14, 50];45464.0
73039.0;[69, 67, 63, 66, 65, 64, 68, 26, 20, 18, 19, 51, 50, 17, 16, 59, 10, 14, 9, 22, 25, 45, 48, 43, 3, 5, 6, 0, 1, 60, 31, 30, 46, 62, 61, 58, 57, 23, 15, 4, 2, 28, 21, 24, 12, 11, 41, 36, 42, 33, 29, 27, 34, 32, 44, 49, 47, 55, 40, 39, 37, 35, 13, 8, 7, 54, 52, 56, 53, 38];44744.0
69163.0;[36, 39, 37, 69, 67, 65, 68, 19, 34, 32, 30, 46, 45, 49, 35, 38, 13, 12, 11, 51, 50, 18, 31, 14, 63, 66, 64, 47, 55, 53, 54, 52, 57, 44, 48, 43, 29, 23, 56, 33, 15, 2, 1, 0, 62, 58, 27, 59, 10, 9, 7, 3, 5, 4, 25, 24, 6, 16, 22, 21, 26, 28, 8, 60, 61, 20, 17, 42, 41, 40];44156.0
73999.0;[49, 47, 62, 59, 10, 22, 25, 3, 42, 69, 67, 65, 68, 66, 63, 64, 48, 35, 36, 37, 60, 57, 44, 27, 24, 6, 16, 15, 2, 28, 54, 52, 13, 9, 11, 7, 14, 50, 18, 31, 30, 29, 8, 20, 17, 46, 45, 43, 34, 61, 58, 23, 21, 26, 5, 4, 56, 53, 51, 38, 39, 41, 40, 0, 1, 19, 55, 33, 32, 12];44808.0
71435.0;[19, 51, 46, 45, 61, 44, 27, 24, 56, 53, 20, 18, 5, 11, 8, 0, 1, 25, 35, 38, 13, 59, 57, 17, 22, 34, 32, 69, 65, 68, 67, 49, 47, 3, 60, 2, 4, 26, 21, 39, 37, 63, 66, 64, 48, 43, 28, 54, 52, 62, 58, 31, 30, 42, 41, 40, 36, 15, 23, 12, 10, 9, 7, 14, 6, 50, 33, 29, 55, 16];45671.0
70325.0;[34, 5, 6, 0, 1, 3, 38, 69, 66, 63, 64, 68, 65, 67, 48, 43, 60, 44, 49, 35, 39, 37, 59, 16, 19, 47, 33, 32, 29, 55, 54, 52, 13, 12, 9, 7, 28, 26, 24, 56, 53, 27, 31, 58, 57, 22, 25, 20, 17, 42, 40, 62, 61, 30, 41, 36, 51, 50, 18, 15, 23, 11, 8, 2, 4, 21, 14, 10, 46, 45];44908.0
75361.0;[6, 44, 48, 43, 49, 14, 10, 0, 1, 56, 50, 53, 51, 46, 45, 62, 59, 60, 31, 35, 40, 36, 42, 41, 37, 57, 23, 55, 61, 58, 28, 54, 52, 13, 8, 7, 20, 17, 69, 67, 63, 66, 65, 64, 68, 27, 22, 25, 12, 9, 11, 5, 2, 4, 30, 47, 29, 21, 26, 33, 34, 32, 24, 3, 38, 39, 16, 19, 18, 15];45141.0
70127.0;[64, 48, 47, 46, 45, 62, 59, 58, 57, 0, 26, 6, 16, 19, 25, 13, 12, 10, 8, 11, 5, 22, 23, 55, 50, 31, 30, 38, 39, 40, 44, 49, 35, 42, 28, 15, 2, 1, 56, 53, 20, 17, 3, 60, 61, 41, 36, 51, 52, 21, 65, 67, 63, 43, 34, 29, 14, 4, 54, 24, 33, 32, 27, 9, 7, 18, 37, 69, 68, 66];46144.0
71426.0;[68, 66, 63, 64, 36, 42, 41, 40, 10, 14, 6, 28, 23, 30, 47, 55, 50, 18, 19, 57, 2, 1, 0, 26, 13, 9, 8, 49, 67, 48, 16, 22, 25, 24, 56, 33, 31, 62, 61, 59, 60, 34, 32, 27, 21, 5, 4, 53, 52, 51, 46, 45, 58, 12, 3, 20, 17, 15, 11, 7, 38, 69, 65, 39, 37, 35, 43, 29, 54, 44];46110.0
70253.0;[36, 0, 1, 26, 5, 46, 45, 62, 61, 23, 55, 50, 17, 12, 14, 10, 9, 13, 8, 66, 65, 69, 68, 67, 63, 64, 42, 40, 29, 21, 60, 59, 7, 3, 20, 18, 38, 39, 51, 53, 4, 2, 27, 22, 52, 34, 32, 58, 44, 49, 35, 11, 16, 19, 25, 24, 56, 33, 15, 47, 48, 43, 6, 28, 54, 57, 31, 30, 37, 41];45995.0
71274.0;[24, 68, 69, 64, 39, 37, 60, 59, 57, 44, 48, 21, 26, 56, 33, 15, 11, 49, 47, 55, 30, 34, 32, 27, 22, 35, 40, 36, 28, 54, 16, 19, 53, 52, 51, 50, 46, 45, 43, 29, 12, 8, 7, 3, 18, 38, 13, 14, 10, 20, 17, 42, 41, 23, 6, 0, 1, 5, 9, 67, 63, 66, 65, 31, 62, 61, 58, 2, 4, 25];46444.0
73882.0;[69, 66, 64, 68, 65, 67, 63, 39, 37, 0, 1, 38, 35, 42, 41, 40, 36, 34, 32, 62, 58, 33, 31, 51, 18, 19, 25, 3, 60, 44, 46, 45, 49, 48, 43, 11, 10, 12, 9, 16, 15, 47, 55, 61, 8, 7, 20, 17, 24, 6, 59, 57, 29, 27, 22, 14, 2, 23, 56, 54, 52, 13, 5, 4, 53, 21, 26, 28, 30, 50];44965.0
70879.0;[38, 36, 42, 24, 3, 60, 34, 32, 27, 22, 35, 39, 37, 69, 67, 63, 64, 48, 43, 6, 0, 1, 31, 30, 15, 23, 55, 51, 50, 62, 61, 41, 40, 53, 2, 28, 54, 52, 59, 57, 44, 49, 29, 21, 26, 46, 45, 58, 13, 14, 10, 9, 66, 65, 68, 17, 16, 19, 25, 11, 5, 4, 56, 20, 18, 8, 7, 47, 33, 12];45369.0
73083.0;[43, 6, 55, 29, 12, 9, 16, 19, 44, 49, 47, 53, 3, 27, 24, 33, 31, 30, 35, 38, 11, 5, 4, 54, 52, 69, 68, 67, 63, 65, 46, 45, 61, 8, 7, 62, 59, 66, 64, 21, 26, 51, 22, 25, 13, 10, 14, 36, 39, 37, 0, 56, 50, 17, 20, 18, 15, 28, 57, 23, 41, 42, 40, 34, 32, 58, 2, 1, 60, 48];47303.0
73530.0;[38, 39, 37, 67, 63, 66, 64, 48, 43, 49, 47, 62, 58, 44, 46, 45, 3, 20, 18, 31, 36, 69, 65, 68, 54, 52, 16, 15, 28, 12, 11, 2, 56, 50, 17, 19, 25, 22, 21, 5, 1, 0, 26, 24, 6, 60, 61, 42, 41, 40, 57, 51, 53, 27, 23, 55, 30, 29, 14, 59, 10, 9, 7, 34, 32, 33, 35, 13, 8, 4];45695.0
74484.0;[62, 61, 40, 36, 39, 60, 44, 27, 6, 28, 54, 59, 66, 65, 68, 67, 31, 58, 57, 51, 50, 35, 13, 8, 20, 17, 16, 22, 23, 26, 33, 32, 29, 34, 1, 15, 11, 5, 4, 38, 69, 64, 21, 9, 7, 18, 19, 55, 30, 37, 63, 48, 43, 14, 10, 12, 3, 24, 56, 53, 2, 0, 41, 42, 52, 25, 45, 49, 47, 46];48812.0
70910.0;[69, 66, 64, 48, 43, 29, 59, 57, 44, 65, 68, 67, 63, 13, 10, 9, 8, 20, 24, 56, 50, 17, 16, 15, 4, 26, 6, 38, 35, 42, 41, 36, 40, 45, 49, 47, 55, 51, 46, 61, 18, 19, 54, 52, 34, 32, 12, 11, 7, 3, 28, 62, 58, 25, 23, 53, 37, 2, 0, 1, 60, 14, 5, 27, 22, 21, 33, 31, 30, 39];44587.0
71710.0;[35, 37, 69, 67, 68, 65, 66, 64, 63, 38, 39, 40, 36, 42, 41, 24, 22, 25, 3, 18, 19, 55, 50, 17, 16, 51, 46, 61, 57, 23, 15, 28, 54, 52, 13, 14, 5, 4, 21, 56, 33, 32, 27, 59, 34, 31, 30, 62, 58, 26, 6, 0, 1, 47, 49, 48, 43, 11, 8, 60, 44, 29, 12, 10, 53, 20, 9, 7, 2, 45];44943.0
68848.0;[19, 55, 51, 50, 10, 14, 8, 7, 20, 18, 17, 22, 25, 2, 4, 23, 26, 46, 45, 35, 13, 12, 28, 30, 3, 60, 27, 24, 56, 33, 34, 32, 29, 61, 58, 31, 9, 11, 36, 42, 41, 40, 62, 59, 57, 49, 67, 63, 66, 64, 16, 47, 53, 15, 5, 6, 44, 48, 43, 1, 0, 54, 52, 21, 38, 39, 37, 65, 69, 68];46018.0
70704.0;[54, 69, 65, 68, 66, 63, 64, 37, 59, 10, 9, 11, 8, 7, 34, 32, 39, 42, 40, 60, 27, 22, 25, 3, 51, 19, 47, 33, 31, 41, 36, 15, 2, 1, 0, 21, 26, 62, 61, 18, 30, 52, 56, 53, 23, 55, 50, 17, 5, 20, 16, 44, 43, 29, 12, 6, 38, 35, 57, 4, 13, 14, 49, 67, 48, 46, 45, 58, 24, 28];46928.0
74393.0;[45, 68, 66, 65, 40, 36, 69, 67, 63, 64, 47, 50, 18, 31, 29, 24, 56, 55, 51, 61, 58, 57, 22, 25, 13, 14, 12, 10, 9, 7, 20, 17, 19, 41, 37, 60, 34, 32, 27, 26, 33, 35, 38, 39, 42, 59, 4, 23, 62, 44, 48, 16, 15, 28, 21, 54, 53, 52, 2, 0, 1, 11, 8, 49, 43, 6, 3, 30, 5, 46];45375.0
71641.0;[39, 37, 69, 67, 63, 65, 68, 66, 64, 36, 40, 29, 12, 3, 60, 34, 31, 62, 58, 27, 42, 41, 38, 35, 13, 8, 46, 45, 61, 26, 55, 53, 20, 16, 15, 2, 23, 21, 33, 32, 44, 48, 43, 22, 25, 24, 51, 50, 17, 19, 18, 1, 0, 54, 52, 56, 9, 11, 7, 14, 10, 59, 57, 30, 47, 49, 6, 28, 5, 4];44917.0
70673.0;[66, 63, 64, 41, 40, 62, 61, 59, 57, 2, 23, 46, 45, 58, 27, 22, 25, 3, 28, 12, 10, 4, 54, 52, 56, 19, 47, 33, 32, 34, 1, 0, 38, 39, 37, 60, 14, 9, 11, 8, 7, 20, 17, 53, 26, 55, 51, 50, 18, 31, 30, 5, 36, 42, 69, 67, 35, 13, 6, 16, 15, 21, 24, 29, 44, 48, 43, 49, 65, 68];44669.0
70427.0;[9, 66, 65, 68, 69, 64, 36, 42, 40, 39, 41, 37, 57, 44, 32, 12, 14, 6, 24, 28, 15, 27, 19, 51, 46, 45, 48, 49, 43, 29, 23, 18, 31, 62, 58, 2, 1, 0, 38, 67, 63, 47, 33, 34, 61, 20, 5, 59, 10, 4, 22, 21, 26, 55, 50, 17, 16, 54, 53, 25, 30, 35, 13, 11, 8, 7, 3, 60, 52, 56];46285.0
71910.0;[34, 42, 41, 40, 36, 39, 37, 4, 30, 15, 6, 0, 1, 19, 18, 25, 56, 53, 54, 52, 58, 57, 44, 67, 63, 66, 64, 69, 48, 43, 49, 47, 29, 24, 65, 68, 12, 11, 28, 55, 51, 46, 45, 5, 3, 50, 17, 16, 22, 21, 14, 8, 23, 26, 33, 31, 32, 35, 38, 13, 60, 2, 27, 59, 10, 20, 62, 61, 9, 7];46537.0
73697.0;[52, 42, 41, 55, 54, 57, 44, 46, 45, 62, 61, 58, 56, 33, 59, 16, 15, 28, 51, 50, 19, 37, 69, 67, 63, 43, 34, 32, 29, 12, 3, 5, 1, 0, 4, 2, 23, 31, 30, 17, 20, 18, 47, 53, 21, 24, 65, 68, 66, 26, 6, 11, 9, 8, 10, 14, 40, 36, 39, 38, 35, 64, 48, 49, 7, 13, 60, 27, 22, 25];46854.0
71233.0;[19, 47, 29, 21, 56, 53, 18, 31, 62, 61, 59, 54, 52, 51, 46, 45, 38, 39, 41, 37, 57, 23, 15, 27, 20, 17, 16, 11, 8, 7, 2, 1, 0, 13, 9, 49, 35, 36, 42, 40, 44, 34, 32, 12, 10, 14, 63, 66, 64, 48, 43, 22, 26, 55, 25, 24, 4, 33, 30, 50, 5, 3, 6, 60, 58, 28, 69, 67, 65, 68];45207.0
72782.0;[63, 62, 61, 58, 22, 21, 26, 31, 30, 41, 40, 36, 42, 35, 14, 1, 0, 38, 65, 66, 64, 48, 49, 47, 33, 29, 23, 15, 11, 12, 10, 9, 7, 3, 52, 51, 50, 24, 56, 53, 20, 18, 17, 25, 13, 8, 46, 45, 5, 6, 28, 54, 57, 44, 27, 39, 37, 69, 68, 19, 55, 16, 2, 4, 59, 60, 34, 32, 43, 67];45571.0
72212.0;[3, 60, 62, 59, 57, 44, 49, 47, 50, 17, 22, 14, 10, 9, 7, 5, 13, 8, 20, 18, 19, 37, 69, 67, 63, 66, 64, 33, 32, 29, 54, 52, 46, 45, 61, 16, 15, 11, 12, 28, 21, 27, 31, 58, 48, 43, 30, 39, 40, 36, 42, 41, 23, 26, 6, 2, 4, 25, 35, 38, 65, 68, 34, 1, 0, 24, 56, 55, 51, 53];44331.0
72798.0;[30, 39, 37, 69, 68, 66, 65, 67, 63, 42, 41, 40, 36, 54, 52, 51, 50, 33, 32, 64, 48, 46, 45, 49, 35, 3, 60, 61, 58, 23, 29, 9, 11, 8, 7, 17, 22, 25, 20, 16, 18, 19, 59, 21, 26, 6, 28, 56, 53, 38, 13, 12, 10, 43, 34, 14, 5, 4, 2, 1, 15, 47, 0, 55, 31, 62, 57, 44, 27, 24];45619.0
74317.0;[69, 67, 65, 68, 66, 64, 63, 48, 43, 2, 1, 0, 38, 39, 42, 41, 36, 40, 62, 61, 58, 57, 44, 34, 32, 29, 54, 52, 30, 46, 45, 59, 10, 9, 7, 13, 12, 11, 8, 49, 35, 14, 20, 17, 19, 55, 25, 3, 28, 26, 6, 16, 15, 4, 22, 21, 24, 56, 53, 51, 18, 47, 33, 31, 37, 60, 23, 50, 5, 27];43700.0
70220.0;[41, 69, 67, 63, 65, 68, 66, 64, 48, 16, 19, 55, 51, 50, 11, 8, 20, 17, 22, 25, 3, 18, 47, 33, 30, 34, 31, 46, 45, 49, 14, 9, 7, 4, 54, 53, 27, 23, 36, 39, 37, 58, 15, 2, 28, 62, 61, 40, 38, 35, 13, 10, 43, 29, 21, 26, 6, 0, 1, 5, 60, 59, 57, 44, 32, 12, 52, 24, 56, 42];44184.0
71522.0;[69, 67, 63, 66, 64, 39, 37, 60, 59, 57, 44, 48, 43, 34, 32, 62, 61, 31, 30, 29, 21, 26, 2, 1, 0, 58, 28, 54, 52, 42, 41, 36, 51, 50, 33, 15, 5, 4, 22, 23, 18, 19, 55, 11, 8, 12, 9, 7, 3, 27, 24, 56, 53, 25, 35, 38, 13, 10, 14, 6, 20, 17, 16, 47, 46, 40, 45, 49, 68, 65];43884.0
72279.0;[11, 43, 49, 47, 67, 63, 66, 65, 68, 69, 64, 48, 16, 15, 3, 28, 54, 52, 46, 45, 61, 57, 44, 50, 18, 31, 30, 17, 19, 25, 13, 14, 38, 39, 41, 40, 36, 42, 33, 8, 7, 20, 62, 59, 60, 34, 32, 27, 6, 0, 1, 5, 4, 22, 21, 26, 55, 51, 56, 53, 35, 37, 58, 24, 2, 23, 29, 12, 10, 9];44271.0
70768.0;[9, 8, 7, 34, 32, 12, 28, 54, 52, 30, 39, 37, 69, 66, 64, 21, 24, 33, 29, 68, 65, 63, 41, 60, 61, 59, 57, 58, 44, 49, 43, 6, 20, 17, 16, 15, 2, 23, 55, 51, 31, 62, 27, 22, 56, 50, 53, 3, 18, 19, 47, 46, 45, 1, 0, 26, 35, 67, 48, 5, 4, 25, 11, 36, 42, 40, 38, 13, 10, 14];46231.0
73153.0;[7, 66, 64, 39, 41, 37, 60, 2, 1, 0, 38, 69, 67, 63, 48, 43, 29, 34, 32, 27, 24, 6, 20, 18, 19, 53, 52, 51, 50, 17, 28, 54, 59, 12, 10, 14, 8, 49, 35, 13, 46, 45, 61, 40, 36, 42, 23, 15, 47, 5, 4, 22, 21, 26, 25, 11, 3, 33, 31, 62, 58, 57, 55, 30, 16, 44, 68, 65, 56, 9];46609.0
71681.0;[69, 68, 66, 65, 67, 63, 64, 48, 43, 29, 13, 12, 11, 8, 7, 2, 1, 0, 38, 42, 41, 23, 55, 53, 20, 17, 54, 52, 51, 46, 45, 34, 14, 10, 9, 18, 30, 15, 27, 24, 6, 28, 56, 33, 32, 25, 3, 4, 22, 21, 26, 31, 62, 61, 16, 19, 50, 5, 59, 58, 39, 37, 60, 57, 44, 49, 47, 40, 35, 36];43715.0
72173.0;[67, 63, 65, 68, 66, 64, 47, 33, 62, 61, 3, 5, 4, 2, 23, 15, 28, 54, 52, 25, 21, 35, 13, 8, 11, 7, 20, 17, 22, 55, 30, 46, 45, 49, 32, 29, 12, 10, 14, 9, 16, 19, 51, 50, 18, 58, 27, 57, 48, 43, 6, 44, 34, 1, 0, 26, 24, 56, 53, 38, 39, 41, 37, 60, 59, 31, 36, 42, 40, 69];44113.0
70209.0;[69, 65, 68, 67, 63, 64, 66, 40, 36, 38, 13, 8, 0, 1, 48, 43, 29, 12, 10, 9, 11, 59, 58, 28, 54, 52, 6, 17, 2, 23, 57, 44, 35, 42, 41, 24, 30, 50, 33, 31, 62, 61, 16, 19, 51, 20, 39, 37, 15, 7, 5, 4, 27, 22, 25, 3, 18, 47, 49, 14, 60, 34, 46, 45, 56, 53, 21, 26, 55, 32];46176.0
70938.0;[68, 66, 65, 31, 30, 46, 48, 43, 49, 47, 55, 57, 44, 59, 10, 17, 16, 19, 51, 50, 20, 39, 42, 41, 37, 2, 1, 0, 33, 29, 23, 12, 11, 8, 14, 63, 64, 69, 67, 36, 40, 25, 3, 7, 18, 15, 53, 27, 22, 21, 24, 6, 62, 61, 4, 56, 54, 52, 13, 9, 5, 26, 35, 38, 60, 34, 32, 58, 28, 45];46886.0
72352.0;[65, 68, 69, 67, 63, 66, 64, 48, 43, 34, 32, 12, 10, 9, 7, 20, 18, 19, 2, 28, 52, 46, 45, 62, 61, 57, 4, 33, 31, 30, 1, 0, 26, 24, 6, 59, 58, 56, 54, 53, 51, 50, 17, 16, 15, 27, 22, 23, 29, 21, 36, 35, 42, 41, 40, 39, 37, 14, 11, 13, 8, 60, 44, 49, 47, 55, 25, 5, 3, 38];42907.0
69617.0;[34, 32, 57, 44, 49, 48, 43, 67, 63, 66, 46, 45, 61, 54, 53, 52, 56, 20, 17, 25, 3, 6, 0, 33, 31, 39, 37, 38, 13, 26, 55, 18, 30, 16, 19, 58, 21, 65, 68, 69, 64, 36, 51, 50, 47, 29, 23, 15, 4, 2, 1, 60, 9, 8, 7, 28, 62, 59, 10, 14, 5, 27, 22, 24, 12, 11, 35, 42, 41, 40];46182.0
70745.0;[65, 69, 67, 63, 3, 5, 1, 0, 21, 26, 8, 7, 20, 17, 53, 52, 58, 27, 23, 62, 61, 57, 44, 49, 14, 6, 2, 4, 39, 40, 38, 13, 60, 34, 32, 22, 25, 16, 19, 55, 29, 28, 54, 51, 50, 18, 47, 33, 30, 37, 35, 36, 42, 41, 24, 56, 15, 11, 68, 66, 64, 48, 12, 10, 9, 59, 31, 46, 45, 43];45856.0
72133.0;[38, 65, 68, 67, 63, 39, 60, 59, 10, 14, 8, 7, 27, 22, 25, 13, 12, 9, 11, 51, 50, 18, 15, 21, 26, 24, 19, 47, 34, 32, 30, 46, 45, 31, 62, 61, 57, 4, 33, 35, 36, 42, 41, 40, 29, 58, 28, 54, 52, 55, 2, 23, 56, 53, 3, 5, 37, 69, 66, 64, 48, 16, 44, 49, 43, 6, 20, 17, 1, 0];44813.0
73139.0;[66, 64, 68, 65, 67, 63, 48, 16, 15, 23, 55, 51, 46, 43, 49, 35, 39, 40, 36, 42, 41, 27, 3, 60, 34, 12, 11, 8, 4, 2, 28, 21, 26, 33, 31, 30, 50, 17, 32, 29, 54, 52, 62, 61, 18, 19, 6, 0, 1, 56, 14, 5, 45, 44, 47, 53, 38, 37, 69, 58, 59, 57, 22, 25, 13, 10, 9, 7, 20, 24];45790.0
73456.0;[69, 67, 63, 48, 16, 15, 7, 13, 10, 14, 9, 8, 12, 11, 41, 36, 5, 6, 0, 1, 60, 59, 58, 53, 52, 25, 22, 21, 24, 34, 32, 27, 23, 2, 4, 38, 35, 3, 46, 62, 61, 57, 56, 54, 44, 68, 66, 19, 51, 20, 17, 45, 43, 49, 47, 50, 18, 42, 40, 39, 37, 65, 64, 33, 31, 30, 29, 28, 26, 55];46395.0
70486.0;[21, 24, 33, 31, 39, 40, 36, 69, 67, 65, 68, 66, 63, 64, 42, 41, 37, 57, 44, 34, 32, 27, 22, 20, 18, 38, 35, 60, 59, 62, 61, 58, 2, 0, 1, 3, 30, 29, 23, 26, 50, 17, 16, 19, 55, 51, 53, 52, 11, 8, 49, 47, 48, 43, 6, 28, 15, 7, 46, 45, 56, 54, 12, 10, 9, 5, 4, 25, 13, 14];44286.0
68929.0;[6, 20, 17, 16, 54, 52, 51, 46, 45, 61, 57, 56, 50, 18, 0, 1, 31, 62, 58, 24, 29, 21, 27, 22, 25, 13, 9, 67, 63, 48, 43, 68, 65, 40, 38, 11, 7, 3, 5, 4, 26, 33, 32, 12, 10, 14, 59, 60, 34, 44, 35, 42, 41, 36, 69, 66, 64, 28, 23, 8, 49, 47, 53, 2, 15, 19, 55, 30, 39, 37];46470.0
71028.0;[1, 0, 26, 13, 12, 10, 14, 6, 16, 51, 46, 45, 58, 22, 25, 20, 18, 62, 61, 4, 38, 35, 42, 41, 40, 43, 49, 50, 17, 19, 47, 33, 60, 34, 32, 31, 30, 29, 27, 21, 24, 56, 55, 53, 59, 57, 44, 48, 68, 65, 66, 64, 39, 37, 69, 67, 63, 36, 11, 8, 2, 28, 54, 52, 23, 15, 9, 7, 3, 5];44053.0
72539.0;[18, 65, 66, 19, 2, 4, 5, 27, 22, 21, 26, 54, 52, 0, 1, 60, 34, 32, 40, 36, 42, 41, 23, 55, 51, 46, 45, 61, 53, 3, 38, 39, 37, 69, 67, 47, 29, 24, 6, 44, 49, 35, 13, 14, 59, 57, 31, 62, 58, 48, 43, 68, 63, 64, 16, 28, 30, 17, 25, 12, 10, 9, 50, 56, 33, 15, 11, 8, 7, 20];46564.0
74905.0;[41, 40, 39, 37, 69, 67, 63, 64, 47, 50, 18, 19, 55, 61, 10, 9, 8, 4, 33, 29, 27, 3, 46, 45, 31, 62, 58, 2, 28, 15, 5, 60, 44, 65, 68, 66, 24, 56, 53, 52, 54, 59, 57, 48, 23, 30, 34, 32, 22, 21, 26, 6, 16, 51, 20, 17, 25, 0, 1, 11, 43, 49, 35, 14, 7, 13, 12, 38, 36, 42];45433.0
71483.0;[67, 63, 65, 66, 64, 69, 68, 19, 2, 28, 21, 26, 55, 20, 17, 51, 50, 18, 39, 42, 41, 36, 37, 15, 4, 54, 52, 13, 12, 1, 0, 22, 25, 31, 62, 57, 23, 61, 53, 3, 5, 46, 45, 58, 44, 48, 43, 6, 59, 60, 34, 32, 27, 24, 56, 30, 38, 35, 7, 14, 10, 16, 47, 33, 8, 49, 29, 9, 11, 40];46192.0
71622.0;[61, 59, 58, 26, 6, 0, 1, 5, 22, 25, 11, 8, 20, 17, 53, 27, 23, 54, 52, 56, 33, 31, 30, 35, 42, 41, 36, 40, 38, 13, 12, 10, 14, 18, 47, 62, 57, 44, 49, 68, 65, 67, 63, 64, 48, 43, 34, 32, 29, 55, 16, 15, 2, 4, 39, 37, 60, 9, 7, 3, 50, 69, 66, 19, 21, 24, 28, 51, 46, 45];43936.0
71761.0;[68, 65, 66, 64, 63, 69, 67, 38, 35, 42, 40, 39, 41, 36, 37, 60, 34, 32, 24, 56, 53, 52, 54, 62, 59, 58, 27, 22, 21, 57, 44, 43, 48, 46, 45, 61, 20, 17, 3, 6, 0, 26, 55, 51, 18, 19, 25, 13, 12, 14, 10, 9, 49, 47, 5, 4, 33, 31, 30, 50, 16, 15, 23, 11, 8, 7, 28, 2, 1, 29];44256.0
72727.0;[7, 38, 39, 42, 41, 40, 36, 68, 69, 67, 63, 64, 49, 47, 33, 34, 31, 50, 17, 25, 2, 28, 54, 52, 32, 29, 12, 10, 14, 6, 16, 19, 51, 53, 27, 22, 21, 26, 24, 56, 55, 20, 18, 0, 1, 3, 60, 44, 46, 45, 43, 62, 61, 65, 66, 37, 59, 57, 58, 48, 23, 15, 11, 5, 4, 30, 35, 13, 9, 8];45058.0
72978.0;[65, 66, 64, 46, 45, 68, 67, 63, 43, 31, 62, 61, 18, 19, 30, 39, 37, 6, 0, 1, 5, 27, 24, 59, 57, 44, 48, 35, 38, 42, 40, 53, 16, 51, 17, 22, 21, 55, 54, 52, 25, 3, 50, 56, 12, 10, 9, 13, 8, 7, 20, 47, 33, 32, 34, 29, 11, 49, 14, 60, 58, 28, 15, 4, 26, 2, 23, 41, 36, 69];46418.0
69458.0;[69, 67, 63, 48, 43, 49, 47, 5, 3, 57, 44, 35, 42, 41, 36, 13, 6, 16, 15, 27, 22, 14, 10, 12, 38, 39, 40, 62, 59, 66, 65, 64, 68, 34, 1, 60, 9, 11, 8, 7, 2, 0, 33, 32, 29, 55, 51, 53, 4, 23, 56, 54, 52, 50, 19, 46, 45, 61, 58, 25, 24, 28, 30, 20, 18, 17, 21, 26, 31, 37];45830.0
70899.0;[43, 11, 8, 7, 46, 45, 61, 10, 12, 9, 68, 69, 65, 66, 42, 41, 37, 60, 34, 59, 57, 55, 51, 16, 0, 1, 31, 62, 58, 25, 13, 14, 49, 35, 38, 3, 30, 36, 39, 40, 23, 15, 4, 2, 28, 56, 53, 20, 18, 19, 50, 17, 54, 5, 6, 44, 47, 33, 32, 27, 52, 22, 21, 26, 24, 29, 67, 63, 64, 48];45531.0
71558.0;[68, 65, 66, 64, 69, 67, 63, 41, 36, 39, 37, 60, 34, 32, 20, 17, 5, 6, 0, 1, 31, 30, 46, 45, 62, 59, 10, 12, 11, 9, 19, 47, 52, 54, 16, 44, 48, 43, 29, 24, 27, 22, 21, 26, 33, 61, 53, 51, 50, 18, 58, 57, 23, 15, 28, 56, 55, 2, 4, 25, 13, 8, 7, 3, 38, 42, 40, 35, 14, 49];44098.0
71151.0;[59, 57, 44, 48, 49, 47, 55, 51, 50, 56, 54, 52, 25, 3, 46, 43, 20, 17, 22, 23, 62, 61, 60, 34, 32, 35, 13, 8, 0, 1, 26, 24, 6, 38, 39, 37, 69, 65, 66, 63, 64, 36, 42, 33, 31, 30, 29, 12, 14, 10, 9, 5, 16, 11, 7, 18, 19, 41, 40, 45, 68, 67, 58, 2, 4, 53, 15, 28, 21, 27];44745.0
73277.0;[69, 67, 63, 66, 42, 41, 40, 34, 61, 59, 57, 28, 54, 52, 13, 12, 11, 5, 6, 38, 35, 7, 46, 43, 68, 65, 64, 21, 26, 33, 31, 44, 48, 47, 29, 24, 56, 55, 50, 53, 3, 60, 32, 27, 23, 62, 58, 2, 4, 22, 25, 45, 49, 14, 1, 0, 51, 20, 17, 16, 19, 18, 15, 10, 9, 8, 30, 36, 39, 37];45049.0
73153.0;[69, 67, 63, 65, 68, 66, 64, 16, 19, 61, 58, 15, 2, 4, 23, 56, 33, 34, 32, 12, 9, 18, 31, 30, 29, 21, 20, 17, 47, 48, 49, 43, 41, 40, 39, 37, 35, 14, 6, 27, 24, 28, 52, 54, 59, 60, 8, 11, 7, 13, 10, 0, 1, 36, 42, 53, 51, 46, 45, 62, 57, 44, 26, 55, 50, 5, 22, 25, 3, 38];45580.0
72878.0;[10, 14, 11, 9, 7, 57, 44, 49, 68, 67, 63, 47, 33, 31, 5, 3, 28, 54, 20, 18, 19, 50, 17, 45, 58, 56, 55, 30, 42, 41, 36, 40, 62, 61, 59, 2, 0, 1, 34, 32, 39, 69, 65, 66, 64, 21, 26, 53, 23, 52, 37, 60, 22, 25, 35, 38, 13, 8, 6, 16, 15, 4, 51, 46, 48, 43, 27, 24, 29, 12];46202.0
73577.0;[4, 25, 13, 14, 8, 12, 10, 9, 3, 60, 69, 65, 68, 66, 64, 48, 43, 11, 7, 46, 45, 34, 32, 27, 22, 5, 6, 0, 1, 19, 51, 50, 62, 61, 59, 54, 52, 38, 35, 39, 37, 67, 63, 41, 21, 24, 56, 33, 31, 30, 29, 58, 23, 26, 28, 40, 36, 42, 57, 44, 49, 47, 55, 53, 20, 17, 16, 18, 15, 2];44371.0
69969.0;[59, 57, 44, 68, 64, 48, 43, 34, 32, 35, 36, 42, 41, 40, 45, 62, 61, 58, 24, 56, 33, 51, 50, 18, 31, 30, 15, 11, 8, 12, 10, 9, 7, 3, 52, 69, 67, 63, 65, 66, 29, 23, 55, 54, 53, 20, 17, 16, 19, 47, 5, 38, 39, 37, 0, 26, 6, 28, 21, 27, 22, 46, 49, 14, 2, 4, 25, 13, 1, 60];44490.0
71730.0;[37, 65, 69, 64, 48, 49, 67, 68, 19, 47, 55, 16, 17, 5, 3, 18, 30, 42, 41, 40, 36, 13, 11, 8, 46, 45, 2, 1, 60, 59, 10, 12, 14, 9, 22, 25, 6, 0, 56, 33, 31, 62, 58, 57, 4, 23, 61, 54, 20, 24, 28, 21, 27, 26, 52, 34, 32, 44, 15, 7, 66, 63, 43, 29, 51, 50, 53, 38, 35, 39];46504.0
73690.0;[68, 65, 67, 63, 66, 64, 69, 49, 8, 7, 28, 62, 61, 58, 21, 24, 56, 54, 57, 55, 53, 52, 25, 13, 3, 5, 6, 4, 2, 22, 46, 45, 48, 16, 15, 27, 59, 10, 9, 43, 31, 50, 17, 20, 18, 47, 33, 32, 29, 23, 26, 19, 51, 35, 38, 39, 37, 40, 36, 42, 41, 60, 34, 14, 12, 11, 1, 0, 30, 44];45344.0
69932.0;[69, 67, 63, 66, 65, 68, 64, 48, 49, 47, 50, 16, 15, 21, 14, 13, 20, 17, 0, 1, 60, 59, 10, 9, 11, 8, 7, 34, 32, 33, 31, 51, 62, 58, 28, 56, 53, 18, 19, 46, 45, 5, 27, 22, 25, 24, 42, 40, 38, 35, 41, 36, 39, 37, 6, 55, 61, 57, 44, 43, 30, 29, 12, 3, 2, 4, 23, 26, 54, 52];44375.0
73837.0;[60, 57, 44, 48, 43, 34, 42, 41, 36, 39, 69, 67, 63, 46, 45, 49, 32, 27, 22, 25, 35, 38, 13, 33, 31, 9, 7, 3, 52, 55, 50, 18, 37, 68, 66, 19, 47, 29, 12, 20, 17, 1, 0, 56, 53, 24, 65, 64, 40, 62, 58, 2, 28, 54, 59, 10, 14, 11, 21, 26, 6, 15, 5, 4, 23, 30, 16, 51, 61, 8];46850.0
69606.0;[24, 4, 65, 68, 66, 36, 42, 41, 40, 39, 37, 60, 34, 32, 12, 49, 47, 55, 53, 23, 15, 7, 6, 0, 1, 26, 56, 54, 59, 10, 3, 57, 44, 27, 22, 25, 31, 62, 58, 2, 28, 69, 67, 51, 20, 17, 5, 14, 9, 13, 8, 11, 38, 35, 64, 63, 48, 43, 29, 21, 33, 30, 50, 52, 46, 45, 61, 16, 19, 18];45991.0
72450.0;[11, 2, 28, 59, 10, 14, 9, 7, 46, 45, 61, 30, 36, 39, 37, 69, 67, 63, 66, 64, 41, 40, 42, 65, 68, 19, 33, 32, 27, 21, 24, 54, 52, 34, 48, 43, 31, 29, 12, 1, 0, 55, 51, 53, 26, 6, 16, 22, 25, 3, 5, 62, 58, 57, 56, 50, 17, 20, 18, 47, 60, 44, 49, 35, 38, 13, 8, 4, 23, 15];45497.0
70517.0;[37, 69, 65, 68, 66, 36, 42, 40, 34, 32, 6, 0, 1, 60, 59, 58, 57, 44, 49, 47, 29, 21, 35, 11, 7, 3, 28, 54, 52, 18, 62, 61, 53, 27, 22, 25, 13, 14, 5, 46, 45, 67, 63, 64, 48, 43, 31, 41, 38, 39, 24, 23, 26, 55, 51, 50, 33, 30, 15, 56, 20, 17, 12, 10, 9, 16, 19, 8, 2, 4];44347.0
68960.0;[2, 4, 22, 25, 35, 38, 39, 41, 40, 32, 12, 10, 9, 49, 14, 1, 0, 51, 46, 45, 34, 29, 21, 33, 31, 62, 61, 16, 19, 55, 53, 20, 18, 37, 69, 67, 48, 43, 15, 28, 23, 30, 36, 42, 24, 59, 58, 57, 44, 27, 54, 52, 56, 50, 17, 65, 68, 66, 63, 64, 47, 5, 6, 60, 8, 7, 13, 11, 3, 26];44988.0
69546.0;[15, 11, 10, 14, 2, 0, 1, 26, 33, 32, 34, 31, 62, 61, 42, 41, 23, 56, 54, 53, 27, 24, 59, 57, 22, 25, 13, 9, 5, 4, 38, 69, 65, 68, 58, 28, 21, 55, 40, 36, 35, 39, 52, 51, 46, 45, 43, 6, 3, 60, 44, 48, 49, 47, 29, 12, 8, 7, 20, 18, 30, 37, 67, 63, 66, 64, 50, 17, 19, 16];45519.0
72993.0;[67, 63, 66, 65, 69, 68, 64, 48, 16, 33, 31, 62, 28, 11, 8, 6, 0, 1, 46, 45, 42, 41, 40, 38, 13, 12, 14, 10, 9, 7, 3, 20, 18, 17, 54, 52, 21, 26, 51, 50, 22, 24, 56, 19, 47, 29, 55, 61, 58, 57, 27, 34, 32, 44, 43, 49, 35, 60, 59, 4, 25, 5, 15, 2, 23, 53, 30, 36, 39, 37];45089.0
73057.0;[37, 69, 68, 67, 63, 65, 66, 64, 49, 35, 38, 13, 8, 11, 0, 1, 15, 5, 4, 33, 32, 29, 54, 59, 10, 9, 7, 2, 23, 17, 16, 22, 21, 26, 62, 61, 18, 19, 25, 52, 56, 30, 41, 36, 42, 40, 39, 60, 57, 44, 43, 34, 12, 14, 6, 55, 51, 50, 53, 3, 20, 47, 46, 48, 45, 58, 24, 28, 27, 31];45810.0
75481.0;[7, 38, 35, 37, 68, 65, 67, 63, 64, 48, 43, 32, 40, 39, 69, 66, 46, 45, 62, 59, 57, 58, 44, 49, 29, 27, 24, 2, 4, 22, 20, 18, 0, 1, 60, 34, 23, 61, 41, 36, 42, 21, 26, 28, 55, 51, 16, 19, 47, 33, 31, 15, 54, 52, 56, 53, 5, 11, 8, 6, 3, 30, 50, 17, 25, 13, 12, 10, 14, 9];45233.0
74033.0;[40, 32, 29, 27, 22, 21, 5, 9, 7, 60, 59, 58, 2, 1, 0, 26, 33, 51, 50, 62, 61, 57, 44, 19, 55, 53, 20, 17, 42, 41, 36, 39, 24, 56, 54, 52, 25, 35, 38, 13, 8, 12, 11, 10, 14, 63, 66, 69, 67, 65, 46, 45, 48, 43, 6, 16, 4, 23, 15, 28, 30, 3, 18, 47, 49, 64, 68, 34, 31, 37];45501.0
73161.0;[1, 56, 53, 54, 52, 49, 35, 63, 66, 64, 69, 65, 68, 67, 58, 57, 2, 28, 30, 37, 36, 42, 24, 13, 9, 8, 14, 10, 4, 27, 22, 21, 20, 17, 25, 3, 60, 62, 59, 34, 29, 23, 26, 55, 5, 45, 61, 51, 46, 43, 12, 11, 38, 39, 41, 40, 32, 33, 31, 50, 18, 19, 47, 16, 15, 7, 44, 48, 6, 0];46581.0
74141.0;[22, 25, 24, 4, 2, 28, 54, 57, 44, 48, 68, 63, 66, 65, 67, 43, 55, 53, 3, 46, 45, 49, 35, 59, 10, 14, 13, 9, 7, 38, 39, 37, 60, 34, 31, 62, 58, 26, 23, 56, 33, 12, 52, 51, 61, 41, 36, 40, 32, 30, 50, 18, 16, 15, 0, 1, 5, 6, 11, 8, 20, 17, 42, 69, 64, 21, 19, 47, 29, 27];45441.0
71551.0;[64, 48, 43, 51, 50, 20, 18, 19, 35, 38, 39, 41, 33, 31, 62, 61, 57, 27, 24, 2, 1, 0, 4, 29, 12, 10, 9, 7, 54, 52, 25, 23, 26, 56, 55, 53, 3, 46, 45, 58, 44, 67, 63, 66, 36, 42, 40, 32, 22, 30, 15, 6, 17, 16, 11, 49, 47, 5, 28, 21, 14, 13, 8, 68, 65, 37, 60, 59, 34, 69];46596.0
71296.0;[69, 67, 33, 51, 5, 4, 54, 59, 10, 14, 0, 1, 20, 17, 46, 45, 61, 40, 38, 39, 42, 41, 23, 52, 55, 50, 18, 19, 47, 49, 43, 34, 32, 29, 27, 31, 62, 58, 24, 65, 66, 36, 37, 57, 56, 53, 3, 6, 2, 22, 21, 26, 13, 60, 44, 63, 64, 48, 16, 15, 11, 8, 12, 9, 7, 28, 30, 25, 35, 68];46436.0
71151.0;[20, 18, 37, 69, 68, 54, 52, 21, 65, 67, 43, 31, 62, 34, 32, 0, 1, 5, 4, 2, 28, 59, 58, 24, 56, 17, 22, 25, 13, 11, 8, 49, 47, 33, 51, 50, 19, 61, 57, 44, 16, 15, 27, 23, 26, 39, 41, 40, 30, 3, 46, 45, 6, 60, 9, 7, 14, 38, 35, 36, 42, 12, 10, 63, 66, 64, 48, 29, 55, 53];47586.0
73315.0;[35, 42, 69, 66, 64, 48, 46, 45, 44, 43, 49, 14, 12, 11, 8, 68, 65, 67, 63, 60, 59, 58, 57, 0, 1, 23, 18, 19, 51, 50, 17, 55, 33, 31, 41, 36, 40, 62, 61, 52, 54, 20, 16, 47, 5, 4, 13, 10, 9, 7, 2, 27, 24, 28, 15, 56, 53, 21, 26, 25, 3, 6, 38, 39, 37, 34, 32, 30, 29, 22];45944.0
69198.0;[59, 57, 44, 49, 43, 69, 67, 63, 64, 48, 5, 6, 16, 47, 53, 27, 22, 25, 68, 66, 65, 40, 29, 21, 24, 4, 15, 11, 9, 8, 12, 10, 14, 7, 3, 33, 34, 32, 62, 61, 58, 28, 54, 52, 18, 39, 41, 42, 23, 51, 50, 20, 17, 19, 46, 45, 2, 56, 55, 31, 30, 37, 38, 35, 36, 0, 1, 26, 13, 60];45626.0
73586.0;[11, 7, 20, 17, 45, 68, 67, 69, 65, 66, 63, 64, 47, 54, 52, 51, 46, 60, 59, 10, 9, 27, 22, 25, 5, 4, 26, 33, 31, 44, 48, 43, 49, 6, 38, 35, 36, 39, 40, 62, 58, 2, 1, 0, 55, 53, 21, 24, 34, 32, 12, 19, 18, 30, 29, 13, 14, 50, 16, 15, 23, 61, 57, 56, 42, 41, 37, 3, 28, 8];45512.0
66766.0;[25, 24, 60, 59, 57, 44, 48, 16, 11, 10, 14, 63, 64, 69, 66, 46, 45, 58, 21, 26, 56, 53, 13, 12, 9, 8, 43, 49, 47, 34, 1, 0, 2, 23, 41, 36, 31, 62, 61, 54, 52, 30, 37, 39, 40, 32, 33, 29, 67, 65, 68, 19, 55, 51, 15, 7, 3, 20, 18, 38, 35, 42, 28, 50, 17, 5, 6, 4, 27, 22];46334.0
73320.0;[69, 65, 66, 64, 68, 48, 43, 54, 57, 44, 49, 35, 36, 42, 41, 40, 67, 63, 46, 45, 20, 17, 14, 12, 10, 9, 59, 58, 56, 33, 51, 50, 18, 31, 30, 3, 5, 2, 1, 0, 27, 22, 25, 11, 38, 13, 8, 7, 28, 15, 4, 39, 37, 60, 34, 26, 55, 53, 52, 21, 24, 6, 16, 19, 47, 29, 23, 62, 61, 32];44971.0
71451.0;[66, 65, 63, 64, 38, 35, 36, 42, 41, 40, 62, 61, 22, 25, 13, 12, 10, 14, 59, 58, 57, 44, 49, 47, 29, 9, 11, 8, 7, 3, 28, 54, 52, 46, 48, 16, 15, 21, 24, 45, 43, 0, 1, 20, 18, 19, 17, 5, 6, 60, 31, 51, 50, 33, 30, 34, 32, 27, 69, 67, 56, 53, 4, 23, 26, 55, 2, 39, 37, 68];45251.0
71777.0;[65, 68, 69, 67, 63, 64, 66, 36, 42, 35, 13, 12, 14, 10, 9, 60, 44, 48, 43, 6, 16, 15, 11, 8, 7, 17, 19, 18, 31, 41, 40, 0, 1, 3, 28, 56, 50, 33, 62, 61, 30, 46, 45, 49, 47, 52, 54, 59, 57, 58, 25, 5, 4, 2, 38, 39, 37, 34, 32, 29, 23, 26, 20, 24, 55, 51, 53, 27, 22, 21];44257.0
73425.0;[37, 69, 68, 67, 63, 66, 65, 64, 39, 41, 40, 31, 60, 44, 48, 43, 35, 38, 36, 42, 53, 20, 18, 16, 19, 47, 55, 51, 33, 34, 32, 29, 28, 54, 62, 58, 52, 50, 17, 25, 3, 2, 1, 0, 21, 27, 22, 24, 56, 12, 10, 9, 8, 7, 46, 45, 49, 14, 5, 6, 4, 15, 11, 13, 26, 61, 59, 57, 23, 30];44019.0
70698.0;[18, 19, 57, 44, 43, 49, 14, 5, 6, 0, 1, 60, 34, 62, 61, 16, 15, 11, 8, 7, 13, 3, 28, 54, 59, 58, 27, 22, 25, 68, 69, 66, 64, 48, 26, 52, 51, 29, 12, 10, 9, 20, 17, 4, 2, 23, 21, 24, 56, 55, 53, 30, 36, 39, 37, 67, 65, 63, 38, 35, 42, 41, 40, 32, 46, 45, 47, 33, 31, 50];44405.0
68949.0;[56, 53, 20, 39, 37, 36, 42, 40, 62, 61, 54, 52, 0, 1, 31, 30, 34, 33, 32, 67, 63, 41, 24, 46, 45, 49, 47, 29, 21, 26, 55, 51, 50, 18, 17, 4, 27, 22, 25, 5, 3, 60, 59, 58, 28, 35, 38, 13, 12, 11, 43, 69, 66, 65, 16, 19, 57, 44, 68, 64, 48, 6, 15, 7, 14, 10, 9, 8, 2, 23];45890.0
71997.0;[44, 48, 49, 35, 38, 13, 60, 59, 57, 4, 39, 37, 68, 69, 67, 65, 43, 62, 58, 2, 28, 54, 52, 50, 47, 33, 34, 32, 29, 12, 11, 8, 7, 3, 6, 0, 1, 30, 46, 45, 61, 10, 20, 17, 25, 5, 14, 9, 22, 21, 18, 31, 41, 36, 42, 40, 23, 55, 53, 51, 16, 15, 27, 26, 24, 56, 64, 63, 66, 19];45530.0
69369.0;[19, 51, 46, 45, 61, 4, 54, 57, 44, 48, 43, 34, 32, 26, 6, 17, 16, 27, 22, 25, 24, 28, 5, 3, 30, 20, 18, 31, 58, 23, 55, 29, 68, 65, 63, 66, 64, 36, 35, 38, 13, 8, 12, 9, 11, 40, 39, 37, 60, 53, 52, 21, 56, 33, 62, 59, 10, 14, 42, 41, 69, 67, 49, 7, 2, 0, 1, 15, 47, 50];45219.0
68716.0;[12, 68, 67, 40, 36, 42, 31, 30, 37, 38, 39, 6, 0, 1, 11, 13, 8, 4, 2, 22, 21, 24, 27, 9, 7, 20, 47, 55, 53, 16, 19, 51, 50, 18, 62, 58, 56, 33, 34, 32, 29, 14, 10, 17, 25, 35, 69, 66, 65, 46, 45, 61, 54, 52, 23, 26, 57, 44, 49, 48, 43, 3, 5, 64, 63, 41, 60, 59, 28, 15];47678.0
72647.0;[69, 67, 63, 66, 17, 22, 25, 13, 8, 12, 14, 5, 6, 28, 21, 55, 51, 61, 9, 11, 43, 34, 31, 30, 37, 65, 68, 64, 48, 60, 59, 10, 7, 46, 45, 49, 29, 54, 20, 18, 19, 47, 53, 3, 2, 1, 0, 26, 52, 38, 39, 35, 36, 42, 41, 40, 44, 27, 23, 62, 58, 57, 4, 24, 56, 50, 16, 15, 33, 32];44965.0
72457.0;[52, 69, 67, 65, 66, 63, 48, 16, 47, 59, 10, 9, 7, 33, 31, 62, 61, 57, 44, 46, 45, 49, 64, 68, 19, 58, 13, 12, 14, 6, 0, 1, 30, 15, 5, 2, 4, 27, 22, 25, 3, 60, 21, 39, 40, 36, 42, 41, 37, 35, 38, 8, 20, 17, 55, 51, 53, 11, 43, 34, 32, 29, 23, 56, 50, 18, 24, 28, 26, 54];44972.0
74368.0;[63, 66, 64, 48, 43, 49, 47, 51, 46, 45, 61, 54, 52, 13, 14, 10, 0, 1, 5, 6, 60, 44, 34, 32, 12, 9, 8, 7, 17, 24, 33, 27, 22, 25, 11, 59, 57, 4, 15, 2, 28, 21, 39, 37, 35, 38, 3, 26, 55, 29, 23, 62, 36, 42, 41, 40, 58, 56, 53, 20, 18, 31, 30, 50, 16, 19, 65, 68, 69, 67];43834.0
70831.0;[33, 15, 46, 48, 43, 29, 27, 22, 21, 62, 61, 8, 6, 28, 54, 52, 20, 17, 16, 19, 50, 18, 69, 67, 63, 66, 65, 64, 37, 35, 14, 13, 11, 1, 0, 2, 4, 26, 56, 53, 38, 39, 40, 25, 24, 45, 68, 34, 32, 31, 30, 41, 36, 42, 23, 12, 9, 7, 5, 3, 60, 59, 10, 55, 51, 58, 57, 44, 49, 47];46414.0
74135.0;[37, 69, 67, 63, 66, 65, 64, 68, 32, 12, 9, 7, 28, 54, 51, 31, 58, 27, 24, 2, 1, 20, 18, 19, 47, 22, 25, 13, 8, 60, 59, 44, 48, 11, 10, 14, 46, 45, 49, 43, 34, 56, 55, 50, 17, 42, 40, 39, 52, 21, 26, 6, 16, 53, 38, 35, 36, 0, 62, 61, 57, 4, 33, 29, 23, 15, 5, 3, 30, 41];45580.0
73577.0;[46, 45, 49, 35, 41, 40, 62, 61, 34, 32, 31, 60, 59, 58, 24, 6, 0, 1, 15, 19, 44, 68, 67, 36, 42, 27, 22, 25, 4, 51, 50, 47, 53, 52, 21, 26, 55, 20, 17, 16, 38, 39, 37, 69, 64, 48, 43, 54, 57, 23, 11, 7, 2, 28, 56, 33, 29, 9, 8, 12, 10, 14, 18, 30, 3, 5, 13, 63, 65, 66];46940.0
73898.0;[69, 67, 63, 64, 21, 56, 53, 51, 46, 45, 68, 65, 66, 19, 18, 47, 33, 31, 30, 12, 11, 8, 20, 17, 16, 15, 3, 60, 59, 57, 27, 22, 35, 42, 41, 40, 43, 49, 10, 9, 7, 62, 61, 58, 34, 32, 29, 54, 44, 48, 25, 24, 28, 1, 0, 26, 55, 50, 52, 13, 14, 2, 23, 5, 6, 4, 38, 36, 39, 37];44760.0
72721.0;[28, 69, 68, 66, 64, 48, 43, 49, 47, 53, 54, 44, 46, 45, 62, 57, 22, 25, 20, 17, 16, 18, 19, 51, 50, 14, 63, 65, 67, 58, 27, 21, 26, 0, 1, 60, 61, 4, 2, 33, 42, 41, 40, 10, 9, 5, 3, 38, 39, 37, 35, 36, 15, 23, 52, 55, 29, 24, 56, 12, 11, 59, 34, 32, 31, 30, 7, 13, 8, 6];45753.0
71254.0;[56, 69, 67, 48, 46, 45, 61, 59, 62, 58, 49, 14, 5, 6, 16, 15, 47, 33, 34, 31, 42, 41, 36, 40, 32, 10, 12, 9, 13, 20, 17, 19, 51, 50, 18, 30, 29, 68, 66, 64, 21, 24, 4, 23, 26, 53, 38, 35, 57, 44, 43, 65, 63, 39, 37, 60, 27, 22, 25, 3, 28, 54, 52, 55, 0, 1, 11, 8, 7, 2];46160.0
72090.0;[42, 41, 40, 62, 61, 58, 57, 44, 48, 68, 65, 64, 16, 15, 11, 7, 3, 46, 43, 29, 21, 14, 10, 4, 53, 52, 34, 32, 27, 22, 25, 24, 28, 26, 55, 51, 50, 60, 2, 1, 0, 23, 56, 33, 12, 9, 5, 6, 45, 49, 47, 38, 39, 37, 69, 67, 63, 66, 19, 18, 17, 54, 59, 31, 35, 13, 8, 20, 30, 36];45014.0
73339.0;[46, 45, 67, 69, 65, 68, 66, 64, 63, 36, 35, 38, 39, 37, 58, 28, 54, 52, 50, 17, 16, 47, 29, 12, 14, 10, 0, 1, 56, 42, 41, 40, 32, 30, 34, 25, 13, 8, 20, 18, 19, 22, 21, 55, 53, 51, 33, 62, 61, 57, 27, 9, 7, 2, 4, 23, 26, 24, 6, 15, 5, 11, 59, 44, 48, 49, 43, 3, 60, 31];44583.0
71066.0;[5, 1, 0, 26, 39, 37, 69, 67, 63, 64, 36, 42, 41, 40, 38, 35, 13, 12, 9, 7, 2, 4, 23, 50, 18, 62, 58, 56, 33, 31, 30, 14, 10, 53, 51, 46, 48, 47, 55, 22, 25, 3, 6, 59, 60, 34, 61, 16, 28, 15, 27, 32, 29, 11, 8, 54, 52, 24, 68, 66, 65, 43, 20, 17, 19, 21, 45, 49, 57, 44];46751.0
74286.0;[6, 0, 1, 3, 60, 2, 28, 21, 26, 55, 50, 18, 19, 41, 42, 40, 45, 49, 47, 53, 20, 17, 16, 15, 4, 33, 31, 30, 25, 35, 38, 13, 10, 9, 11, 7, 27, 22, 23, 5, 59, 58, 24, 56, 54, 52, 14, 8, 69, 65, 36, 39, 37, 67, 63, 43, 34, 32, 29, 51, 46, 62, 61, 57, 44, 68, 66, 64, 48, 12];44938.0
72418.0;[43, 60, 59, 10, 46, 62, 58, 57, 28, 21, 33, 34, 32, 29, 12, 9, 5, 27, 31, 30, 50, 18, 24, 2, 1, 0, 37, 69, 67, 63, 19, 55, 16, 15, 56, 53, 23, 26, 6, 11, 7, 22, 25, 3, 38, 39, 41, 36, 40, 44, 51, 20, 17, 14, 4, 61, 54, 52, 45, 49, 13, 8, 42, 35, 65, 68, 66, 64, 47, 48];46954.0
72566.0;[64, 47, 53, 52, 21, 1, 0, 55, 54, 59, 57, 27, 24, 33, 34, 30, 35, 36, 14, 13, 12, 10, 20, 17, 16, 19, 51, 50, 18, 31, 62, 58, 15, 11, 68, 69, 65, 66, 32, 22, 25, 5, 3, 28, 26, 6, 4, 2, 56, 42, 41, 40, 60, 44, 49, 8, 46, 45, 48, 43, 29, 23, 61, 9, 7, 38, 39, 37, 67, 63];45751.0
73220.0;[68, 66, 42, 41, 40, 44, 48, 43, 49, 47, 33, 32, 29, 21, 26, 6, 17, 16, 19, 59, 57, 23, 55, 53, 2, 1, 0, 38, 35, 36, 5, 9, 12, 65, 67, 63, 31, 30, 15, 4, 28, 54, 52, 46, 45, 61, 25, 3, 60, 34, 62, 58, 13, 11, 8, 7, 20, 18, 51, 50, 24, 56, 69, 64, 39, 37, 27, 22, 14, 10];46019.0
72695.0;[30, 39, 42, 41, 37, 69, 67, 36, 40, 38, 13, 10, 14, 63, 64, 48, 49, 35, 65, 68, 66, 46, 45, 43, 29, 12, 9, 0, 1, 15, 11, 5, 6, 34, 32, 26, 60, 59, 58, 56, 50, 52, 21, 24, 27, 22, 25, 4, 2, 28, 54, 53, 20, 17, 3, 8, 7, 18, 19, 55, 33, 31, 51, 16, 47, 62, 61, 57, 44, 23];45166.0
74259.0;[12, 63, 64, 47, 62, 61, 9, 59, 54, 52, 13, 8, 6, 0, 1, 31, 30, 37, 69, 67, 38, 11, 7, 5, 2, 28, 55, 51, 50, 33, 34, 53, 3, 60, 57, 44, 49, 14, 10, 4, 23, 41, 40, 39, 65, 68, 66, 32, 29, 21, 26, 35, 36, 42, 24, 27, 46, 43, 20, 18, 19, 58, 56, 17, 22, 25, 45, 48, 16, 15];47635.0
71236.0;[12, 10, 9, 5, 55, 51, 50, 17, 48, 43, 67, 63, 66, 64, 65, 68, 69, 58, 15, 11, 13, 8, 7, 20, 24, 56, 53, 27, 22, 25, 6, 0, 1, 3, 60, 34, 31, 30, 46, 45, 61, 41, 36, 39, 37, 38, 35, 57, 44, 49, 14, 18, 47, 33, 62, 59, 16, 19, 42, 40, 32, 29, 28, 54, 52, 21, 26, 2, 4, 23];44214.0
69436.0;[28, 54, 52, 51, 46, 62, 58, 21, 20, 18, 47, 48, 26, 13, 12, 10, 9, 7, 14, 50, 17, 24, 56, 33, 5, 6, 3, 45, 43, 29, 55, 53, 27, 22, 25, 0, 1, 34, 32, 11, 8, 23, 30, 15, 31, 41, 37, 69, 65, 68, 67, 63, 66, 64, 36, 42, 40, 60, 59, 61, 16, 19, 57, 44, 49, 35, 38, 39, 4, 2];44755.0
71869.0;[48, 43, 65, 66, 64, 63, 38, 13, 10, 9, 8, 7, 33, 32, 27, 6, 28, 54, 52, 19, 51, 53, 3, 20, 17, 22, 25, 2, 21, 24, 56, 62, 58, 57, 44, 16, 15, 23, 55, 0, 1, 60, 14, 46, 45, 61, 4, 59, 34, 31, 30, 50, 18, 11, 68, 67, 69, 47, 5, 26, 35, 42, 41, 37, 36, 39, 40, 29, 12, 49];46686.0
72797.0;[10, 14, 11, 8, 6, 16, 15, 46, 45, 49, 48, 26, 13, 9, 7, 3, 28, 52, 50, 18, 47, 53, 4, 30, 35, 38, 39, 37, 60, 61, 58, 31, 62, 44, 43, 34, 32, 69, 67, 63, 64, 21, 27, 59, 57, 56, 42, 41, 40, 23, 2, 0, 1, 5, 22, 65, 68, 66, 36, 54, 20, 17, 55, 51, 19, 25, 24, 33, 29, 12];45823.0
71308.0;[63, 66, 65, 68, 67, 40, 36, 42, 41, 23, 52, 18, 47, 62, 61, 58, 26, 13, 9, 7, 2, 1, 0, 56, 33, 34, 32, 29, 27, 22, 25, 35, 38, 39, 37, 6, 28, 21, 24, 59, 10, 43, 69, 64, 48, 16, 11, 3, 60, 19, 57, 44, 46, 45, 49, 8, 20, 17, 55, 53, 54, 51, 50, 14, 5, 4, 31, 30, 15, 12];44747.0
74035.0;[34, 25, 35, 36, 42, 41, 40, 38, 13, 33, 31, 62, 58, 68, 69, 67, 63, 66, 65, 64, 39, 37, 57, 23, 56, 50, 16, 15, 11, 3, 30, 46, 43, 29, 12, 9, 8, 7, 2, 1, 0, 26, 28, 27, 22, 21, 60, 44, 48, 5, 4, 24, 6, 47, 55, 53, 52, 51, 45, 49, 18, 19, 61, 59, 54, 20, 17, 14, 10, 32];45658.0
71509.0;[1, 3, 60, 34, 32, 58, 24, 56, 53, 13, 14, 6, 4, 38, 35, 36, 42, 40, 39, 37, 2, 23, 12, 10, 9, 7, 28, 15, 11, 8, 49, 47, 33, 29, 21, 26, 18, 30, 45, 62, 61, 54, 52, 59, 44, 68, 67, 63, 66, 64, 19, 57, 55, 51, 50, 20, 17, 25, 5, 27, 22, 46, 48, 43, 31, 41, 69, 65, 16, 0];45923.0
70282.0;[33, 32, 46, 45, 61, 6, 16, 19, 51, 50, 17, 25, 52, 13, 8, 20, 18, 31, 15, 2, 12, 10, 9, 11, 36, 42, 35, 38, 59, 58, 28, 21, 26, 55, 47, 49, 14, 7, 3, 30, 5, 4, 29, 24, 23, 62, 57, 44, 67, 63, 64, 48, 43, 41, 40, 39, 37, 60, 34, 1, 0, 54, 53, 27, 22, 66, 65, 68, 69, 56];46420.0
74641.0;[15, 7, 14, 11, 8, 20, 5, 3, 26, 55, 51, 46, 45, 43, 6, 0, 1, 38, 39, 69, 67, 63, 64, 21, 27, 22, 23, 29, 61, 59, 60, 34, 32, 12, 10, 17, 25, 56, 53, 52, 42, 41, 37, 58, 2, 4, 54, 24, 28, 30, 19, 50, 18, 62, 57, 44, 49, 35, 40, 36, 13, 9, 65, 68, 66, 47, 33, 31, 48, 16];46095.0
72492.0;[63, 66, 64, 48, 43, 49, 22, 25, 35, 38, 39, 41, 37, 69, 67, 65, 68, 36, 42, 40, 62, 61, 58, 57, 44, 15, 28, 21, 24, 56, 33, 34, 32, 26, 53, 3, 27, 31, 51, 50, 20, 18, 47, 29, 23, 46, 45, 6, 60, 59, 2, 1, 0, 54, 52, 11, 8, 9, 7, 13, 12, 10, 14, 5, 4, 17, 16, 19, 55, 30];44041.0
72515.0;[12, 11, 46, 45, 62, 58, 43, 67, 63, 64, 68, 66, 36, 40, 32, 27, 59, 57, 44, 48, 49, 47, 19, 18, 24, 33, 31, 30, 34, 1, 15, 0, 38, 39, 69, 65, 4, 2, 23, 56, 53, 52, 54, 51, 50, 22, 25, 13, 8, 7, 42, 41, 37, 35, 3, 60, 61, 10, 9, 16, 28, 21, 26, 6, 20, 17, 14, 5, 55, 29];45733.0
71443.0;[13, 14, 49, 48, 16, 15, 11, 10, 9, 8, 7, 46, 61, 54, 20, 18, 19, 55, 2, 28, 34, 1, 0, 38, 39, 40, 45, 65, 68, 63, 66, 64, 69, 67, 43, 31, 62, 57, 27, 24, 56, 33, 32, 12, 3, 52, 51, 50, 53, 29, 21, 35, 42, 36, 47, 5, 4, 59, 58, 26, 6, 17, 22, 25, 23, 30, 41, 37, 60, 44];46035.0
76050.0;[69, 67, 65, 68, 66, 63, 64, 36, 42, 18, 19, 47, 46, 45, 35, 41, 37, 60, 62, 61, 58, 56, 52, 13, 10, 12, 9, 7, 17, 27, 24, 6, 34, 32, 20, 16, 11, 8, 4, 22, 25, 3, 26, 55, 51, 50, 33, 30, 15, 43, 49, 48, 31, 29, 28, 54, 59, 57, 44, 23, 21, 14, 5, 53, 2, 38, 39, 40, 0, 1];46006.0
69314.0;[42, 40, 44, 49, 47, 0, 1, 38, 39, 41, 37, 60, 57, 4, 28, 54, 52, 25, 24, 56, 33, 62, 61, 16, 19, 55, 53, 51, 50, 18, 31, 15, 2, 23, 5, 46, 48, 43, 34, 29, 9, 8, 11, 7, 3, 30, 35, 36, 69, 68, 66, 32, 27, 59, 10, 14, 12, 6, 45, 58, 21, 26, 13, 20, 17, 22, 65, 67, 63, 64];45231.0
72168.0;[31, 50, 18, 1, 0, 54, 52, 56, 12, 10, 9, 8, 11, 16, 19, 25, 39, 37, 60, 44, 49, 47, 22, 21, 26, 35, 42, 41, 36, 40, 32, 29, 55, 51, 46, 45, 61, 59, 57, 38, 69, 66, 63, 64, 48, 6, 20, 17, 24, 27, 65, 68, 67, 43, 62, 58, 2, 28, 23, 15, 5, 4, 53, 3, 7, 13, 14, 33, 30, 34];45461.0
74213.0;[16, 19, 47, 55, 25, 3, 52, 51, 20, 17, 22, 21, 26, 23, 15, 28, 54, 53, 2, 1, 0, 56, 50, 18, 31, 36, 42, 69, 64, 38, 35, 13, 46, 45, 62, 58, 24, 33, 32, 29, 11, 7, 14, 5, 6, 27, 59, 43, 34, 61, 9, 8, 12, 10, 4, 30, 39, 41, 40, 68, 65, 66, 37, 60, 57, 44, 49, 67, 63, 48];45518.0
71890.0;[65, 67, 38, 13, 8, 2, 56, 33, 31, 58, 57, 7, 14, 10, 3, 27, 24, 6, 16, 15, 46, 44, 48, 26, 32, 12, 11, 43, 34, 29, 9, 5, 4, 53, 18, 19, 47, 55, 0, 1, 23, 21, 60, 59, 62, 61, 28, 54, 52, 51, 50, 25, 45, 49, 35, 39, 40, 30, 36, 42, 41, 37, 69, 66, 64, 63, 20, 17, 22, 68];46854.0
71776.0;[7, 13, 21, 24, 34, 32, 22, 25, 39, 42, 41, 55, 53, 3, 60, 57, 27, 9, 11, 2, 1, 0, 56, 33, 31, 51, 46, 62, 61, 58, 26, 5, 6, 16, 15, 23, 50, 52, 18, 19, 47, 29, 12, 64, 63, 69, 67, 40, 45, 43, 68, 65, 66, 36, 37, 38, 35, 14, 4, 28, 54, 59, 10, 20, 17, 30, 44, 48, 49, 8];46807.0
74929.0;[68, 65, 38, 39, 40, 44, 49, 35, 42, 41, 37, 60, 7, 28, 52, 25, 24, 6, 2, 23, 62, 59, 10, 14, 63, 66, 64, 48, 3, 5, 4, 22, 56, 55, 50, 17, 16, 0, 1, 45, 58, 57, 34, 32, 30, 15, 47, 53, 20, 18, 19, 21, 27, 26, 61, 54, 33, 31, 36, 69, 67, 51, 11, 8, 46, 43, 29, 12, 9, 13];47298.0
70744.0;[65, 67, 49, 47, 53, 21, 26, 9, 13, 8, 7, 20, 17, 12, 11, 3, 60, 34, 1, 39, 37, 57, 4, 23, 62, 58, 44, 48, 43, 2, 28, 45, 61, 59, 41, 36, 69, 68, 66, 63, 64, 16, 51, 50, 18, 15, 5, 6, 0, 56, 33, 31, 30, 29, 32, 27, 24, 19, 55, 54, 52, 46, 14, 10, 22, 25, 35, 42, 40, 38];46434.0
75683.0;[66, 65, 68, 64, 48, 47, 5, 43, 49, 35, 38, 69, 67, 63, 39, 41, 23, 55, 29, 12, 14, 10, 9, 11, 8, 7, 3, 50, 17, 16, 19, 51, 33, 62, 58, 31, 30, 36, 42, 40, 34, 32, 27, 26, 2, 1, 0, 6, 4, 25, 20, 18, 15, 28, 54, 57, 44, 22, 21, 24, 56, 53, 37, 60, 59, 52, 13, 46, 45, 61];44988.0
73709.0;[63, 66, 65, 64, 42, 41, 36, 40, 39, 37, 38, 35, 44, 48, 16, 19, 51, 33, 32, 12, 10, 9, 7, 3, 60, 34, 31, 30, 46, 45, 62, 59, 57, 23, 55, 61, 54, 52, 21, 24, 28, 26, 58, 43, 49, 47, 29, 11, 8, 20, 17, 5, 6, 50, 18, 15, 0, 1, 27, 22, 25, 68, 69, 67, 56, 53, 2, 4, 13, 14];44786.0
69974.0;[39, 37, 63, 66, 36, 42, 69, 68, 64, 48, 46, 45, 62, 61, 0, 1, 31, 30, 29, 12, 9, 22, 23, 15, 21, 26, 54, 52, 56, 50, 53, 25, 3, 28, 5, 6, 60, 27, 24, 59, 57, 55, 51, 16, 11, 7, 13, 20, 17, 2, 4, 19, 18, 58, 44, 49, 47, 33, 32, 38, 35, 41, 40, 67, 65, 10, 43, 34, 14, 8];46901.0
71073.0;[69, 68, 67, 63, 39, 42, 41, 36, 40, 29, 11, 7, 2, 1, 0, 51, 50, 18, 19, 21, 24, 65, 66, 64, 47, 33, 32, 46, 45, 44, 49, 48, 43, 27, 22, 25, 3, 26, 35, 38, 13, 8, 14, 20, 17, 5, 6, 16, 31, 30, 37, 15, 4, 54, 52, 56, 55, 53, 23, 62, 61, 60, 34, 59, 58, 57, 28, 12, 10, 9];45080.0
70546.0;[65, 68, 69, 67, 63, 64, 66, 38, 39, 37, 40, 32, 46, 45, 61, 59, 10, 8, 14, 49, 47, 33, 60, 2, 22, 21, 24, 20, 18, 19, 17, 25, 3, 5, 6, 16, 35, 42, 41, 36, 51, 50, 57, 44, 48, 43, 34, 1, 0, 26, 31, 62, 58, 23, 56, 53, 11, 7, 28, 15, 4, 54, 52, 13, 12, 9, 55, 30, 29, 27];44468.0
75657.0;[69, 65, 66, 63, 64, 68, 67, 48, 49, 14, 5, 3, 38, 35, 20, 17, 19, 51, 50, 18, 39, 37, 40, 45, 62, 61, 24, 56, 54, 52, 55, 53, 36, 42, 41, 23, 12, 10, 9, 60, 34, 32, 33, 31, 30, 4, 22, 25, 0, 1, 57, 44, 27, 59, 58, 2, 15, 6, 16, 47, 29, 13, 8, 11, 7, 46, 43, 21, 26, 28];45596.0
73989.0;[69, 67, 63, 66, 64, 68, 65, 0, 1, 60, 2, 23, 52, 51, 46, 45, 62, 61, 54, 12, 10, 9, 13, 8, 7, 20, 18, 31, 33, 32, 34, 44, 48, 43, 29, 21, 26, 35, 38, 39, 42, 41, 24, 6, 16, 11, 49, 14, 59, 58, 57, 27, 22, 25, 3, 30, 40, 36, 15, 28, 5, 4, 56, 55, 50, 17, 19, 47, 53, 37];43932.0
74470.0;[62, 58, 24, 2, 0, 1, 5, 4, 35, 42, 41, 40, 21, 56, 33, 31, 30, 27, 26, 55, 51, 50, 36, 39, 37, 6, 11, 8, 20, 17, 22, 25, 3, 60, 59, 57, 23, 12, 10, 63, 66, 64, 69, 38, 13, 14, 61, 54, 53, 52, 34, 32, 29, 28, 15, 19, 44, 48, 43, 49, 47, 9, 7, 65, 68, 67, 18, 16, 46, 45];46381.0
71598.0;[63, 48, 43, 31, 62, 59, 58, 2, 1, 0, 56, 50, 33, 29, 27, 22, 20, 18, 17, 19, 47, 52, 51, 46, 45, 49, 35, 42, 69, 66, 64, 21, 24, 55, 30, 41, 40, 36, 39, 38, 13, 10, 9, 11, 8, 7, 25, 3, 60, 61, 53, 37, 65, 68, 34, 32, 12, 14, 5, 4, 26, 6, 16, 23, 15, 28, 54, 57, 44, 67];44588.0
71825.0;[65, 68, 66, 69, 67, 63, 64, 48, 47, 5, 0, 1, 20, 17, 16, 19, 55, 2, 4, 25, 34, 32, 62, 61, 59, 10, 14, 9, 13, 12, 11, 8, 56, 54, 52, 21, 27, 22, 35, 36, 39, 42, 41, 24, 30, 50, 18, 15, 7, 3, 60, 57, 23, 26, 53, 38, 37, 40, 45, 43, 29, 33, 31, 58, 44, 49, 6, 28, 51, 46];44772.0
74334.0;[51, 50, 37, 69, 65, 66, 32, 12, 9, 7, 46, 45, 59, 10, 14, 8, 11, 40, 42, 41, 0, 1, 60, 57, 27, 22, 24, 6, 28, 35, 36, 39, 38, 13, 62, 61, 58, 53, 52, 21, 26, 5, 4, 23, 55, 29, 54, 20, 17, 25, 3, 18, 15, 2, 56, 33, 34, 31, 30, 44, 49, 47, 43, 67, 63, 64, 68, 48, 16, 19];45439.0
70675.0;[47, 33, 32, 34, 31, 62, 44, 46, 45, 49, 48, 43, 65, 64, 68, 69, 67, 63, 66, 19, 17, 25, 13, 14, 9, 12, 10, 20, 18, 15, 4, 61, 59, 57, 27, 22, 23, 55, 11, 8, 7, 3, 60, 58, 26, 2, 1, 30, 37, 36, 42, 41, 40, 29, 51, 50, 52, 56, 53, 5, 6, 0, 21, 35, 38, 39, 24, 28, 54, 16];44625.0
69200.0;[43, 49, 67, 63, 66, 64, 48, 16, 3, 27, 26, 33, 32, 12, 11, 7, 20, 17, 25, 24, 4, 23, 56, 50, 22, 21, 60, 31, 36, 42, 55, 53, 51, 46, 45, 58, 2, 1, 0, 38, 35, 41, 40, 39, 37, 69, 65, 68, 19, 57, 44, 62, 59, 10, 9, 5, 61, 54, 52, 18, 30, 34, 29, 13, 8, 14, 6, 28, 15, 47];44838.0
68825.0;[69, 64, 48, 49, 14, 11, 9, 5, 1, 0, 15, 7, 3, 20, 18, 31, 28, 35, 38, 16, 19, 47, 54, 52, 51, 33, 34, 32, 30, 41, 40, 39, 37, 60, 61, 53, 46, 43, 29, 27, 22, 21, 26, 62, 59, 10, 63, 66, 65, 67, 36, 42, 23, 24, 56, 50, 17, 55, 2, 4, 25, 13, 8, 12, 6, 45, 58, 57, 44, 68];46000.0
71914.0;[43, 67, 63, 66, 64, 48, 6, 46, 45, 49, 35, 39, 36, 42, 41, 40, 0, 1, 60, 58, 2, 4, 33, 32, 29, 23, 15, 5, 3, 27, 24, 28, 54, 52, 56, 55, 44, 65, 69, 68, 19, 47, 62, 61, 34, 59, 57, 30, 37, 38, 13, 7, 17, 22, 25, 20, 18, 31, 16, 51, 50, 53, 21, 26, 9, 8, 12, 10, 14, 11];45083.0
71938.0;[69, 67, 63, 64, 48, 43, 49, 35, 36, 42, 40, 41, 37, 46, 45, 62, 58, 3, 60, 61, 54, 52, 53, 2, 22, 25, 59, 10, 4, 19, 51, 14, 13, 9, 7, 20, 17, 16, 15, 1, 0, 38, 39, 65, 68, 66, 24, 56, 12, 11, 8, 6, 50, 18, 57, 27, 21, 26, 33, 32, 34, 29, 23, 31, 30, 44, 47, 5, 28, 55];45975.0
71084.0;[7, 20, 39, 42, 41, 40, 29, 22, 25, 30, 37, 68, 19, 44, 48, 43, 49, 47, 50, 17, 27, 6, 28, 54, 59, 58, 57, 55, 2, 1, 60, 18, 16, 15, 4, 23, 21, 24, 56, 12, 10, 0, 26, 52, 13, 14, 9, 34, 32, 38, 35, 36, 69, 67, 63, 64, 66, 65, 46, 45, 62, 61, 51, 53, 33, 31, 3, 5, 11, 8];45602.0
72094.0;[37, 69, 67, 63, 64, 39, 40, 38, 13, 8, 7, 28, 15, 43, 49, 35, 42, 24, 56, 53, 27, 21, 26, 61, 57, 4, 54, 52, 18, 19, 50, 33, 32, 29, 23, 55, 16, 47, 34, 59, 60, 44, 48, 0, 1, 31, 68, 66, 65, 36, 51, 11, 12, 9, 5, 6, 46, 45, 62, 58, 2, 14, 10, 20, 17, 22, 25, 3, 30, 41];45839.0
69924.0;[27, 22, 21, 26, 52, 51, 50, 20, 17, 25, 24, 33, 37, 69, 67, 63, 66, 64, 65, 68, 58, 56, 53, 4, 2, 1, 0, 13, 12, 8, 23, 31, 62, 59, 10, 9, 28, 54, 14, 49, 35, 42, 41, 60, 61, 18, 19, 55, 30, 44, 47, 29, 11, 40, 36, 39, 38, 3, 57, 48, 43, 34, 32, 46, 45, 6, 16, 15, 7, 5];44858.0
70982.0;[61, 60, 44, 48, 43, 34, 7, 2, 0, 1, 5, 11, 8, 27, 22, 25, 3, 30, 37, 67, 63, 66, 69, 64, 38, 39, 40, 32, 29, 21, 26, 28, 54, 57, 56, 12, 65, 68, 58, 23, 52, 13, 62, 59, 10, 14, 9, 16, 19, 51, 53, 46, 45, 49, 35, 36, 42, 41, 24, 6, 50, 20, 18, 17, 4, 15, 47, 55, 33, 31];45647.0
69827.0;[5, 1, 0, 62, 59, 57, 44, 68, 66, 63, 64, 48, 16, 19, 22, 25, 24, 45, 61, 23, 30, 50, 17, 15, 11, 8, 12, 28, 54, 52, 51, 46, 43, 6, 3, 20, 40, 36, 42, 41, 38, 13, 14, 10, 9, 7, 33, 31, 34, 32, 29, 56, 53, 27, 21, 26, 55, 47, 49, 35, 69, 65, 67, 58, 2, 4, 39, 37, 60, 18];45420.0
71098.0;[39, 40, 62, 61, 60, 59, 57, 44, 68, 66, 65, 64, 16, 53, 25, 3, 5, 6, 0, 1, 27, 22, 21, 26, 24, 2, 28, 48, 43, 34, 32, 12, 10, 14, 4, 23, 54, 20, 18, 31, 30, 37, 35, 38, 13, 8, 49, 47, 52, 56, 55, 51, 50, 17, 19, 41, 36, 15, 11, 46, 45, 58, 29, 9, 7, 33, 42, 69, 67, 63];45587.0
73083.0;[37, 69, 66, 63, 64, 68, 65, 67, 48, 43, 49, 35, 38, 40, 36, 42, 41, 1, 0, 6, 3, 60, 59, 7, 13, 8, 11, 5, 62, 61, 44, 27, 52, 51, 46, 45, 34, 31, 32, 29, 21, 14, 9, 12, 10, 20, 18, 47, 55, 30, 22, 56, 50, 17, 16, 19, 57, 4, 23, 15, 2, 33, 58, 25, 24, 28, 54, 53, 26, 39];44367.0
70321.0;[48, 6, 2, 1, 0, 56, 33, 32, 12, 10, 9, 7, 46, 45, 43, 34, 53, 3, 60, 59, 57, 44, 27, 52, 13, 8, 22, 25, 11, 49, 47, 55, 50, 69, 65, 68, 67, 40, 38, 39, 37, 4, 54, 51, 20, 18, 19, 17, 16, 15, 5, 31, 62, 61, 58, 28, 26, 35, 36, 42, 41, 23, 24, 30, 29, 21, 14, 63, 66, 64];44782.0
70526.0;[68, 66, 63, 39, 37, 35, 42, 40, 36, 34, 32, 12, 10, 20, 24, 56, 51, 50, 18, 19, 16, 15, 11, 5, 59, 57, 0, 38, 13, 8, 4, 26, 6, 17, 45, 49, 14, 33, 31, 30, 25, 23, 53, 27, 22, 21, 65, 64, 47, 55, 54, 52, 69, 67, 48, 43, 29, 9, 7, 3, 28, 2, 1, 60, 62, 58, 44, 46, 61, 41];46909.0
73785.0;[62, 61, 57, 51, 50, 20, 18, 19, 47, 46, 45, 69, 68, 66, 65, 48, 16, 15, 2, 4, 31, 30, 3, 5, 6, 17, 22, 23, 56, 33, 29, 24, 0, 1, 28, 9, 11, 7, 38, 39, 37, 67, 63, 64, 21, 36, 42, 41, 40, 44, 34, 32, 27, 26, 55, 53, 54, 52, 25, 13, 12, 10, 43, 49, 35, 14, 8, 60, 59, 58];44913.0
73785.0;[36, 39, 37, 54, 52, 46, 45, 61, 57, 44, 65, 68, 66, 63, 64, 48, 5, 6, 15, 43, 49, 67, 69, 40, 34, 53, 51, 20, 17, 16, 19, 47, 55, 0, 1, 38, 42, 41, 60, 59, 2, 28, 21, 27, 22, 33, 32, 29, 24, 4, 23, 12, 14, 10, 9, 7, 3, 26, 31, 30, 56, 50, 18, 62, 58, 25, 35, 13, 8, 11];45744.0
70124.0;[26, 35, 36, 39, 41, 37, 68, 69, 67, 63, 65, 66, 64, 48, 49, 14, 6, 55, 29, 12, 10, 9, 11, 8, 7, 20, 17, 42, 40, 62, 61, 59, 57, 22, 21, 51, 46, 45, 58, 56, 53, 38, 13, 18, 16, 0, 1, 25, 27, 24, 33, 30, 50, 54, 52, 34, 32, 31, 60, 44, 43, 28, 15, 4, 19, 47, 5, 3, 2, 23];44563.0
74509.0;[5, 1, 0, 53, 25, 11, 40, 39, 41, 36, 42, 64, 69, 68, 66, 63, 48, 43, 29, 12, 10, 9, 56, 54, 20, 17, 19, 55, 51, 50, 52, 46, 45, 6, 16, 15, 4, 23, 26, 33, 60, 59, 34, 32, 30, 3, 18, 31, 57, 44, 27, 22, 14, 49, 47, 37, 67, 65, 62, 61, 58, 2, 38, 35, 13, 8, 7, 28, 21, 24];45846.0
73023.0;[40, 36, 39, 0, 1, 25, 13, 10, 9, 7, 3, 46, 45, 61, 57, 4, 15, 2, 28, 54, 24, 33, 29, 23, 26, 20, 17, 55, 30, 37, 60, 59, 34, 32, 62, 58, 48, 43, 12, 11, 8, 52, 51, 38, 35, 42, 41, 21, 27, 22, 56, 53, 69, 67, 63, 19, 47, 50, 18, 16, 31, 44, 49, 14, 5, 6, 65, 68, 66, 64];46303.0
68940.0;[69, 68, 67, 44, 46, 45, 49, 47, 62, 61, 10, 9, 7, 2, 1, 0, 55, 30, 37, 63, 66, 35, 36, 42, 41, 40, 15, 6, 16, 17, 22, 21, 3, 60, 59, 57, 27, 29, 12, 11, 8, 20, 24, 65, 64, 48, 43, 34, 23, 56, 54, 53, 38, 39, 52, 51, 50, 18, 19, 25, 13, 14, 5, 4, 31, 58, 28, 26, 33, 32];45569.0
72800.0;[65, 68, 67, 63, 36, 40, 42, 41, 23, 26, 18, 19, 47, 55, 61, 59, 57, 4, 25, 24, 6, 20, 16, 15, 28, 54, 52, 62, 58, 44, 49, 14, 10, 0, 56, 33, 31, 30, 32, 48, 43, 34, 60, 2, 1, 51, 50, 17, 8, 46, 45, 12, 11, 13, 9, 7, 3, 5, 53, 38, 35, 39, 37, 69, 66, 64, 21, 27, 29, 22];45886.0
71949.0;[4, 37, 67, 63, 48, 49, 47, 55, 53, 26, 46, 45, 8, 11, 7, 13, 12, 9, 66, 64, 69, 65, 68, 19, 58, 28, 5, 6, 17, 25, 14, 10, 20, 18, 15, 27, 22, 35, 38, 39, 42, 23, 56, 33, 62, 57, 44, 43, 41, 40, 36, 51, 50, 16, 2, 1, 0, 31, 30, 29, 54, 52, 32, 34, 61, 3, 60, 59, 21, 24];46444.0
70975.0;[19, 25, 2, 1, 0, 38, 35, 36, 42, 41, 53, 52, 13, 8, 49, 14, 9, 7, 28, 45, 68, 65, 67, 63, 66, 64, 48, 32, 12, 3, 60, 59, 10, 56, 55, 29, 21, 26, 6, 11, 5, 22, 54, 57, 27, 24, 30, 37, 69, 17, 20, 18, 15, 4, 39, 40, 44, 47, 46, 43, 34, 33, 51, 50, 31, 62, 58, 23, 61, 16];46324.0
73081.0;[69, 65, 66, 63, 64, 68, 67, 48, 43, 31, 62, 58, 0, 1, 19, 51, 50, 17, 54, 52, 22, 21, 26, 46, 45, 61, 9, 11, 7, 6, 2, 4, 23, 28, 15, 47, 55, 53, 38, 35, 14, 5, 27, 25, 13, 12, 3, 57, 44, 49, 29, 24, 56, 34, 32, 30, 39, 42, 41, 40, 36, 16, 33, 60, 59, 10, 8, 20, 18, 37];44520.0
74750.0;[44, 68, 67, 63, 66, 65, 16, 15, 0, 1, 40, 36, 42, 41, 23, 21, 26, 6, 4, 2, 28, 51, 50, 18, 31, 30, 24, 33, 27, 22, 14, 10, 9, 43, 49, 47, 53, 38, 35, 13, 8, 7, 39, 37, 69, 64, 48, 46, 45, 3, 60, 61, 58, 25, 12, 11, 5, 20, 17, 19, 57, 56, 34, 32, 29, 55, 54, 52, 59, 62];45345.0
72158.0;[68, 34, 32, 12, 10, 19, 55, 51, 50, 17, 22, 23, 29, 67, 63, 36, 14, 5, 20, 18, 16, 15, 47, 39, 37, 69, 66, 65, 4, 2, 1, 0, 21, 24, 28, 26, 46, 45, 56, 33, 31, 30, 62, 61, 58, 25, 35, 42, 41, 40, 38, 13, 9, 7, 3, 60, 59, 57, 27, 44, 48, 43, 6, 52, 54, 53, 11, 8, 49, 64];46442.0
71528.0;[67, 63, 66, 64, 65, 69, 68, 34, 32, 24, 56, 33, 31, 36, 42, 41, 40, 39, 37, 15, 0, 1, 51, 50, 20, 17, 3, 60, 59, 58, 2, 28, 62, 61, 27, 22, 21, 26, 35, 38, 13, 9, 11, 12, 10, 14, 6, 16, 19, 54, 57, 44, 48, 23, 55, 53, 52, 25, 5, 45, 43, 49, 47, 18, 7, 4, 30, 29, 8, 46];45026.0
72897.0;[37, 69, 68, 67, 63, 66, 65, 64, 48, 43, 46, 45, 61, 58, 25, 13, 20, 18, 47, 36, 39, 40, 62, 59, 10, 38, 35, 42, 41, 60, 9, 8, 12, 11, 49, 14, 2, 28, 54, 52, 50, 17, 4, 22, 21, 33, 32, 29, 19, 57, 44, 34, 5, 6, 16, 15, 7, 3, 27, 24, 23, 56, 53, 1, 0, 26, 55, 51, 31, 30];44538.0
72155.0;[65, 64, 49, 48, 11, 9, 8, 62, 61, 59, 57, 44, 27, 23, 56, 50, 17, 25, 13, 12, 14, 10, 43, 67, 63, 66, 42, 41, 37, 60, 34, 32, 29, 54, 52, 5, 1, 0, 51, 46, 45, 58, 2, 4, 35, 38, 39, 7, 20, 18, 16, 47, 33, 31, 30, 22, 24, 6, 28, 15, 19, 55, 53, 3, 21, 26, 40, 36, 69, 68];45372.0
73138.0;[69, 67, 68, 66, 65, 43, 49, 10, 9, 7, 22, 25, 35, 38, 39, 37, 59, 57, 44, 48, 12, 11, 13, 8, 2, 4, 33, 29, 23, 55, 51, 50, 20, 18, 15, 0, 1, 60, 34, 32, 27, 14, 63, 64, 21, 26, 5, 6, 28, 54, 52, 24, 30, 17, 19, 47, 42, 41, 40, 36, 31, 58, 56, 53, 3, 46, 45, 62, 61, 16];45040.0
73237.0;[37, 69, 67, 54, 20, 17, 14, 9, 8, 4, 31, 30, 7, 13, 12, 10, 0, 1, 2, 28, 26, 5, 6, 16, 19, 18, 62, 59, 57, 56, 53, 33, 34, 32, 29, 23, 55, 40, 38, 39, 41, 60, 61, 36, 42, 35, 3, 27, 22, 25, 24, 65, 68, 66, 64, 63, 48, 46, 45, 58, 44, 15, 11, 43, 49, 47, 51, 50, 52, 21];45636.0
73070.0;[42, 69, 65, 68, 67, 63, 64, 66, 47, 34, 32, 27, 6, 44, 49, 48, 43, 30, 37, 40, 39, 41, 23, 50, 18, 16, 19, 51, 46, 45, 58, 31, 62, 61, 59, 57, 22, 25, 24, 13, 9, 0, 1, 29, 12, 11, 10, 14, 5, 3, 60, 21, 26, 54, 52, 56, 33, 20, 17, 2, 28, 55, 53, 38, 35, 36, 15, 4, 8, 7];44972.0
73912.0;[8, 7, 1, 0, 38, 39, 37, 69, 65, 66, 63, 64, 68, 67, 54, 57, 30, 46, 45, 58, 15, 28, 21, 51, 50, 20, 17, 53, 52, 25, 5, 6, 16, 19, 41, 40, 31, 62, 61, 59, 10, 9, 18, 47, 55, 2, 4, 22, 24, 56, 33, 34, 32, 27, 14, 49, 35, 36, 42, 23, 12, 3, 26, 13, 60, 44, 48, 43, 29, 11];44356.0
70985.0;[41, 69, 64, 65, 68, 66, 19, 51, 18, 38, 35, 42, 40, 36, 39, 37, 67, 63, 50, 33, 34, 32, 12, 10, 8, 6, 0, 1, 20, 17, 22, 25, 45, 62, 58, 57, 44, 48, 16, 28, 54, 14, 49, 47, 55, 30, 29, 23, 52, 11, 13, 21, 26, 61, 9, 7, 2, 56, 53, 27, 24, 5, 3, 60, 59, 4, 15, 46, 43, 31];45675.0
69870.0;[69, 67, 68, 65, 66, 42, 41, 40, 30, 46, 45, 31, 50, 17, 55, 51, 19, 47, 1, 0, 56, 9, 8, 11, 43, 34, 59, 57, 44, 48, 49, 14, 6, 20, 24, 4, 22, 23, 53, 3, 60, 62, 61, 33, 32, 29, 12, 10, 18, 16, 15, 7, 13, 5, 28, 54, 52, 25, 35, 39, 37, 36, 58, 27, 63, 64, 21, 26, 2, 38];46448.0
72444.0;[46, 45, 49, 35, 68, 69, 65, 66, 64, 42, 40, 44, 48, 43, 6, 16, 4, 54, 52, 55, 53, 0, 1, 60, 34, 67, 63, 38, 39, 41, 24, 56, 25, 13, 14, 2, 28, 12, 10, 9, 19, 18, 37, 36, 15, 23, 62, 61, 57, 22, 21, 51, 50, 33, 31, 30, 32, 29, 11, 8, 7, 3, 5, 27, 59, 58, 26, 20, 17, 47];45880.0
71883.0;[60, 44, 48, 49, 47, 29, 10, 9, 8, 4, 2, 28, 69, 65, 46, 45, 43, 1, 0, 21, 26, 54, 52, 5, 27, 22, 62, 61, 58, 56, 50, 17, 25, 3, 30, 32, 12, 11, 38, 35, 41, 40, 36, 42, 24, 6, 34, 59, 57, 55, 53, 33, 31, 68, 67, 63, 16, 18, 19, 51, 20, 13, 66, 64, 39, 37, 23, 15, 7, 14];47607.0
71029.0;[69, 65, 68, 64, 48, 49, 43, 29, 9, 7, 46, 45, 62, 58, 2, 1, 0, 56, 54, 52, 25, 3, 11, 8, 39, 41, 24, 20, 17, 15, 31, 30, 50, 18, 47, 12, 10, 4, 33, 34, 32, 67, 63, 66, 37, 60, 59, 57, 44, 23, 26, 6, 16, 19, 51, 53, 38, 35, 42, 40, 36, 13, 14, 5, 27, 22, 21, 55, 61, 28];45101.0
71442.0;[31, 30, 46, 45, 49, 14, 9, 13, 12, 63, 65, 68, 66, 64, 48, 19, 25, 35, 42, 41, 40, 38, 0, 1, 26, 24, 56, 53, 2, 28, 17, 16, 47, 55, 29, 58, 57, 44, 23, 15, 7, 3, 60, 34, 32, 69, 67, 36, 21, 27, 22, 20, 18, 62, 61, 54, 52, 51, 50, 5, 11, 43, 6, 59, 10, 8, 39, 37, 4, 33];45573.0
70887.0;[12, 65, 68, 66, 36, 42, 41, 37, 69, 67, 63, 64, 21, 24, 28, 26, 2, 23, 55, 51, 50, 52, 46, 45, 61, 57, 58, 44, 48, 43, 6, 17, 19, 47, 49, 35, 39, 40, 38, 13, 14, 30, 29, 9, 7, 3, 34, 1, 0, 56, 54, 53, 20, 18, 16, 15, 5, 4, 33, 32, 31, 62, 27, 22, 25, 11, 8, 60, 59, 10];43884.0
71816.0;[39, 37, 69, 67, 63, 66, 65, 68, 64, 48, 16, 28, 53, 52, 46, 45, 58, 2, 1, 0, 23, 15, 27, 22, 21, 26, 6, 24, 29, 54, 44, 49, 43, 34, 32, 12, 10, 9, 8, 20, 17, 25, 5, 4, 30, 36, 42, 41, 40, 14, 13, 11, 7, 3, 50, 18, 31, 62, 59, 60, 19, 47, 55, 51, 61, 57, 56, 33, 38, 35];42987.0
74809.0;[20, 18, 62, 58, 22, 25, 35, 37, 69, 65, 68, 67, 63, 64, 66, 29, 24, 56, 53, 21, 26, 2, 28, 33, 32, 46, 45, 49, 14, 9, 7, 17, 47, 55, 61, 59, 57, 44, 48, 41, 36, 42, 40, 38, 39, 60, 34, 23, 15, 5, 3, 27, 12, 10, 4, 54, 52, 13, 8, 11, 43, 31, 30, 50, 16, 19, 51, 6, 0, 1];44906.0
72812.0;[19, 62, 61, 57, 44, 46, 45, 43, 49, 14, 5, 4, 24, 56, 33, 15, 0, 38, 35, 36, 42, 41, 40, 25, 13, 11, 7, 3, 60, 2, 28, 54, 52, 51, 31, 39, 37, 6, 20, 17, 16, 47, 50, 18, 30, 32, 29, 12, 10, 9, 8, 23, 26, 55, 53, 27, 59, 58, 22, 21, 65, 67, 63, 66, 64, 48, 34, 1, 69, 68];44898.0
73094.0;[37, 69, 65, 67, 63, 48, 43, 49, 14, 10, 9, 7, 28, 21, 33, 31, 51, 46, 45, 34, 32, 26, 6, 16, 15, 27, 22, 53, 3, 60, 29, 12, 11, 5, 1, 0, 62, 61, 58, 24, 59, 57, 30, 44, 47, 55, 40, 38, 35, 13, 20, 18, 19, 50, 17, 8, 2, 4, 23, 56, 54, 52, 25, 68, 66, 64, 36, 39, 42, 41];44090.0
69626.0;[37, 67, 68, 65, 46, 45, 49, 14, 10, 43, 34, 32, 27, 24, 33, 51, 20, 17, 25, 5, 1, 0, 38, 69, 64, 63, 66, 36, 54, 52, 50, 18, 19, 47, 55, 2, 4, 56, 53, 26, 13, 12, 3, 60, 57, 23, 62, 61, 59, 31, 35, 42, 41, 40, 30, 29, 58, 44, 48, 16, 11, 8, 9, 22, 21, 28, 15, 7, 6, 39];45637.0
71302.0;[37, 69, 68, 67, 63, 16, 20, 18, 19, 51, 46, 45, 49, 47, 35, 42, 41, 21, 26, 58, 2, 1, 59, 10, 8, 7, 13, 62, 61, 53, 52, 5, 6, 0, 38, 65, 66, 64, 48, 43, 44, 27, 23, 15, 11, 3, 60, 34, 32, 33, 29, 12, 9, 22, 25, 24, 28, 54, 57, 4, 31, 30, 40, 36, 14, 17, 55, 50, 56, 39];46160.0
73274.0;[36, 69, 67, 63, 66, 64, 48, 43, 34, 1, 0, 33, 32, 12, 8, 7, 3, 60, 27, 22, 21, 24, 56, 53, 38, 42, 35, 13, 14, 10, 9, 49, 47, 62, 58, 31, 50, 17, 65, 68, 19, 51, 46, 45, 6, 16, 52, 25, 59, 61, 41, 40, 39, 37, 15, 5, 11, 2, 4, 29, 23, 28, 54, 20, 18, 57, 44, 26, 55, 30];45556.0
74320.0;[8, 20, 18, 31, 62, 60, 61, 58, 15, 6, 26, 55, 30, 44, 49, 47, 16, 19, 17, 25, 13, 10, 9, 7, 2, 4, 35, 38, 39, 40, 36, 42, 41, 23, 46, 45, 48, 43, 29, 69, 65, 66, 64, 68, 34, 32, 27, 22, 21, 24, 28, 54, 12, 3, 5, 1, 0, 33, 59, 57, 56, 53, 52, 37, 67, 63, 51, 50, 14, 11];45342.0
69961.0;[65, 68, 67, 63, 66, 36, 42, 41, 40, 38, 35, 69, 64, 39, 37, 60, 32, 29, 51, 47, 33, 31, 46, 45, 61, 59, 10, 4, 2, 28, 55, 30, 15, 5, 6, 20, 17, 16, 22, 21, 50, 18, 19, 25, 24, 54, 52, 48, 43, 34, 1, 0, 26, 13, 9, 7, 56, 53, 11, 8, 49, 14, 12, 3, 57, 44, 27, 23, 62, 58];45125.0
71561.0;[63, 19, 51, 53, 3, 60, 31, 62, 61, 54, 52, 11, 5, 6, 55, 29, 68, 65, 41, 24, 2, 1, 0, 4, 25, 13, 8, 16, 47, 33, 58, 22, 23, 15, 28, 26, 35, 42, 40, 36, 50, 18, 20, 17, 59, 57, 44, 27, 32, 12, 10, 43, 34, 69, 66, 64, 38, 39, 48, 49, 14, 9, 7, 46, 45, 21, 56, 30, 37, 67];48505.0
72521.0;[46, 62, 69, 67, 65, 68, 66, 64, 7, 3, 5, 4, 61, 58, 2, 38, 39, 42, 41, 60, 59, 57, 56, 20, 17, 25, 24, 33, 31, 30, 19, 55, 54, 52, 13, 12, 9, 11, 10, 14, 8, 51, 50, 18, 16, 15, 6, 0, 1, 45, 49, 47, 29, 34, 32, 35, 36, 40, 23, 26, 28, 21, 27, 22, 53, 37, 63, 48, 43, 44];46310.0
69911.0;[28, 54, 20, 18, 17, 16, 19, 22, 21, 26, 35, 38, 11, 12, 10, 9, 57, 44, 49, 67, 63, 48, 43, 51, 53, 52, 42, 41, 40, 36, 0, 1, 15, 46, 45, 62, 61, 4, 2, 56, 25, 24, 27, 59, 58, 13, 8, 7, 3, 60, 34, 31, 30, 37, 39, 69, 65, 68, 66, 64, 47, 33, 32, 29, 23, 55, 50, 14, 5, 6];44319.0
73337.0;[38, 69, 67, 64, 63, 39, 40, 36, 42, 41, 37, 60, 34, 32, 12, 10, 9, 8, 11, 50, 17, 25, 3, 57, 48, 46, 45, 43, 49, 14, 1, 0, 5, 27, 59, 58, 28, 21, 24, 6, 16, 15, 53, 52, 55, 51, 33, 29, 23, 26, 22, 7, 4, 2, 56, 54, 44, 47, 20, 18, 31, 65, 68, 66, 19, 30, 35, 13, 62, 61];45965.0
73768.0;[67, 65, 46, 45, 62, 57, 44, 49, 35, 37, 69, 64, 48, 29, 22, 20, 17, 26, 31, 30, 47, 55, 53, 52, 38, 39, 24, 28, 21, 54, 51, 50, 14, 12, 10, 43, 34, 36, 42, 40, 58, 25, 3, 60, 59, 66, 63, 1, 0, 56, 33, 32, 27, 6, 16, 15, 5, 9, 13, 11, 8, 7, 2, 4, 23, 18, 19, 61, 41, 68];47492.0
72177.0;[37, 60, 59, 58, 44, 48, 46, 45, 49, 8, 14, 68, 65, 66, 19, 51, 69, 67, 63, 64, 21, 24, 56, 9, 13, 12, 10, 43, 34, 30, 50, 16, 4, 2, 28, 35, 42, 23, 52, 18, 15, 5, 3, 26, 55, 29, 54, 57, 27, 22, 25, 11, 7, 33, 31, 41, 40, 32, 20, 17, 6, 0, 1, 47, 62, 61, 53, 38, 36, 39];46212.0
73683.0;[9, 11, 8, 39, 41, 37, 69, 68, 65, 67, 63, 66, 64, 38, 35, 13, 12, 10, 0, 1, 60, 34, 31, 30, 16, 15, 23, 62, 61, 57, 27, 24, 59, 44, 48, 49, 47, 58, 2, 4, 22, 21, 55, 50, 18, 19, 25, 5, 3, 52, 56, 33, 32, 29, 26, 6, 28, 54, 36, 42, 40, 20, 17, 53, 51, 46, 45, 43, 7, 14];43994.0
72840.0;[30, 36, 42, 41, 40, 60, 59, 57, 44, 49, 47, 5, 6, 46, 45, 43, 29, 13, 14, 20, 17, 4, 22, 21, 24, 56, 53, 27, 26, 2, 33, 34, 32, 12, 11, 8, 7, 28, 54, 10, 9, 18, 31, 62, 61, 58, 48, 16, 15, 1, 0, 23, 37, 69, 65, 66, 64, 63, 3, 52, 25, 68, 67, 38, 35, 39, 51, 50, 19, 55];45191.0
71616.0;[29, 12, 28, 54, 52, 25, 39, 41, 40, 32, 11, 8, 49, 35, 38, 36, 42, 24, 23, 26, 55, 51, 50, 17, 16, 15, 27, 22, 21, 56, 53, 33, 31, 62, 61, 59, 10, 9, 7, 5, 6, 4, 2, 1, 0, 58, 57, 44, 48, 43, 3, 46, 45, 67, 63, 66, 64, 13, 14, 65, 69, 68, 19, 30, 37, 60, 34, 20, 18, 47];45057.0
71867.0;[37, 69, 65, 63, 66, 64, 39, 38, 11, 8, 49, 35, 36, 42, 41, 40, 29, 28, 54, 52, 55, 51, 33, 32, 12, 14, 20, 17, 22, 21, 26, 24, 34, 31, 58, 57, 44, 68, 67, 48, 46, 45, 43, 6, 16, 4, 5, 1, 0, 56, 50, 18, 19, 47, 62, 61, 53, 25, 13, 60, 2, 23, 15, 27, 59, 10, 9, 7, 3, 30];43904.0
72807.0;[60, 44, 49, 35, 36, 42, 41, 69, 66, 64, 48, 43, 6, 0, 1, 2, 4, 54, 52, 5, 27, 22, 65, 68, 67, 63, 51, 50, 18, 16, 15, 7, 3, 46, 47, 33, 31, 19, 30, 29, 24, 56, 55, 40, 45, 62, 61, 58, 34, 32, 12, 8, 20, 17, 25, 11, 28, 21, 26, 13, 14, 10, 9, 59, 57, 23, 53, 38, 39, 37];44821.0
73586.0;[58, 23, 55, 29, 14, 9, 8, 2, 60, 44, 49, 46, 43, 6, 0, 1, 26, 24, 28, 56, 12, 11, 10, 20, 18, 37, 67, 63, 66, 64, 48, 16, 31, 36, 42, 41, 40, 45, 62, 61, 53, 52, 25, 3, 50, 17, 15, 7, 34, 30, 39, 38, 35, 13, 27, 22, 21, 54, 59, 57, 51, 19, 47, 5, 4, 33, 32, 69, 65, 68];46193.0
74977.0;[39, 37, 69, 67, 65, 68, 32, 29, 12, 10, 66, 63, 64, 48, 16, 51, 46, 45, 8, 20, 18, 47, 33, 15, 4, 23, 55, 50, 5, 3, 60, 59, 57, 27, 22, 14, 2, 56, 53, 52, 25, 35, 38, 13, 11, 7, 28, 58, 31, 62, 61, 9, 19, 17, 42, 41, 40, 36, 44, 49, 43, 34, 21, 26, 54, 24, 30, 6, 0, 1];46026.0
71602.0;[69, 65, 67, 63, 36, 42, 20, 5, 1, 0, 41, 40, 45, 61, 58, 25, 23, 26, 24, 56, 53, 51, 50, 52, 32, 46, 43, 29, 54, 59, 57, 44, 47, 33, 31, 62, 10, 12, 11, 3, 60, 34, 14, 13, 8, 7, 17, 22, 21, 27, 18, 19, 55, 30, 38, 35, 68, 66, 64, 2, 28, 9, 49, 48, 6, 16, 15, 4, 39, 37];46599.0
72953.0;[65, 68, 63, 66, 64, 13, 8, 11, 5, 45, 61, 4, 23, 62, 58, 22, 14, 20, 17, 3, 38, 39, 40, 36, 37, 60, 19, 18, 31, 30, 46, 43, 59, 10, 12, 9, 49, 47, 54, 52, 56, 33, 32, 29, 69, 67, 48, 6, 16, 2, 28, 21, 55, 53, 1, 0, 15, 7, 34, 51, 50, 25, 24, 26, 35, 42, 41, 57, 44, 27];47366.0
70452.0;[26, 33, 29, 9, 7, 2, 1, 0, 28, 59, 62, 61, 58, 57, 44, 47, 55, 16, 15, 11, 12, 10, 20, 17, 14, 63, 64, 48, 32, 22, 25, 3, 60, 43, 49, 35, 41, 40, 36, 42, 54, 52, 21, 65, 68, 19, 51, 53, 27, 24, 6, 34, 31, 30, 46, 45, 67, 69, 66, 38, 39, 37, 23, 56, 50, 18, 5, 13, 8, 4];46285.0
74686.0;[64, 48, 43, 29, 69, 66, 65, 68, 67, 58, 56, 52, 46, 45, 49, 14, 13, 12, 11, 5, 16, 51, 50, 20, 17, 8, 7, 2, 4, 23, 15, 28, 21, 24, 3, 60, 59, 57, 27, 26, 6, 0, 34, 1, 19, 47, 33, 62, 61, 54, 10, 9, 18, 31, 38, 39, 37, 55, 53, 25, 22, 35, 36, 42, 41, 40, 32, 30, 44, 63];45799.0
73481.0;[51, 50, 18, 61, 16, 15, 11, 8, 20, 17, 19, 55, 2, 1, 0, 4, 21, 26, 53, 3, 28, 30, 46, 45, 68, 66, 64, 65, 69, 67, 63, 39, 40, 37, 60, 59, 44, 49, 35, 36, 42, 41, 24, 6, 34, 23, 56, 33, 31, 32, 58, 27, 22, 54, 52, 25, 5, 14, 47, 48, 43, 29, 12, 10, 9, 7, 38, 13, 62, 57];44677.0
68828.0;[30, 39, 37, 69, 64, 48, 46, 45, 61, 65, 67, 43, 29, 22, 25, 11, 68, 66, 63, 17, 5, 1, 0, 62, 59, 34, 42, 41, 40, 36, 60, 14, 9, 7, 3, 31, 51, 18, 19, 55, 16, 15, 2, 28, 54, 20, 57, 44, 49, 47, 33, 32, 27, 26, 50, 52, 21, 24, 56, 53, 4, 35, 38, 13, 10, 12, 8, 6, 58, 23];46784.0
71276.0;[64, 48, 16, 15, 11, 8, 12, 10, 9, 7, 5, 3, 28, 54, 52, 51, 46, 45, 43, 29, 21, 1, 0, 38, 35, 39, 19, 47, 33, 34, 32, 27, 13, 60, 58, 37, 69, 67, 63, 66, 36, 42, 24, 26, 6, 44, 49, 2, 4, 31, 30, 41, 40, 20, 18, 62, 61, 59, 57, 22, 25, 56, 53, 23, 55, 50, 17, 14, 68, 65];45166.0
69993.0;[35, 38, 69, 65, 67, 49, 48, 43, 14, 10, 9, 16, 19, 46, 45, 68, 66, 63, 64, 39, 37, 34, 32, 29, 23, 55, 20, 17, 25, 13, 7, 18, 30, 42, 40, 44, 8, 12, 11, 5, 6, 2, 4, 53, 3, 60, 57, 56, 54, 52, 28, 21, 26, 31, 41, 36, 51, 50, 47, 62, 61, 59, 58, 24, 33, 15, 1, 0, 27, 22];46180.0
72237.0;[69, 68, 67, 63, 65, 66, 64, 48, 43, 29, 10, 14, 9, 59, 57, 44, 49, 47, 5, 13, 12, 11, 8, 7, 28, 23, 26, 21, 27, 24, 56, 54, 52, 55, 16, 15, 4, 19, 51, 50, 18, 31, 30, 46, 45, 58, 22, 25, 3, 6, 0, 1, 2, 60, 34, 36, 39, 42, 41, 40, 32, 33, 62, 61, 53, 20, 17, 38, 35, 37];42987.0
73623.0;[9, 42, 41, 40, 36, 39, 37, 60, 44, 27, 21, 26, 55, 2, 23, 62, 61, 59, 58, 28, 15, 11, 10, 14, 20, 17, 16, 69, 67, 63, 64, 48, 6, 0, 1, 8, 7, 5, 4, 54, 52, 56, 53, 3, 33, 31, 46, 45, 43, 29, 22, 25, 24, 30, 19, 57, 51, 50, 18, 47, 49, 68, 65, 66, 35, 38, 13, 34, 32, 12];44553.0
73460.0;[69, 68, 67, 63, 64, 48, 43, 34, 32, 38, 35, 42, 41, 40, 39, 37, 60, 33, 31, 30, 10, 14, 9, 8, 4, 22, 25, 21, 24, 56, 55, 53, 52, 11, 7, 13, 12, 65, 66, 36, 28, 54, 51, 50, 17, 16, 20, 29, 27, 59, 18, 19, 57, 44, 49, 47, 62, 58, 2, 23, 26, 5, 3, 6, 15, 46, 45, 61, 1, 0];45157.0
72917.0;[36, 39, 42, 41, 40, 32, 12, 10, 9, 5, 53, 54, 52, 55, 51, 50, 18, 30, 29, 68, 67, 63, 66, 65, 64, 48, 43, 11, 8, 7, 3, 27, 22, 25, 20, 17, 16, 0, 1, 56, 33, 19, 47, 34, 61, 57, 44, 46, 45, 49, 14, 4, 15, 2, 23, 26, 31, 62, 58, 13, 6, 60, 59, 21, 24, 28, 35, 37, 69, 38];44348.0
71337.0;[69, 67, 63, 65, 68, 66, 64, 48, 43, 6, 0, 1, 3, 11, 10, 14, 8, 7, 20, 17, 16, 15, 23, 21, 26, 2, 28, 54, 44, 49, 47, 55, 30, 39, 41, 37, 35, 38, 13, 60, 59, 58, 57, 27, 24, 5, 4, 22, 53, 52, 25, 12, 9, 56, 50, 19, 46, 45, 61, 18, 31, 62, 34, 36, 42, 40, 32, 33, 29, 51];44017.0
75606.0;[16, 19, 47, 55, 30, 36, 39, 65, 68, 66, 64, 42, 40, 38, 13, 8, 11, 44, 48, 43, 49, 14, 50, 35, 69, 67, 63, 41, 37, 57, 23, 62, 58, 27, 22, 21, 26, 51, 53, 46, 45, 61, 1, 0, 56, 9, 7, 3, 60, 59, 34, 32, 29, 24, 33, 12, 10, 20, 17, 2, 28, 54, 52, 18, 31, 15, 5, 4, 25, 6];44947.0
70917.0;[63, 1, 0, 33, 12, 10, 14, 5, 26, 25, 13, 8, 7, 3, 60, 59, 57, 44, 48, 43, 49, 6, 20, 17, 15, 56, 53, 51, 50, 18, 31, 35, 36, 40, 62, 61, 58, 27, 23, 29, 9, 11, 2, 4, 22, 21, 65, 66, 64, 68, 38, 39, 42, 41, 24, 28, 54, 52, 55, 16, 47, 19, 46, 45, 34, 32, 30, 37, 69, 67];44885.0
74643.0;[36, 62, 59, 18, 16, 2, 1, 0, 20, 17, 19, 47, 67, 63, 65, 69, 68, 66, 64, 38, 39, 37, 58, 25, 11, 5, 27, 24, 56, 54, 52, 13, 10, 9, 8, 7, 28, 30, 29, 12, 49, 14, 50, 53, 3, 60, 22, 35, 42, 23, 15, 4, 21, 26, 33, 34, 32, 57, 44, 48, 43, 6, 55, 51, 31, 46, 45, 61, 41, 40];45776.0
72567.0;[22, 65, 68, 66, 64, 48, 34, 32, 12, 10, 9, 7, 14, 4, 31, 62, 58, 2, 1, 0, 28, 45, 61, 69, 67, 63, 20, 17, 54, 52, 25, 24, 56, 53, 3, 18, 30, 46, 43, 49, 47, 55, 38, 13, 8, 11, 40, 36, 42, 41, 23, 15, 5, 16, 19, 51, 50, 33, 29, 21, 26, 6, 60, 44, 35, 39, 37, 59, 57, 27];45105.0
71586.0;[50, 63, 66, 65, 36, 39, 37, 60, 44, 48, 49, 47, 33, 32, 69, 67, 12, 8, 7, 20, 17, 19, 46, 45, 62, 61, 58, 23, 52, 55, 29, 27, 22, 14, 43, 34, 0, 1, 18, 31, 30, 15, 5, 64, 68, 26, 2, 4, 25, 24, 6, 16, 11, 10, 9, 13, 56, 53, 35, 42, 41, 40, 38, 3, 28, 21, 54, 59, 57, 51];46757.0
72585.0;[59, 44, 48, 43, 49, 14, 20, 17, 24, 6, 0, 1, 19, 51, 55, 53, 52, 23, 15, 7, 3, 60, 2, 4, 27, 22, 25, 56, 50, 18, 31, 62, 58, 57, 38, 42, 36, 13, 8, 11, 5, 9, 16, 28, 21, 26, 35, 39, 37, 69, 67, 63, 65, 68, 66, 64, 47, 46, 45, 61, 32, 12, 10, 34, 33, 30, 41, 40, 29, 54];44164.0
72365.0;[48, 46, 45, 43, 34, 59, 10, 0, 1, 19, 51, 47, 55, 53, 20, 39, 41, 40, 32, 12, 11, 3, 18, 31, 62, 61, 5, 6, 2, 4, 21, 24, 33, 29, 14, 63, 66, 64, 37, 60, 9, 16, 15, 27, 22, 68, 65, 67, 58, 44, 49, 13, 8, 7, 28, 30, 36, 42, 52, 56, 50, 17, 54, 57, 23, 26, 25, 35, 38, 69];47246.0
73586.0;[36, 69, 66, 64, 68, 65, 67, 63, 42, 41, 37, 57, 48, 43, 34, 32, 51, 50, 19, 30, 35, 13, 8, 11, 12, 10, 9, 7, 6, 16, 47, 29, 23, 55, 53, 26, 2, 28, 1, 0, 46, 45, 61, 58, 56, 20, 17, 22, 25, 3, 38, 39, 40, 62, 59, 60, 18, 15, 52, 54, 44, 49, 14, 5, 4, 21, 27, 24, 33, 31];45210.0
70000.0;[13, 20, 17, 22, 25, 27, 24, 56, 33, 34, 31, 62, 10, 9, 32, 29, 12, 14, 4, 54, 52, 38, 39, 37, 11, 8, 7, 3, 60, 44, 49, 47, 5, 6, 2, 45, 58, 26, 55, 50, 18, 19, 51, 46, 43, 65, 68, 69, 67, 63, 66, 64, 36, 40, 42, 41, 21, 61, 59, 57, 48, 16, 28, 15, 0, 1, 53, 23, 30, 35];45139.0
72825.0;[69, 66, 65, 63, 64, 48, 26, 21, 24, 4, 2, 1, 0, 56, 55, 50, 17, 44, 43, 49, 47, 53, 5, 3, 27, 22, 30, 46, 45, 62, 61, 10, 14, 60, 59, 57, 23, 31, 36, 35, 38, 39, 37, 58, 13, 8, 20, 18, 16, 19, 51, 33, 34, 32, 29, 12, 6, 15, 7, 28, 54, 52, 25, 11, 9, 42, 41, 40, 67, 68];44215.0
75936.0;[1, 35, 69, 67, 36, 42, 40, 49, 47, 46, 45, 62, 44, 48, 43, 34, 32, 33, 29, 12, 9, 8, 7, 28, 54, 20, 18, 17, 19, 61, 57, 58, 2, 4, 53, 38, 39, 37, 41, 24, 56, 25, 13, 60, 59, 10, 14, 51, 15, 23, 11, 5, 27, 22, 21, 26, 52, 55, 50, 31, 30, 3, 6, 66, 63, 64, 68, 65, 16, 0];46371.0
72659.0;[46, 45, 61, 58, 26, 13, 8, 7, 42, 41, 36, 39, 40, 38, 35, 4, 22, 25, 3, 5, 6, 28, 54, 52, 51, 20, 17, 16, 15, 2, 0, 1, 59, 57, 44, 34, 31, 62, 56, 33, 32, 29, 23, 30, 50, 37, 67, 63, 66, 64, 21, 27, 24, 18, 19, 55, 53, 11, 49, 47, 48, 43, 60, 14, 10, 9, 12, 65, 68, 69];44985.0
70084.0;[44, 63, 66, 64, 38, 39, 37, 69, 65, 68, 67, 48, 49, 47, 51, 50, 17, 12, 10, 14, 13, 8, 6, 34, 32, 29, 20, 18, 19, 16, 15, 21, 24, 2, 28, 5, 1, 60, 9, 11, 7, 58, 23, 46, 45, 43, 62, 61, 59, 26, 33, 31, 30, 3, 52, 42, 35, 41, 40, 36, 0, 56, 55, 53, 27, 22, 25, 4, 54, 57];45137.0
74370.0;[41, 37, 39, 69, 67, 65, 68, 66, 63, 64, 48, 43, 49, 35, 38, 0, 1, 5, 6, 26, 33, 34, 32, 12, 10, 9, 8, 11, 50, 16, 19, 47, 53, 20, 18, 57, 44, 31, 30, 7, 3, 60, 59, 58, 27, 22, 54, 52, 25, 2, 28, 21, 14, 13, 45, 29, 24, 56, 51, 46, 62, 61, 4, 23, 15, 17, 55, 40, 36, 42];44157.0
72481.0;[66, 65, 68, 64, 48, 35, 38, 36, 42, 41, 40, 39, 37, 6, 0, 1, 19, 25, 13, 8, 7, 20, 17, 24, 5, 4, 2, 23, 62, 10, 9, 57, 51, 53, 46, 45, 49, 32, 12, 14, 16, 15, 28, 56, 54, 52, 30, 34, 61, 59, 58, 27, 22, 21, 26, 18, 47, 55, 29, 3, 60, 44, 43, 11, 50, 33, 31, 69, 67, 63];44846.0
73437.0;[5, 53, 52, 54, 59, 57, 27, 22, 21, 24, 65, 68, 64, 47, 20, 17, 16, 19, 55, 25, 3, 28, 62, 61, 58, 2, 4, 56, 12, 10, 14, 9, 7, 13, 8, 46, 45, 43, 31, 51, 50, 18, 15, 33, 67, 63, 48, 6, 60, 44, 49, 35, 39, 37, 69, 66, 36, 0, 1, 23, 30, 34, 32, 29, 26, 40, 42, 41, 38, 11];45759.0
73342.0;[67, 63, 64, 48, 43, 34, 32, 44, 27, 22, 21, 33, 31, 62, 57, 23, 5, 3, 20, 17, 19, 47, 51, 46, 45, 61, 18, 16, 11, 8, 7, 6, 0, 1, 56, 53, 54, 59, 2, 60, 58, 25, 13, 12, 35, 38, 39, 37, 68, 65, 66, 69, 49, 14, 10, 9, 26, 55, 50, 52, 15, 4, 36, 42, 29, 24, 28, 30, 41, 40];45845.0
71587.0;[63, 64, 39, 37, 69, 65, 68, 66, 36, 13, 11, 12, 10, 14, 1, 0, 58, 57, 44, 49, 35, 40, 45, 61, 53, 38, 42, 41, 23, 55, 25, 3, 60, 59, 9, 8, 48, 46, 43, 54, 52, 34, 32, 29, 21, 27, 26, 31, 30, 51, 20, 17, 2, 4, 22, 24, 56, 50, 19, 47, 33, 62, 18, 7, 28, 5, 6, 16, 15, 67];46662.0
73522.0;[68, 67, 65, 66, 64, 63, 47, 55, 53, 51, 50, 18, 19, 16, 15, 0, 1, 11, 3, 28, 54, 59, 57, 44, 48, 43, 29, 21, 35, 39, 37, 58, 56, 33, 32, 12, 10, 14, 5, 4, 23, 26, 52, 25, 24, 30, 34, 31, 62, 61, 40, 36, 42, 41, 13, 9, 8, 7, 20, 17, 22, 27, 6, 60, 2, 38, 69, 46, 45, 49];44834.0
76118.0;[65, 68, 69, 67, 63, 66, 64, 42, 41, 40, 39, 37, 36, 51, 50, 5, 3, 46, 45, 62, 57, 44, 48, 49, 43, 4, 2, 1, 0, 56, 53, 20, 17, 16, 15, 27, 22, 25, 13, 9, 8, 7, 28, 34, 32, 31, 58, 21, 26, 52, 55, 29, 12, 11, 10, 14, 6, 60, 61, 54, 59, 18, 19, 47, 33, 30, 24, 23, 35, 38];43291.0
71905.0;[39, 37, 69, 67, 65, 68, 64, 48, 16, 28, 62, 61, 41, 24, 55, 51, 46, 45, 43, 34, 32, 12, 63, 66, 35, 36, 42, 40, 50, 17, 19, 47, 29, 8, 11, 7, 52, 25, 13, 20, 18, 58, 2, 23, 53, 33, 31, 30, 15, 5, 27, 22, 21, 54, 57, 56, 9, 0, 1, 3, 60, 59, 44, 49, 14, 10, 4, 26, 6, 38];45133.0
75341.0;[12, 65, 68, 63, 66, 64, 69, 67, 48, 20, 24, 56, 54, 52, 46, 62, 61, 16, 19, 55, 51, 18, 15, 53, 3, 60, 59, 58, 34, 32, 29, 21, 27, 23, 33, 31, 30, 9, 8, 14, 4, 2, 28, 5, 45, 49, 43, 6, 38, 35, 57, 44, 47, 50, 17, 22, 39, 37, 40, 1, 0, 26, 25, 11, 7, 42, 41, 36, 13, 10];46005.0
73505.0;[45, 68, 65, 64, 48, 43, 49, 47, 33, 15, 11, 8, 7, 2, 4, 54, 52, 25, 35, 42, 41, 40, 32, 29, 69, 67, 63, 66, 36, 37, 59, 58, 27, 24, 6, 28, 21, 56, 12, 10, 9, 5, 20, 16, 19, 51, 46, 62, 61, 57, 44, 22, 23, 53, 3, 30, 50, 18, 31, 38, 39, 17, 26, 55, 13, 14, 60, 34, 1, 0];45000.0
73104.0;[66, 65, 68, 64, 48, 43, 34, 23, 56, 55, 51, 50, 16, 15, 5, 59, 10, 9, 12, 3, 20, 17, 22, 24, 6, 4, 31, 62, 61, 53, 18, 19, 21, 27, 26, 46, 58, 57, 44, 32, 29, 8, 7, 42, 41, 60, 2, 0, 1, 45, 49, 47, 33, 30, 25, 35, 36, 40, 39, 37, 69, 67, 38, 11, 28, 54, 52, 13, 14, 63];45147.0
69515.0;[65, 67, 63, 66, 64, 48, 43, 62, 59, 57, 38, 39, 37, 69, 68, 19, 47, 33, 12, 10, 4, 34, 32, 29, 23, 55, 51, 50, 18, 31, 58, 22, 25, 42, 41, 40, 36, 35, 13, 14, 8, 11, 7, 3, 30, 15, 46, 45, 61, 54, 52, 5, 6, 2, 56, 53, 20, 17, 16, 0, 1, 60, 44, 27, 24, 28, 21, 26, 9, 49];43913.0
73156.0;[62, 61, 57, 0, 1, 60, 34, 29, 21, 26, 55, 44, 43, 46, 45, 58, 48, 16, 19, 17, 28, 54, 52, 30, 41, 40, 32, 12, 3, 6, 2, 23, 53, 38, 69, 65, 68, 66, 64, 39, 37, 27, 22, 25, 11, 7, 18, 47, 33, 59, 4, 15, 5, 14, 10, 8, 20, 24, 56, 9, 49, 35, 13, 67, 63, 36, 42, 51, 50, 31];46548.0
72226.0;[68, 66, 64, 16, 47, 33, 19, 57, 44, 48, 43, 49, 34, 1, 0, 15, 5, 6, 17, 22, 25, 24, 2, 28, 51, 50, 52, 54, 3, 60, 9, 7, 4, 23, 56, 53, 27, 21, 26, 13, 8, 46, 45, 61, 59, 62, 58, 31, 30, 36, 42, 41, 40, 32, 20, 18, 37, 38, 35, 39, 55, 29, 65, 69, 67, 63, 12, 10, 14, 11];46263.0
72027.0;[34, 61, 54, 52, 51, 20, 18, 62, 59, 58, 56, 50, 16, 19, 22, 21, 26, 5, 6, 37, 69, 65, 68, 67, 63, 66, 64, 15, 1, 0, 55, 53, 38, 13, 9, 11, 7, 4, 25, 3, 60, 31, 30, 41, 36, 42, 23, 17, 14, 2, 28, 12, 10, 8, 46, 45, 49, 35, 39, 40, 29, 33, 32, 27, 24, 57, 44, 47, 48, 43];44979.0
70713.0;[48, 7, 13, 12, 10, 14, 6, 60, 34, 0, 1, 2, 23, 62, 61, 18, 15, 5, 4, 26, 24, 59, 57, 53, 38, 39, 37, 69, 67, 63, 41, 55, 51, 50, 17, 16, 44, 27, 22, 25, 3, 42, 40, 45, 49, 47, 33, 32, 35, 36, 31, 30, 46, 58, 56, 9, 8, 20, 65, 66, 19, 54, 52, 21, 28, 11, 43, 29, 68, 64];47690.0
72993.0;[61, 28, 54, 52, 21, 65, 68, 67, 63, 66, 64, 36, 35, 38, 13, 8, 46, 45, 62, 58, 44, 34, 32, 27, 31, 42, 41, 40, 39, 37, 69, 48, 43, 20, 17, 16, 47, 49, 60, 59, 57, 0, 1, 19, 55, 29, 11, 7, 3, 26, 6, 2, 12, 14, 10, 9, 5, 4, 22, 25, 24, 56, 53, 33, 51, 50, 18, 30, 15, 23];44270.0
73048.0;[35, 42, 41, 68, 65, 63, 38, 39, 37, 69, 67, 40, 62, 58, 13, 8, 20, 17, 5, 11, 7, 3, 52, 51, 50, 33, 34, 32, 14, 49, 47, 16, 15, 28, 56, 53, 2, 1, 0, 26, 23, 29, 12, 10, 9, 66, 64, 48, 43, 6, 60, 57, 44, 27, 54, 59, 21, 24, 4, 31, 46, 45, 61, 18, 19, 55, 30, 36, 22, 25];45765.0
72872.0;[40, 22, 25, 56, 53, 52, 54, 59, 44, 46, 48, 43, 32, 29, 12, 11, 50, 20, 17, 16, 28, 45, 58, 24, 33, 51, 18, 30, 38, 35, 37, 69, 49, 47, 5, 55, 61, 57, 27, 21, 26, 6, 3, 31, 62, 10, 9, 8, 7, 14, 13, 60, 34, 42, 36, 39, 0, 1, 63, 64, 68, 67, 65, 66, 19, 15, 4, 2, 23, 41];47314.0
72025.0;[38, 35, 42, 41, 40, 45, 61, 57, 44, 48, 49, 14, 8, 11, 36, 39, 37, 69, 67, 63, 64, 16, 15, 27, 24, 6, 2, 4, 21, 26, 54, 52, 13, 7, 28, 56, 55, 51, 53, 46, 43, 60, 59, 31, 62, 58, 22, 25, 5, 3, 30, 47, 33, 29, 9, 66, 65, 68, 34, 23, 32, 12, 10, 20, 17, 19, 50, 18, 0, 1];45378.0
71538.0;[37, 69, 68, 64, 48, 16, 19, 51, 50, 18, 17, 24, 4, 23, 29, 21, 26, 60, 61, 57, 44, 47, 55, 53, 38, 35, 15, 11, 46, 45, 43, 34, 42, 36, 39, 41, 40, 32, 27, 22, 25, 13, 12, 8, 7, 3, 28, 54, 52, 56, 9, 66, 63, 65, 67, 49, 14, 5, 6, 59, 10, 20, 62, 58, 2, 1, 0, 33, 31, 30];44613.0
74777.0;[42, 69, 67, 68, 53, 38, 39, 37, 65, 66, 63, 64, 48, 46, 45, 49, 2, 1, 0, 56, 50, 52, 20, 17, 25, 28, 54, 24, 27, 21, 60, 31, 30, 15, 11, 8, 13, 12, 9, 16, 18, 19, 47, 62, 58, 44, 43, 6, 59, 10, 14, 5, 4, 33, 32, 34, 29, 22, 23, 55, 51, 61, 57, 7, 3, 26, 35, 41, 40, 36];45403.0
70347.0;[36, 42, 41, 68, 65, 66, 63, 64, 49, 47, 29, 23, 26, 2, 1, 0, 54, 52, 51, 46, 45, 31, 62, 61, 58, 19, 55, 50, 53, 3, 6, 60, 59, 57, 44, 27, 22, 25, 13, 8, 14, 10, 9, 7, 28, 15, 5, 4, 35, 38, 69, 67, 48, 43, 20, 17, 21, 24, 56, 39, 37, 40, 34, 32, 12, 11, 16, 18, 33, 30];44175.0
70567.0;[59, 57, 44, 68, 67, 65, 63, 66, 36, 62, 61, 34, 32, 29, 12, 9, 5, 27, 24, 23, 56, 53, 20, 17, 19, 58, 28, 21, 26, 54, 52, 10, 43, 49, 47, 33, 31, 46, 45, 3, 30, 69, 64, 48, 16, 0, 55, 51, 50, 18, 15, 4, 8, 11, 7, 2, 1, 60, 22, 25, 35, 37, 39, 41, 42, 40, 38, 13, 14, 6];45429.0
73249.0;[10, 9, 49, 35, 38, 39, 42, 41, 36, 69, 67, 63, 40, 45, 62, 61, 37, 65, 64, 48, 43, 6, 0, 1, 2, 28, 21, 26, 52, 51, 46, 68, 66, 32, 30, 15, 4, 25, 13, 8, 7, 14, 5, 60, 59, 57, 23, 31, 58, 12, 11, 3, 20, 24, 33, 34, 29, 55, 50, 18, 19, 44, 47, 17, 16, 53, 27, 22, 56, 54];46427.0
74838.0;[68, 69, 65, 66, 64, 39, 37, 67, 63, 36, 40, 34, 46, 45, 62, 61, 58, 31, 35, 42, 41, 54, 52, 60, 44, 48, 16, 17, 19, 25, 4, 23, 55, 51, 18, 1, 0, 21, 26, 6, 27, 22, 24, 56, 53, 3, 11, 7, 14, 9, 49, 47, 33, 32, 29, 12, 10, 59, 57, 38, 13, 8, 30, 50, 20, 5, 2, 28, 15, 43];46017.0
72294.0;[21, 55, 51, 46, 45, 43, 65, 68, 67, 63, 66, 19, 25, 52, 50, 53, 23, 62, 59, 61, 40, 36, 39, 41, 60, 44, 49, 47, 18, 31, 58, 13, 14, 6, 16, 20, 17, 22, 56, 12, 10, 9, 11, 38, 37, 69, 64, 48, 5, 4, 2, 8, 7, 3, 26, 35, 42, 29, 27, 24, 28, 54, 57, 33, 32, 30, 34, 1, 0, 15];46312.0
73538.0;[30, 37, 60, 44, 48, 46, 45, 43, 49, 47, 29, 69, 65, 67, 64, 68, 58, 2, 23, 52, 56, 53, 0, 1, 38, 35, 11, 5, 9, 7, 4, 39, 42, 41, 40, 32, 62, 61, 57, 51, 50, 17, 27, 22, 25, 3, 28, 54, 59, 10, 14, 12, 63, 66, 36, 13, 8, 34, 33, 31, 15, 21, 26, 20, 18, 24, 6, 16, 19, 55];45493.0
67647.0;[47, 55, 29, 24, 30, 37, 67, 68, 66, 19, 16, 11, 8, 4, 2, 1, 0, 15, 28, 21, 26, 35, 39, 36, 42, 41, 40, 38, 13, 9, 7, 27, 22, 25, 3, 60, 59, 58, 62, 57, 44, 23, 54, 20, 18, 31, 51, 53, 33, 32, 69, 65, 46, 45, 10, 12, 52, 56, 50, 17, 5, 6, 34, 61, 14, 63, 64, 48, 43, 49];45646.0
71107.0;[24, 2, 0, 1, 15, 28, 54, 51, 50, 17, 16, 18, 31, 9, 11, 7, 13, 12, 3, 52, 56, 53, 33, 32, 6, 60, 44, 49, 68, 66, 63, 64, 21, 26, 35, 39, 41, 40, 38, 65, 67, 48, 46, 45, 62, 58, 57, 27, 22, 14, 5, 4, 25, 30, 37, 69, 19, 47, 43, 34, 59, 10, 8, 20, 29, 23, 55, 61, 36, 42];45999.0
69980.0;[59, 58, 27, 24, 6, 0, 38, 35, 39, 37, 65, 68, 67, 63, 66, 19, 54, 52, 13, 8, 7, 3, 60, 48, 43, 32, 29, 23, 2, 1, 31, 62, 61, 57, 44, 46, 45, 49, 14, 4, 56, 33, 34, 42, 69, 64, 21, 28, 26, 30, 41, 40, 36, 16, 47, 55, 22, 25, 20, 18, 15, 12, 10, 9, 11, 51, 53, 50, 17, 5];45542.0
73311.0;[3, 26, 35, 36, 42, 40, 39, 38, 13, 8, 49, 67, 65, 68, 69, 66, 64, 21, 20, 24, 27, 56, 33, 31, 30, 34, 32, 29, 9, 7, 46, 45, 62, 61, 59, 57, 44, 48, 43, 6, 15, 2, 4, 23, 50, 17, 16, 19, 18, 47, 55, 51, 53, 37, 63, 41, 60, 58, 22, 25, 11, 5, 1, 0, 28, 54, 52, 14, 10, 12];44503.0
71707.0;[42, 41, 40, 37, 39, 60, 9, 7, 34, 32, 33, 31, 62, 58, 26, 55, 51, 50, 17, 16, 15, 57, 44, 43, 65, 68, 66, 64, 48, 6, 2, 4, 22, 25, 23, 30, 46, 45, 61, 59, 10, 0, 1, 3, 28, 54, 52, 53, 20, 18, 29, 21, 19, 47, 49, 14, 5, 27, 24, 56, 12, 11, 38, 35, 13, 8, 69, 67, 63, 36];44686.0
42907.0;[65, 68, 69, 67, 63, 66, 64, 48, 43, 34, 32, 12, 10, 9, 7, 20, 18, 19, 2, 28, 52, 46, 45, 62, 61, 57, 4, 33, 31, 30, 1, 0, 26, 24, 6, 59, 58, 56, 54, 53, 51, 50, 17, 16, 15, 27, 22, 23, 29, 21, 36, 35, 42, 41, 40, 39, 37, 14, 11, 13, 8, 60, 44, 49, 47, 55, 25, 5, 3, 38]
