ftv55
6783.0;[31, 48, 6, 5, 47, 44, 53, 43, 28, 45, 55, 3, 4, 36, 37, 9, 11, 13, 35, 7, 32, 8, 12, 15, 16, 17, 52, 49, 30, 46, 29, 18, 19, 39, 38, 10, 51, 24, 21, 22, 20, 40, 41, 54, 27, 26, 0, 33, 34, 1, 2, 14, 25, 42, 50, 23];2471.0
6527.0;[18, 13, 35, 4, 5, 6, 24, 42, 22, 21, 50, 23, 54, 43, 28, 0, 33, 16, 15, 17, 52, 49, 45, 44, 53, 30, 46, 37, 9, 10, 11, 38, 41, 27, 29, 26, 20, 40, 19, 39, 32, 8, 36, 7, 51, 12, 14, 55, 31, 47, 3, 48, 34, 1, 2, 25];2738.0
7004.0;[30, 34, 48, 31, 46, 29, 21, 50, 37, 9, 51, 12, 15, 16, 0, 33, 1, 2, 17, 52, 26, 25, 18, 39, 38, 10, 13, 35, 7, 14, 55, 3, 4, 6, 5, 47, 27, 49, 43, 44, 28, 53, 24, 42, 22, 20, 40, 19, 11, 32, 8, 36, 41, 23, 54, 45];2534.0
7121.0;[40, 19, 20, 21, 50, 25, 24, 18, 13, 35, 36, 11, 41, 54, 43, 53, 44, 28, 30, 34, 7, 32, 8, 4, 6, 5, 48, 3, 16, 15, 12, 10, 51, 14, 17, 52, 49, 45, 27, 23, 39, 38, 37, 9, 0, 1, 2, 33, 55, 31, 47, 46, 29, 26, 42, 22];2683.0
6883.0;[54, 55, 34, 1, 2, 16, 17, 52, 45, 30, 48, 3, 31, 47, 46, 29, 26, 15, 12, 51, 10, 37, 9, 8, 5, 6, 4, 32, 36, 14, 43, 28, 25, 42, 21, 22, 49, 0, 33, 24, 40, 20, 18, 39, 13, 35, 7, 11, 38, 19, 41, 50, 27, 44, 53, 23];2734.0
7135.0;[30, 34, 14, 25, 24, 42, 22, 40, 20, 18, 35, 6, 4, 10, 39, 38, 37, 11, 19, 41, 21, 50, 23, 55, 47, 31, 46, 2, 13, 5, 48, 0, 33, 26, 54, 45, 1, 3, 36, 9, 8, 32, 7, 51, 12, 15, 44, 28, 53, 43, 29, 17, 16, 52, 27, 49];2862.0
6740.0;[55, 34, 1, 2, 16, 17, 15, 12, 13, 36, 9, 11, 37, 52, 43, 28, 53, 29, 26, 25, 24, 18, 39, 38, 0, 33, 14, 51, 10, 32, 8, 35, 4, 5, 6, 7, 19, 42, 50, 23, 49, 44, 30, 46, 31, 47, 27, 21, 22, 41, 45, 3, 48, 20, 40, 54];2882.0
7640.0;[43, 28, 29, 52, 26, 2, 0, 33, 1, 13, 4, 8, 32, 36, 9, 14, 42, 21, 50, 23, 54, 27, 49, 45, 55, 3, 5, 6, 25, 24, 18, 51, 10, 37, 11, 38, 40, 41, 30, 46, 34, 48, 31, 47, 44, 12, 35, 7, 15, 17, 16, 39, 19, 20, 22, 53];2873.0
6873.0;[20, 40, 21, 50, 45, 46, 23, 18, 19, 38, 0, 31, 47, 55, 34, 3, 48, 1, 42, 22, 41, 54, 29, 26, 52, 33, 14, 32, 36, 37, 11, 12, 15, 16, 17, 27, 49, 28, 53, 43, 44, 30, 4, 7, 51, 10, 13, 35, 8, 9, 25, 24, 39, 6, 5, 2];2997.0
6789.0;[19, 18, 39, 0, 33, 13, 35, 32, 8, 36, 9, 7, 6, 4, 5, 47, 53, 43, 28, 45, 44, 30, 46, 29, 26, 52, 17, 16, 15, 14, 12, 51, 11, 38, 37, 10, 42, 22, 41, 21, 50, 23, 27, 54, 49, 34, 3, 48, 1, 2, 55, 31, 25, 24, 20, 40];2267.0
7912.0;[30, 46, 55, 31, 26, 25, 18, 39, 10, 34, 48, 1, 3, 4, 6, 7, 36, 9, 37, 11, 38, 19, 41, 21, 50, 23, 24, 20, 42, 22, 40, 32, 8, 12, 15, 16, 17, 52, 27, 44, 28, 29, 0, 33, 2, 13, 35, 5, 47, 53, 43, 54, 49, 51, 14, 45];2597.0
7128.0;[35, 6, 3, 33, 55, 34, 31, 47, 44, 53, 43, 28, 29, 23, 24, 42, 21, 22, 40, 19, 39, 32, 8, 36, 9, 7, 4, 5, 48, 1, 2, 14, 51, 12, 49, 45, 30, 46, 17, 16, 15, 52, 0, 26, 25, 20, 41, 54, 27, 50, 18, 37, 11, 38, 10, 13];2447.0
7098.0;[25, 42, 21, 22, 19, 20, 40, 41, 44, 28, 53, 43, 47, 6, 5, 4, 7, 10, 13, 35, 31, 3, 48, 36, 37, 9, 51, 50, 23, 54, 29, 52, 26, 24, 27, 30, 46, 55, 1, 17, 16, 15, 49, 45, 34, 2, 14, 12, 11, 38, 18, 39, 32, 8, 0, 33];2781.0
7787.0;[33, 55, 31, 48, 3, 6, 4, 5, 47, 44, 28, 53, 43, 19, 18, 39, 37, 11, 38, 10, 14, 26, 42, 21, 22, 40, 41, 50, 23, 20, 32, 8, 36, 9, 27, 49, 29, 34, 2, 16, 15, 17, 52, 25, 24, 54, 45, 30, 46, 1, 13, 35, 7, 51, 12, 0];2380.0
7194.0;[2, 25, 20, 40, 11, 38, 19, 42, 50, 23, 21, 22, 41, 54, 32, 7, 8, 36, 9, 13, 35, 27, 49, 45, 28, 30, 34, 17, 15, 16, 12, 51, 14, 0, 33, 26, 24, 18, 39, 37, 10, 1, 3, 48, 46, 29, 52, 55, 31, 53, 43, 44, 47, 6, 4, 5];2856.0
7286.0;[42, 21, 50, 22, 23, 54, 43, 44, 28, 53, 29, 0, 55, 47, 6, 5, 48, 3, 46, 34, 31, 27, 49, 45, 30, 13, 35, 4, 7, 32, 36, 9, 8, 15, 16, 17, 20, 40, 41, 1, 2, 33, 26, 52, 25, 24, 18, 10, 51, 14, 12, 39, 38, 37, 11, 19];2465.0
7266.0;[42, 21, 22, 50, 27, 43, 30, 46, 31, 47, 3, 4, 6, 5, 23, 24, 20, 40, 18, 39, 38, 11, 19, 41, 49, 29, 55, 34, 48, 2, 13, 35, 7, 32, 8, 36, 37, 9, 10, 51, 14, 12, 0, 33, 26, 25, 54, 28, 53, 44, 45, 1, 16, 15, 17, 52];2450.0
7684.0;[3, 32, 7, 6, 31, 46, 29, 21, 50, 22, 40, 18, 39, 19, 20, 41, 54, 45, 30, 1, 2, 33, 55, 34, 13, 35, 36, 11, 38, 37, 9, 8, 4, 5, 48, 52, 0, 26, 17, 16, 15, 25, 24, 42, 23, 10, 51, 12, 14, 27, 49, 43, 44, 28, 53, 47];2676.0
6432.0;[41, 30, 46, 55, 34, 24, 42, 50, 23, 53, 43, 0, 33, 3, 7, 32, 8, 36, 9, 37, 4, 6, 5, 31, 48, 1, 2, 13, 35, 47, 44, 45, 28, 52, 39, 38, 11, 19, 40, 21, 29, 26, 20, 18, 51, 10, 12, 14, 25, 54, 27, 49, 17, 15, 16, 22];2928.0
8005.0;[11, 20, 22, 40, 41, 50, 49, 30, 46, 29, 43, 53, 44, 28, 45, 34, 17, 16, 15, 12, 19, 18, 37, 9, 10, 13, 6, 2, 33, 1, 3, 7, 32, 8, 36, 14, 25, 24, 39, 38, 35, 4, 5, 47, 48, 55, 31, 27, 23, 42, 21, 54, 26, 52, 0, 51];2788.0
7286.0;[36, 9, 37, 10, 13, 35, 6, 5, 47, 48, 31, 46, 55, 34, 45, 53, 23, 24, 42, 27, 49, 43, 44, 28, 29, 26, 52, 17, 16, 39, 19, 40, 20, 22, 41, 21, 50, 54, 30, 2, 11, 38, 51, 14, 0, 33, 25, 18, 32, 8, 7, 12, 15, 1, 3, 4];2457.0
7522.0;[51, 37, 9, 11, 19, 40, 20, 39, 10, 12, 15, 16, 44, 28, 53, 43, 31, 47, 48, 2, 26, 24, 42, 21, 50, 54, 29, 27, 49, 30, 46, 13, 35, 32, 8, 36, 14, 1, 3, 4, 5, 6, 7, 17, 22, 41, 23, 45, 55, 34, 52, 25, 18, 38, 0, 33];2797.0
7492.0;[47, 28, 53, 43, 44, 30, 46, 27, 18, 19, 42, 50, 54, 45, 1, 3, 48, 31, 4, 7, 8, 14, 33, 2, 16, 15, 10, 32, 36, 9, 37, 0, 55, 34, 12, 39, 40, 21, 49, 29, 26, 17, 52, 20, 41, 22, 23, 25, 24, 38, 11, 51, 13, 35, 6, 5];2737.0
7074.0;[31, 21, 20, 40, 41, 22, 19, 18, 39, 10, 14, 15, 12, 13, 35, 6, 5, 47, 30, 46, 55, 34, 3, 36, 11, 38, 37, 9, 8, 51, 0, 1, 2, 16, 17, 52, 33, 42, 50, 23, 54, 43, 44, 26, 25, 24, 27, 29, 49, 28, 53, 45, 4, 32, 7, 48];2717.0
7100.0;[33, 2, 1, 3, 48, 31, 46, 22, 40, 13, 35, 7, 11, 19, 20, 42, 21, 41, 50, 54, 49, 27, 23, 18, 32, 8, 37, 36, 9, 15, 16, 12, 39, 38, 17, 52, 45, 30, 55, 34, 4, 6, 5, 47, 53, 43, 28, 44, 29, 26, 25, 24, 10, 51, 14, 0];2625.0
7681.0;[19, 18, 40, 20, 41, 22, 50, 43, 53, 44, 28, 30, 55, 1, 33, 48, 3, 4, 6, 5, 47, 31, 46, 27, 49, 29, 13, 35, 7, 51, 25, 42, 21, 23, 54, 45, 34, 2, 12, 39, 38, 37, 9, 10, 14, 15, 17, 16, 52, 0, 26, 24, 32, 8, 36, 11];2422.0
7398.0;[11, 19, 40, 20, 18, 0, 33, 31, 46, 55, 47, 3, 48, 1, 42, 21, 50, 54, 45, 30, 34, 2, 10, 32, 8, 7, 14, 17, 16, 15, 12, 39, 38, 51, 26, 27, 53, 28, 29, 13, 35, 4, 5, 6, 36, 9, 41, 22, 23, 25, 24, 49, 43, 44, 52, 37];2782.0
7531.0;[32, 8, 35, 6, 4, 7, 13, 5, 53, 43, 29, 27, 23, 21, 22, 41, 40, 20, 37, 9, 36, 54, 49, 45, 30, 47, 48, 3, 46, 26, 25, 24, 38, 10, 12, 16, 15, 17, 52, 0, 33, 55, 34, 31, 42, 50, 39, 14, 44, 28, 1, 2, 51, 11, 19, 18];3015.0
7184.0;[10, 12, 15, 52, 21, 22, 41, 40, 19, 13, 35, 36, 11, 14, 0, 33, 2, 27, 49, 44, 53, 43, 28, 25, 54, 45, 30, 55, 34, 17, 16, 51, 37, 9, 8, 7, 4, 5, 1, 24, 42, 50, 23, 32, 6, 47, 48, 3, 31, 46, 29, 26, 20, 18, 39, 38];2795.0
7403.0;[35, 42, 23, 49, 45, 30, 46, 1, 3, 4, 10, 11, 18, 39, 37, 9, 51, 15, 16, 17, 25, 20, 41, 21, 22, 54, 0, 33, 2, 12, 38, 32, 36, 26, 52, 34, 48, 31, 55, 14, 8, 7, 5, 6, 47, 53, 43, 28, 24, 40, 19, 50, 27, 44, 29, 13];2990.0
7212.0;[2, 24, 20, 41, 50, 54, 49, 43, 0, 13, 35, 7, 32, 36, 9, 8, 5, 6, 4, 51, 10, 12, 14, 52, 27, 23, 45, 30, 55, 47, 31, 28, 53, 44, 29, 16, 15, 17, 26, 25, 42, 21, 22, 40, 19, 18, 39, 37, 11, 38, 33, 1, 3, 48, 46, 34];2432.0
6997.0;[13, 35, 4, 37, 9, 12, 15, 16, 17, 10, 7, 32, 8, 36, 11, 19, 50, 23, 54, 43, 44, 28, 53, 47, 48, 31, 46, 55, 34, 2, 33, 26, 25, 24, 18, 39, 51, 0, 27, 49, 29, 22, 41, 40, 20, 38, 5, 6, 14, 52, 45, 30, 3, 1, 42, 21];2927.0
7342.0;[13, 35, 4, 6, 7, 32, 8, 36, 11, 38, 19, 20, 41, 54, 53, 43, 44, 28, 26, 16, 15, 17, 52, 25, 40, 21, 22, 18, 37, 9, 0, 33, 42, 50, 39, 14, 27, 45, 30, 48, 3, 23, 24, 5, 47, 31, 46, 34, 1, 2, 12, 10, 51, 49, 29, 55];2970.0
7499.0;[32, 36, 19, 21, 50, 54, 44, 53, 22, 20, 39, 38, 37, 9, 11, 40, 41, 45, 30, 1, 13, 35, 51, 14, 0, 3, 6, 5, 47, 48, 4, 7, 8, 10, 12, 15, 16, 17, 42, 23, 29, 52, 26, 27, 49, 43, 28, 25, 24, 18, 2, 33, 55, 31, 46, 34];2941.0
8029.0;[29, 49, 43, 53, 44, 28, 0, 13, 4, 6, 5, 47, 31, 21, 22, 41, 50, 39, 38, 19, 42, 23, 30, 46, 1, 2, 20, 40, 54, 52, 17, 16, 15, 33, 55, 34, 48, 3, 7, 35, 12, 14, 25, 24, 18, 32, 8, 36, 9, 37, 11, 10, 51, 26, 27, 45];2725.0
7456.0;[28, 53, 44, 30, 46, 29, 42, 21, 50, 34, 13, 35, 51, 14, 15, 16, 17, 0, 2, 33, 1, 6, 5, 47, 31, 23, 22, 41, 54, 26, 52, 55, 3, 48, 4, 8, 36, 9, 10, 12, 39, 38, 37, 11, 19, 18, 32, 7, 25, 24, 40, 20, 49, 45, 27, 43];2741.0
6765.0;[11, 38, 19, 20, 53, 43, 44, 28, 45, 55, 34, 2, 49, 30, 47, 31, 46, 25, 18, 13, 35, 42, 21, 22, 40, 41, 50, 39, 37, 32, 8, 7, 10, 15, 16, 24, 23, 54, 27, 29, 17, 12, 51, 14, 52, 26, 0, 33, 1, 3, 48, 5, 6, 4, 36, 9];2781.0
6773.0;[42, 50, 27, 49, 43, 29, 0, 55, 48, 31, 46, 34, 2, 33, 26, 14, 39, 38, 6, 5, 47, 28, 44, 53, 41, 21, 22, 40, 18, 12, 15, 16, 17, 25, 24, 30, 1, 36, 9, 37, 13, 35, 32, 8, 7, 52, 23, 54, 45, 3, 4, 10, 51, 11, 19, 20];2845.0
7748.0;[18, 10, 32, 8, 37, 36, 9, 11, 51, 15, 25, 40, 19, 20, 42, 23, 21, 22, 41, 50, 54, 30, 46, 34, 48, 3, 4, 7, 14, 0, 33, 55, 31, 47, 6, 12, 39, 38, 13, 35, 5, 53, 43, 44, 16, 17, 27, 49, 45, 28, 29, 1, 2, 52, 26, 24];2555.0
6862.0;[17, 49, 43, 44, 30, 46, 34, 1, 4, 32, 8, 7, 36, 11, 38, 12, 15, 16, 10, 37, 9, 14, 25, 24, 20, 40, 19, 42, 27, 21, 22, 41, 50, 23, 54, 45, 29, 26, 52, 2, 0, 33, 31, 55, 13, 35, 6, 5, 48, 3, 47, 53, 28, 18, 39, 51];2557.0
6960.0;[13, 35, 5, 6, 36, 37, 9, 11, 18, 19, 39, 38, 10, 32, 8, 0, 33, 31, 47, 53, 22, 41, 50, 23, 27, 55, 48, 3, 4, 7, 51, 14, 26, 25, 40, 20, 21, 43, 44, 28, 45, 30, 29, 49, 46, 34, 1, 2, 24, 42, 54, 52, 17, 16, 15, 12];2546.0
7483.0;[25, 42, 50, 23, 27, 49, 30, 31, 46, 34, 1, 2, 24, 21, 22, 40, 18, 19, 20, 41, 54, 29, 47, 6, 5, 4, 7, 10, 0, 33, 55, 3, 48, 28, 45, 53, 43, 44, 17, 39, 38, 32, 8, 37, 36, 9, 11, 12, 15, 16, 14, 13, 35, 51, 52, 26];2492.0
7538.0;[13, 35, 11, 19, 18, 40, 20, 41, 21, 50, 30, 34, 1, 2, 48, 3, 4, 32, 8, 36, 37, 9, 12, 15, 14, 33, 26, 17, 16, 39, 38, 10, 7, 6, 5, 47, 46, 52, 0, 55, 31, 44, 28, 45, 29, 25, 24, 42, 22, 54, 49, 43, 53, 27, 23, 51];2614.0
7635.0;[21, 54, 55, 31, 47, 48, 3, 5, 6, 15, 16, 0, 33, 1, 2, 13, 35, 8, 36, 14, 17, 25, 18, 10, 32, 9, 37, 12, 39, 38, 51, 28, 53, 27, 49, 43, 44, 30, 46, 29, 40, 20, 52, 26, 24, 22, 41, 50, 23, 45, 34, 4, 7, 11, 19, 42];2939.0
7462.0;[49, 45, 30, 3, 48, 13, 35, 4, 5, 31, 55, 34, 1, 32, 8, 36, 9, 7, 6, 47, 44, 28, 29, 26, 25, 24, 42, 22, 41, 23, 54, 27, 20, 18, 12, 16, 15, 43, 53, 21, 50, 40, 19, 39, 11, 38, 37, 10, 51, 14, 33, 2, 17, 52, 0, 46];2646.0
7140.0;[45, 30, 46, 55, 48, 31, 47, 44, 28, 34, 1, 2, 33, 13, 35, 4, 5, 6, 36, 11, 38, 19, 18, 20, 21, 54, 26, 0, 3, 7, 32, 8, 12, 15, 16, 17, 39, 10, 14, 53, 43, 25, 24, 40, 41, 23, 37, 9, 51, 52, 42, 22, 50, 49, 29, 27];2744.0
7717.0;[14, 42, 21, 22, 41, 39, 38, 32, 9, 50, 23, 54, 43, 53, 44, 45, 30, 8, 36, 37, 11, 19, 20, 40, 18, 10, 51, 0, 33, 34, 1, 2, 52, 26, 25, 24, 27, 49, 46, 3, 4, 7, 12, 15, 16, 17, 55, 48, 31, 47, 28, 29, 13, 35, 5, 6];2838.0
7346.0;[48, 44, 53, 13, 35, 6, 5, 47, 31, 46, 29, 0, 10, 37, 9, 32, 8, 4, 7, 36, 11, 38, 19, 18, 39, 24, 54, 49, 27, 20, 40, 41, 22, 21, 50, 43, 28, 45, 55, 1, 14, 12, 51, 15, 16, 17, 52, 26, 25, 42, 23, 30, 34, 2, 33, 3];2670.0
7367.0;[12, 15, 16, 17, 42, 22, 41, 21, 49, 31, 47, 46, 55, 53, 28, 25, 24, 54, 29, 52, 14, 51, 0, 2, 33, 26, 45, 30, 34, 1, 48, 3, 4, 32, 8, 7, 36, 37, 9, 11, 38, 10, 39, 19, 18, 20, 40, 50, 23, 27, 43, 44, 13, 35, 5, 6];2646.0
7310.0;[35, 5, 47, 30, 46, 29, 24, 42, 22, 40, 41, 21, 50, 23, 19, 20, 18, 39, 32, 8, 10, 34, 1, 3, 6, 4, 7, 0, 33, 2, 17, 16, 25, 54, 49, 26, 36, 9, 37, 11, 38, 51, 52, 27, 45, 55, 31, 48, 14, 12, 15, 44, 53, 43, 28, 13];2767.0
7630.0;[26, 20, 40, 19, 13, 4, 5, 6, 36, 9, 17, 49, 53, 43, 28, 45, 44, 30, 46, 55, 31, 47, 48, 1, 14, 11, 37, 8, 32, 35, 25, 24, 18, 38, 12, 15, 16, 42, 50, 39, 10, 27, 23, 21, 22, 41, 54, 29, 34, 3, 7, 51, 0, 2, 33, 52];2964.0
7431.0;[30, 55, 34, 3, 4, 7, 13, 35, 6, 5, 47, 48, 1, 2, 32, 8, 36, 9, 37, 11, 19, 50, 23, 43, 44, 53, 28, 25, 24, 18, 39, 33, 42, 21, 22, 41, 40, 20, 38, 12, 15, 0, 31, 46, 29, 49, 17, 16, 51, 10, 14, 52, 26, 54, 27, 45];2523.0
7051.0;[22, 18, 4, 5, 31, 46, 55, 1, 17, 16, 15, 12, 51, 14, 52, 0, 33, 2, 39, 37, 9, 10, 7, 13, 35, 6, 47, 44, 29, 32, 8, 36, 11, 38, 19, 40, 21, 50, 54, 49, 45, 28, 53, 43, 30, 34, 3, 48, 26, 20, 41, 23, 27, 25, 24, 42];2607.0
7569.0;[40, 19, 20, 41, 54, 45, 30, 46, 34, 2, 42, 22, 14, 15, 16, 17, 52, 26, 21, 50, 49, 53, 43, 23, 24, 18, 51, 13, 35, 4, 6, 5, 47, 3, 48, 1, 7, 36, 9, 37, 11, 10, 12, 39, 38, 32, 8, 0, 33, 55, 31, 29, 27, 44, 28, 25];2587.0
7245.0;[37, 9, 11, 19, 40, 20, 42, 21, 50, 54, 30, 46, 55, 47, 48, 31, 27, 49, 43, 28, 52, 17, 15, 14, 10, 51, 32, 7, 8, 36, 22, 41, 23, 45, 34, 3, 1, 2, 25, 18, 13, 35, 6, 4, 5, 39, 38, 0, 33, 26, 24, 44, 53, 29, 16, 12];2829.0
7274.0;[44, 45, 30, 46, 3, 6, 4, 7, 19, 41, 21, 50, 23, 54, 27, 55, 34, 2, 25, 20, 40, 31, 48, 1, 16, 17, 52, 42, 22, 28, 53, 24, 18, 39, 51, 13, 35, 5, 47, 29, 26, 0, 33, 11, 38, 12, 15, 14, 10, 37, 36, 9, 32, 8, 49, 43];2948.0
6758.0;[43, 44, 30, 55, 34, 47, 48, 2, 14, 13, 35, 4, 5, 6, 7, 37, 36, 9, 11, 38, 19, 21, 22, 41, 50, 20, 40, 18, 39, 52, 26, 0, 33, 42, 54, 27, 45, 1, 3, 31, 46, 29, 23, 10, 51, 32, 8, 12, 15, 16, 17, 25, 24, 49, 28, 53];2415.0
7900.0;[20, 41, 54, 27, 43, 44, 26, 16, 12, 51, 11, 38, 19, 40, 21, 50, 22, 18, 52, 0, 33, 34, 48, 31, 46, 55, 3, 8, 36, 37, 9, 14, 15, 17, 1, 2, 42, 23, 24, 39, 10, 32, 4, 5, 6, 47, 53, 28, 45, 30, 13, 35, 7, 49, 29, 25];2817.0
7547.0;[45, 30, 46, 55, 34, 25, 24, 27, 52, 32, 8, 36, 7, 4, 6, 5, 47, 28, 29, 26, 42, 22, 21, 18, 39, 38, 37, 9, 11, 19, 20, 40, 41, 50, 23, 54, 49, 43, 44, 53, 16, 15, 17, 0, 33, 2, 14, 51, 12, 13, 35, 10, 1, 3, 48, 31];2408.0
7642.0;[24, 18, 39, 37, 36, 9, 13, 35, 5, 6, 4, 7, 32, 8, 12, 14, 0, 33, 31, 49, 43, 44, 53, 23, 21, 22, 50, 54, 30, 46, 34, 2, 51, 10, 11, 38, 19, 20, 42, 27, 45, 3, 48, 1, 16, 15, 17, 52, 25, 40, 41, 55, 47, 28, 29, 26];2577.0
7780.0;[53, 28, 13, 35, 4, 32, 7, 42, 22, 40, 41, 50, 29, 0, 33, 3, 31, 26, 25, 20, 39, 37, 9, 8, 36, 11, 38, 19, 18, 10, 51, 12, 15, 16, 17, 45, 30, 46, 55, 34, 14, 52, 21, 54, 27, 23, 24, 6, 5, 47, 48, 1, 2, 49, 43, 44];2814.0
6906.0;[31, 28, 44, 53, 43, 30, 3, 4, 7, 5, 6, 47, 48, 46, 34, 1, 20, 40, 19, 18, 39, 32, 36, 37, 9, 12, 15, 17, 16, 52, 26, 27, 54, 49, 29, 42, 50, 45, 55, 2, 10, 51, 14, 25, 22, 41, 21, 23, 24, 38, 11, 8, 13, 35, 0, 33];2784.0
7674.0;[48, 8, 36, 9, 52, 42, 21, 22, 41, 54, 45, 44, 53, 30, 55, 1, 2, 15, 16, 17, 27, 49, 43, 28, 29, 26, 12, 51, 10, 13, 35, 4, 5, 6, 7, 32, 25, 50, 23, 24, 18, 39, 37, 11, 19, 20, 40, 38, 14, 0, 33, 31, 47, 46, 34, 3];2526.0
8020.0;[40, 18, 39, 38, 19, 23, 45, 30, 46, 47, 31, 44, 53, 28, 55, 34, 13, 35, 7, 12, 15, 16, 17, 26, 49, 43, 29, 25, 42, 50, 54, 27, 32, 8, 36, 9, 37, 11, 52, 0, 2, 33, 14, 51, 10, 4, 6, 5, 48, 3, 1, 24, 20, 41, 21, 22];2609.0
7197.0;[41, 21, 54, 27, 49, 52, 15, 12, 32, 36, 51, 14, 22, 20, 40, 19, 18, 39, 10, 8, 4, 5, 6, 47, 2, 16, 17, 34, 1, 13, 35, 7, 43, 44, 0, 33, 46, 55, 31, 53, 28, 26, 42, 50, 23, 25, 24, 37, 9, 11, 38, 45, 30, 3, 48, 29];3074.0
6944.0;[27, 49, 45, 44, 28, 53, 43, 30, 3, 4, 5, 6, 32, 8, 36, 9, 37, 12, 15, 33, 46, 55, 34, 1, 2, 52, 0, 31, 47, 48, 29, 23, 54, 13, 35, 7, 16, 17, 26, 25, 50, 24, 40, 41, 22, 20, 42, 21, 19, 18, 39, 10, 51, 11, 38, 14];2502.0
6969.0;[46, 2, 13, 35, 7, 51, 11, 19, 23, 43, 53, 22, 41, 21, 40, 20, 18, 39, 38, 10, 32, 8, 36, 9, 37, 12, 14, 0, 33, 54, 27, 45, 30, 1, 3, 6, 4, 5, 47, 28, 29, 26, 25, 24, 42, 50, 49, 44, 17, 16, 15, 52, 55, 34, 48, 31];2454.0
6643.0;[11, 19, 20, 41, 49, 43, 44, 45, 30, 3, 48, 1, 2, 33, 55, 34, 29, 23, 21, 50, 54, 27, 52, 17, 16, 15, 25, 42, 22, 40, 18, 39, 10, 51, 13, 35, 7, 8, 5, 47, 28, 53, 26, 0, 4, 6, 31, 46, 24, 38, 32, 36, 14, 12, 37, 9];2697.0
7622.0;[7, 25, 42, 21, 22, 40, 41, 23, 50, 54, 24, 20, 18, 19, 39, 10, 12, 51, 37, 36, 9, 11, 38, 14, 55, 34, 48, 3, 31, 27, 49, 43, 44, 30, 46, 29, 45, 26, 0, 33, 2, 15, 16, 17, 52, 1, 13, 35, 6, 5, 47, 28, 53, 32, 4, 8];2587.0
7255.0;[28, 53, 22, 20, 40, 41, 50, 37, 11, 42, 21, 19, 18, 39, 38, 15, 16, 17, 52, 26, 0, 33, 2, 13, 4, 5, 6, 10, 12, 14, 51, 7, 35, 32, 8, 36, 9, 43, 44, 27, 49, 45, 30, 55, 34, 1, 3, 48, 47, 31, 46, 29, 23, 25, 24, 54];2520.0
8087.0;[55, 48, 3, 31, 46, 34, 1, 2, 0, 33, 26, 27, 23, 24, 11, 37, 13, 35, 4, 5, 6, 47, 44, 53, 43, 28, 18, 39, 51, 14, 52, 45, 30, 29, 15, 17, 16, 25, 20, 40, 19, 38, 10, 32, 36, 9, 8, 7, 12, 42, 21, 22, 41, 50, 54, 49];2520.0
7722.0;[42, 21, 41, 50, 22, 40, 20, 19, 18, 39, 38, 37, 9, 11, 51, 52, 27, 49, 23, 54, 43, 28, 53, 44, 29, 12, 13, 35, 5, 47, 46, 1, 4, 10, 45, 30, 55, 34, 2, 0, 33, 25, 24, 32, 8, 36, 14, 31, 48, 3, 6, 7, 15, 16, 17, 26];2649.0
7258.0;[5, 47, 45, 30, 34, 3, 48, 1, 2, 31, 46, 29, 44, 28, 53, 43, 17, 15, 16, 14, 8, 36, 9, 37, 10, 32, 7, 52, 26, 54, 27, 49, 55, 6, 4, 51, 12, 39, 38, 11, 40, 19, 20, 41, 22, 23, 24, 42, 21, 50, 0, 33, 25, 18, 13, 35];2625.0
6870.0;[30, 3, 48, 31, 47, 55, 34, 1, 12, 16, 15, 17, 52, 46, 29, 26, 0, 33, 2, 25, 24, 22, 41, 43, 44, 28, 45, 53, 14, 13, 5, 6, 4, 10, 51, 39, 38, 37, 8, 7, 35, 32, 36, 9, 11, 18, 19, 20, 40, 23, 54, 27, 49, 42, 21, 50];2559.0
7778.0;[13, 4, 6, 5, 47, 48, 3, 32, 36, 9, 37, 11, 38, 40, 18, 19, 39, 10, 51, 33, 34, 1, 25, 20, 42, 50, 54, 29, 27, 43, 44, 28, 53, 22, 21, 41, 23, 24, 49, 26, 52, 16, 17, 15, 35, 7, 8, 14, 0, 55, 31, 45, 30, 46, 2, 12];2571.0
7115.0;[15, 17, 16, 52, 49, 53, 43, 45, 30, 55, 31, 46, 1, 2, 13, 32, 8, 36, 9, 10, 42, 50, 23, 54, 27, 29, 26, 0, 33, 20, 41, 34, 3, 48, 6, 4, 7, 35, 5, 47, 44, 28, 25, 24, 40, 21, 22, 19, 18, 39, 37, 11, 38, 51, 12, 14];2506.0
7234.0;[51, 11, 38, 19, 21, 50, 54, 27, 23, 37, 9, 8, 7, 4, 5, 6, 47, 55, 2, 34, 1, 3, 48, 31, 46, 29, 49, 28, 45, 30, 20, 40, 18, 39, 13, 35, 32, 36, 14, 17, 52, 25, 24, 0, 33, 26, 42, 22, 41, 53, 43, 44, 16, 15, 12, 10];2705.0
7987.0;[27, 49, 44, 26, 20, 40, 41, 21, 22, 19, 37, 9, 8, 7, 32, 36, 51, 14, 25, 42, 50, 54, 43, 28, 53, 23, 24, 18, 39, 38, 11, 10, 33, 31, 55, 34, 12, 13, 35, 4, 6, 5, 47, 48, 2, 17, 16, 15, 52, 0, 1, 3, 45, 30, 46, 29];2401.0
7503.0;[18, 39, 32, 8, 36, 9, 37, 11, 38, 19, 40, 22, 41, 21, 23, 54, 45, 47, 6, 4, 7, 24, 42, 50, 27, 49, 43, 53, 30, 46, 1, 3, 48, 2, 12, 15, 16, 17, 52, 0, 33, 55, 34, 31, 44, 28, 14, 10, 51, 13, 35, 5, 29, 26, 25, 20];2401.0
6984.0;[23, 22, 19, 18, 39, 32, 8, 36, 10, 51, 0, 2, 33, 24, 20, 40, 41, 27, 1, 3, 48, 6, 5, 47, 46, 31, 55, 28, 29, 49, 45, 44, 53, 43, 30, 34, 37, 9, 26, 25, 42, 21, 50, 54, 17, 16, 15, 12, 13, 7, 35, 4, 11, 38, 14, 52];2730.0
7320.0;[55, 34, 46, 29, 27, 49, 45, 30, 1, 2, 13, 35, 6, 5, 47, 44, 53, 43, 28, 23, 54, 17, 16, 52, 26, 0, 3, 48, 31, 25, 24, 39, 38, 37, 9, 8, 4, 7, 10, 12, 15, 14, 51, 32, 36, 11, 42, 21, 22, 41, 50, 40, 20, 19, 18, 33];2436.0
7015.0;[49, 45, 55, 34, 2, 1, 3, 44, 28, 53, 43, 47, 6, 4, 7, 14, 16, 15, 12, 13, 35, 5, 48, 31, 29, 26, 17, 52, 0, 33, 25, 42, 21, 22, 50, 54, 23, 27, 30, 46, 24, 20, 40, 41, 19, 18, 39, 38, 32, 36, 8, 9, 37, 11, 10, 51];2496.0
7157.0;[2, 55, 34, 3, 4, 14, 24, 54, 27, 49, 29, 52, 17, 15, 16, 26, 43, 53, 42, 21, 22, 20, 40, 41, 50, 23, 44, 28, 12, 39, 38, 10, 11, 51, 0, 33, 31, 46, 25, 19, 18, 32, 8, 36, 9, 37, 7, 6, 5, 47, 48, 13, 35, 45, 30, 1];2793.0
7908.0;[2, 32, 8, 36, 9, 37, 13, 35, 7, 15, 17, 16, 26, 42, 22, 41, 50, 23, 40, 20, 21, 54, 49, 43, 53, 44, 28, 45, 55, 1, 25, 18, 19, 39, 51, 52, 33, 3, 4, 5, 6, 47, 30, 46, 34, 48, 31, 29, 27, 24, 11, 38, 10, 12, 14, 0];2501.0
7110.0;[1, 6, 5, 47, 45, 30, 46, 55, 3, 48, 31, 29, 27, 49, 52, 26, 25, 24, 32, 7, 8, 36, 9, 10, 37, 51, 13, 35, 4, 11, 19, 20, 40, 41, 22, 21, 23, 18, 38, 14, 17, 33, 2, 54, 43, 53, 42, 50, 44, 28, 16, 15, 12, 39, 0, 34];2717.0
7181.0;[12, 8, 36, 9, 37, 11, 51, 0, 33, 26, 52, 49, 45, 30, 46, 34, 1, 3, 48, 2, 55, 31, 47, 28, 29, 23, 54, 27, 43, 44, 53, 41, 21, 50, 13, 35, 4, 5, 6, 39, 38, 10, 32, 7, 14, 25, 24, 42, 22, 40, 20, 18, 19, 17, 16, 15];2448.0
7286.0;[20, 41, 43, 28, 53, 44, 45, 30, 55, 31, 46, 23, 22, 40, 18, 38, 10, 13, 35, 4, 7, 37, 9, 8, 5, 6, 47, 48, 3, 34, 1, 52, 26, 25, 42, 21, 50, 54, 27, 29, 17, 16, 24, 49, 0, 33, 2, 51, 32, 36, 11, 14, 15, 12, 39, 19];2527.0
7296.0;[51, 11, 19, 20, 40, 41, 18, 38, 7, 32, 8, 4, 6, 5, 47, 3, 48, 31, 44, 28, 53, 43, 29, 27, 49, 17, 16, 15, 12, 52, 26, 54, 45, 30, 1, 2, 25, 21, 50, 23, 24, 42, 22, 39, 13, 35, 36, 9, 37, 10, 14, 0, 33, 55, 46, 34];2489.0
7440.0;[38, 37, 9, 11, 19, 20, 41, 54, 49, 45, 25, 24, 18, 39, 10, 51, 12, 15, 17, 16, 55, 34, 47, 31, 46, 1, 3, 48, 4, 32, 8, 7, 35, 6, 5, 2, 0, 33, 21, 50, 23, 27, 28, 53, 43, 44, 30, 29, 52, 26, 14, 13, 36, 42, 22, 40];2582.0
7547.0;[54, 27, 40, 19, 20, 41, 22, 50, 23, 18, 39, 51, 14, 25, 42, 21, 24, 38, 32, 8, 7, 4, 6, 15, 16, 17, 0, 34, 3, 31, 47, 48, 1, 2, 13, 35, 5, 44, 28, 53, 43, 10, 36, 37, 9, 11, 12, 33, 26, 52, 49, 45, 29, 30, 55, 46];2810.0
7878.0;[30, 34, 13, 35, 4, 32, 8, 36, 37, 9, 11, 19, 23, 24, 20, 18, 39, 38, 0, 2, 25, 42, 41, 21, 22, 40, 50, 26, 52, 17, 14, 7, 10, 51, 12, 15, 16, 33, 55, 1, 3, 6, 5, 47, 48, 31, 46, 29, 27, 49, 44, 28, 53, 43, 54, 45];2382.0
7863.0;[42, 21, 50, 22, 19, 6, 5, 47, 45, 30, 13, 35, 36, 9, 37, 38, 10, 11, 40, 41, 54, 29, 17, 16, 26, 20, 18, 39, 12, 15, 14, 52, 0, 46, 31, 48, 1, 33, 2, 55, 34, 3, 4, 7, 51, 32, 8, 49, 44, 28, 53, 43, 23, 27, 25, 24];2793.0
7918.0;[25, 42, 21, 22, 23, 54, 27, 49, 44, 28, 45, 55, 31, 48, 3, 4, 7, 32, 8, 36, 9, 37, 11, 15, 16, 19, 18, 39, 10, 51, 12, 26, 43, 53, 40, 20, 41, 50, 24, 38, 13, 35, 5, 6, 47, 30, 46, 29, 52, 0, 2, 14, 17, 33, 34, 1];2490.0
7677.0;[31, 44, 28, 53, 43, 45, 30, 34, 36, 9, 37, 15, 26, 25, 24, 23, 20, 40, 10, 32, 7, 8, 14, 52, 27, 49, 29, 0, 2, 17, 16, 33, 55, 1, 3, 4, 11, 38, 19, 18, 39, 51, 12, 13, 35, 42, 21, 22, 41, 50, 54, 47, 6, 5, 48, 46];2766.0
6980.0;[4, 32, 8, 36, 13, 35, 7, 51, 10, 11, 38, 37, 9, 14, 15, 16, 12, 19, 18, 39, 5, 47, 46, 27, 22, 41, 50, 23, 54, 49, 30, 34, 2, 52, 17, 43, 44, 28, 53, 29, 0, 33, 26, 25, 24, 20, 40, 42, 21, 45, 55, 31, 48, 3, 1, 6];2494.0
7891.0;[29, 22, 41, 50, 23, 54, 45, 3, 48, 31, 46, 20, 40, 19, 38, 14, 52, 4, 6, 5, 47, 30, 34, 0, 33, 55, 1, 2, 25, 24, 42, 21, 18, 39, 11, 51, 13, 35, 7, 10, 32, 8, 36, 9, 37, 12, 15, 16, 17, 26, 27, 49, 43, 44, 53, 28];2419.0
7838.0;[24, 54, 27, 43, 28, 53, 44, 30, 34, 1, 3, 48, 47, 21, 22, 41, 49, 45, 17, 16, 13, 4, 5, 6, 12, 39, 10, 51, 14, 55, 31, 46, 29, 23, 40, 19, 20, 18, 38, 32, 8, 36, 9, 37, 11, 15, 52, 26, 0, 2, 33, 25, 42, 50, 35, 7];2804.0
7510.0;[43, 22, 41, 45, 30, 46, 55, 47, 6, 14, 40, 20, 18, 19, 39, 37, 9, 8, 35, 7, 51, 10, 12, 15, 16, 17, 0, 33, 2, 26, 52, 32, 36, 11, 38, 13, 5, 4, 25, 54, 49, 29, 21, 50, 24, 42, 23, 27, 34, 1, 3, 48, 31, 44, 28, 53];2653.0
8062.0;[22, 20, 40, 41, 21, 50, 27, 23, 54, 17, 15, 16, 14, 12, 37, 11, 38, 32, 7, 8, 36, 9, 43, 28, 53, 44, 49, 29, 26, 52, 6, 5, 48, 46, 24, 19, 18, 39, 55, 34, 1, 33, 31, 47, 45, 30, 3, 4, 51, 0, 2, 13, 35, 10, 25, 42];2824.0
7899.0;[13, 32, 36, 9, 8, 35, 4, 5, 6, 7, 10, 51, 12, 15, 16, 17, 44, 53, 43, 28, 29, 0, 33, 3, 48, 1, 2, 42, 21, 22, 23, 54, 49, 26, 52, 25, 39, 38, 19, 20, 40, 41, 50, 30, 46, 55, 47, 31, 24, 18, 11, 37, 14, 27, 45, 34];2612.0
6861.0;[20, 42, 21, 22, 40, 41, 50, 18, 39, 38, 12, 27, 23, 54, 49, 45, 28, 53, 43, 44, 30, 55, 46, 29, 26, 34, 3, 31, 48, 1, 2, 37, 36, 9, 11, 14, 52, 0, 33, 13, 35, 7, 51, 10, 32, 8, 5, 47, 6, 4, 15, 16, 17, 25, 24, 19];2389.0
7442.0;[39, 6, 5, 47, 48, 1, 2, 22, 41, 23, 15, 16, 17, 26, 52, 0, 12, 13, 35, 8, 25, 54, 43, 53, 28, 33, 31, 44, 45, 29, 27, 30, 46, 3, 4, 7, 42, 21, 50, 49, 55, 34, 32, 36, 9, 10, 51, 14, 24, 18, 38, 37, 11, 19, 20, 40];3093.0
7851.0;[13, 35, 19, 40, 23, 24, 20, 41, 21, 50, 8, 5, 47, 30, 55, 34, 1, 2, 26, 45, 29, 16, 15, 12, 32, 36, 9, 14, 0, 31, 46, 48, 3, 6, 4, 7, 42, 22, 38, 37, 11, 10, 17, 25, 18, 39, 51, 43, 44, 28, 53, 54, 27, 49, 52, 33];3147.0
7405.0;[49, 45, 30, 1, 13, 35, 8, 36, 11, 19, 20, 40, 21, 23, 32, 7, 6, 5, 47, 31, 48, 3, 4, 51, 14, 27, 43, 44, 28, 53, 26, 52, 0, 33, 46, 55, 34, 2, 17, 25, 24, 18, 12, 15, 42, 22, 41, 50, 54, 29, 39, 38, 37, 9, 10, 16];2672.0
7334.0;[15, 26, 52, 24, 42, 27, 53, 43, 44, 28, 45, 32, 8, 36, 9, 13, 35, 6, 5, 47, 31, 48, 3, 4, 7, 37, 11, 51, 12, 14, 0, 33, 29, 25, 18, 39, 38, 10, 55, 46, 23, 21, 50, 22, 19, 40, 20, 41, 54, 49, 30, 34, 1, 2, 17, 16];2475.0
7404.0;[32, 8, 36, 9, 11, 19, 41, 21, 22, 20, 40, 50, 55, 48, 31, 46, 34, 1, 3, 28, 53, 23, 24, 18, 38, 51, 10, 12, 14, 25, 42, 54, 43, 44, 45, 30, 47, 6, 5, 2, 33, 26, 0, 13, 35, 4, 7, 15, 16, 17, 52, 27, 49, 29, 39, 37];2646.0
7124.0;[4, 42, 22, 41, 54, 28, 45, 44, 53, 43, 30, 55, 1, 13, 5, 6, 47, 46, 34, 48, 3, 31, 29, 27, 49, 33, 2, 37, 36, 9, 11, 19, 20, 18, 39, 38, 40, 21, 50, 23, 32, 8, 7, 10, 14, 51, 12, 16, 15, 17, 52, 0, 26, 25, 24, 35];2690.0
6398.0;[3, 48, 5, 6, 32, 8, 36, 9, 14, 23, 54, 27, 43, 28, 53, 30, 2, 16, 17, 52, 46, 29, 42, 21, 50, 22, 41, 19, 18, 39, 37, 11, 38, 31, 47, 44, 26, 25, 24, 51, 12, 15, 0, 33, 20, 40, 13, 35, 4, 7, 10, 49, 45, 55, 34, 1];2861.0
7463.0;[25, 21, 50, 22, 41, 54, 44, 28, 45, 30, 46, 55, 3, 4, 8, 36, 27, 49, 29, 13, 35, 6, 5, 48, 31, 34, 1, 2, 52, 26, 20, 39, 37, 9, 11, 51, 12, 15, 16, 17, 0, 33, 47, 53, 43, 23, 24, 42, 40, 19, 18, 38, 10, 32, 7, 14];2484.0
7375.0;[47, 44, 28, 53, 43, 22, 41, 20, 40, 19, 18, 39, 13, 35, 5, 6, 8, 36, 9, 37, 51, 25, 21, 23, 27, 49, 52, 32, 7, 24, 42, 50, 54, 29, 26, 0, 33, 2, 17, 15, 16, 45, 30, 34, 4, 10, 12, 14, 55, 1, 11, 38, 48, 3, 31, 46];2837.0
7815.0;[42, 21, 22, 18, 19, 40, 23, 27, 49, 45, 29, 14, 51, 11, 38, 52, 24, 54, 30, 55, 48, 3, 31, 47, 53, 44, 43, 28, 25, 20, 41, 50, 39, 37, 9, 13, 35, 4, 5, 6, 46, 0, 33, 34, 1, 2, 17, 16, 15, 12, 10, 32, 8, 7, 36, 26];2684.0
7083.0;[43, 21, 22, 41, 30, 55, 34, 31, 47, 48, 5, 6, 4, 36, 9, 12, 14, 44, 53, 28, 45, 25, 24, 18, 39, 1, 3, 26, 42, 50, 23, 40, 20, 19, 33, 2, 13, 35, 7, 37, 11, 38, 51, 10, 32, 8, 15, 16, 17, 52, 0, 46, 29, 27, 54, 49];2867.0
7978.0;[6, 31, 46, 34, 1, 3, 48, 28, 53, 22, 41, 49, 43, 44, 29, 23, 39, 38, 37, 11, 14, 0, 33, 13, 35, 4, 5, 47, 30, 25, 40, 20, 50, 54, 27, 17, 15, 16, 12, 32, 8, 36, 9, 51, 24, 42, 21, 19, 18, 10, 52, 26, 45, 55, 2, 7];2887.0
7497.0;[31, 47, 6, 4, 32, 36, 9, 37, 11, 51, 13, 35, 5, 48, 1, 2, 26, 25, 24, 42, 22, 19, 20, 40, 54, 28, 53, 43, 44, 29, 17, 15, 16, 52, 0, 33, 3, 7, 8, 12, 39, 18, 38, 10, 14, 27, 49, 23, 41, 21, 50, 45, 30, 46, 34, 55];2436.0
7206.0;[47, 6, 8, 36, 37, 9, 19, 20, 42, 22, 40, 41, 21, 50, 23, 18, 39, 38, 11, 13, 35, 25, 24, 46, 31, 3, 48, 1, 2, 33, 0, 55, 34, 17, 16, 15, 14, 12, 10, 32, 7, 51, 45, 30, 4, 5, 44, 28, 29, 52, 26, 54, 27, 49, 53, 43];2783.0
7561.0;[43, 44, 30, 34, 31, 46, 55, 47, 53, 28, 29, 27, 24, 18, 19, 41, 22, 40, 20, 39, 13, 35, 6, 5, 48, 3, 4, 7, 12, 15, 16, 17, 52, 26, 25, 42, 50, 23, 21, 54, 49, 45, 1, 10, 32, 8, 36, 9, 37, 11, 38, 0, 33, 2, 14, 51];2374.0
6642.0;[16, 20, 40, 41, 50, 23, 22, 21, 18, 39, 13, 35, 7, 42, 54, 53, 43, 44, 28, 34, 3, 4, 5, 6, 32, 8, 36, 14, 33, 55, 47, 48, 1, 2, 17, 52, 0, 31, 29, 25, 24, 27, 45, 30, 46, 49, 26, 11, 19, 38, 10, 37, 9, 51, 12, 15];2755.0
7609.0;[48, 28, 53, 44, 30, 55, 31, 27, 43, 41, 22, 18, 39, 38, 32, 4, 6, 5, 47, 46, 40, 19, 20, 42, 21, 50, 23, 54, 49, 14, 51, 10, 37, 9, 11, 13, 35, 7, 12, 15, 16, 17, 45, 29, 26, 25, 24, 8, 36, 34, 1, 2, 33, 52, 0, 3];2756.0
7685.0;[11, 38, 40, 41, 49, 29, 27, 22, 20, 18, 39, 19, 42, 21, 50, 23, 54, 30, 46, 34, 1, 2, 0, 33, 10, 37, 9, 7, 32, 8, 36, 51, 14, 52, 3, 48, 31, 26, 25, 24, 17, 16, 15, 12, 13, 4, 35, 43, 44, 53, 28, 45, 55, 47, 5, 6];2788.0
7275.0;[48, 31, 47, 44, 28, 53, 43, 26, 25, 42, 21, 22, 50, 23, 24, 18, 39, 12, 15, 16, 17, 52, 27, 49, 29, 45, 30, 3, 4, 6, 7, 8, 32, 36, 9, 13, 35, 5, 2, 33, 14, 51, 10, 37, 11, 38, 19, 40, 20, 41, 54, 46, 55, 1, 0, 34];2363.0
6886.0;[0, 3, 4, 7, 6, 5, 47, 53, 43, 18, 39, 8, 32, 36, 9, 37, 11, 51, 14, 52, 45, 30, 34, 1, 2, 33, 13, 35, 48, 55, 31, 46, 20, 41, 21, 22, 50, 44, 28, 29, 26, 25, 42, 23, 54, 49, 27, 24, 40, 19, 38, 10, 12, 15, 16, 17];2658.0
7771.0;[27, 41, 21, 22, 19, 18, 39, 38, 32, 8, 36, 9, 37, 11, 12, 15, 16, 17, 49, 28, 53, 52, 14, 51, 10, 13, 35, 43, 44, 45, 30, 55, 1, 33, 2, 0, 25, 42, 50, 23, 24, 54, 29, 26, 20, 40, 7, 6, 48, 46, 34, 3, 4, 5, 47, 31];2722.0
7592.0;[18, 32, 8, 6, 5, 47, 46, 34, 1, 3, 48, 2, 14, 51, 10, 11, 19, 42, 21, 22, 41, 50, 20, 40, 37, 9, 36, 52, 26, 27, 49, 45, 53, 43, 44, 28, 0, 33, 17, 16, 15, 12, 13, 35, 4, 7, 39, 38, 25, 54, 30, 55, 31, 29, 23, 24];2488.0
7363.0;[23, 20, 40, 41, 21, 22, 18, 19, 39, 38, 11, 37, 9, 36, 10, 32, 8, 7, 24, 54, 53, 43, 44, 45, 30, 3, 31, 47, 28, 29, 46, 55, 34, 1, 13, 4, 6, 51, 12, 35, 5, 48, 2, 14, 52, 27, 49, 16, 15, 17, 0, 33, 26, 25, 42, 50];2500.0
7419.0;[39, 37, 36, 9, 10, 11, 38, 19, 20, 41, 22, 40, 18, 0, 55, 31, 48, 1, 3, 4, 7, 32, 8, 51, 52, 24, 50, 54, 26, 17, 16, 15, 12, 5, 6, 47, 44, 28, 53, 43, 29, 25, 42, 21, 23, 27, 33, 2, 13, 35, 14, 49, 45, 30, 46, 34];2647.0
7281.0;[10, 43, 44, 28, 30, 46, 55, 34, 16, 15, 37, 36, 9, 11, 19, 42, 21, 22, 40, 20, 18, 13, 35, 4, 32, 8, 7, 0, 47, 53, 41, 50, 23, 3, 48, 31, 25, 24, 38, 6, 5, 51, 14, 54, 27, 49, 45, 29, 26, 17, 52, 33, 1, 2, 12, 39];2984.0
7434.0;[49, 13, 35, 37, 9, 14, 0, 33, 1, 2, 25, 24, 42, 21, 22, 40, 20, 38, 55, 34, 48, 31, 3, 4, 7, 5, 6, 47, 45, 44, 28, 53, 43, 30, 46, 29, 52, 32, 8, 36, 12, 15, 16, 17, 26, 23, 50, 18, 39, 10, 51, 11, 19, 41, 54, 27];2608.0
7755.0;[43, 28, 11, 38, 19, 41, 22, 20, 40, 18, 13, 35, 5, 47, 44, 45, 29, 26, 0, 3, 48, 1, 2, 33, 34, 14, 12, 39, 37, 9, 51, 25, 42, 50, 23, 32, 8, 4, 6, 7, 36, 10, 15, 16, 17, 52, 24, 21, 54, 27, 49, 30, 46, 55, 31, 53];2678.0
7359.0;[25, 42, 21, 50, 23, 49, 44, 53, 43, 28, 20, 40, 19, 41, 22, 24, 54, 27, 47, 6, 5, 4, 7, 32, 36, 9, 37, 11, 15, 16, 55, 34, 1, 2, 52, 0, 33, 48, 31, 29, 45, 30, 46, 3, 8, 10, 51, 12, 13, 35, 38, 18, 39, 14, 17, 26];2588.0
7198.0;[45, 30, 21, 22, 40, 20, 37, 9, 8, 5, 47, 31, 46, 55, 13, 35, 7, 11, 19, 42, 41, 50, 23, 24, 54, 27, 29, 39, 38, 12, 14, 0, 33, 34, 1, 2, 52, 25, 18, 32, 36, 10, 51, 4, 6, 3, 48, 44, 28, 53, 26, 17, 15, 16, 49, 43];2810.0
7507.0;[46, 27, 22, 41, 40, 19, 18, 39, 14, 49, 53, 43, 28, 23, 20, 38, 11, 32, 36, 9, 37, 0, 33, 55, 34, 1, 2, 24, 54, 45, 44, 30, 3, 48, 31, 29, 26, 52, 13, 7, 35, 6, 4, 8, 10, 51, 12, 15, 17, 16, 25, 42, 21, 50, 47, 5];2879.0
6671.0;[16, 15, 13, 5, 6, 47, 31, 44, 28, 53, 18, 19, 39, 38, 51, 0, 1, 2, 33, 26, 52, 25, 20, 40, 41, 23, 27, 43, 30, 46, 29, 24, 42, 50, 54, 49, 14, 12, 36, 9, 37, 11, 21, 22, 45, 3, 4, 32, 8, 7, 35, 10, 55, 34, 48, 17];2868.0
7373.0;[47, 53, 43, 24, 18, 19, 20, 40, 42, 50, 54, 23, 22, 41, 21, 39, 38, 10, 14, 0, 31, 48, 33, 2, 17, 16, 52, 25, 49, 44, 28, 29, 26, 15, 12, 51, 37, 9, 11, 27, 45, 30, 46, 55, 34, 1, 3, 4, 6, 7, 32, 8, 36, 13, 35, 5];2467.0
7421.0;[31, 46, 29, 25, 42, 50, 54, 44, 53, 43, 28, 4, 6, 32, 8, 36, 9, 7, 51, 12, 39, 38, 10, 14, 52, 0, 33, 2, 17, 16, 15, 26, 49, 45, 27, 23, 24, 40, 20, 18, 37, 11, 19, 22, 41, 21, 30, 34, 1, 13, 35, 5, 47, 48, 3, 55];2529.0
7788.0;[9, 6, 5, 47, 44, 28, 53, 43, 45, 30, 29, 24, 54, 55, 3, 4, 7, 32, 8, 51, 10, 12, 15, 16, 17, 14, 13, 35, 48, 31, 46, 34, 1, 2, 40, 20, 39, 38, 37, 11, 41, 23, 27, 49, 0, 33, 52, 26, 25, 42, 21, 50, 22, 19, 18, 36];2553.0
7228.0;[13, 35, 42, 50, 23, 20, 18, 19, 41, 54, 49, 30, 31, 46, 0, 33, 55, 34, 1, 2, 47, 48, 3, 4, 8, 36, 37, 9, 11, 38, 40, 27, 43, 28, 53, 29, 26, 52, 17, 15, 16, 14, 12, 51, 10, 32, 7, 6, 5, 44, 45, 25, 24, 21, 22, 39];2709.0
7170.0;[39, 37, 36, 9, 11, 12, 15, 16, 17, 42, 22, 41, 50, 49, 45, 26, 25, 19, 18, 38, 0, 2, 14, 51, 32, 8, 7, 35, 10, 33, 55, 30, 46, 47, 53, 43, 44, 28, 29, 52, 13, 6, 48, 31, 34, 3, 4, 5, 1, 24, 40, 20, 21, 23, 54, 27];2787.0
7440.0;[51, 13, 35, 7, 12, 14, 45, 30, 46, 1, 3, 48, 2, 17, 16, 15, 32, 36, 9, 37, 11, 19, 42, 22, 40, 18, 39, 38, 5, 6, 47, 44, 28, 53, 43, 29, 23, 54, 49, 26, 52, 25, 24, 20, 41, 50, 21, 27, 0, 33, 55, 31, 34, 4, 8, 10];2515.0
7128.0;[13, 35, 7, 51, 10, 4, 6, 5, 53, 28, 29, 25, 24, 42, 22, 41, 21, 50, 54, 23, 45, 34, 3, 32, 8, 36, 37, 9, 11, 15, 16, 17, 26, 52, 27, 49, 43, 44, 30, 46, 55, 31, 47, 48, 1, 12, 39, 38, 14, 0, 2, 33, 40, 20, 18, 19];2438.0
7808.0;[5, 47, 21, 22, 41, 50, 23, 49, 29, 32, 8, 7, 35, 4, 6, 14, 25, 24, 39, 37, 11, 38, 19, 18, 36, 9, 51, 10, 12, 16, 15, 17, 40, 20, 42, 54, 27, 45, 30, 46, 31, 44, 28, 53, 43, 55, 34, 3, 48, 1, 2, 26, 52, 0, 33, 13];2548.0
7678.0;[13, 4, 6, 5, 47, 34, 1, 2, 24, 42, 21, 18, 35, 7, 32, 8, 36, 37, 9, 52, 26, 25, 54, 49, 45, 53, 28, 29, 51, 11, 38, 3, 48, 46, 27, 30, 55, 31, 23, 22, 41, 50, 43, 44, 14, 12, 15, 17, 16, 20, 40, 19, 39, 10, 0, 33];2847.0
7243.0;[18, 32, 8, 6, 4, 36, 9, 37, 5, 47, 53, 43, 44, 28, 55, 34, 41, 22, 19, 39, 10, 12, 15, 16, 17, 42, 21, 50, 23, 29, 14, 11, 38, 13, 35, 7, 51, 0, 2, 33, 1, 3, 48, 31, 26, 52, 25, 24, 54, 27, 49, 45, 30, 46, 20, 40];2680.0
7328.0;[45, 30, 46, 3, 6, 5, 2, 33, 53, 43, 44, 28, 13, 35, 4, 7, 24, 42, 21, 50, 22, 41, 23, 54, 55, 34, 1, 12, 15, 16, 17, 52, 0, 31, 47, 48, 39, 38, 10, 11, 19, 40, 20, 37, 9, 32, 8, 36, 14, 27, 49, 29, 26, 25, 18, 51];2804.0
7696.0;[39, 38, 44, 53, 43, 28, 29, 16, 17, 15, 14, 12, 36, 9, 37, 11, 19, 20, 40, 22, 41, 54, 45, 30, 3, 4, 7, 32, 8, 13, 35, 10, 51, 0, 33, 55, 2, 52, 26, 25, 24, 42, 21, 50, 47, 6, 5, 48, 27, 23, 49, 46, 31, 34, 1, 18];2739.0
7219.0;[27, 43, 28, 53, 23, 21, 22, 40, 41, 54, 49, 29, 55, 31, 47, 6, 36, 9, 37, 11, 32, 8, 42, 50, 45, 44, 30, 46, 34, 1, 2, 33, 26, 25, 20, 19, 18, 39, 38, 15, 16, 17, 0, 14, 12, 13, 35, 5, 48, 3, 4, 7, 10, 51, 52, 24];2466.0
7478.0;[52, 20, 41, 40, 39, 11, 10, 51, 13, 35, 5, 47, 28, 53, 43, 48, 4, 7, 19, 18, 38, 14, 26, 25, 24, 29, 0, 33, 31, 46, 23, 42, 21, 22, 50, 54, 27, 49, 45, 34, 3, 6, 32, 8, 36, 9, 37, 12, 15, 17, 16, 44, 30, 55, 2, 1];2863.0
7609.0;[15, 12, 38, 19, 40, 22, 41, 50, 39, 37, 9, 45, 30, 46, 31, 29, 27, 49, 26, 52, 25, 24, 18, 13, 5, 6, 32, 36, 11, 20, 42, 54, 47, 48, 4, 7, 35, 8, 10, 51, 14, 17, 0, 2, 33, 55, 34, 1, 3, 28, 53, 43, 44, 21, 23, 16];2947.0
6944.0;[20, 42, 22, 37, 9, 19, 41, 21, 50, 54, 27, 23, 49, 43, 44, 53, 28, 45, 30, 29, 52, 55, 31, 46, 34, 14, 10, 11, 38, 13, 35, 7, 51, 0, 2, 33, 1, 3, 48, 4, 5, 47, 6, 32, 8, 36, 26, 25, 24, 18, 39, 12, 15, 16, 17, 40];2528.0
7629.0;[4, 6, 5, 47, 31, 55, 28, 53, 44, 52, 14, 51, 12, 15, 16, 17, 26, 25, 54, 27, 49, 43, 45, 30, 46, 34, 1, 3, 48, 29, 41, 21, 22, 40, 20, 39, 37, 32, 8, 36, 9, 13, 35, 7, 11, 19, 18, 38, 10, 0, 33, 2, 42, 50, 23, 24];2485.0
7775.0;[48, 23, 24, 25, 42, 22, 40, 20, 39, 37, 9, 11, 38, 19, 18, 10, 51, 8, 32, 36, 14, 0, 55, 47, 45, 44, 28, 29, 16, 12, 35, 6, 4, 7, 15, 17, 33, 34, 31, 46, 1, 52, 26, 27, 53, 43, 41, 21, 50, 54, 49, 30, 2, 13, 5, 3];2758.0
7279.0;[11, 19, 20, 40, 41, 50, 54, 45, 55, 32, 36, 9, 8, 7, 35, 4, 10, 51, 25, 27, 44, 53, 28, 29, 49, 43, 30, 34, 3, 6, 12, 0, 33, 1, 2, 17, 15, 16, 26, 52, 14, 13, 5, 47, 48, 31, 46, 23, 24, 18, 39, 38, 42, 21, 22, 37];2737.0
7657.0;[47, 6, 5, 48, 46, 29, 24, 42, 22, 20, 40, 41, 50, 23, 38, 37, 9, 15, 16, 0, 33, 1, 2, 26, 25, 21, 54, 27, 18, 51, 13, 35, 7, 8, 12, 17, 49, 45, 30, 34, 3, 4, 10, 14, 44, 53, 43, 28, 52, 32, 36, 11, 19, 39, 55, 31];2841.0
7497.0;[45, 30, 55, 34, 1, 17, 25, 42, 22, 40, 41, 28, 53, 29, 52, 0, 33, 2, 32, 8, 36, 11, 12, 39, 37, 9, 4, 6, 5, 31, 47, 48, 3, 46, 23, 24, 21, 49, 26, 18, 20, 43, 44, 14, 13, 35, 7, 10, 51, 16, 15, 38, 19, 50, 54, 27];2889.0
6787.0;[13, 35, 7, 10, 32, 8, 6, 31, 46, 0, 33, 17, 15, 16, 12, 37, 36, 9, 14, 26, 43, 28, 53, 44, 30, 3, 4, 5, 47, 48, 1, 2, 52, 25, 24, 54, 27, 49, 45, 29, 23, 22, 40, 41, 50, 55, 34, 39, 38, 11, 51, 42, 21, 19, 20, 18];2731.0
7233.0;[26, 25, 42, 50, 39, 38, 37, 36, 9, 8, 32, 7, 4, 6, 5, 47, 44, 45, 28, 53, 20, 40, 41, 54, 30, 34, 13, 35, 27, 49, 43, 23, 24, 21, 22, 19, 18, 11, 51, 10, 14, 0, 33, 1, 3, 48, 2, 55, 31, 46, 29, 52, 17, 16, 12, 15];2553.0
7753.0;[46, 31, 47, 6, 5, 32, 36, 37, 9, 10, 51, 33, 2, 14, 12, 16, 15, 0, 55, 34, 44, 53, 43, 28, 26, 17, 52, 18, 39, 38, 25, 54, 45, 1, 13, 35, 7, 42, 50, 27, 30, 3, 48, 4, 8, 11, 19, 20, 23, 49, 29, 24, 21, 22, 40, 41];2997.0
7767.0;[26, 24, 42, 50, 23, 21, 22, 40, 41, 54, 28, 53, 43, 44, 45, 30, 46, 4, 32, 8, 12, 15, 16, 17, 25, 20, 19, 18, 39, 10, 51, 14, 1, 48, 3, 6, 5, 47, 2, 13, 35, 7, 36, 11, 38, 37, 9, 55, 34, 31, 29, 27, 49, 0, 33, 52];2376.0
7632.0;[18, 37, 7, 6, 4, 0, 33, 55, 34, 1, 2, 10, 11, 38, 19, 40, 41, 50, 23, 39, 32, 8, 36, 9, 25, 24, 42, 22, 21, 16, 17, 52, 54, 45, 44, 30, 46, 3, 5, 48, 31, 47, 28, 53, 15, 12, 13, 35, 51, 14, 26, 29, 27, 49, 43, 20];2904.0
7629.0;[45, 30, 4, 32, 36, 10, 12, 42, 22, 19, 18, 11, 37, 9, 49, 43, 28, 29, 52, 26, 0, 33, 46, 55, 31, 48, 2, 25, 24, 39, 51, 13, 35, 6, 5, 47, 44, 53, 41, 50, 23, 54, 21, 40, 20, 38, 14, 34, 1, 3, 7, 8, 15, 16, 17, 27];2881.0
7959.0;[33, 42, 21, 49, 45, 44, 30, 46, 31, 47, 3, 5, 6, 11, 38, 19, 41, 22, 50, 23, 20, 40, 18, 13, 35, 4, 36, 9, 37, 8, 7, 32, 10, 0, 55, 48, 1, 17, 54, 27, 16, 15, 12, 39, 51, 14, 53, 43, 28, 29, 52, 26, 25, 24, 34, 2];2843.0
7016.0;[20, 41, 45, 30, 55, 31, 47, 6, 5, 46, 34, 48, 3, 4, 7, 32, 8, 27, 49, 44, 28, 53, 43, 22, 40, 18, 19, 42, 21, 50, 23, 24, 39, 51, 13, 35, 11, 38, 37, 36, 9, 10, 12, 15, 16, 54, 29, 52, 17, 14, 0, 33, 1, 2, 26, 25];2454.0
7758.0;[8, 36, 11, 38, 19, 22, 41, 50, 54, 43, 53, 44, 28, 30, 46, 13, 35, 6, 4, 5, 48, 3, 7, 51, 12, 15, 24, 42, 21, 23, 45, 34, 1, 2, 33, 25, 27, 55, 31, 47, 52, 17, 16, 39, 18, 20, 40, 49, 29, 26, 0, 14, 37, 9, 10, 32];2687.0
7130.0;[4, 6, 5, 3, 48, 1, 24, 42, 22, 40, 18, 39, 38, 15, 16, 14, 10, 11, 37, 36, 9, 51, 12, 19, 50, 23, 54, 49, 29, 17, 26, 52, 0, 33, 47, 53, 44, 30, 55, 31, 46, 25, 20, 41, 21, 27, 43, 28, 45, 34, 2, 13, 35, 32, 8, 7];2451.0
8101.0;[29, 25, 42, 21, 22, 41, 40, 19, 18, 32, 8, 36, 9, 37, 13, 35, 47, 53, 43, 44, 23, 24, 20, 39, 38, 50, 54, 55, 4, 6, 5, 48, 3, 31, 45, 30, 34, 14, 15, 12, 7, 11, 10, 51, 27, 49, 28, 26, 0, 33, 17, 16, 52, 1, 2, 46];2897.0
7475.0;[19, 20, 40, 21, 24, 42, 22, 41, 50, 23, 43, 44, 28, 53, 18, 39, 12, 15, 16, 0, 31, 47, 46, 55, 34, 48, 3, 4, 11, 38, 6, 5, 8, 36, 51, 13, 35, 27, 49, 32, 7, 10, 14, 25, 54, 45, 30, 29, 17, 26, 52, 33, 1, 2, 37, 9];2809.0
7881.0;[26, 42, 21, 54, 49, 43, 28, 29, 0, 3, 48, 47, 55, 31, 46, 22, 41, 50, 23, 24, 27, 45, 34, 2, 16, 15, 14, 10, 51, 12, 39, 38, 37, 36, 9, 11, 13, 35, 7, 32, 8, 25, 40, 20, 18, 19, 4, 6, 5, 53, 44, 30, 1, 33, 52, 17];2659.0
7558.0;[43, 53, 44, 28, 20, 42, 21, 22, 41, 50, 23, 54, 30, 46, 31, 47, 5, 6, 4, 7, 14, 25, 24, 45, 34, 1, 33, 55, 48, 3, 37, 36, 9, 10, 51, 32, 8, 12, 39, 38, 11, 40, 19, 18, 13, 35, 29, 49, 0, 2, 17, 15, 16, 52, 26, 27];2635.0
6951.0;[5, 47, 3, 48, 31, 49, 43, 28, 45, 55, 13, 35, 4, 6, 7, 8, 10, 0, 33, 39, 37, 9, 27, 30, 46, 34, 1, 2, 14, 12, 15, 16, 17, 25, 20, 21, 50, 22, 41, 54, 44, 53, 29, 24, 42, 23, 32, 36, 11, 38, 51, 52, 26, 40, 19, 18];2862.0
7222.0;[26, 21, 22, 41, 54, 27, 23, 40, 20, 39, 37, 9, 11, 38, 19, 18, 32, 8, 36, 10, 12, 15, 16, 17, 49, 53, 43, 44, 28, 25, 24, 42, 50, 45, 30, 55, 34, 1, 7, 4, 0, 33, 2, 13, 35, 5, 6, 47, 48, 3, 31, 46, 29, 52, 51, 14];2447.0
7718.0;[18, 39, 38, 37, 9, 11, 10, 13, 35, 5, 46, 34, 1, 48, 2, 33, 55, 3, 6, 4, 7, 12, 15, 25, 54, 29, 16, 17, 0, 44, 53, 43, 24, 20, 40, 19, 32, 8, 36, 45, 30, 31, 47, 28, 27, 49, 26, 52, 14, 51, 42, 23, 21, 22, 41, 50];2824.0
7535.0;[32, 7, 5, 47, 48, 8, 36, 9, 37, 15, 16, 12, 13, 35, 10, 14, 17, 52, 54, 28, 53, 23, 24, 18, 19, 39, 51, 0, 33, 2, 26, 27, 43, 44, 30, 55, 31, 29, 49, 45, 34, 1, 3, 4, 6, 46, 25, 20, 40, 42, 22, 21, 41, 50, 38, 11];2766.0
6893.0;[1, 13, 35, 6, 5, 47, 3, 48, 55, 31, 44, 53, 43, 28, 25, 42, 50, 23, 54, 49, 30, 46, 29, 21, 41, 22, 40, 20, 19, 18, 10, 51, 26, 27, 45, 4, 32, 8, 36, 7, 14, 52, 0, 33, 2, 24, 39, 37, 9, 11, 38, 12, 15, 17, 16, 34];2504.0
6753.0;[34, 1, 2, 33, 42, 22, 40, 19, 20, 37, 9, 0, 55, 31, 47, 48, 3, 7, 35, 8, 51, 14, 52, 41, 21, 50, 23, 53, 43, 28, 26, 17, 16, 15, 32, 36, 12, 39, 18, 38, 11, 10, 13, 4, 6, 5, 29, 49, 27, 45, 44, 30, 46, 25, 24, 54];2776.0
7400.0;[12, 51, 13, 35, 8, 7, 4, 6, 5, 47, 28, 53, 43, 44, 30, 3, 48, 29, 22, 41, 21, 40, 32, 36, 11, 19, 42, 50, 23, 24, 18, 38, 31, 46, 34, 37, 9, 10, 25, 54, 27, 49, 45, 55, 1, 2, 16, 15, 17, 52, 26, 20, 39, 14, 0, 33];2764.0
7171.0;[3, 6, 4, 7, 11, 21, 22, 40, 20, 41, 50, 54, 49, 29, 26, 17, 16, 15, 10, 32, 8, 36, 9, 0, 47, 53, 43, 44, 28, 25, 39, 38, 37, 51, 52, 27, 23, 24, 18, 19, 42, 45, 30, 55, 31, 46, 34, 14, 12, 13, 35, 5, 48, 1, 2, 33];2593.0
6835.0;[13, 35, 8, 36, 9, 11, 19, 20, 41, 23, 54, 44, 28, 29, 25, 42, 50, 18, 39, 32, 5, 6, 47, 31, 48, 3, 4, 7, 10, 51, 52, 49, 43, 53, 17, 16, 15, 12, 14, 0, 55, 34, 33, 26, 24, 21, 22, 40, 38, 37, 27, 45, 30, 46, 1, 2];2620.0
7512.0;[39, 37, 36, 9, 8, 4, 5, 6, 47, 48, 3, 1, 0, 33, 2, 14, 13, 35, 7, 32, 11, 19, 41, 49, 43, 53, 44, 28, 29, 26, 25, 42, 54, 16, 12, 15, 17, 24, 18, 38, 51, 10, 52, 27, 45, 30, 31, 46, 55, 34, 23, 21, 50, 22, 40, 20];2568.0
7743.0;[37, 9, 8, 35, 4, 6, 7, 32, 36, 33, 55, 34, 1, 2, 17, 16, 15, 13, 5, 47, 3, 48, 31, 23, 24, 54, 45, 30, 46, 12, 39, 11, 38, 51, 10, 14, 44, 53, 43, 28, 29, 52, 0, 27, 49, 26, 25, 42, 21, 40, 20, 18, 19, 41, 50, 22];2639.0
7257.0;[40, 21, 34, 3, 4, 6, 37, 11, 19, 20, 41, 50, 54, 45, 55, 31, 48, 52, 26, 25, 42, 22, 23, 27, 29, 17, 16, 12, 15, 13, 35, 5, 47, 53, 43, 44, 30, 46, 1, 2, 0, 33, 14, 32, 7, 8, 36, 9, 24, 49, 28, 18, 10, 51, 39, 38];2908.0
7909.0;[47, 6, 4, 10, 51, 32, 36, 37, 9, 11, 38, 40, 41, 21, 45, 46, 34, 48, 3, 7, 8, 5, 31, 23, 22, 50, 54, 28, 29, 25, 18, 19, 20, 24, 42, 49, 26, 52, 55, 1, 12, 39, 14, 0, 2, 33, 13, 35, 15, 16, 17, 27, 43, 44, 53, 30];2952.0
6882.0;[8, 14, 33, 55, 47, 31, 46, 27, 23, 21, 22, 54, 45, 30, 2, 52, 25, 20, 41, 49, 53, 44, 26, 40, 19, 51, 13, 35, 4, 6, 5, 48, 3, 7, 10, 12, 0, 34, 1, 37, 36, 9, 15, 16, 17, 24, 42, 50, 43, 28, 29, 18, 39, 38, 11, 32];2802.0
7820.0;[19, 20, 40, 41, 21, 22, 44, 45, 28, 53, 43, 29, 17, 16, 15, 24, 25, 42, 50, 23, 54, 30, 13, 35, 5, 6, 47, 3, 4, 37, 9, 14, 34, 48, 1, 2, 33, 52, 26, 0, 46, 55, 31, 27, 49, 12, 51, 11, 38, 18, 39, 10, 32, 7, 8, 36];2688.0
8077.0;[11, 19, 20, 40, 49, 53, 43, 30, 46, 3, 4, 6, 5, 47, 55, 34, 1, 33, 2, 13, 35, 12, 39, 38, 51, 14, 15, 16, 17, 52, 26, 25, 24, 54, 27, 21, 22, 41, 23, 18, 10, 32, 8, 36, 9, 37, 0, 31, 44, 28, 29, 42, 50, 45, 48, 7];2569.0
7482.0;[14, 43, 44, 53, 28, 29, 45, 30, 46, 17, 15, 16, 12, 51, 32, 8, 36, 13, 35, 7, 19, 20, 18, 39, 11, 38, 33, 34, 48, 1, 26, 25, 42, 21, 50, 3, 5, 2, 24, 40, 22, 41, 54, 27, 23, 49, 52, 0, 55, 31, 47, 6, 4, 37, 9, 10];2843.0
6849.0;[42, 22, 18, 38, 19, 20, 21, 54, 45, 34, 48, 3, 4, 5, 6, 36, 9, 37, 11, 10, 51, 32, 8, 7, 31, 47, 53, 28, 29, 49, 26, 13, 35, 15, 16, 25, 40, 41, 50, 23, 24, 39, 12, 27, 43, 44, 30, 46, 55, 1, 2, 14, 17, 52, 0, 33];2715.0
7838.0;[15, 51, 8, 7, 4, 6, 5, 47, 44, 28, 29, 3, 48, 26, 25, 27, 45, 53, 30, 34, 1, 14, 52, 0, 33, 31, 46, 55, 2, 13, 35, 12, 39, 19, 20, 42, 21, 54, 43, 22, 41, 23, 24, 18, 38, 37, 10, 32, 36, 9, 11, 40, 50, 49, 16, 17];2676.0
7145.0;[27, 49, 43, 30, 46, 55, 1, 3, 6, 5, 47, 31, 48, 4, 8, 36, 9, 37, 0, 2, 33, 25, 42, 21, 54, 45, 34, 17, 15, 16, 13, 35, 7, 32, 12, 14, 44, 28, 53, 29, 52, 26, 50, 23, 24, 20, 18, 19, 40, 41, 22, 39, 38, 11, 10, 51];2596.0
7476.0;[42, 50, 54, 45, 34, 3, 48, 1, 2, 52, 49, 43, 44, 30, 46, 29, 20, 40, 36, 9, 12, 15, 17, 16, 14, 13, 35, 4, 6, 5, 47, 53, 22, 19, 38, 37, 11, 41, 21, 28, 26, 25, 39, 0, 33, 55, 31, 27, 23, 24, 18, 10, 51, 32, 8, 7];2932.0
7614.0;[33, 18, 39, 37, 9, 32, 36, 8, 7, 35, 12, 25, 24, 42, 21, 50, 22, 41, 23, 27, 4, 5, 48, 3, 17, 16, 15, 13, 6, 47, 53, 44, 29, 26, 52, 14, 51, 10, 11, 38, 19, 20, 40, 54, 43, 28, 45, 30, 46, 49, 0, 55, 31, 34, 1, 2];2646.0
8086.0;[23, 18, 39, 38, 13, 35, 47, 53, 44, 17, 15, 16, 12, 10, 51, 32, 8, 36, 9, 37, 11, 14, 49, 45, 29, 26, 25, 24, 30, 34, 2, 42, 21, 22, 19, 33, 55, 31, 46, 27, 43, 28, 52, 0, 3, 4, 7, 6, 5, 48, 1, 40, 20, 41, 50, 54];2845.0
7626.0;[19, 20, 40, 50, 53, 43, 22, 41, 21, 17, 16, 15, 13, 6, 5, 36, 9, 8, 7, 10, 14, 0, 31, 47, 48, 3, 4, 12, 39, 38, 37, 11, 51, 33, 55, 34, 1, 35, 32, 52, 42, 23, 54, 27, 25, 24, 30, 46, 2, 26, 49, 45, 44, 28, 29, 18];2905.0
7351.0;[25, 20, 41, 21, 50, 24, 39, 6, 5, 47, 48, 32, 36, 9, 12, 15, 16, 27, 43, 44, 28, 53, 23, 42, 22, 40, 18, 38, 10, 37, 11, 19, 54, 30, 46, 1, 3, 4, 7, 51, 14, 52, 0, 33, 2, 55, 34, 31, 29, 26, 17, 13, 35, 8, 49, 45];2810.0
7764.0;[9, 11, 10, 14, 0, 2, 17, 42, 50, 54, 27, 16, 15, 12, 35, 4, 7, 32, 8, 36, 51, 13, 6, 5, 47, 53, 43, 44, 28, 29, 23, 22, 41, 21, 20, 40, 19, 39, 38, 52, 26, 49, 45, 30, 1, 33, 55, 34, 48, 3, 31, 46, 25, 24, 18, 37];2394.0
7446.0;[25, 20, 40, 41, 21, 22, 19, 39, 5, 6, 47, 53, 28, 43, 44, 48, 3, 4, 7, 37, 11, 38, 27, 49, 45, 30, 31, 46, 55, 34, 1, 16, 15, 12, 10, 32, 8, 51, 52, 42, 50, 23, 54, 29, 0, 2, 33, 24, 18, 13, 35, 36, 9, 14, 17, 26];2683.0
7220.0;[40, 21, 50, 22, 41, 53, 43, 44, 28, 29, 26, 52, 15, 16, 17, 55, 34, 48, 47, 1, 33, 3, 4, 5, 6, 36, 37, 9, 12, 14, 45, 30, 2, 39, 38, 10, 32, 8, 51, 0, 31, 46, 25, 42, 54, 27, 49, 23, 24, 20, 18, 13, 7, 35, 11, 19];2783.0
7075.0;[48, 20, 19, 40, 41, 50, 49, 44, 53, 43, 28, 18, 39, 11, 38, 10, 13, 35, 6, 47, 31, 46, 1, 25, 24, 54, 45, 30, 55, 34, 4, 32, 8, 36, 21, 23, 27, 17, 16, 15, 0, 33, 2, 14, 12, 37, 9, 42, 22, 29, 26, 52, 51, 7, 5, 3];2984.0
7807.0;[11, 18, 19, 41, 21, 22, 40, 20, 42, 50, 23, 43, 44, 26, 52, 17, 15, 16, 0, 25, 54, 30, 46, 55, 27, 29, 49, 45, 34, 1, 2, 33, 53, 28, 24, 39, 38, 35, 6, 5, 32, 8, 36, 9, 37, 10, 51, 12, 14, 13, 47, 48, 31, 3, 4, 7];2674.0
7202.0;[37, 36, 9, 11, 19, 20, 41, 21, 50, 23, 32, 8, 7, 47, 28, 53, 43, 44, 29, 49, 26, 52, 0, 33, 17, 16, 15, 12, 13, 35, 4, 6, 5, 48, 31, 55, 46, 34, 3, 1, 2, 42, 22, 40, 39, 51, 25, 24, 18, 38, 14, 54, 27, 45, 30, 10];2590.0
6888.0;[31, 45, 44, 30, 46, 55, 47, 28, 53, 43, 29, 16, 17, 15, 12, 51, 14, 0, 33, 32, 36, 37, 9, 6, 5, 48, 2, 52, 26, 27, 49, 34, 4, 7, 8, 11, 38, 13, 35, 25, 20, 40, 41, 50, 54, 23, 24, 42, 21, 22, 19, 39, 18, 10, 1, 3];2760.0
7243.0;[9, 33, 47, 44, 53, 43, 28, 45, 30, 46, 55, 34, 31, 3, 7, 4, 6, 5, 48, 1, 2, 12, 39, 37, 11, 38, 18, 19, 20, 40, 22, 41, 21, 23, 54, 29, 0, 13, 35, 8, 10, 14, 42, 50, 49, 16, 15, 17, 26, 52, 25, 24, 27, 51, 32, 36];2513.0
7379.0;[47, 28, 53, 43, 44, 26, 32, 8, 36, 11, 38, 19, 18, 39, 37, 9, 5, 6, 4, 51, 14, 25, 42, 22, 41, 24, 20, 40, 21, 50, 23, 54, 55, 34, 1, 3, 29, 49, 12, 13, 35, 7, 10, 15, 17, 16, 0, 33, 2, 52, 27, 45, 30, 46, 48, 31];2447.0
7172.0;[22, 41, 21, 50, 54, 27, 23, 18, 6, 5, 48, 3, 1, 13, 35, 4, 32, 8, 36, 11, 38, 37, 9, 7, 51, 10, 33, 55, 29, 49, 43, 53, 24, 42, 30, 34, 31, 47, 46, 45, 44, 28, 26, 0, 2, 39, 19, 40, 20, 12, 15, 16, 17, 14, 52, 25];2731.0
7573.0;[44, 28, 53, 43, 45, 30, 46, 48, 31, 29, 27, 20, 18, 39, 15, 16, 17, 3, 5, 6, 4, 11, 19, 41, 22, 40, 37, 36, 9, 25, 54, 49, 55, 34, 1, 26, 42, 21, 50, 23, 24, 38, 51, 12, 14, 52, 10, 32, 8, 7, 13, 35, 0, 33, 2, 47];2777.0
7269.0;[49, 43, 28, 53, 44, 30, 46, 55, 34, 1, 2, 32, 8, 7, 52, 26, 27, 23, 24, 42, 22, 50, 18, 38, 14, 25, 20, 40, 39, 13, 35, 36, 9, 21, 54, 29, 0, 33, 37, 11, 19, 41, 45, 31, 48, 17, 16, 15, 12, 6, 4, 5, 47, 3, 10, 51];3054.0
7325.0;[13, 35, 32, 8, 36, 9, 11, 37, 7, 6, 48, 3, 31, 46, 26, 25, 18, 39, 19, 20, 41, 40, 38, 10, 51, 12, 15, 16, 17, 52, 53, 43, 44, 23, 24, 54, 55, 1, 4, 5, 47, 0, 33, 42, 21, 22, 50, 49, 28, 29, 27, 45, 30, 34, 2, 14];2705.0
7127.0;[25, 42, 50, 38, 51, 13, 35, 6, 4, 5, 48, 1, 17, 15, 16, 52, 26, 24, 54, 43, 28, 45, 53, 44, 30, 3, 32, 8, 36, 9, 33, 2, 34, 31, 55, 47, 46, 22, 41, 21, 23, 27, 49, 29, 12, 39, 19, 40, 20, 18, 37, 11, 10, 7, 14, 0];2724.0
7415.0;[37, 51, 15, 16, 0, 55, 34, 1, 3, 4, 5, 6, 47, 44, 28, 17, 14, 13, 35, 7, 10, 42, 50, 54, 33, 2, 52, 49, 45, 53, 43, 22, 20, 40, 41, 23, 27, 30, 46, 31, 48, 12, 39, 11, 38, 19, 21, 29, 26, 25, 24, 18, 32, 8, 36, 9];2668.0
7338.0;[22, 21, 23, 54, 49, 31, 47, 44, 53, 43, 28, 25, 18, 19, 39, 10, 14, 0, 2, 33, 52, 17, 16, 15, 12, 51, 13, 35, 6, 4, 5, 48, 46, 55, 3, 7, 32, 8, 36, 9, 37, 11, 38, 20, 40, 41, 27, 45, 30, 34, 1, 42, 50, 29, 26, 24];2435.0
7356.0;[52, 45, 30, 29, 27, 28, 53, 43, 44, 24, 42, 21, 22, 19, 18, 0, 55, 34, 1, 2, 33, 3, 48, 20, 40, 41, 50, 23, 54, 49, 46, 31, 47, 5, 6, 10, 15, 17, 16, 12, 38, 11, 32, 36, 51, 14, 26, 25, 39, 37, 9, 13, 35, 4, 7, 8];2628.0
7504.0;[39, 4, 5, 6, 47, 48, 46, 29, 26, 33, 2, 13, 35, 36, 37, 9, 11, 42, 21, 44, 28, 53, 30, 55, 31, 22, 41, 40, 20, 18, 19, 54, 27, 49, 43, 45, 34, 1, 50, 23, 38, 12, 15, 16, 17, 14, 51, 10, 7, 52, 0, 3, 32, 8, 25, 24];3059.0
6851.0;[0, 33, 29, 43, 53, 44, 28, 23, 54, 34, 6, 5, 47, 55, 31, 48, 3, 32, 8, 7, 42, 50, 27, 49, 45, 30, 46, 1, 2, 14, 12, 39, 38, 11, 13, 35, 4, 51, 16, 15, 17, 52, 26, 25, 24, 20, 40, 22, 41, 21, 19, 18, 10, 36, 37, 9];2520.0
7192.0;[24, 39, 5, 6, 47, 3, 48, 31, 45, 44, 53, 43, 30, 46, 34, 55, 1, 2, 14, 7, 32, 8, 36, 9, 37, 10, 11, 19, 18, 41, 21, 22, 20, 40, 54, 49, 28, 29, 27, 23, 38, 51, 26, 52, 17, 16, 15, 12, 13, 35, 4, 0, 33, 25, 42, 50];2576.0
7425.0;[44, 53, 30, 47, 5, 6, 4, 37, 11, 38, 19, 20, 40, 18, 13, 35, 8, 7, 1, 3, 48, 31, 46, 24, 42, 22, 41, 27, 28, 45, 34, 2, 26, 25, 21, 50, 39, 10, 32, 36, 9, 17, 16, 15, 12, 51, 14, 52, 0, 33, 55, 29, 23, 54, 49, 43];2658.0
7809.0;[4, 5, 6, 47, 48, 2, 33, 55, 31, 44, 28, 26, 17, 15, 16, 52, 27, 43, 53, 24, 18, 39, 37, 9, 11, 19, 20, 40, 38, 10, 32, 8, 36, 51, 12, 25, 42, 21, 50, 22, 41, 54, 45, 30, 34, 46, 29, 23, 49, 13, 35, 7, 14, 0, 1, 3];2551.0
7399.0;[40, 41, 45, 3, 48, 4, 13, 35, 6, 5, 7, 18, 19, 20, 21, 54, 30, 46, 55, 31, 47, 44, 53, 43, 28, 52, 10, 51, 14, 0, 2, 12, 39, 32, 8, 36, 11, 38, 37, 9, 26, 27, 49, 15, 16, 17, 33, 34, 1, 24, 42, 22, 50, 23, 29, 25];2823.0
8149.0;[42, 22, 41, 21, 50, 44, 28, 46, 48, 31, 49, 45, 29, 26, 23, 54, 27, 30, 3, 4, 8, 36, 6, 5, 47, 53, 43, 17, 16, 15, 12, 14, 0, 55, 34, 1, 25, 24, 18, 37, 9, 19, 20, 40, 33, 2, 13, 35, 7, 39, 38, 11, 10, 32, 51, 52];2886.0
7571.0;[35, 5, 48, 29, 42, 21, 41, 50, 23, 54, 44, 28, 53, 43, 30, 46, 31, 47, 6, 37, 9, 11, 38, 26, 25, 24, 22, 40, 20, 10, 32, 8, 36, 19, 18, 39, 0, 33, 34, 1, 3, 4, 7, 51, 14, 12, 15, 16, 17, 52, 27, 49, 45, 55, 2, 13];2455.0
8547.0;[23, 31, 47, 44, 28, 29, 45, 30, 46, 48, 3, 6, 5, 53, 43, 26, 25, 24, 27, 49, 52, 51, 32, 8, 36, 9, 11, 38, 40, 54, 16, 17, 15, 12, 39, 37, 10, 42, 22, 20, 18, 19, 41, 21, 0, 33, 55, 34, 1, 2, 14, 13, 35, 4, 7, 50];2893.0
6907.0;[25, 42, 22, 41, 50, 23, 54, 29, 26, 24, 20, 18, 39, 38, 10, 11, 19, 40, 21, 27, 53, 43, 28, 31, 47, 48, 17, 16, 15, 13, 35, 4, 6, 5, 44, 30, 46, 3, 32, 7, 8, 14, 0, 55, 34, 33, 52, 49, 45, 1, 2, 12, 37, 36, 9, 51];2673.0
7306.0;[40, 21, 22, 41, 54, 28, 53, 43, 17, 16, 15, 12, 37, 36, 9, 11, 38, 51, 34, 3, 31, 48, 1, 2, 46, 29, 49, 30, 55, 47, 45, 44, 52, 13, 35, 5, 6, 4, 32, 8, 7, 10, 14, 0, 33, 26, 27, 23, 24, 42, 50, 25, 18, 39, 19, 20];2485.0
7313.0;[10, 0, 31, 47, 5, 6, 32, 36, 9, 37, 26, 43, 28, 53, 22, 40, 19, 18, 39, 14, 33, 1, 2, 46, 55, 34, 48, 3, 4, 8, 7, 52, 49, 45, 30, 44, 29, 25, 42, 21, 50, 54, 27, 24, 20, 41, 23, 17, 15, 16, 12, 51, 13, 35, 11, 38];2740.0
7750.0;[0, 33, 25, 19, 20, 40, 41, 21, 23, 54, 27, 29, 17, 15, 16, 13, 35, 47, 46, 26, 52, 1, 3, 48, 31, 55, 34, 2, 24, 42, 50, 18, 37, 32, 8, 4, 5, 6, 7, 11, 38, 51, 14, 49, 45, 30, 36, 9, 12, 43, 28, 44, 53, 22, 39, 10];2967.0
6684.0;[5, 6, 10, 11, 19, 18, 39, 38, 32, 7, 8, 36, 9, 37, 15, 16, 12, 13, 4, 35, 51, 17, 52, 25, 54, 24, 20, 40, 14, 33, 1, 2, 31, 45, 30, 46, 34, 3, 48, 28, 53, 43, 44, 42, 50, 23, 21, 22, 41, 27, 49, 29, 26, 0, 55, 47];2633.0
7600.0;[40, 19, 22, 41, 21, 50, 23, 54, 43, 28, 45, 44, 53, 24, 20, 42, 49, 30, 46, 2, 17, 16, 15, 12, 13, 35, 5, 6, 7, 52, 26, 25, 18, 39, 38, 0, 55, 31, 47, 48, 3, 4, 10, 51, 14, 27, 29, 33, 32, 8, 36, 34, 1, 9, 37, 11];2790.0
6558.0;[38, 37, 9, 13, 35, 32, 8, 36, 7, 10, 12, 15, 17, 16, 0, 33, 31, 47, 28, 45, 55, 34, 1, 4, 5, 6, 3, 48, 2, 14, 52, 26, 43, 44, 53, 30, 46, 29, 23, 24, 18, 39, 11, 51, 25, 54, 27, 49, 42, 21, 41, 50, 22, 40, 20, 19];2426.0
8149.0;[49, 53, 43, 44, 28, 24, 20, 40, 42, 21, 50, 22, 41, 18, 38, 10, 11, 19, 39, 55, 34, 1, 3, 48, 13, 35, 32, 8, 7, 4, 5, 6, 51, 12, 14, 0, 33, 2, 16, 15, 17, 26, 25, 54, 45, 30, 47, 31, 37, 36, 9, 52, 46, 29, 23, 27];2641.0
6713.0;[27, 49, 25, 54, 45, 29, 52, 33, 34, 48, 3, 4, 6, 5, 47, 31, 30, 46, 55, 1, 26, 40, 19, 20, 18, 38, 15, 16, 0, 2, 14, 17, 42, 23, 24, 32, 8, 7, 36, 9, 11, 37, 10, 51, 12, 39, 13, 35, 44, 53, 43, 28, 22, 41, 21, 50];2705.0
7583.0;[25, 50, 23, 24, 54, 45, 30, 26, 42, 22, 41, 21, 27, 49, 3, 4, 8, 32, 36, 9, 11, 38, 14, 55, 31, 46, 34, 48, 47, 1, 2, 52, 20, 40, 19, 18, 39, 37, 10, 51, 13, 35, 7, 12, 15, 16, 17, 0, 33, 6, 5, 53, 43, 28, 44, 29];2584.0
7310.0;[42, 22, 39, 38, 35, 4, 7, 32, 8, 12, 15, 17, 16, 13, 5, 6, 47, 28, 53, 43, 45, 44, 30, 1, 3, 46, 27, 41, 21, 50, 23, 24, 20, 18, 51, 52, 26, 10, 11, 19, 40, 54, 49, 34, 2, 14, 37, 36, 9, 0, 33, 55, 48, 31, 29, 25];2788.0
7308.0;[53, 21, 50, 37, 8, 35, 7, 32, 10, 13, 4, 6, 5, 48, 3, 1, 17, 15, 16, 12, 14, 24, 54, 27, 23, 40, 20, 42, 43, 44, 28, 45, 30, 34, 2, 33, 46, 55, 29, 49, 52, 0, 36, 9, 11, 38, 19, 18, 39, 51, 26, 25, 22, 41, 31, 47];2900.0
7798.0;[21, 50, 34, 1, 13, 35, 7, 12, 15, 17, 16, 55, 31, 27, 49, 45, 3, 32, 8, 33, 47, 48, 4, 5, 6, 36, 9, 25, 54, 43, 44, 53, 28, 29, 26, 52, 0, 2, 39, 19, 18, 40, 20, 41, 22, 37, 11, 38, 51, 10, 14, 24, 42, 30, 46, 23];3041.0
8119.0;[22, 41, 53, 43, 44, 28, 45, 55, 34, 1, 3, 48, 31, 29, 26, 21, 50, 49, 17, 16, 15, 12, 11, 38, 37, 9, 14, 0, 33, 2, 51, 10, 7, 13, 35, 4, 6, 5, 47, 30, 46, 18, 19, 39, 32, 8, 36, 52, 25, 42, 54, 27, 23, 24, 20, 40];2470.0
7631.0;[29, 27, 20, 40, 13, 35, 5, 6, 4, 7, 32, 8, 36, 9, 11, 19, 18, 38, 51, 0, 34, 1, 2, 16, 17, 24, 22, 41, 50, 23, 39, 37, 10, 14, 55, 48, 3, 12, 15, 52, 33, 26, 25, 42, 21, 54, 49, 31, 47, 45, 30, 46, 28, 53, 43, 44];2624.0
7313.0;[27, 49, 29, 32, 8, 36, 37, 9, 15, 16, 17, 0, 31, 44, 45, 28, 53, 43, 47, 6, 5, 48, 46, 34, 2, 13, 35, 10, 42, 22, 40, 41, 21, 39, 38, 33, 3, 4, 7, 51, 25, 24, 50, 23, 54, 30, 55, 1, 12, 14, 52, 26, 20, 19, 18, 11];2896.0
7732.0;[13, 6, 5, 47, 48, 3, 37, 36, 9, 0, 55, 31, 49, 53, 43, 44, 28, 45, 30, 46, 34, 14, 51, 11, 38, 15, 17, 16, 52, 26, 24, 25, 42, 21, 22, 41, 54, 27, 29, 23, 50, 40, 20, 18, 19, 39, 33, 1, 2, 12, 32, 8, 7, 35, 4, 10];2501.0
8469.0;[17, 16, 15, 12, 13, 35, 5, 47, 48, 1, 2, 52, 0, 33, 25, 20, 40, 41, 21, 22, 19, 18, 39, 14, 49, 30, 46, 6, 4, 42, 50, 23, 24, 54, 27, 45, 34, 3, 7, 8, 32, 36, 9, 37, 11, 38, 10, 51, 55, 31, 44, 28, 53, 43, 29, 26];2443.0
7697.0;[16, 17, 42, 21, 22, 40, 19, 20, 18, 39, 38, 37, 9, 11, 51, 13, 35, 4, 5, 6, 12, 15, 0, 2, 52, 26, 33, 3, 47, 48, 1, 14, 10, 32, 7, 8, 36, 41, 50, 23, 28, 53, 44, 30, 46, 27, 49, 45, 55, 34, 31, 29, 25, 24, 54, 43];2545.0
7372.0;[39, 32, 8, 4, 5, 6, 7, 14, 27, 43, 28, 45, 30, 31, 46, 55, 34, 1, 2, 13, 35, 10, 42, 22, 41, 21, 50, 54, 49, 29, 36, 9, 37, 11, 38, 51, 12, 15, 16, 17, 52, 0, 33, 48, 3, 47, 53, 44, 26, 25, 24, 23, 20, 40, 19, 18];2375.0
6951.0;[2, 33, 55, 31, 47, 6, 5, 46, 29, 22, 40, 20, 18, 19, 41, 21, 49, 45, 28, 53, 43, 44, 39, 32, 8, 7, 13, 35, 36, 9, 37, 11, 51, 12, 15, 16, 25, 42, 50, 23, 54, 24, 38, 14, 17, 26, 27, 30, 34, 48, 3, 4, 10, 52, 0, 1];2575.0
6708.0;[42, 21, 22, 50, 23, 54, 45, 55, 34, 3, 48, 1, 2, 37, 9, 8, 4, 6, 5, 47, 31, 40, 19, 39, 38, 10, 51, 12, 15, 16, 17, 52, 49, 29, 0, 33, 26, 27, 43, 28, 53, 24, 20, 41, 44, 30, 46, 25, 18, 11, 32, 36, 13, 35, 7, 14];2671.0
7041.0;[19, 42, 21, 50, 23, 22, 41, 24, 18, 39, 15, 17, 16, 52, 25, 54, 49, 43, 28, 29, 37, 9, 13, 35, 5, 48, 1, 3, 4, 6, 8, 36, 0, 33, 47, 53, 44, 30, 46, 26, 20, 40, 27, 45, 55, 31, 34, 2, 14, 51, 32, 7, 10, 12, 38, 11];2697.0
7480.0;[43, 44, 28, 53, 29, 27, 45, 30, 46, 1, 2, 33, 26, 20, 40, 22, 41, 21, 50, 23, 25, 24, 42, 54, 49, 52, 0, 55, 34, 48, 3, 4, 15, 12, 16, 17, 31, 47, 5, 6, 7, 19, 18, 39, 11, 38, 13, 35, 8, 36, 9, 37, 10, 32, 51, 14];2432.0
7377.0;[0, 3, 7, 32, 8, 36, 9, 37, 33, 34, 48, 1, 14, 15, 12, 4, 6, 5, 47, 2, 25, 24, 42, 22, 40, 39, 26, 43, 53, 30, 55, 31, 44, 28, 29, 17, 16, 27, 49, 52, 10, 51, 13, 35, 11, 19, 41, 45, 46, 23, 21, 50, 54, 20, 18, 38];3117.0
6836.0;[9, 33, 34, 3, 48, 1, 39, 19, 40, 20, 18, 13, 35, 4, 5, 6, 7, 8, 52, 26, 0, 31, 47, 28, 53, 43, 44, 30, 46, 29, 27, 49, 22, 41, 50, 23, 42, 21, 24, 32, 36, 11, 38, 10, 12, 15, 16, 25, 54, 45, 55, 2, 17, 14, 51, 37];2605.0
7551.0;[42, 50, 21, 22, 41, 40, 19, 18, 39, 12, 16, 15, 14, 32, 36, 37, 9, 4, 5, 48, 3, 7, 8, 10, 49, 43, 45, 30, 46, 31, 13, 35, 6, 47, 44, 29, 52, 26, 25, 20, 11, 38, 51, 0, 28, 53, 23, 54, 27, 55, 34, 1, 33, 2, 17, 24];2780.0
7122.0;[14, 51, 32, 36, 37, 9, 8, 7, 10, 11, 38, 19, 40, 20, 21, 22, 41, 50, 23, 54, 17, 16, 25, 42, 24, 18, 39, 12, 15, 43, 53, 44, 28, 29, 26, 52, 0, 13, 35, 4, 6, 5, 47, 48, 31, 55, 34, 1, 3, 46, 27, 49, 45, 30, 33, 2];2279.0
7571.0;[19, 20, 40, 41, 21, 22, 18, 37, 9, 8, 36, 0, 1, 4, 32, 7, 6, 5, 47, 48, 3, 46, 29, 27, 45, 30, 34, 55, 31, 53, 43, 23, 54, 17, 16, 12, 51, 14, 15, 52, 33, 26, 49, 44, 28, 2, 13, 35, 25, 24, 42, 50, 39, 38, 10, 11];2736.0
7174.0;[19, 50, 23, 24, 40, 20, 42, 22, 41, 21, 44, 28, 14, 11, 38, 37, 36, 9, 10, 13, 35, 4, 6, 5, 47, 53, 43, 26, 25, 18, 32, 8, 7, 51, 15, 17, 16, 54, 45, 30, 46, 27, 49, 29, 33, 2, 52, 0, 55, 34, 31, 48, 3, 1, 12, 39];2480.0
7228.0;[21, 25, 24, 54, 45, 55, 31, 3, 48, 7, 4, 6, 5, 47, 44, 30, 46, 34, 1, 2, 33, 26, 27, 49, 29, 52, 0, 32, 36, 12, 15, 16, 17, 20, 41, 22, 40, 19, 18, 39, 53, 43, 28, 14, 11, 38, 10, 37, 9, 51, 13, 35, 8, 42, 50, 23];2726.0
6865.0;[27, 43, 23, 22, 40, 20, 41, 21, 19, 18, 39, 15, 16, 17, 55, 31, 53, 44, 29, 42, 50, 34, 2, 14, 52, 26, 54, 49, 30, 46, 48, 3, 7, 8, 0, 33, 13, 35, 6, 4, 5, 47, 28, 45, 1, 32, 36, 9, 10, 51, 12, 25, 24, 38, 37, 11];2996.0
7564.0;[45, 34, 6, 5, 47, 48, 3, 4, 32, 8, 7, 51, 12, 15, 16, 17, 24, 54, 30, 46, 55, 31, 26, 33, 2, 14, 52, 43, 28, 29, 25, 20, 40, 18, 10, 0, 1, 13, 35, 36, 9, 11, 37, 42, 21, 27, 49, 44, 53, 22, 41, 23, 39, 38, 19, 50];2852.0
7580.0;[26, 42, 50, 49, 43, 28, 53, 44, 45, 30, 29, 24, 40, 20, 19, 18, 39, 38, 32, 8, 7, 51, 14, 15, 12, 10, 37, 36, 9, 11, 25, 54, 27, 22, 41, 21, 23, 0, 13, 35, 4, 6, 5, 47, 46, 34, 1, 2, 33, 55, 3, 31, 48, 17, 16, 52];2335.0
7553.0;[18, 19, 40, 41, 22, 50, 49, 28, 53, 43, 44, 45, 30, 25, 24, 54, 27, 15, 16, 17, 0, 33, 32, 8, 36, 37, 9, 11, 12, 39, 38, 10, 4, 6, 5, 47, 31, 42, 21, 23, 55, 34, 3, 48, 1, 2, 14, 13, 35, 7, 51, 52, 26, 46, 29, 20];2516.0
7173.0;[13, 35, 5, 6, 7, 12, 39, 37, 11, 19, 54, 49, 43, 30, 46, 29, 27, 45, 55, 34, 1, 17, 16, 15, 24, 42, 21, 50, 47, 3, 48, 4, 32, 8, 36, 9, 40, 22, 41, 23, 28, 53, 44, 26, 52, 51, 10, 14, 0, 2, 33, 31, 25, 20, 18, 38];2831.0
7901.0;[49, 29, 10, 51, 13, 35, 36, 9, 11, 38, 37, 12, 15, 16, 17, 47, 28, 53, 43, 44, 23, 20, 40, 19, 18, 39, 7, 4, 6, 5, 3, 48, 31, 46, 24, 42, 54, 30, 55, 1, 14, 52, 0, 33, 26, 27, 45, 34, 2, 25, 21, 50, 32, 8, 22, 41];2885.0
8098.0;[48, 46, 23, 18, 38, 32, 8, 36, 9, 12, 15, 16, 24, 22, 41, 50, 51, 13, 7, 35, 5, 47, 53, 43, 54, 27, 42, 21, 49, 45, 30, 2, 0, 33, 4, 6, 31, 55, 34, 14, 37, 11, 10, 44, 28, 29, 25, 20, 40, 19, 39, 17, 52, 26, 1, 3];3020.0
7544.0;[54, 3, 4, 7, 12, 15, 14, 32, 36, 37, 9, 8, 6, 31, 47, 44, 53, 22, 41, 26, 16, 17, 25, 24, 40, 18, 10, 11, 51, 49, 43, 28, 45, 1, 2, 52, 30, 46, 55, 34, 0, 33, 13, 35, 5, 48, 29, 27, 21, 50, 23, 39, 38, 19, 20, 42];3033.0
6961.0;[45, 30, 47, 48, 3, 2, 33, 24, 42, 54, 49, 17, 15, 16, 43, 28, 53, 44, 37, 36, 9, 12, 51, 14, 52, 0, 31, 29, 27, 46, 55, 34, 1, 13, 35, 10, 11, 38, 19, 18, 39, 5, 6, 4, 32, 8, 7, 26, 25, 40, 20, 41, 22, 21, 50, 23];2659.0
7400.0;[46, 2, 11, 38, 40, 19, 20, 42, 21, 50, 22, 41, 23, 54, 16, 17, 52, 27, 49, 28, 53, 43, 13, 35, 32, 8, 5, 3, 48, 26, 25, 24, 18, 39, 14, 0, 33, 31, 55, 34, 1, 4, 7, 51, 12, 15, 10, 37, 36, 9, 6, 47, 44, 29, 45, 30];2713.0
6924.0;[20, 40, 54, 27, 43, 44, 28, 45, 53, 23, 42, 22, 21, 55, 34, 13, 35, 4, 26, 25, 24, 18, 5, 6, 47, 31, 52, 17, 16, 0, 33, 2, 14, 51, 10, 32, 7, 8, 36, 12, 15, 39, 38, 9, 37, 11, 19, 41, 50, 49, 30, 1, 3, 48, 46, 29];2807.0
7321.0;[39, 32, 8, 36, 9, 37, 11, 38, 19, 40, 20, 18, 7, 6, 47, 30, 46, 31, 48, 1, 26, 27, 22, 41, 23, 54, 49, 43, 53, 44, 28, 45, 29, 0, 33, 55, 34, 3, 4, 5, 2, 51, 13, 35, 10, 52, 25, 24, 42, 21, 50, 17, 16, 15, 14, 12];2460.0
7337.0;[45, 34, 3, 48, 4, 11, 38, 37, 9, 14, 44, 28, 53, 43, 23, 18, 39, 0, 33, 24, 42, 21, 47, 6, 5, 1, 2, 20, 40, 22, 41, 50, 54, 30, 46, 55, 31, 49, 29, 25, 19, 10, 13, 35, 32, 7, 8, 36, 51, 12, 16, 15, 17, 52, 26, 27];2846.0
6830.0;[14, 12, 39, 38, 11, 19, 20, 40, 41, 50, 49, 15, 16, 35, 4, 5, 6, 0, 33, 55, 3, 2, 42, 22, 21, 30, 31, 47, 48, 46, 23, 54, 45, 44, 28, 34, 1, 17, 52, 25, 24, 18, 10, 51, 13, 7, 27, 43, 53, 29, 26, 32, 8, 36, 9, 37];2902.0
7674.0;[10, 52, 24, 22, 20, 40, 19, 18, 39, 37, 8, 36, 9, 41, 21, 50, 54, 27, 43, 28, 53, 44, 30, 55, 34, 3, 48, 31, 47, 46, 49, 29, 26, 25, 42, 23, 45, 1, 13, 35, 4, 5, 6, 12, 15, 16, 17, 0, 33, 2, 14, 51, 11, 38, 32, 7];2363.0
7509.0;[5, 47, 3, 48, 1, 2, 52, 0, 33, 42, 50, 23, 27, 22, 41, 21, 25, 24, 18, 39, 10, 7, 35, 4, 6, 32, 8, 36, 9, 37, 11, 51, 45, 30, 46, 55, 34, 31, 53, 43, 44, 28, 17, 16, 15, 14, 12, 38, 19, 40, 20, 54, 49, 29, 26, 13];2422.0
7877.0;[43, 44, 53, 28, 7, 32, 8, 36, 11, 19, 41, 22, 20, 40, 18, 4, 5, 47, 6, 37, 9, 25, 54, 27, 29, 13, 35, 42, 21, 50, 23, 24, 39, 38, 10, 12, 15, 16, 17, 52, 26, 49, 45, 30, 34, 14, 51, 0, 2, 33, 46, 55, 1, 3, 48, 31];2842.0
6942.0;[19, 20, 42, 22, 41, 21, 50, 54, 23, 24, 39, 10, 33, 34, 1, 48, 3, 4, 5, 6, 47, 28, 26, 25, 40, 18, 52, 27, 45, 2, 13, 35, 44, 53, 43, 16, 17, 15, 12, 51, 14, 0, 55, 31, 30, 46, 49, 29, 32, 36, 37, 9, 8, 7, 11, 38];2863.0
7400.0;[54, 27, 45, 53, 21, 50, 23, 49, 43, 44, 28, 26, 25, 24, 20, 40, 22, 41, 30, 46, 34, 48, 1, 3, 5, 6, 4, 7, 36, 9, 37, 15, 17, 16, 0, 2, 13, 35, 11, 38, 32, 8, 12, 39, 19, 18, 10, 51, 14, 33, 55, 31, 47, 29, 52, 42];2487.0
7158.0;[38, 13, 35, 6, 5, 2, 42, 50, 23, 54, 49, 29, 16, 15, 17, 25, 24, 20, 41, 21, 34, 48, 31, 46, 55, 44, 28, 1, 3, 4, 36, 9, 37, 11, 32, 8, 7, 51, 14, 33, 26, 52, 0, 27, 45, 30, 47, 53, 43, 22, 40, 19, 18, 10, 12, 39];2635.0
7346.0;[49, 29, 16, 17, 1, 3, 2, 24, 42, 40, 20, 39, 11, 19, 18, 38, 0, 33, 26, 52, 25, 21, 50, 23, 54, 43, 44, 45, 30, 46, 55, 34, 48, 31, 47, 28, 53, 22, 41, 37, 9, 10, 14, 51, 13, 35, 5, 6, 4, 7, 32, 8, 36, 12, 15, 27];2531.0
7176.0;[50, 54, 27, 30, 31, 46, 55, 47, 6, 4, 36, 9, 37, 11, 19, 20, 40, 41, 23, 44, 53, 43, 28, 18, 39, 38, 14, 52, 13, 35, 32, 8, 7, 5, 48, 2, 33, 26, 25, 24, 42, 22, 10, 51, 12, 15, 16, 17, 0, 34, 1, 3, 49, 45, 29, 21];2551.0
7968.0;[14, 13, 35, 5, 47, 31, 55, 34, 48, 3, 4, 6, 32, 8, 36, 0, 33, 1, 2, 17, 15, 16, 12, 11, 19, 18, 39, 38, 7, 10, 51, 42, 21, 50, 23, 45, 30, 46, 44, 28, 53, 43, 22, 40, 41, 27, 29, 25, 20, 37, 9, 52, 26, 24, 54, 49];2559.0
7129.0;[32, 7, 4, 5, 31, 48, 3, 8, 36, 37, 9, 11, 38, 15, 16, 17, 24, 40, 20, 18, 19, 41, 21, 49, 29, 52, 0, 2, 33, 55, 34, 25, 42, 54, 43, 28, 53, 22, 50, 23, 27, 45, 44, 26, 14, 13, 35, 6, 47, 30, 46, 1, 12, 39, 10, 51];2546.0
7466.0;[11, 20, 22, 40, 41, 50, 44, 53, 43, 28, 29, 13, 35, 4, 5, 6, 47, 45, 30, 46, 34, 3, 48, 1, 33, 55, 31, 23, 54, 49, 26, 52, 0, 2, 14, 32, 7, 8, 36, 9, 10, 51, 17, 25, 24, 42, 21, 27, 16, 15, 12, 39, 38, 19, 18, 37];2466.0
7690.0;[54, 27, 49, 45, 55, 31, 46, 34, 48, 47, 3, 4, 7, 35, 5, 6, 32, 36, 8, 9, 37, 11, 41, 50, 23, 18, 39, 38, 10, 12, 15, 17, 16, 52, 26, 29, 43, 44, 28, 53, 30, 13, 51, 14, 0, 1, 2, 33, 25, 24, 42, 21, 22, 19, 20, 40];2429.0
7664.0;[42, 21, 22, 41, 50, 20, 40, 19, 18, 39, 0, 34, 48, 31, 3, 4, 8, 36, 9, 26, 49, 45, 30, 46, 2, 33, 55, 47, 44, 28, 53, 43, 13, 35, 15, 16, 12, 32, 7, 6, 5, 1, 52, 25, 24, 54, 23, 27, 29, 17, 51, 37, 11, 38, 10, 14];2651.0
7469.0;[26, 25, 20, 40, 41, 24, 42, 50, 23, 54, 49, 45, 30, 31, 46, 34, 48, 1, 3, 28, 53, 43, 27, 21, 22, 19, 18, 38, 11, 4, 5, 6, 7, 10, 51, 15, 16, 12, 39, 13, 35, 32, 8, 37, 36, 9, 14, 47, 44, 29, 52, 0, 33, 55, 2, 17];2472.0
7586.0;[18, 39, 0, 1, 3, 48, 31, 47, 53, 44, 28, 29, 33, 2, 55, 6, 4, 5, 52, 42, 22, 41, 50, 54, 49, 43, 16, 17, 24, 21, 23, 27, 45, 30, 46, 34, 32, 36, 9, 37, 11, 10, 51, 26, 20, 40, 19, 38, 13, 35, 7, 8, 12, 14, 15, 25];2777.0
6773.0;[22, 41, 21, 30, 46, 34, 39, 19, 42, 50, 23, 13, 35, 5, 6, 47, 28, 45, 31, 55, 1, 3, 48, 2, 16, 12, 36, 37, 9, 15, 17, 0, 33, 32, 8, 7, 4, 11, 38, 20, 40, 49, 29, 52, 26, 25, 24, 18, 10, 51, 14, 43, 44, 53, 54, 27];2966.0
7157.0;[32, 7, 8, 36, 9, 37, 10, 15, 17, 16, 12, 51, 13, 35, 5, 47, 45, 44, 53, 43, 28, 49, 30, 46, 55, 48, 31, 29, 52, 34, 2, 1, 3, 4, 6, 11, 38, 18, 39, 19, 20, 40, 41, 50, 54, 0, 33, 14, 26, 27, 23, 25, 21, 24, 42, 22];2578.0
7265.0;[50, 49, 45, 30, 34, 3, 48, 1, 2, 37, 36, 9, 12, 13, 35, 6, 4, 5, 47, 46, 55, 33, 52, 0, 31, 44, 53, 29, 26, 15, 16, 17, 27, 23, 54, 43, 28, 32, 8, 7, 10, 51, 11, 19, 41, 21, 22, 40, 18, 39, 38, 14, 25, 24, 20, 42];2510.0
7487.0;[27, 54, 45, 6, 4, 8, 36, 12, 15, 17, 16, 18, 39, 37, 9, 10, 11, 19, 20, 41, 21, 22, 40, 13, 35, 5, 47, 28, 29, 49, 43, 44, 53, 23, 38, 0, 55, 34, 1, 14, 51, 32, 7, 33, 2, 52, 26, 25, 24, 42, 50, 30, 48, 3, 31, 46];2852.0
7399.0;[51, 25, 20, 40, 21, 50, 22, 41, 54, 27, 49, 45, 30, 34, 48, 47, 44, 53, 43, 28, 29, 46, 55, 31, 26, 52, 14, 13, 35, 36, 11, 38, 32, 8, 6, 5, 42, 23, 24, 37, 9, 12, 15, 16, 17, 0, 2, 33, 1, 3, 4, 7, 10, 19, 18, 39];2530.0
7373.0;[13, 35, 8, 36, 11, 19, 41, 50, 55, 34, 1, 2, 52, 25, 24, 18, 38, 10, 32, 5, 6, 4, 7, 51, 12, 14, 26, 42, 21, 22, 40, 20, 39, 15, 16, 17, 0, 33, 27, 23, 54, 49, 43, 53, 44, 28, 29, 37, 9, 3, 48, 46, 31, 47, 45, 30];2658.0
7109.0;[6, 5, 47, 30, 46, 29, 22, 41, 40, 20, 19, 38, 1, 3, 48, 31, 55, 34, 13, 35, 7, 25, 24, 42, 21, 50, 54, 49, 53, 43, 28, 45, 44, 52, 14, 10, 11, 51, 12, 16, 15, 17, 0, 33, 2, 32, 8, 36, 9, 37, 26, 27, 23, 18, 39, 4];2567.0
7397.0;[18, 38, 10, 51, 13, 35, 5, 47, 53, 44, 49, 45, 30, 46, 34, 1, 4, 8, 36, 0, 33, 2, 39, 19, 21, 22, 41, 23, 27, 16, 12, 15, 17, 25, 42, 50, 54, 29, 26, 55, 31, 48, 3, 6, 7, 43, 28, 14, 32, 37, 9, 11, 52, 24, 40, 20];2878.0
6703.0;[21, 54, 49, 27, 43, 53, 13, 35, 32, 36, 9, 37, 8, 7, 4, 6, 5, 47, 31, 46, 55, 3, 48, 44, 28, 45, 30, 25, 20, 40, 50, 23, 24, 18, 38, 15, 16, 17, 34, 1, 14, 12, 39, 10, 51, 33, 29, 26, 52, 0, 2, 11, 19, 42, 22, 41];2564.0
7353.0;[39, 38, 37, 10, 51, 7, 4, 6, 47, 53, 24, 42, 23, 43, 44, 30, 34, 1, 36, 9, 32, 8, 12, 16, 15, 17, 49, 28, 0, 33, 20, 40, 21, 50, 22, 41, 54, 26, 52, 2, 14, 13, 35, 5, 48, 3, 31, 46, 29, 25, 27, 45, 55, 11, 19, 18];2875.0
7523.0;[24, 20, 18, 19, 39, 10, 32, 36, 9, 8, 4, 5, 6, 7, 12, 51, 37, 11, 38, 50, 23, 54, 43, 44, 30, 46, 29, 52, 0, 33, 17, 16, 15, 25, 42, 21, 22, 40, 41, 34, 48, 3, 31, 47, 13, 35, 14, 26, 49, 45, 55, 1, 2, 27, 53, 28];2763.0
6892.0;[24, 42, 22, 40, 19, 18, 39, 38, 14, 17, 21, 54, 49, 44, 28, 53, 43, 31, 47, 6, 32, 36, 9, 10, 12, 15, 16, 0, 48, 3, 4, 7, 8, 37, 11, 51, 2, 33, 25, 20, 41, 50, 23, 45, 30, 55, 34, 1, 13, 35, 5, 46, 27, 29, 52, 26];2561.0
7096.0;[6, 2, 42, 21, 24, 54, 49, 45, 28, 53, 25, 18, 39, 11, 37, 36, 9, 0, 33, 46, 55, 34, 31, 47, 30, 1, 32, 8, 7, 4, 5, 48, 3, 29, 27, 22, 41, 50, 23, 43, 44, 52, 17, 12, 14, 15, 16, 26, 20, 40, 19, 38, 10, 51, 13, 35];2676.0
6711.0;[3, 36, 9, 37, 31, 47, 48, 2, 13, 4, 5, 6, 12, 15, 40, 20, 19, 18, 39, 52, 25, 42, 21, 50, 22, 41, 23, 45, 53, 44, 32, 8, 35, 7, 10, 11, 38, 51, 14, 30, 46, 29, 27, 26, 16, 17, 24, 54, 49, 43, 28, 0, 33, 55, 34, 1];2798.0
7465.0;[0, 48, 3, 31, 46, 47, 6, 5, 36, 9, 37, 45, 30, 34, 32, 8, 7, 33, 55, 28, 53, 43, 44, 42, 21, 23, 27, 1, 2, 17, 16, 15, 13, 35, 4, 10, 51, 14, 12, 11, 38, 25, 24, 18, 39, 19, 20, 40, 22, 41, 50, 54, 49, 29, 26, 52];2723.0
6863.0;[37, 9, 13, 35, 8, 7, 4, 5, 6, 47, 55, 31, 34, 0, 33, 3, 48, 1, 2, 11, 38, 19, 18, 20, 40, 21, 54, 27, 43, 44, 29, 49, 45, 30, 46, 53, 28, 26, 52, 14, 32, 36, 51, 12, 15, 16, 17, 42, 22, 41, 50, 23, 25, 24, 39, 10];2448.0
7922.0;[13, 35, 5, 6, 4, 7, 37, 11, 38, 10, 14, 33, 34, 1, 2, 24, 42, 22, 40, 41, 50, 27, 49, 30, 48, 46, 52, 0, 55, 31, 47, 28, 53, 44, 43, 29, 26, 25, 45, 3, 32, 8, 36, 9, 39, 19, 18, 20, 21, 23, 54, 17, 16, 15, 12, 51];2617.0
7376.0;[50, 18, 6, 5, 48, 3, 1, 17, 16, 52, 27, 23, 54, 49, 45, 29, 26, 2, 13, 35, 4, 7, 51, 14, 0, 33, 55, 31, 46, 47, 53, 43, 44, 28, 30, 34, 11, 38, 19, 42, 22, 40, 39, 10, 32, 8, 36, 9, 37, 12, 15, 25, 24, 20, 41, 21];2507.0
7283.0;[4, 5, 6, 47, 1, 42, 50, 54, 49, 29, 32, 8, 36, 9, 51, 44, 28, 45, 30, 55, 11, 38, 19, 40, 21, 22, 39, 10, 43, 53, 14, 13, 35, 7, 12, 15, 0, 3, 48, 31, 46, 34, 2, 33, 26, 16, 17, 52, 25, 24, 20, 41, 23, 27, 18, 37];3078.0
7914.0;[13, 7, 35, 11, 41, 21, 22, 40, 20, 19, 38, 32, 36, 9, 8, 51, 52, 25, 24, 42, 50, 54, 43, 53, 23, 18, 39, 37, 10, 12, 55, 48, 3, 4, 5, 6, 14, 0, 33, 2, 29, 45, 30, 34, 1, 15, 16, 17, 26, 27, 49, 46, 31, 47, 44, 28];2784.0
7219.0;[38, 32, 37, 11, 19, 41, 22, 40, 20, 42, 23, 39, 7, 4, 6, 5, 47, 31, 28, 53, 43, 21, 50, 24, 18, 13, 35, 48, 1, 3, 8, 36, 9, 15, 16, 17, 49, 44, 45, 30, 46, 29, 0, 33, 55, 34, 2, 51, 10, 12, 14, 26, 52, 25, 54, 27];2755.0
7606.0;[24, 55, 48, 3, 47, 6, 5, 32, 36, 37, 9, 8, 7, 10, 11, 19, 20, 18, 39, 38, 51, 13, 35, 4, 12, 15, 16, 0, 33, 31, 46, 34, 14, 40, 41, 21, 22, 50, 43, 44, 28, 53, 30, 1, 2, 42, 23, 54, 49, 17, 52, 27, 45, 29, 26, 25];2620.0
2267.0;[19, 18, 39, 0, 33, 13, 35, 32, 8, 36, 9, 7, 6, 4, 5, 47, 53, 43, 28, 45, 44, 30, 46, 29, 26, 52, 17, 16, 15, 14, 12, 51, 11, 38, 37, 10, 42, 22, 41, 21, 50, 23, 27, 54, 49, 34, 3, 48, 1, 2, 55, 31, 25, 24, 20, 40]
