ft53
27371.0;[6, 44, 43, 45, 42, 46, 17, 16, 15, 52, 50, 49, 51, 48, 29, 20, 39, 37, 27, 26, 13, 12, 38, 36, 35, 40, 21, 24, 19, 18, 11, 10, 14, 34, 33, 30, 4, 22, 0, 3, 8, 9, 5, 1, 41, 47, 28, 25, 2, 23, 32, 31, 7];11149.0
26298.0;[8, 5, 51, 49, 29, 25, 2, 1, 41, 47, 7, 6, 9, 16, 15, 37, 40, 38, 4, 34, 32, 33, 31, 30, 0, 36, 35, 19, 28, 27, 52, 50, 48, 26, 3, 13, 14, 11, 10, 12, 18, 17, 39, 45, 42, 46, 44, 43, 23, 24, 22, 21, 20];10493.0
25498.0;[34, 32, 29, 28, 25, 26, 27, 52, 50, 31, 33, 21, 11, 13, 14, 5, 51, 48, 49, 18, 19, 37, 35, 4, 2, 17, 20, 24, 22, 47, 44, 30, 0, 36, 40, 43, 45, 42, 46, 23, 7, 8, 6, 9, 3, 16, 15, 39, 10, 12, 38, 1, 41];11456.0
27433.0;[5, 48, 49, 50, 33, 31, 0, 4, 2, 1, 6, 9, 10, 12, 14, 41, 42, 46, 43, 34, 32, 30, 36, 38, 37, 39, 18, 28, 29, 26, 25, 27, 47, 45, 3, 35, 40, 21, 24, 11, 13, 17, 16, 15, 52, 51, 44, 22, 19, 23, 20, 8, 7];11174.0
27166.0;[31, 21, 39, 38, 45, 43, 42, 46, 13, 11, 2, 17, 16, 15, 35, 37, 36, 10, 12, 14, 24, 22, 19, 18, 4, 25, 26, 27, 28, 29, 20, 40, 41, 47, 34, 33, 30, 1, 8, 7, 5, 6, 9, 3, 0, 49, 50, 48, 52, 51, 44, 23, 32];10719.0
28588.0;[7, 6, 5, 51, 48, 49, 50, 52, 33, 31, 30, 13, 11, 10, 14, 12, 24, 23, 29, 27, 28, 25, 26, 17, 16, 15, 18, 19, 1, 9, 8, 2, 3, 0, 36, 35, 22, 47, 46, 45, 44, 20, 21, 39, 40, 38, 37, 4, 34, 32, 43, 42, 41];9610.0
25420.0;[24, 22, 41, 47, 46, 43, 42, 7, 6, 5, 51, 52, 50, 49, 48, 29, 28, 31, 30, 35, 37, 40, 45, 44, 34, 32, 33, 25, 26, 16, 15, 18, 19, 1, 21, 39, 36, 10, 12, 38, 4, 8, 9, 13, 17, 11, 14, 20, 27, 3, 0, 2, 23];9909.0
24220.0;[29, 28, 52, 51, 50, 48, 49, 18, 6, 9, 33, 26, 7, 5, 8, 2, 17, 16, 32, 31, 21, 24, 19, 23, 22, 46, 44, 39, 40, 38, 45, 42, 43, 3, 13, 12, 20, 11, 10, 14, 34, 30, 0, 36, 4, 1, 41, 47, 27, 25, 15, 37, 35];11309.0
25490.0;[32, 31, 25, 26, 27, 28, 52, 50, 49, 29, 7, 6, 9, 13, 12, 11, 10, 14, 41, 47, 46, 44, 34, 33, 30, 2, 23, 22, 19, 18, 15, 45, 42, 43, 3, 0, 4, 1, 8, 5, 51, 48, 17, 16, 37, 35, 40, 24, 21, 20, 39, 38, 36];10442.0
26875.0;[18, 19, 8, 6, 9, 29, 28, 52, 50, 48, 49, 51, 42, 46, 43, 45, 20, 24, 22, 10, 12, 14, 13, 17, 11, 7, 5, 33, 25, 27, 44, 30, 0, 36, 16, 23, 21, 39, 38, 4, 2, 1, 3, 41, 47, 34, 32, 31, 26, 15, 37, 35, 40];10792.0
26122.0;[43, 45, 11, 10, 14, 13, 34, 32, 31, 21, 23, 7, 51, 52, 50, 49, 48, 29, 28, 20, 24, 22, 0, 3, 2, 12, 4, 1, 41, 47, 44, 42, 37, 35, 40, 38, 33, 30, 36, 18, 19, 17, 16, 15, 39, 6, 5, 8, 9, 25, 27, 26, 46];10554.0
23841.0;[13, 12, 45, 41, 42, 46, 43, 44, 34, 33, 31, 21, 24, 22, 8, 6, 5, 52, 51, 50, 49, 48, 29, 3, 10, 14, 38, 36, 32, 30, 0, 2, 23, 20, 39, 40, 37, 15, 35, 18, 19, 17, 16, 11, 1, 4, 47, 28, 27, 25, 26, 7, 9];10304.0
25330.0;[8, 9, 1, 41, 47, 42, 46, 43, 44, 34, 32, 30, 4, 17, 16, 15, 39, 40, 37, 33, 31, 26, 7, 21, 23, 24, 22, 19, 6, 5, 51, 48, 49, 25, 27, 29, 28, 50, 52, 45, 3, 2, 0, 36, 35, 18, 11, 13, 38, 10, 12, 14, 20];10405.0
27169.0;[45, 41, 43, 42, 46, 17, 16, 8, 6, 5, 51, 50, 48, 49, 52, 28, 13, 12, 14, 15, 40, 37, 18, 19, 2, 1, 0, 3, 34, 32, 31, 25, 27, 29, 26, 7, 9, 33, 30, 4, 22, 47, 44, 11, 10, 20, 24, 21, 23, 39, 36, 35, 38];10050.0
26640.0;[51, 49, 48, 52, 50, 29, 3, 2, 17, 16, 24, 22, 47, 42, 46, 43, 41, 34, 15, 39, 37, 35, 21, 20, 4, 1, 0, 36, 40, 19, 18, 8, 9, 28, 25, 27, 26, 7, 33, 32, 31, 30, 12, 38, 45, 44, 23, 11, 13, 10, 14, 6, 5];10339.0
25898.0;[16, 15, 37, 18, 19, 1, 8, 9, 3, 43, 42, 46, 44, 23, 11, 10, 12, 38, 4, 2, 17, 33, 25, 27, 29, 26, 34, 32, 31, 28, 52, 50, 51, 45, 7, 6, 5, 13, 14, 41, 47, 35, 40, 39, 21, 20, 24, 22, 30, 0, 36, 49, 48];11742.0
26793.0;[50, 48, 49, 52, 51, 29, 25, 27, 28, 39, 36, 31, 33, 30, 45, 44, 23, 24, 21, 20, 11, 1, 41, 47, 34, 32, 26, 42, 46, 43, 17, 16, 9, 7, 6, 5, 8, 12, 38, 4, 2, 3, 0, 35, 18, 22, 19, 15, 40, 37, 10, 14, 13];10967.0
25689.0;[7, 5, 51, 49, 52, 50, 48, 29, 3, 13, 12, 14, 24, 22, 46, 44, 34, 18, 8, 6, 9, 33, 32, 31, 30, 0, 17, 16, 23, 21, 20, 39, 38, 36, 35, 4, 2, 11, 10, 45, 41, 47, 42, 37, 40, 19, 15, 27, 28, 25, 26, 1, 43];10004.0
25775.0;[52, 33, 31, 30, 3, 2, 17, 16, 23, 32, 26, 7, 6, 9, 8, 0, 36, 38, 4, 15, 37, 21, 24, 22, 11, 10, 42, 46, 43, 47, 27, 29, 28, 35, 40, 45, 5, 51, 49, 48, 25, 13, 12, 14, 20, 39, 18, 19, 1, 41, 44, 34, 50];11102.0
26412.0;[17, 23, 20, 21, 24, 19, 18, 4, 22, 44, 34, 32, 31, 33, 30, 0, 10, 11, 16, 15, 40, 37, 27, 51, 49, 52, 50, 48, 39, 38, 36, 35, 45, 43, 41, 42, 47, 46, 3, 13, 12, 14, 29, 28, 25, 26, 2, 1, 9, 7, 6, 5, 8];9993.0
26381.0;[32, 26, 25, 27, 29, 52, 50, 49, 24, 23, 22, 47, 44, 43, 45, 3, 2, 17, 16, 15, 37, 35, 4, 34, 30, 0, 13, 14, 12, 38, 42, 46, 41, 10, 11, 7, 5, 51, 48, 28, 39, 40, 18, 19, 33, 31, 21, 20, 6, 8, 9, 1, 36];10716.0
26291.0;[25, 29, 51, 50, 48, 49, 52, 31, 33, 24, 19, 23, 22, 47, 42, 18, 17, 39, 38, 4, 34, 32, 30, 0, 3, 13, 14, 12, 45, 41, 46, 43, 44, 11, 10, 40, 27, 26, 2, 16, 15, 37, 1, 7, 6, 5, 8, 9, 36, 35, 21, 20, 28];10622.0
27580.0;[10, 14, 12, 39, 6, 8, 9, 7, 5, 0, 35, 38, 45, 42, 46, 43, 41, 47, 28, 25, 27, 29, 21, 20, 24, 19, 16, 15, 40, 44, 34, 50, 52, 51, 48, 49, 33, 26, 3, 37, 18, 1, 36, 32, 31, 30, 4, 2, 23, 22, 17, 11, 13];9883.0
23903.0;[4, 34, 32, 31, 27, 29, 28, 39, 35, 40, 38, 36, 10, 12, 14, 13, 17, 16, 41, 47, 46, 44, 23, 11, 50, 52, 51, 45, 43, 42, 7, 33, 30, 18, 15, 37, 21, 8, 6, 9, 5, 48, 49, 20, 24, 22, 19, 25, 26, 2, 3, 1, 0];11425.0
27180.0;[52, 50, 48, 24, 23, 22, 47, 44, 34, 32, 31, 30, 38, 45, 42, 40, 4, 25, 27, 46, 41, 43, 2, 17, 33, 26, 12, 20, 21, 8, 9, 7, 6, 5, 51, 29, 28, 39, 18, 19, 15, 37, 16, 11, 10, 14, 13, 3, 1, 0, 36, 35, 49];11143.0
25590.0;[36, 32, 27, 29, 28, 4, 22, 18, 19, 23, 20, 21, 11, 12, 14, 9, 7, 51, 49, 52, 25, 26, 3, 0, 35, 38, 1, 8, 6, 5, 33, 31, 30, 2, 17, 16, 15, 44, 43, 45, 41, 47, 42, 46, 37, 40, 10, 13, 34, 50, 48, 24, 39];11370.0
27233.0;[11, 13, 12, 14, 5, 51, 49, 52, 50, 48, 29, 26, 25, 27, 31, 33, 30, 4, 2, 39, 38, 45, 44, 20, 24, 47, 42, 46, 34, 32, 3, 1, 7, 6, 9, 8, 0, 36, 35, 40, 43, 41, 28, 21, 22, 19, 37, 18, 17, 15, 16, 23, 10];10563.0
26869.0;[21, 24, 22, 47, 44, 41, 42, 46, 43, 45, 50, 52, 51, 48, 49, 28, 25, 27, 29, 13, 14, 10, 36, 32, 26, 3, 0, 35, 40, 39, 5, 8, 7, 12, 38, 37, 17, 16, 15, 19, 18, 23, 20, 11, 34, 30, 4, 2, 1, 6, 9, 31, 33];10491.0
23657.0;[9, 8, 0, 2, 16, 3, 1, 41, 47, 46, 43, 44, 34, 32, 30, 6, 5, 51, 49, 50, 12, 11, 10, 14, 13, 15, 37, 35, 18, 17, 23, 20, 21, 39, 38, 4, 28, 52, 48, 24, 22, 19, 33, 31, 25, 27, 29, 26, 36, 40, 45, 42, 7];10914.0
24666.0;[27, 51, 49, 48, 29, 28, 10, 11, 3, 13, 12, 14, 9, 8, 6, 7, 5, 1, 41, 43, 42, 46, 18, 19, 34, 52, 50, 33, 31, 30, 0, 17, 16, 23, 24, 22, 47, 45, 44, 37, 36, 21, 20, 39, 4, 2, 15, 35, 40, 38, 32, 26, 25];10483.0
25355.0;[19, 18, 33, 31, 30, 38, 42, 46, 43, 7, 6, 9, 8, 17, 15, 37, 40, 4, 1, 0, 35, 45, 41, 47, 10, 14, 24, 20, 21, 39, 36, 32, 27, 29, 28, 25, 26, 3, 2, 16, 23, 22, 44, 34, 5, 49, 51, 48, 52, 50, 11, 13, 12];10467.0
26568.0;[49, 51, 48, 52, 50, 33, 31, 30, 0, 3, 36, 35, 37, 40, 38, 4, 2, 1, 41, 47, 46, 34, 32, 43, 45, 44, 42, 23, 39, 18, 19, 16, 15, 8, 7, 6, 5, 9, 27, 29, 28, 25, 26, 12, 14, 13, 10, 11, 17, 22, 21, 20, 24];9869.0
26520.0;[40, 21, 20, 8, 17, 16, 50, 49, 52, 51, 48, 26, 46, 43, 45, 44, 23, 7, 6, 5, 9, 34, 32, 33, 31, 30, 3, 13, 11, 10, 12, 14, 41, 42, 47, 25, 27, 29, 28, 24, 22, 19, 18, 15, 37, 39, 38, 4, 2, 1, 0, 35, 36];9787.0
23552.0;[52, 51, 50, 33, 31, 30, 0, 3, 13, 14, 29, 28, 49, 48, 24, 23, 32, 26, 7, 6, 5, 8, 9, 35, 21, 20, 39, 38, 4, 22, 27, 25, 36, 37, 19, 18, 17, 16, 15, 40, 41, 43, 45, 10, 12, 11, 2, 1, 47, 42, 46, 44, 34];10938.0
26223.0;[25, 47, 43, 41, 42, 46, 45, 3, 13, 14, 11, 10, 12, 37, 39, 5, 51, 49, 48, 52, 50, 29, 28, 8, 7, 6, 9, 17, 16, 15, 35, 40, 18, 19, 33, 31, 30, 0, 36, 38, 4, 1, 2, 23, 22, 21, 20, 24, 44, 34, 32, 26, 27];9418.0
26564.0;[10, 14, 12, 38, 4, 8, 7, 5, 48, 49, 50, 52, 51, 34, 32, 24, 22, 19, 18, 33, 31, 30, 0, 36, 21, 47, 42, 17, 16, 15, 35, 37, 40, 39, 45, 44, 20, 11, 2, 1, 6, 9, 28, 25, 26, 41, 43, 46, 23, 27, 29, 3, 13];10982.0
25468.0;[42, 46, 44, 34, 50, 52, 51, 49, 48, 29, 26, 17, 16, 32, 31, 33, 30, 22, 19, 18, 7, 5, 0, 13, 20, 21, 24, 23, 39, 38, 36, 10, 12, 14, 11, 41, 47, 28, 25, 27, 4, 1, 6, 9, 8, 3, 2, 15, 37, 35, 40, 45, 43];9826.0
26973.0;[51, 48, 49, 52, 50, 33, 26, 7, 5, 6, 9, 8, 36, 21, 24, 22, 39, 38, 43, 45, 46, 44, 20, 4, 2, 3, 13, 12, 11, 10, 14, 34, 32, 31, 30, 0, 41, 47, 42, 18, 1, 17, 16, 15, 37, 35, 40, 19, 23, 27, 28, 25, 29];9785.0
23403.0;[5, 51, 48, 29, 25, 27, 28, 31, 30, 0, 3, 2, 17, 39, 38, 36, 32, 33, 26, 16, 22, 47, 41, 43, 42, 46, 45, 44, 23, 20, 24, 21, 11, 10, 9, 7, 8, 13, 34, 49, 52, 50, 14, 12, 18, 19, 15, 37, 35, 40, 4, 1, 6];10563.0
27001.0;[24, 15, 52, 51, 50, 49, 48, 29, 20, 39, 6, 9, 17, 16, 37, 18, 19, 28, 25, 27, 26, 0, 36, 38, 4, 47, 44, 23, 22, 33, 31, 30, 3, 2, 13, 14, 11, 10, 12, 45, 41, 46, 43, 42, 35, 40, 1, 8, 7, 5, 34, 32, 21];10668.0
26869.0;[12, 37, 18, 17, 16, 15, 50, 52, 51, 48, 49, 24, 22, 47, 44, 23, 39, 45, 41, 42, 46, 43, 34, 31, 30, 11, 10, 32, 26, 7, 6, 5, 21, 20, 9, 33, 27, 29, 28, 25, 2, 0, 3, 36, 40, 38, 4, 1, 35, 19, 8, 13, 14];10956.0
26088.0;[30, 2, 16, 11, 10, 12, 14, 20, 24, 43, 41, 42, 46, 45, 13, 17, 15, 37, 39, 40, 38, 4, 1, 35, 18, 19, 28, 25, 27, 26, 3, 0, 36, 32, 33, 31, 21, 23, 22, 47, 44, 34, 52, 49, 48, 29, 7, 6, 9, 8, 5, 51, 50];10048.0
25889.0;[26, 4, 1, 41, 46, 43, 3, 2, 17, 16, 15, 45, 44, 34, 32, 33, 31, 30, 0, 13, 14, 20, 22, 47, 42, 7, 6, 9, 8, 5, 51, 48, 50, 49, 24, 23, 39, 38, 37, 18, 19, 11, 10, 12, 36, 35, 40, 21, 28, 25, 27, 29, 52];10103.0
26763.0;[32, 33, 31, 29, 51, 49, 52, 50, 48, 24, 23, 22, 47, 42, 46, 43, 41, 34, 30, 36, 35, 45, 44, 21, 20, 39, 40, 17, 16, 11, 2, 15, 37, 18, 19, 28, 25, 27, 26, 3, 13, 10, 14, 12, 38, 4, 1, 7, 6, 5, 8, 9, 0];9417.0
27252.0;[34, 51, 48, 49, 52, 50, 29, 28, 26, 25, 27, 47, 42, 7, 5, 3, 2, 20, 24, 21, 10, 11, 16, 15, 39, 4, 1, 36, 35, 37, 40, 38, 32, 30, 0, 12, 14, 41, 43, 45, 44, 46, 23, 22, 19, 18, 17, 33, 31, 8, 6, 9, 13];9939.0
24403.0;[49, 52, 28, 25, 26, 17, 16, 15, 37, 35, 40, 38, 32, 21, 24, 19, 18, 8, 5, 51, 50, 48, 20, 11, 10, 4, 1, 3, 2, 23, 22, 44, 34, 31, 30, 0, 45, 42, 47, 46, 41, 43, 7, 6, 9, 33, 27, 29, 13, 12, 14, 39, 36];11335.0
27407.0;[44, 5, 51, 49, 50, 33, 25, 27, 52, 48, 29, 28, 39, 35, 40, 38, 36, 10, 24, 19, 18, 17, 15, 37, 32, 31, 26, 13, 12, 14, 11, 3, 1, 7, 6, 9, 45, 41, 43, 42, 46, 23, 21, 20, 8, 2, 16, 34, 30, 0, 4, 22, 47];11074.0
24922.0;[21, 39, 36, 38, 44, 43, 42, 46, 45, 41, 47, 34, 32, 30, 33, 31, 29, 28, 9, 7, 6, 5, 8, 0, 4, 25, 27, 26, 3, 2, 50, 49, 48, 52, 51, 20, 24, 22, 15, 35, 40, 37, 18, 19, 17, 16, 23, 1, 13, 11, 10, 12, 14];10075.0
26060.0;[22, 28, 25, 27, 29, 7, 6, 5, 51, 48, 49, 52, 50, 33, 26, 10, 12, 11, 3, 1, 14, 20, 24, 19, 16, 15, 18, 9, 8, 0, 13, 34, 32, 31, 30, 36, 35, 40, 21, 39, 37, 38, 4, 2, 17, 41, 43, 42, 46, 45, 47, 44, 23];9126.0
24960.0;[47, 20, 11, 13, 10, 12, 14, 39, 4, 34, 32, 31, 30, 0, 36, 27, 28, 35, 37, 40, 38, 45, 44, 46, 43, 42, 7, 9, 29, 25, 26, 2, 17, 16, 15, 19, 18, 3, 1, 8, 6, 50, 48, 24, 23, 22, 21, 5, 51, 49, 52, 33, 41];11477.0
24322.0;[15, 37, 18, 1, 8, 7, 5, 13, 12, 14, 39, 38, 17, 16, 41, 47, 27, 29, 28, 25, 26, 3, 34, 50, 52, 51, 48, 49, 24, 19, 6, 9, 10, 11, 32, 31, 33, 30, 0, 36, 35, 40, 21, 22, 43, 42, 46, 45, 44, 23, 20, 4, 2];10006.0
27322.0;[50, 49, 52, 51, 48, 29, 2, 17, 33, 31, 30, 36, 35, 37, 18, 19, 1, 6, 9, 8, 11, 10, 12, 34, 32, 43, 41, 47, 46, 42, 7, 5, 14, 24, 21, 27, 28, 25, 26, 0, 3, 13, 45, 44, 23, 20, 39, 40, 38, 4, 16, 22, 15];10560.0
26230.0;[9, 33, 30, 0, 36, 40, 45, 46, 37, 18, 17, 16, 23, 24, 22, 52, 50, 29, 28, 20, 11, 10, 14, 12, 35, 39, 38, 4, 34, 32, 31, 21, 8, 2, 15, 19, 5, 51, 49, 48, 26, 25, 27, 1, 3, 13, 44, 43, 41, 47, 42, 7, 6];10958.0
25906.0;[2, 17, 16, 11, 3, 0, 13, 7, 5, 6, 8, 9, 33, 25, 51, 48, 49, 50, 52, 14, 34, 32, 26, 10, 12, 38, 4, 1, 36, 31, 30, 22, 19, 18, 23, 24, 21, 20, 39, 15, 37, 35, 40, 27, 29, 28, 47, 44, 41, 42, 46, 45, 43];11122.0
25368.0;[19, 9, 8, 13, 14, 43, 41, 44, 34, 50, 52, 51, 48, 49, 24, 47, 7, 6, 5, 33, 20, 39, 45, 42, 46, 38, 4, 1, 36, 35, 32, 31, 30, 0, 16, 23, 27, 29, 28, 25, 26, 15, 37, 40, 21, 22, 11, 10, 12, 3, 2, 17, 18];10694.0
26648.0;[24, 22, 7, 5, 6, 8, 9, 33, 30, 0, 36, 10, 11, 38, 45, 42, 44, 34, 50, 48, 49, 52, 51, 25, 26, 3, 13, 12, 14, 17, 16, 15, 37, 32, 31, 21, 20, 39, 40, 35, 4, 2, 46, 43, 18, 19, 1, 41, 47, 23, 27, 29, 28];10172.0
25895.0;[51, 48, 49, 24, 23, 11, 10, 20, 21, 22, 19, 3, 13, 12, 14, 27, 26, 29, 52, 50, 33, 31, 7, 6, 9, 28, 25, 47, 42, 46, 45, 44, 34, 18, 1, 36, 35, 39, 40, 38, 32, 30, 0, 4, 41, 43, 2, 17, 16, 15, 37, 8, 5];11124.0
25600.0;[41, 43, 7, 6, 5, 51, 49, 48, 29, 20, 24, 33, 31, 0, 13, 12, 21, 23, 39, 37, 35, 40, 18, 17, 16, 15, 52, 50, 28, 25, 27, 26, 11, 10, 14, 34, 32, 30, 36, 38, 4, 47, 42, 46, 45, 44, 22, 19, 8, 9, 3, 2, 1];10581.0
24959.0;[43, 42, 46, 45, 44, 34, 51, 48, 49, 52, 50, 26, 7, 5, 8, 6, 29, 25, 27, 28, 37, 39, 4, 2, 15, 19, 18, 11, 10, 12, 38, 36, 35, 40, 21, 20, 9, 33, 31, 30, 41, 47, 14, 13, 17, 16, 24, 23, 22, 3, 1, 0, 32];10682.0
27843.0;[34, 50, 52, 51, 48, 49, 29, 0, 35, 40, 10, 14, 12, 38, 36, 37, 32, 31, 30, 33, 21, 20, 39, 4, 1, 41, 43, 44, 23, 22, 17, 16, 24, 47, 42, 46, 45, 3, 11, 2, 15, 18, 19, 28, 25, 27, 26, 7, 6, 5, 9, 8, 13];9918.0
27142.0;[30, 13, 12, 14, 26, 25, 27, 28, 50, 52, 51, 48, 49, 29, 3, 10, 11, 9, 8, 0, 36, 38, 42, 7, 6, 5, 2, 16, 15, 37, 35, 40, 4, 22, 19, 1, 32, 33, 31, 43, 41, 46, 45, 23, 21, 39, 18, 17, 20, 24, 47, 44, 34];10301.0
26538.0;[28, 48, 49, 52, 50, 51, 42, 7, 5, 8, 13, 14, 11, 10, 3, 2, 16, 41, 44, 34, 18, 17, 20, 39, 37, 19, 15, 35, 40, 21, 47, 46, 43, 45, 23, 24, 22, 0, 4, 1, 6, 9, 33, 32, 31, 30, 12, 38, 36, 26, 25, 27, 29];10270.0
26896.0;[32, 33, 31, 30, 0, 13, 10, 12, 38, 36, 35, 40, 27, 26, 4, 1, 41, 43, 42, 7, 6, 9, 8, 17, 16, 23, 20, 11, 14, 39, 5, 51, 49, 48, 52, 50, 29, 28, 25, 21, 19, 18, 15, 37, 46, 45, 3, 2, 24, 22, 47, 44, 34];9703.0
27371.0;[32, 30, 0, 3, 10, 12, 14, 13, 8, 7, 5, 51, 49, 48, 29, 39, 38, 36, 35, 19, 18, 15, 40, 45, 42, 46, 43, 41, 20, 24, 47, 44, 23, 22, 21, 11, 1, 6, 9, 33, 31, 27, 52, 50, 28, 25, 26, 2, 17, 16, 37, 4, 34];10458.0
26212.0;[52, 48, 29, 25, 26, 27, 28, 24, 23, 22, 19, 16, 11, 32, 31, 0, 2, 17, 10, 12, 14, 13, 4, 34, 51, 49, 50, 33, 30, 36, 37, 35, 40, 38, 45, 42, 47, 7, 5, 8, 6, 9, 3, 1, 41, 46, 43, 44, 21, 20, 39, 18, 15];10633.0
27255.0;[46, 1, 4, 34, 50, 48, 49, 52, 51, 25, 27, 29, 28, 26, 0, 32, 33, 31, 30, 2, 17, 15, 18, 11, 10, 12, 38, 36, 35, 40, 37, 39, 21, 8, 6, 9, 7, 5, 3, 13, 14, 41, 43, 45, 44, 22, 19, 16, 23, 20, 24, 47, 42];9305.0
27579.0;[52, 51, 50, 49, 48, 24, 19, 16, 15, 37, 35, 40, 36, 32, 31, 30, 0, 3, 2, 1, 43, 46, 18, 9, 8, 17, 22, 21, 11, 12, 14, 41, 47, 44, 34, 33, 26, 23, 20, 29, 28, 39, 4, 7, 6, 5, 38, 45, 42, 27, 25, 13, 10];11726.0
24118.0;[6, 5, 51, 49, 50, 33, 30, 0, 36, 21, 25, 27, 29, 28, 52, 48, 26, 3, 13, 12, 10, 14, 24, 23, 22, 19, 18, 17, 16, 11, 1, 8, 9, 15, 39, 45, 42, 41, 47, 46, 37, 35, 40, 38, 2, 4, 34, 32, 31, 43, 44, 20, 7];10463.0
28278.0;[50, 7, 9, 8, 17, 16, 15, 45, 41, 44, 23, 22, 21, 39, 37, 40, 36, 32, 30, 0, 4, 2, 33, 31, 26, 3, 35, 38, 1, 12, 10, 14, 20, 6, 5, 51, 49, 48, 29, 28, 24, 18, 19, 11, 13, 34, 25, 27, 47, 42, 46, 43, 52];11686.0
27043.0;[10, 12, 38, 36, 40, 21, 22, 47, 43, 45, 42, 46, 44, 34, 32, 20, 24, 23, 25, 27, 3, 2, 17, 16, 11, 9, 8, 14, 13, 35, 39, 18, 19, 15, 37, 7, 6, 5, 51, 49, 48, 1, 41, 30, 0, 4, 33, 31, 28, 52, 50, 29, 26];11764.0
27660.0;[51, 48, 49, 52, 50, 33, 26, 27, 29, 28, 25, 13, 12, 11, 10, 14, 9, 7, 6, 5, 2, 15, 37, 35, 20, 24, 23, 22, 47, 45, 46, 44, 39, 40, 21, 8, 3, 34, 30, 0, 4, 1, 32, 31, 43, 41, 42, 18, 19, 36, 38, 17, 16];10555.0
27291.0;[34, 52, 50, 49, 48, 51, 42, 46, 32, 31, 30, 10, 12, 14, 20, 9, 6, 7, 21, 39, 38, 4, 2, 3, 13, 45, 43, 44, 23, 24, 22, 19, 0, 36, 37, 35, 18, 5, 8, 17, 11, 33, 27, 29, 1, 41, 47, 28, 25, 26, 16, 15, 40];11536.0
26566.0;[39, 18, 5, 51, 49, 52, 50, 48, 24, 22, 19, 16, 11, 10, 14, 34, 33, 43, 41, 47, 46, 42, 7, 6, 9, 8, 35, 40, 21, 23, 32, 31, 30, 36, 38, 4, 1, 0, 2, 17, 15, 45, 44, 20, 29, 28, 25, 27, 26, 3, 13, 12, 37];10000.0
27470.0;[41, 47, 44, 43, 42, 7, 5, 6, 8, 34, 52, 50, 48, 49, 51, 46, 37, 16, 11, 1, 0, 14, 12, 20, 24, 22, 19, 18, 17, 15, 36, 32, 30, 4, 9, 33, 31, 26, 23, 21, 39, 38, 35, 40, 29, 28, 27, 25, 3, 2, 13, 10, 45];10626.0
25147.0;[29, 28, 20, 21, 39, 40, 37, 19, 1, 41, 47, 34, 49, 51, 48, 24, 22, 44, 23, 38, 36, 35, 17, 10, 12, 14, 11, 3, 0, 4, 25, 26, 6, 7, 5, 2, 16, 15, 45, 42, 46, 43, 18, 33, 32, 31, 27, 52, 50, 30, 13, 9, 8];12313.0
26276.0;[35, 40, 27, 26, 29, 28, 25, 46, 41, 23, 24, 22, 47, 7, 6, 5, 8, 9, 3, 2, 16, 15, 37, 20, 21, 39, 36, 10, 38, 45, 44, 32, 31, 43, 42, 19, 18, 1, 0, 4, 34, 52, 51, 50, 48, 49, 11, 13, 12, 14, 17, 33, 30];10503.0
26961.0;[8, 3, 0, 36, 40, 38, 41, 43, 46, 34, 32, 26, 2, 17, 16, 15, 39, 37, 35, 4, 22, 19, 18, 1, 6, 9, 31, 33, 30, 13, 11, 10, 12, 14, 24, 23, 47, 42, 7, 5, 29, 28, 25, 27, 52, 50, 48, 49, 51, 45, 44, 21, 20];9928.0
25978.0;[48, 49, 52, 50, 51, 45, 43, 46, 44, 27, 29, 28, 25, 26, 1, 41, 47, 42, 7, 5, 2, 17, 22, 19, 18, 8, 6, 9, 33, 24, 23, 20, 11, 34, 32, 31, 30, 0, 36, 40, 10, 12, 14, 16, 15, 37, 38, 4, 3, 13, 35, 21, 39];10344.0
26370.0;[45, 44, 41, 47, 42, 7, 5, 51, 49, 52, 50, 48, 29, 24, 19, 18, 15, 37, 39, 40, 38, 4, 10, 11, 1, 0, 36, 35, 46, 43, 6, 8, 9, 12, 14, 27, 28, 21, 20, 26, 25, 2, 17, 16, 23, 22, 34, 32, 33, 31, 30, 3, 13];10201.0
23762.0;[49, 50, 52, 31, 33, 32, 26, 25, 27, 29, 28, 24, 22, 46, 43, 42, 5, 51, 48, 19, 11, 10, 38, 45, 41, 18, 1, 47, 44, 23, 21, 8, 9, 7, 6, 3, 34, 30, 0, 13, 12, 14, 20, 39, 17, 16, 15, 37, 35, 40, 4, 2, 36];11170.0
28910.0;[34, 51, 49, 52, 50, 48, 29, 28, 25, 26, 7, 5, 11, 10, 45, 44, 32, 33, 27, 31, 30, 2, 17, 16, 15, 19, 18, 37, 39, 38, 36, 14, 13, 12, 4, 22, 24, 23, 20, 21, 8, 6, 9, 3, 1, 0, 35, 40, 41, 47, 46, 43, 42];9988.0
25913.0;[51, 49, 52, 50, 48, 29, 1, 41, 43, 45, 44, 34, 30, 17, 16, 22, 20, 21, 23, 32, 31, 33, 27, 26, 7, 6, 9, 36, 35, 40, 38, 2, 3, 14, 24, 47, 46, 42, 39, 37, 18, 15, 19, 8, 13, 10, 12, 11, 0, 4, 28, 25, 5];10843.0
26992.0;[52, 50, 33, 31, 26, 25, 27, 28, 24, 23, 20, 21, 11, 1, 8, 7, 5, 6, 9, 3, 0, 4, 2, 22, 47, 45, 44, 34, 32, 30, 49, 51, 48, 29, 13, 14, 10, 12, 38, 36, 35, 40, 41, 43, 42, 46, 37, 15, 39, 19, 18, 17, 16];10581.0
27425.0;[48, 49, 52, 51, 50, 29, 24, 23, 22, 19, 18, 17, 21, 27, 28, 25, 47, 44, 42, 7, 5, 6, 9, 8, 13, 10, 12, 38, 36, 35, 1, 41, 43, 46, 45, 3, 14, 20, 11, 16, 15, 37, 40, 39, 32, 33, 31, 26, 2, 4, 34, 30, 0];10477.0
27544.0;[3, 24, 23, 22, 18, 19, 27, 29, 28, 25, 26, 7, 5, 1, 36, 35, 38, 45, 41, 42, 47, 46, 43, 33, 30, 0, 13, 12, 4, 2, 15, 37, 40, 17, 16, 11, 10, 14, 20, 39, 32, 31, 21, 44, 34, 52, 50, 48, 49, 51, 9, 8, 6];10500.0
25341.0;[34, 48, 49, 52, 51, 50, 33, 31, 30, 35, 37, 19, 25, 26, 7, 6, 5, 1, 43, 42, 46, 44, 32, 27, 29, 28, 24, 22, 18, 15, 38, 45, 41, 47, 23, 39, 40, 21, 11, 13, 17, 16, 36, 10, 12, 14, 20, 9, 8, 0, 4, 2, 3];10178.0
24168.0;[49, 51, 45, 43, 41, 46, 44, 34, 37, 39, 36, 35, 40, 21, 22, 0, 3, 1, 8, 7, 6, 9, 13, 20, 24, 23, 32, 31, 26, 25, 29, 27, 47, 42, 18, 17, 11, 10, 12, 14, 38, 4, 2, 16, 15, 19, 28, 52, 50, 33, 30, 5, 48];10772.0
24896.0;[7, 5, 41, 43, 42, 47, 46, 44, 23, 27, 29, 28, 20, 21, 39, 40, 37, 36, 35, 4, 2, 11, 10, 12, 38, 45, 13, 14, 24, 22, 19, 1, 0, 33, 32, 31, 30, 34, 50, 48, 49, 52, 51, 25, 26, 3, 17, 16, 15, 18, 8, 6, 9];9967.0
24912.0;[12, 38, 32, 31, 30, 0, 21, 23, 22, 19, 15, 4, 34, 50, 52, 49, 24, 47, 7, 9, 8, 14, 11, 10, 42, 46, 44, 20, 39, 36, 35, 40, 37, 28, 25, 3, 1, 6, 5, 51, 48, 18, 17, 16, 41, 43, 45, 2, 33, 26, 27, 29, 13];11783.0
26042.0;[52, 50, 29, 28, 25, 27, 24, 19, 18, 17, 11, 1, 8, 6, 5, 9, 2, 23, 20, 39, 45, 44, 34, 32, 30, 36, 38, 4, 10, 14, 13, 12, 35, 40, 37, 16, 15, 21, 22, 46, 43, 42, 41, 47, 7, 51, 49, 48, 26, 3, 0, 33, 31];11009.0
25020.0;[33, 31, 29, 28, 25, 47, 34, 32, 30, 0, 3, 1, 5, 49, 52, 51, 41, 43, 46, 45, 44, 23, 24, 22, 19, 17, 16, 37, 40, 38, 36, 35, 4, 2, 13, 10, 11, 15, 50, 48, 20, 21, 39, 27, 26, 14, 12, 42, 18, 8, 9, 7, 6];11545.0
26217.0;[6, 9, 8, 16, 15, 37, 19, 18, 1, 5, 48, 49, 52, 51, 50, 33, 13, 12, 38, 36, 35, 39, 40, 4, 2, 17, 32, 31, 26, 27, 25, 29, 28, 24, 47, 43, 42, 46, 45, 34, 30, 0, 3, 11, 10, 14, 41, 44, 23, 22, 21, 20, 7];9690.0
28110.0;[24, 22, 21, 19, 6, 9, 33, 31, 30, 0, 11, 13, 14, 17, 16, 20, 39, 10, 12, 38, 37, 35, 40, 4, 2, 15, 50, 52, 51, 48, 49, 18, 1, 41, 47, 44, 23, 27, 28, 42, 46, 43, 45, 34, 32, 26, 7, 5, 8, 3, 36, 25, 29];11006.0
24975.0;[49, 52, 50, 31, 33, 21, 22, 19, 0, 4, 34, 32, 30, 6, 9, 28, 25, 27, 26, 3, 2, 17, 39, 36, 35, 37, 18, 7, 5, 8, 13, 12, 10, 14, 16, 15, 40, 38, 45, 51, 48, 29, 24, 23, 20, 11, 1, 41, 47, 44, 42, 46, 43];11319.0
26816.0;[52, 50, 30, 0, 35, 4, 2, 11, 13, 45, 42, 46, 23, 32, 33, 31, 7, 5, 8, 3, 47, 44, 34, 51, 48, 49, 24, 39, 38, 36, 10, 12, 14, 27, 29, 28, 25, 26, 6, 9, 1, 41, 43, 37, 40, 21, 20, 22, 18, 19, 17, 16, 15];11222.0
26920.0;[41, 43, 49, 50, 48, 52, 51, 45, 44, 34, 10, 11, 13, 6, 9, 8, 32, 31, 33, 30, 16, 23, 22, 42, 7, 5, 29, 28, 39, 36, 35, 21, 20, 24, 19, 18, 17, 15, 40, 38, 4, 25, 27, 26, 12, 14, 47, 46, 37, 1, 3, 0, 2];11103.0
27223.0;[38, 44, 34, 32, 31, 50, 48, 49, 33, 30, 9, 8, 7, 6, 5, 12, 10, 14, 41, 47, 23, 22, 1, 2, 17, 16, 37, 18, 19, 29, 28, 25, 36, 21, 20, 24, 11, 13, 15, 52, 51, 45, 42, 35, 40, 27, 26, 3, 0, 4, 46, 43, 39];12449.0
23732.0;[35, 48, 49, 52, 51, 50, 25, 26, 0, 3, 13, 34, 32, 30, 36, 40, 45, 44, 23, 27, 29, 28, 24, 20, 21, 11, 10, 38, 4, 2, 16, 1, 9, 8, 7, 6, 5, 12, 14, 17, 31, 33, 43, 41, 42, 47, 46, 22, 19, 18, 15, 39, 37];10600.0
25984.0;[6, 51, 48, 28, 25, 27, 29, 26, 3, 34, 32, 31, 30, 0, 4, 1, 7, 5, 49, 52, 50, 33, 43, 42, 46, 44, 41, 45, 12, 38, 37, 18, 15, 19, 11, 2, 23, 21, 9, 8, 36, 35, 40, 22, 47, 20, 24, 10, 14, 13, 17, 16, 39];11171.0
27520.0;[5, 48, 49, 52, 51, 50, 33, 31, 30, 0, 36, 35, 37, 15, 18, 19, 17, 16, 23, 24, 22, 21, 11, 10, 14, 13, 12, 38, 4, 2, 1, 41, 46, 43, 3, 9, 29, 25, 27, 28, 20, 39, 40, 45, 44, 34, 32, 26, 47, 42, 7, 8, 6];9453.0
25989.0;[28, 52, 51, 50, 48, 49, 29, 26, 7, 5, 2, 1, 8, 6, 9, 4, 25, 27, 46, 44, 43, 45, 3, 12, 14, 13, 11, 17, 16, 23, 39, 32, 33, 31, 21, 20, 24, 22, 34, 30, 0, 41, 47, 42, 18, 15, 37, 36, 10, 38, 35, 40, 19];10495.0
26714.0;[5, 51, 48, 49, 52, 50, 28, 25, 7, 9, 2, 23, 32, 30, 0, 17, 16, 15, 4, 22, 46, 43, 10, 12, 14, 20, 39, 38, 45, 42, 37, 40, 36, 35, 18, 19, 11, 13, 33, 27, 29, 26, 3, 1, 41, 47, 44, 34, 31, 21, 24, 8, 6];10526.0
25261.0;[34, 50, 52, 51, 48, 49, 24, 22, 45, 41, 47, 44, 23, 21, 8, 2, 17, 15, 19, 16, 11, 14, 20, 27, 25, 29, 28, 42, 46, 43, 37, 39, 18, 1, 7, 6, 5, 9, 33, 30, 0, 36, 35, 40, 32, 31, 26, 13, 10, 12, 38, 4, 3];10276.0
26751.0;[52, 51, 50, 49, 48, 29, 27, 28, 25, 26, 12, 14, 24, 22, 21, 39, 37, 18, 7, 5, 6, 9, 8, 2, 16, 32, 31, 33, 30, 0, 36, 35, 40, 42, 46, 44, 23, 20, 11, 10, 38, 4, 3, 13, 17, 15, 19, 1, 41, 47, 43, 45, 34];9074.0
26972.0;[44, 34, 32, 31, 27, 29, 28, 17, 16, 50, 52, 51, 48, 49, 33, 30, 12, 14, 24, 19, 1, 6, 9, 7, 5, 8, 2, 23, 22, 18, 15, 37, 40, 20, 21, 39, 38, 4, 26, 25, 0, 36, 35, 45, 46, 43, 13, 10, 11, 3, 41, 42, 47];10398.0
26193.0;[45, 44, 41, 47, 46, 43, 42, 39, 36, 32, 33, 31, 30, 0, 34, 50, 48, 49, 24, 23, 20, 21, 22, 19, 18, 15, 35, 40, 37, 28, 25, 26, 16, 11, 10, 38, 4, 8, 6, 9, 7, 5, 3, 2, 1, 13, 12, 14, 17, 27, 29, 52, 51];10393.0
24345.0;[51, 48, 49, 29, 28, 25, 0, 32, 31, 26, 27, 47, 46, 43, 42, 7, 6, 9, 36, 40, 38, 41, 45, 17, 16, 52, 50, 37, 35, 21, 39, 4, 3, 2, 33, 30, 12, 10, 14, 13, 23, 20, 24, 22, 44, 34, 18, 15, 19, 11, 1, 8, 5];11790.0
27932.0;[27, 26, 7, 5, 48, 49, 52, 50, 51, 44, 34, 6, 9, 8, 17, 16, 11, 10, 12, 38, 32, 31, 22, 42, 46, 43, 45, 3, 14, 13, 15, 37, 21, 20, 39, 35, 40, 4, 25, 29, 28, 24, 0, 36, 18, 19, 33, 30, 2, 1, 41, 47, 23];10832.0
26601.0;[34, 50, 52, 51, 48, 49, 33, 31, 30, 4, 22, 19, 16, 15, 37, 18, 7, 5, 9, 6, 44, 41, 43, 42, 46, 45, 23, 21, 47, 28, 29, 20, 39, 36, 35, 40, 38, 32, 25, 26, 27, 3, 10, 14, 12, 24, 0, 1, 8, 2, 17, 11, 13];10432.0
25638.0;[31, 26, 1, 3, 34, 52, 50, 48, 29, 28, 25, 27, 2, 16, 15, 35, 38, 4, 22, 47, 42, 19, 17, 33, 30, 0, 36, 10, 37, 18, 9, 8, 7, 6, 5, 49, 51, 45, 44, 20, 39, 40, 21, 24, 23, 11, 13, 14, 12, 41, 43, 46, 32];10658.0
28486.0;[42, 25, 27, 29, 31, 33, 32, 30, 22, 19, 28, 26, 7, 6, 9, 5, 8, 0, 36, 21, 23, 20, 39, 35, 40, 37, 10, 38, 45, 46, 18, 17, 16, 15, 4, 2, 3, 12, 14, 47, 44, 11, 13, 34, 50, 52, 49, 51, 48, 24, 1, 41, 43];11172.0
24945.0;[52, 51, 45, 41, 10, 12, 11, 3, 1, 8, 7, 6, 9, 13, 34, 32, 31, 26, 36, 35, 39, 5, 50, 49, 48, 29, 28, 47, 46, 43, 44, 23, 21, 19, 16, 15, 37, 40, 38, 4, 2, 14, 20, 24, 22, 42, 18, 17, 33, 30, 0, 25, 27];11300.0
26411.0;[51, 48, 49, 52, 50, 33, 31, 30, 0, 36, 35, 38, 45, 41, 47, 44, 24, 22, 46, 43, 42, 19, 1, 3, 4, 2, 23, 8, 9, 6, 5, 34, 32, 29, 28, 21, 20, 39, 40, 37, 18, 17, 16, 15, 10, 11, 13, 12, 14, 27, 26, 25, 7];9711.0
26985.0;[52, 50, 49, 51, 48, 29, 28, 42, 46, 45, 3, 10, 12, 14, 17, 11, 0, 32, 31, 33, 30, 1, 41, 43, 7, 5, 8, 21, 20, 24, 22, 47, 44, 39, 36, 35, 4, 2, 23, 27, 26, 25, 16, 15, 37, 40, 38, 18, 19, 6, 9, 13, 34];10382.0
26135.0;[34, 52, 51, 50, 48, 49, 6, 9, 29, 28, 39, 38, 1, 3, 2, 0, 35, 21, 32, 31, 25, 27, 26, 7, 5, 8, 17, 16, 15, 37, 41, 47, 46, 43, 42, 18, 19, 20, 24, 22, 45, 44, 23, 11, 10, 12, 14, 13, 33, 30, 36, 40, 4];10533.0
27410.0;[36, 21, 24, 23, 22, 20, 39, 10, 14, 12, 28, 25, 27, 29, 26, 2, 16, 15, 37, 35, 40, 19, 18, 17, 11, 3, 41, 47, 44, 43, 42, 46, 7, 6, 5, 48, 50, 49, 52, 51, 45, 34, 32, 31, 0, 13, 38, 4, 1, 9, 8, 33, 30];9835.0
28039.0;[51, 49, 48, 52, 50, 29, 27, 28, 25, 26, 34, 32, 33, 31, 30, 0, 11, 10, 14, 17, 16, 23, 19, 18, 15, 35, 40, 38, 37, 36, 21, 24, 22, 47, 44, 42, 46, 43, 7, 6, 5, 13, 12, 20, 39, 41, 45, 3, 4, 8, 9, 2, 1];9692.0
26307.0;[15, 52, 51, 45, 43, 44, 23, 21, 11, 10, 14, 12, 37, 19, 18, 41, 42, 46, 20, 39, 4, 1, 0, 36, 40, 35, 38, 32, 25, 27, 29, 28, 47, 34, 30, 13, 9, 7, 6, 5, 8, 2, 3, 49, 50, 48, 24, 22, 17, 33, 31, 26, 16];11595.0
26953.0;[34, 32, 31, 25, 26, 7, 9, 33, 30, 4, 41, 42, 47, 46, 44, 43, 45, 23, 20, 39, 40, 37, 18, 15, 38, 36, 10, 11, 12, 14, 27, 29, 3, 2, 17, 16, 50, 52, 51, 49, 48, 28, 35, 21, 24, 22, 19, 1, 8, 6, 5, 0, 13];10199.0
25365.0;[32, 31, 26, 27, 28, 25, 7, 6, 9, 5, 51, 49, 52, 50, 48, 29, 2, 15, 37, 18, 17, 16, 23, 21, 11, 10, 20, 24, 22, 19, 33, 30, 0, 4, 8, 3, 1, 41, 47, 46, 36, 35, 42, 43, 45, 13, 12, 14, 39, 40, 38, 44, 34];9521.0
26023.0;[36, 32, 33, 31, 27, 29, 26, 2, 16, 15, 37, 40, 21, 22, 19, 28, 25, 46, 41, 43, 45, 44, 42, 18, 17, 39, 4, 47, 7, 6, 5, 14, 20, 24, 23, 11, 10, 12, 9, 8, 3, 1, 0, 13, 34, 52, 51, 48, 49, 50, 30, 35, 38];10434.0
25413.0;[29, 28, 24, 19, 7, 6, 9, 8, 33, 30, 13, 12, 11, 10, 14, 20, 25, 27, 26, 15, 18, 1, 3, 2, 0, 40, 38, 45, 41, 43, 42, 46, 37, 39, 36, 35, 4, 34, 50, 48, 49, 52, 17, 16, 23, 22, 47, 44, 32, 31, 21, 5, 51];11146.0
23365.0;[30, 4, 8, 6, 9, 13, 17, 41, 47, 43, 42, 46, 36, 40, 39, 45, 44, 34, 10, 14, 20, 24, 22, 19, 18, 16, 15, 37, 35, 21, 29, 28, 1, 0, 3, 2, 23, 11, 12, 38, 32, 33, 31, 25, 27, 26, 7, 5, 51, 48, 49, 50, 52];10148.0
27600.0;[45, 44, 23, 20, 21, 8, 9, 7, 6, 29, 28, 25, 12, 14, 34, 30, 0, 35, 38, 10, 11, 3, 4, 2, 15, 36, 32, 26, 27, 13, 17, 16, 24, 22, 39, 40, 37, 18, 19, 1, 5, 48, 49, 52, 51, 50, 33, 31, 42, 41, 47, 46, 43];10213.0
26444.0;[49, 52, 51, 50, 33, 31, 43, 34, 32, 30, 0, 3, 12, 14, 13, 17, 16, 15, 37, 19, 18, 2, 1, 41, 47, 46, 44, 27, 29, 8, 7, 6, 9, 4, 22, 24, 28, 25, 26, 23, 20, 21, 40, 39, 35, 38, 36, 10, 11, 45, 42, 5, 48];10772.0
24401.0;[20, 39, 37, 18, 19, 28, 27, 29, 52, 50, 48, 26, 25, 7, 5, 51, 49, 24, 23, 11, 10, 14, 41, 47, 46, 42, 6, 9, 8, 0, 4, 1, 3, 2, 15, 36, 32, 31, 30, 35, 40, 45, 44, 43, 13, 12, 38, 22, 17, 16, 34, 33, 21];11045.0
27865.0;[32, 33, 31, 30, 4, 8, 5, 51, 52, 50, 49, 48, 26, 2, 17, 11, 3, 13, 10, 14, 12, 38, 21, 20, 24, 22, 18, 19, 1, 41, 47, 23, 29, 28, 25, 27, 42, 46, 43, 7, 6, 9, 0, 36, 35, 40, 39, 37, 16, 15, 45, 44, 34];9459.0
26346.0;[34, 51, 49, 52, 50, 48, 29, 28, 25, 26, 27, 47, 42, 46, 44, 20, 24, 23, 22, 0, 32, 30, 17, 16, 15, 38, 4, 1, 8, 9, 7, 5, 3, 10, 14, 12, 13, 33, 31, 21, 40, 37, 39, 6, 36, 35, 18, 19, 11, 2, 41, 43, 45];10045.0
24532.0;[42, 7, 5, 2, 17, 37, 39, 38, 8, 6, 44, 43, 41, 47, 46, 45, 3, 0, 4, 34, 32, 30, 36, 35, 40, 18, 19, 1, 13, 12, 29, 28, 25, 27, 26, 11, 10, 14, 24, 23, 20, 9, 33, 31, 21, 22, 16, 15, 52, 50, 48, 49, 51];10468.0
25839.0;[32, 26, 7, 6, 9, 5, 51, 49, 48, 18, 17, 33, 31, 30, 36, 35, 45, 3, 2, 23, 21, 11, 10, 14, 41, 47, 44, 43, 42, 46, 19, 16, 13, 12, 20, 24, 22, 1, 8, 0, 34, 52, 50, 15, 37, 40, 38, 4, 27, 28, 25, 29, 39];11554.0
25286.0;[32, 33, 31, 29, 52, 48, 49, 24, 19, 16, 20, 21, 39, 38, 1, 6, 5, 51, 50, 30, 0, 4, 15, 40, 45, 41, 47, 43, 42, 7, 9, 8, 13, 10, 14, 12, 27, 28, 11, 3, 2, 17, 23, 22, 46, 37, 18, 25, 26, 36, 35, 44, 34];11594.0
28300.0;[16, 15, 52, 49, 48, 29, 28, 25, 27, 3, 13, 11, 10, 12, 9, 5, 51, 50, 31, 33, 30, 34, 32, 26, 1, 0, 14, 24, 22, 23, 20, 45, 2, 17, 39, 38, 4, 8, 7, 6, 36, 21, 19, 18, 43, 41, 47, 46, 44, 42, 35, 40, 37];11539.0
25658.0;[35, 37, 33, 31, 21, 42, 46, 41, 47, 25, 26, 27, 29, 28, 52, 50, 49, 7, 6, 5, 8, 9, 3, 0, 2, 16, 11, 10, 14, 12, 24, 23, 20, 39, 51, 48, 18, 1, 13, 17, 43, 45, 44, 22, 19, 15, 40, 38, 4, 34, 32, 30, 36];11215.0
26725.0;[34, 32, 31, 26, 27, 29, 52, 51, 50, 48, 49, 28, 25, 3, 4, 1, 6, 9, 2, 16, 15, 37, 40, 19, 18, 17, 33, 30, 0, 13, 12, 14, 41, 43, 42, 7, 5, 8, 20, 24, 22, 47, 46, 45, 44, 23, 11, 10, 21, 39, 36, 35, 38];9443.0
26733.0;[52, 51, 48, 49, 50, 33, 32, 31, 30, 7, 5, 8, 6, 9, 28, 25, 27, 29, 26, 13, 12, 38, 45, 42, 46, 37, 18, 17, 15, 39, 35, 40, 44, 43, 3, 14, 24, 23, 11, 2, 0, 36, 21, 20, 22, 19, 16, 10, 4, 1, 41, 47, 34];10069.0
27218.0;[52, 50, 48, 18, 19, 16, 15, 37, 39, 38, 42, 46, 32, 31, 30, 0, 41, 47, 20, 24, 21, 14, 11, 10, 12, 36, 35, 40, 4, 2, 1, 8, 9, 6, 33, 26, 3, 43, 45, 44, 34, 51, 49, 29, 25, 7, 5, 13, 17, 23, 22, 28, 27];11584.0
26808.0;[25, 29, 51, 49, 52, 50, 48, 28, 20, 24, 33, 31, 43, 42, 7, 5, 3, 1, 8, 6, 9, 22, 19, 18, 17, 16, 10, 14, 41, 47, 34, 32, 30, 13, 11, 0, 4, 2, 12, 38, 36, 35, 15, 37, 39, 40, 45, 46, 44, 23, 21, 27, 26];10486.0
25038.0;[42, 46, 34, 32, 31, 21, 11, 13, 17, 16, 24, 22, 39, 40, 37, 15, 18, 19, 28, 25, 27, 26, 29, 52, 51, 48, 49, 50, 33, 30, 3, 10, 12, 14, 41, 43, 45, 44, 23, 20, 8, 6, 9, 7, 5, 0, 36, 35, 38, 4, 2, 1, 47];9068.0
27192.0;[27, 26, 10, 48, 49, 52, 51, 50, 31, 30, 37, 18, 1, 6, 8, 9, 0, 36, 35, 40, 44, 42, 46, 45, 12, 38, 4, 22, 20, 7, 5, 15, 19, 16, 11, 14, 13, 34, 33, 32, 3, 2, 17, 23, 29, 28, 24, 21, 39, 41, 43, 47, 25];11701.0
25731.0;[43, 17, 15, 37, 36, 32, 31, 33, 30, 0, 3, 1, 35, 39, 40, 4, 25, 26, 27, 28, 24, 19, 16, 10, 12, 14, 21, 20, 8, 9, 11, 13, 38, 44, 34, 52, 50, 49, 51, 48, 29, 2, 23, 22, 18, 7, 5, 6, 42, 47, 46, 45, 41];10466.0
25733.0;[51, 29, 28, 25, 27, 47, 42, 46, 45, 44, 22, 17, 15, 52, 50, 49, 48, 1, 0, 35, 40, 38, 36, 21, 24, 11, 13, 34, 32, 31, 30, 4, 2, 33, 26, 16, 23, 20, 39, 37, 8, 7, 6, 9, 3, 10, 14, 12, 41, 43, 18, 19, 5];10944.0
24517.0;[23, 15, 37, 40, 21, 8, 5, 51, 50, 48, 29, 28, 13, 33, 31, 26, 25, 27, 7, 6, 9, 0, 36, 10, 14, 12, 41, 43, 42, 46, 34, 52, 49, 24, 20, 39, 38, 32, 30, 35, 19, 18, 17, 16, 11, 2, 3, 1, 4, 22, 47, 45, 44];10829.0
26078.0;[33, 30, 12, 38, 45, 46, 35, 40, 37, 18, 11, 13, 10, 14, 4, 2, 3, 1, 44, 34, 32, 21, 23, 20, 39, 27, 29, 28, 52, 50, 48, 49, 24, 22, 8, 7, 6, 9, 0, 36, 31, 25, 26, 15, 19, 17, 16, 41, 43, 42, 47, 5, 51];11431.0
25555.0;[33, 39, 37, 18, 19, 41, 43, 46, 45, 17, 16, 23, 20, 10, 12, 11, 3, 4, 22, 21, 24, 32, 31, 30, 0, 1, 8, 2, 15, 51, 49, 48, 29, 28, 25, 27, 26, 7, 5, 6, 9, 14, 13, 36, 40, 35, 38, 44, 42, 47, 34, 52, 50];10724.0
26773.0;[18, 15, 52, 51, 48, 50, 49, 33, 31, 30, 0, 3, 36, 32, 26, 27, 28, 20, 21, 11, 13, 17, 16, 37, 10, 12, 14, 9, 6, 8, 2, 1, 41, 47, 42, 46, 43, 7, 5, 35, 40, 38, 4, 24, 23, 22, 19, 25, 29, 39, 45, 44, 34];10574.0
25576.0;[45, 44, 32, 33, 34, 50, 52, 51, 49, 48, 28, 31, 25, 27, 29, 26, 7, 6, 9, 5, 8, 11, 3, 14, 13, 10, 12, 38, 35, 40, 37, 21, 24, 43, 41, 42, 18, 19, 20, 39, 4, 17, 16, 15, 36, 30, 0, 1, 2, 23, 22, 47, 46];10754.0
25917.0;[27, 26, 7, 6, 9, 8, 5, 51, 48, 49, 52, 50, 14, 13, 11, 10, 12, 38, 36, 35, 21, 20, 29, 28, 46, 44, 34, 32, 31, 16, 15, 37, 4, 2, 1, 3, 33, 30, 0, 40, 39, 45, 23, 24, 22, 19, 18, 17, 41, 43, 42, 47, 25];9973.0
25918.0;[28, 24, 42, 46, 41, 47, 44, 34, 32, 30, 36, 35, 38, 43, 45, 0, 13, 12, 10, 14, 15, 37, 40, 18, 19, 1, 8, 6, 9, 3, 2, 17, 11, 16, 23, 22, 21, 20, 39, 4, 33, 31, 25, 27, 29, 26, 7, 5, 51, 49, 52, 50, 48];9392.0
23578.0;[30, 0, 36, 35, 37, 40, 27, 29, 28, 25, 47, 43, 45, 20, 11, 10, 12, 38, 1, 5, 51, 49, 48, 18, 17, 16, 21, 8, 9, 7, 6, 44, 34, 32, 31, 41, 42, 46, 39, 4, 3, 13, 14, 24, 23, 22, 19, 15, 52, 50, 26, 2, 33];11520.0
26388.0;[9, 8, 7, 6, 5, 51, 49, 48, 29, 28, 39, 37, 10, 11, 3, 12, 14, 13, 17, 16, 23, 20, 26, 25, 27, 24, 18, 19, 15, 52, 50, 33, 31, 21, 38, 45, 41, 43, 47, 42, 46, 44, 22, 0, 36, 35, 40, 4, 2, 34, 32, 30, 1];10327.0
22583.0;[30, 0, 4, 1, 3, 2, 17, 16, 11, 36, 35, 38, 34, 32, 33, 31, 25, 29, 28, 21, 39, 40, 37, 8, 6, 5, 9, 13, 10, 12, 20, 24, 47, 42, 46, 45, 44, 23, 22, 19, 18, 15, 27, 26, 14, 41, 43, 7, 48, 49, 52, 51, 50];9962.0
26508.0;[49, 29, 26, 3, 14, 13, 10, 12, 32, 31, 25, 28, 20, 24, 46, 45, 44, 43, 41, 47, 42, 7, 2, 1, 8, 9, 33, 27, 52, 50, 48, 18, 17, 11, 34, 30, 0, 4, 22, 19, 16, 23, 39, 15, 37, 40, 38, 36, 35, 21, 6, 5, 51];11100.0
27775.0;[33, 31, 26, 25, 50, 48, 49, 52, 51, 44, 43, 45, 41, 47, 42, 46, 2, 1, 3, 11, 13, 34, 32, 30, 36, 10, 14, 12, 39, 6, 9, 17, 16, 15, 35, 40, 21, 27, 29, 28, 24, 23, 20, 7, 5, 8, 0, 4, 22, 19, 18, 37, 38];10170.0
26918.0;[20, 25, 27, 29, 28, 26, 5, 7, 6, 31, 33, 43, 44, 34, 52, 50, 51, 48, 49, 24, 23, 39, 36, 35, 40, 38, 21, 22, 19, 8, 9, 4, 2, 17, 16, 32, 30, 0, 13, 11, 10, 12, 41, 47, 42, 46, 45, 15, 37, 18, 1, 3, 14];10549.0
24100.0;[50, 52, 48, 29, 26, 7, 6, 9, 8, 1, 41, 47, 46, 43, 44, 34, 32, 33, 31, 30, 5, 51, 49, 24, 23, 20, 21, 22, 0, 2, 17, 16, 19, 28, 25, 27, 11, 10, 12, 38, 36, 4, 3, 13, 14, 39, 35, 40, 45, 42, 37, 18, 15];10597.0
24418.0;[42, 46, 45, 44, 39, 6, 9, 7, 5, 8, 3, 36, 35, 37, 40, 18, 23, 22, 19, 17, 16, 15, 38, 4, 2, 0, 32, 26, 13, 33, 31, 30, 14, 20, 25, 27, 1, 41, 43, 47, 34, 48, 49, 24, 21, 11, 10, 12, 29, 28, 52, 50, 51];11665.0
27530.0;[28, 20, 24, 22, 44, 43, 7, 5, 49, 52, 42, 47, 46, 45, 21, 11, 10, 14, 12, 38, 36, 35, 40, 37, 18, 19, 8, 9, 13, 17, 16, 15, 39, 6, 51, 50, 48, 33, 31, 30, 4, 34, 32, 25, 26, 3, 0, 2, 1, 41, 23, 27, 29];10938.0
25945.0;[34, 52, 50, 49, 51, 48, 29, 28, 30, 0, 3, 13, 17, 33, 31, 43, 45, 7, 5, 6, 9, 8, 24, 23, 22, 47, 44, 42, 46, 18, 19, 2, 1, 36, 10, 12, 14, 41, 37, 35, 40, 38, 4, 16, 15, 39, 32, 26, 25, 27, 20, 21, 11];10667.0
24628.0;[9, 7, 5, 51, 48, 29, 27, 28, 24, 44, 34, 32, 31, 25, 26, 2, 17, 15, 37, 40, 21, 22, 19, 16, 11, 3, 1, 47, 42, 46, 45, 23, 20, 8, 6, 33, 30, 4, 41, 43, 49, 52, 50, 39, 38, 36, 35, 18, 0, 13, 10, 12, 14];10910.0
25279.0;[4, 1, 41, 47, 20, 24, 22, 46, 43, 42, 44, 23, 21, 39, 45, 34, 32, 33, 31, 25, 27, 15, 37, 30, 0, 36, 10, 12, 14, 38, 35, 40, 9, 7, 8, 6, 5, 51, 49, 52, 50, 48, 28, 29, 26, 2, 17, 16, 19, 18, 13, 11, 3];10038.0
25459.0;[28, 7, 6, 5, 13, 38, 4, 34, 30, 0, 35, 18, 9, 8, 2, 17, 16, 15, 19, 52, 50, 48, 49, 51, 44, 21, 11, 10, 12, 14, 41, 43, 45, 3, 1, 47, 42, 46, 23, 20, 24, 22, 39, 40, 37, 36, 32, 31, 33, 26, 25, 27, 29];9858.0
26268.0;[43, 42, 46, 7, 6, 9, 8, 16, 15, 37, 40, 21, 11, 14, 13, 17, 23, 32, 31, 33, 25, 27, 26, 3, 1, 0, 2, 30, 4, 22, 5, 51, 50, 49, 48, 24, 19, 18, 47, 34, 52, 29, 28, 20, 39, 36, 35, 10, 12, 38, 45, 44, 41];10987.0
27743.0;[49, 51, 48, 52, 50, 33, 30, 4, 34, 32, 31, 25, 27, 46, 43, 42, 41, 47, 19, 18, 17, 11, 10, 14, 13, 12, 20, 39, 37, 35, 40, 38, 36, 24, 23, 22, 45, 44, 21, 6, 7, 5, 9, 28, 29, 26, 2, 16, 15, 1, 8, 0, 3];10575.0
25173.0;[1, 41, 44, 34, 32, 27, 29, 52, 48, 49, 17, 16, 35, 40, 42, 46, 45, 23, 20, 24, 21, 8, 3, 13, 12, 14, 22, 18, 19, 15, 37, 39, 6, 9, 7, 33, 30, 0, 36, 10, 11, 38, 4, 5, 51, 50, 31, 43, 47, 28, 26, 25, 2];11866.0
25774.0;[43, 41, 42, 46, 39, 40, 29, 52, 50, 49, 51, 48, 28, 25, 13, 12, 38, 4, 2, 1, 8, 3, 0, 32, 30, 36, 35, 45, 44, 23, 22, 19, 18, 15, 37, 17, 16, 10, 14, 11, 34, 31, 26, 27, 7, 5, 6, 9, 33, 21, 20, 24, 47];10492.0
26615.0;[29, 35, 40, 19, 23, 24, 22, 39, 38, 4, 1, 10, 12, 16, 15, 37, 32, 27, 28, 25, 26, 3, 14, 13, 34, 51, 48, 18, 9, 7, 6, 5, 8, 0, 21, 20, 11, 2, 17, 31, 33, 30, 36, 45, 41, 47, 44, 43, 42, 46, 49, 52, 50];11386.0
24789.0;[38, 39, 45, 34, 32, 21, 20, 24, 23, 6, 7, 5, 8, 47, 42, 46, 44, 22, 19, 16, 15, 35, 40, 36, 10, 11, 12, 14, 27, 29, 28, 9, 33, 31, 30, 3, 0, 4, 26, 25, 2, 17, 37, 18, 41, 43, 48, 49, 52, 51, 50, 1, 13];11348.0
27628.0;[47, 43, 41, 42, 46, 45, 44, 34, 32, 30, 4, 1, 39, 40, 10, 12, 38, 36, 35, 49, 52, 50, 25, 2, 23, 22, 19, 16, 20, 24, 21, 11, 3, 0, 14, 13, 17, 33, 31, 26, 7, 6, 5, 8, 9, 15, 37, 18, 51, 48, 29, 28, 27];10969.0
27421.0;[21, 27, 25, 29, 28, 26, 7, 6, 5, 8, 9, 1, 41, 43, 45, 44, 23, 10, 12, 14, 11, 2, 0, 4, 17, 16, 15, 50, 52, 51, 48, 49, 33, 31, 20, 24, 22, 47, 42, 46, 34, 32, 30, 3, 13, 38, 36, 35, 18, 19, 37, 40, 39];9490.0
24755.0;[4, 34, 32, 31, 30, 33, 25, 26, 27, 29, 52, 50, 51, 48, 49, 6, 9, 8, 2, 17, 16, 23, 47, 28, 20, 21, 11, 10, 14, 13, 3, 1, 0, 36, 35, 38, 45, 41, 44, 43, 42, 46, 39, 40, 37, 7, 5, 12, 24, 22, 19, 18, 15];10221.0
26186.0;[13, 12, 11, 10, 4, 27, 29, 51, 49, 48, 7, 5, 8, 18, 19, 16, 15, 37, 40, 38, 35, 45, 44, 43, 3, 0, 22, 47, 28, 25, 14, 24, 23, 21, 20, 39, 6, 9, 1, 41, 42, 46, 34, 52, 50, 33, 2, 17, 31, 30, 36, 32, 26];12457.0
23490.0;[32, 26, 25, 16, 15, 37, 39, 40, 27, 29, 28, 48, 49, 51, 45, 44, 22, 18, 19, 17, 41, 47, 46, 43, 42, 7, 6, 5, 8, 1, 9, 33, 31, 30, 4, 0, 36, 35, 21, 24, 23, 20, 11, 3, 2, 13, 14, 34, 52, 50, 12, 10, 38];10875.0
26240.0;[34, 32, 31, 26, 7, 6, 9, 24, 22, 19, 18, 15, 37, 39, 36, 35, 40, 38, 4, 1, 3, 2, 17, 16, 11, 13, 12, 14, 29, 28, 25, 27, 47, 46, 43, 42, 5, 8, 23, 20, 21, 10, 49, 52, 51, 50, 48, 33, 30, 0, 45, 41, 44];9812.0
26446.0;[36, 35, 32, 26, 27, 28, 20, 21, 19, 18, 17, 15, 37, 40, 4, 2, 24, 22, 42, 46, 47, 44, 34, 31, 25, 29, 50, 52, 51, 48, 49, 33, 30, 8, 6, 9, 7, 5, 13, 11, 10, 12, 14, 41, 43, 45, 3, 16, 23, 39, 38, 1, 0];10011.0
25530.0;[34, 52, 49, 48, 29, 28, 26, 2, 16, 15, 36, 32, 31, 30, 6, 5, 51, 50, 33, 21, 24, 20, 39, 4, 3, 13, 11, 10, 14, 12, 38, 18, 17, 41, 42, 46, 43, 45, 23, 22, 19, 0, 1, 8, 9, 7, 35, 40, 37, 27, 25, 47, 44];10851.0
24525.0;[18, 1, 9, 7, 6, 5, 8, 13, 12, 45, 41, 47, 42, 46, 43, 24, 23, 32, 26, 27, 29, 28, 25, 3, 4, 2, 16, 22, 17, 33, 30, 0, 44, 34, 31, 21, 20, 11, 10, 14, 15, 50, 49, 48, 52, 51, 36, 35, 40, 39, 38, 37, 19];10536.0
25006.0;[29, 28, 39, 40, 37, 35, 4, 1, 10, 12, 14, 11, 3, 2, 13, 15, 38, 45, 43, 41, 42, 18, 17, 16, 23, 20, 21, 24, 22, 19, 9, 8, 7, 6, 5, 32, 33, 31, 30, 0, 36, 26, 27, 25, 47, 46, 44, 34, 51, 49, 52, 50, 48];9583.0
26160.0;[26, 27, 50, 52, 51, 48, 49, 29, 28, 25, 47, 46, 44, 42, 7, 5, 0, 36, 35, 40, 19, 18, 15, 37, 21, 20, 39, 6, 9, 8, 3, 14, 13, 12, 11, 10, 38, 4, 34, 32, 30, 2, 1, 41, 43, 45, 17, 16, 23, 24, 22, 33, 31];9472.0
27118.0;[51, 49, 52, 50, 48, 15, 39, 37, 16, 11, 13, 10, 12, 14, 17, 33, 31, 30, 0, 4, 2, 3, 36, 35, 40, 38, 22, 19, 18, 9, 7, 6, 5, 8, 1, 43, 41, 44, 23, 20, 21, 24, 32, 26, 29, 27, 28, 25, 42, 47, 46, 45, 34];9743.0
26401.0;[49, 24, 22, 47, 46, 35, 39, 6, 5, 8, 9, 33, 30, 0, 36, 4, 2, 17, 37, 18, 19, 16, 11, 23, 20, 21, 27, 26, 25, 15, 40, 29, 28, 52, 50, 1, 3, 13, 10, 45, 44, 34, 32, 31, 7, 14, 12, 38, 42, 41, 43, 51, 48];11855.0
26829.0;[49, 48, 29, 28, 25, 27, 2, 17, 20, 24, 22, 19, 18, 15, 37, 40, 45, 42, 46, 36, 35, 4, 33, 31, 26, 16, 23, 21, 39, 38, 44, 43, 41, 47, 7, 6, 9, 8, 1, 0, 3, 13, 34, 32, 30, 11, 10, 12, 14, 5, 51, 52, 50];9500.0
27627.0;[39, 5, 51, 48, 49, 52, 50, 29, 27, 28, 33, 32, 31, 21, 20, 24, 23, 38, 36, 10, 14, 34, 30, 35, 40, 2, 17, 15, 44, 41, 42, 46, 43, 45, 3, 13, 12, 37, 18, 19, 16, 11, 7, 6, 9, 8, 1, 47, 25, 26, 0, 4, 22];10659.0
26000.0;[26, 36, 32, 33, 31, 30, 4, 34, 51, 49, 48, 52, 50, 29, 39, 35, 40, 37, 10, 12, 38, 45, 41, 43, 44, 23, 22, 24, 47, 42, 46, 18, 19, 16, 11, 1, 6, 9, 8, 3, 2, 17, 15, 21, 20, 7, 5, 0, 13, 14, 27, 28, 25];10235.0
24150.0;[52, 50, 20, 21, 24, 23, 11, 14, 13, 7, 6, 9, 8, 32, 31, 33, 25, 27, 26, 1, 41, 42, 19, 17, 16, 43, 45, 44, 39, 40, 38, 4, 5, 51, 48, 49, 22, 47, 46, 18, 15, 37, 35, 36, 10, 12, 34, 30, 0, 3, 2, 29, 28];11849.0
26760.0;[30, 42, 46, 45, 41, 43, 7, 9, 10, 14, 20, 24, 22, 19, 6, 5, 49, 51, 48, 52, 50, 12, 38, 18, 17, 11, 3, 0, 36, 35, 40, 37, 15, 39, 4, 1, 13, 26, 27, 25, 29, 28, 21, 23, 8, 2, 16, 47, 44, 34, 32, 33, 31];10496.0
26773.0;[34, 52, 51, 50, 49, 48, 22, 42, 46, 7, 5, 8, 9, 13, 14, 12, 4, 2, 17, 30, 0, 36, 38, 18, 15, 37, 35, 40, 19, 33, 26, 27, 29, 28, 25, 10, 11, 16, 23, 20, 21, 24, 32, 31, 43, 45, 3, 39, 6, 1, 41, 47, 44];11005.0
26259.0;[28, 25, 29, 51, 48, 49, 52, 50, 33, 31, 30, 0, 36, 35, 38, 45, 44, 42, 46, 43, 41, 47, 37, 40, 10, 12, 14, 39, 4, 34, 32, 26, 13, 11, 9, 8, 6, 7, 5, 3, 2, 1, 16, 15, 19, 18, 17, 23, 21, 20, 24, 22, 27];9140.0
26850.0;[52, 50, 29, 25, 27, 28, 20, 24, 21, 39, 41, 47, 42, 7, 5, 51, 48, 18, 1, 0, 36, 10, 11, 34, 30, 35, 40, 4, 6, 8, 9, 14, 12, 38, 32, 33, 31, 26, 2, 3, 13, 17, 23, 22, 19, 16, 15, 37, 45, 44, 46, 43, 49];10716.0
26888.0;[51, 48, 49, 52, 50, 29, 28, 17, 33, 32, 31, 26, 25, 27, 46, 43, 42, 16, 11, 12, 38, 4, 1, 6, 8, 9, 7, 5, 2, 14, 24, 23, 22, 19, 18, 15, 37, 39, 35, 40, 45, 41, 47, 44, 34, 30, 0, 36, 21, 20, 3, 13, 10];10083.0
26856.0;[43, 42, 46, 45, 34, 52, 50, 49, 51, 48, 29, 7, 5, 9, 1, 41, 47, 44, 39, 40, 38, 36, 35, 10, 14, 12, 24, 23, 20, 11, 13, 15, 37, 21, 27, 28, 25, 26, 3, 2, 17, 16, 32, 30, 0, 4, 22, 19, 18, 8, 6, 31, 33];10216.0
25410.0;[23, 21, 27, 52, 51, 50, 49, 48, 25, 47, 43, 42, 46, 41, 20, 24, 22, 19, 17, 16, 15, 37, 8, 7, 5, 12, 38, 45, 44, 32, 33, 26, 29, 28, 31, 30, 13, 11, 3, 1, 6, 9, 0, 4, 36, 35, 40, 39, 10, 14, 34, 18, 2];11062.0
25729.0;[14, 7, 5, 51, 44, 22, 19, 18, 8, 6, 9, 3, 36, 35, 40, 37, 39, 25, 27, 46, 43, 13, 10, 11, 2, 33, 30, 38, 41, 47, 34, 50, 52, 48, 49, 29, 28, 26, 16, 23, 21, 20, 24, 17, 15, 32, 31, 42, 45, 0, 4, 1, 12];12129.0
24885.0;[29, 28, 25, 27, 26, 41, 47, 42, 46, 44, 43, 7, 5, 8, 13, 20, 21, 22, 19, 18, 6, 9, 33, 30, 4, 2, 17, 16, 15, 1, 3, 0, 36, 35, 37, 40, 38, 45, 34, 52, 51, 48, 50, 49, 24, 23, 39, 32, 31, 11, 10, 12, 14];9930.0
25440.0;[5, 51, 49, 52, 50, 48, 24, 39, 45, 34, 32, 30, 36, 35, 40, 14, 13, 11, 10, 38, 4, 1, 0, 2, 3, 33, 31, 26, 27, 29, 28, 25, 12, 41, 47, 42, 7, 6, 44, 43, 46, 18, 17, 20, 21, 8, 9, 16, 15, 37, 23, 22, 19];10526.0
26195.0;[1, 8, 6, 9, 7, 5, 3, 41, 47, 44, 22, 19, 18, 17, 16, 37, 21, 24, 23, 20, 39, 35, 40, 36, 31, 33, 29, 26, 2, 15, 50, 52, 51, 28, 25, 27, 43, 45, 42, 46, 13, 11, 10, 14, 12, 38, 0, 4, 34, 32, 30, 49, 48];11609.0
27290.0;[34, 51, 49, 52, 50, 48, 28, 25, 0, 35, 21, 22, 47, 44, 20, 24, 19, 18, 17, 16, 15, 37, 40, 4, 1, 41, 43, 45, 23, 11, 3, 2, 13, 12, 38, 42, 46, 39, 36, 32, 31, 30, 33, 27, 29, 26, 7, 5, 6, 9, 8, 10, 14];9846.0
27773.0;[27, 26, 3, 2, 46, 44, 34, 52, 50, 33, 30, 10, 14, 9, 7, 6, 8, 13, 12, 38, 43, 42, 23, 24, 22, 21, 40, 39, 32, 31, 28, 20, 11, 17, 16, 19, 18, 15, 37, 35, 4, 1, 5, 51, 49, 48, 29, 0, 36, 45, 41, 47, 25];11713.0
25603.0;[52, 50, 48, 49, 51, 29, 28, 25, 26, 27, 20, 24, 23, 22, 19, 18, 2, 17, 16, 15, 37, 21, 8, 6, 9, 33, 31, 7, 5, 3, 1, 41, 42, 46, 47, 44, 43, 45, 11, 10, 12, 14, 39, 35, 40, 38, 36, 32, 30, 0, 4, 13, 34];9350.0
25138.0;[5, 51, 49, 52, 50, 48, 28, 24, 22, 19, 11, 34, 32, 33, 31, 30, 0, 1, 41, 47, 43, 42, 46, 44, 23, 7, 6, 9, 8, 2, 15, 37, 40, 36, 35, 18, 17, 16, 38, 45, 3, 13, 10, 14, 12, 20, 21, 39, 4, 25, 27, 29, 26];9459.0
27838.0;[45, 44, 41, 47, 46, 43, 42, 37, 35, 40, 38, 39, 4, 1, 3, 2, 16, 22, 19, 18, 17, 33, 30, 0, 14, 13, 11, 10, 12, 20, 6, 9, 7, 5, 8, 34, 52, 50, 49, 51, 48, 28, 25, 36, 32, 31, 21, 24, 23, 27, 29, 26, 15];10047.0
26268.0;[52, 51, 50, 49, 48, 29, 27, 47, 43, 42, 7, 5, 6, 9, 8, 13, 14, 11, 10, 12, 45, 34, 32, 31, 33, 30, 0, 21, 20, 39, 38, 36, 40, 4, 1, 17, 16, 15, 19, 18, 28, 25, 26, 3, 2, 23, 24, 22, 44, 41, 46, 37, 35];9645.0
26501.0;[29, 25, 26, 27, 28, 20, 21, 24, 22, 47, 44, 23, 17, 33, 31, 30, 4, 16, 11, 3, 0, 35, 38, 36, 10, 12, 14, 15, 39, 5, 51, 48, 49, 50, 52, 42, 46, 41, 43, 45, 2, 1, 40, 37, 18, 19, 8, 9, 13, 34, 32, 7, 6];10518.0
27371.0;[48, 49, 52, 51, 25, 7, 5, 6, 8, 9, 33, 31, 30, 0, 2, 23, 21, 20, 39, 38, 4, 17, 15, 37, 40, 41, 43, 42, 44, 34, 18, 1, 36, 35, 32, 26, 3, 47, 46, 45, 13, 12, 16, 11, 10, 14, 24, 22, 19, 27, 29, 28, 50];10273.0
26706.0;[34, 50, 52, 51, 48, 49, 33, 31, 26, 27, 29, 28, 25, 1, 43, 45, 41, 47, 44, 42, 46, 7, 6, 5, 2, 16, 32, 30, 12, 14, 11, 10, 3, 0, 36, 35, 40, 38, 37, 18, 17, 21, 20, 24, 23, 22, 19, 15, 39, 4, 9, 8, 13];9500.0
25873.0;[32, 31, 30, 0, 13, 12, 44, 23, 18, 19, 1, 4, 2, 11, 34, 33, 27, 29, 28, 25, 26, 3, 8, 6, 5, 51, 52, 50, 49, 48, 17, 16, 21, 20, 10, 14, 24, 22, 46, 43, 45, 41, 47, 42, 7, 9, 15, 37, 35, 39, 40, 38, 36];10092.0
26937.0;[5, 51, 50, 52, 45, 44, 43, 42, 46, 41, 47, 16, 15, 37, 40, 38, 1, 8, 33, 29, 28, 25, 27, 26, 7, 6, 9, 12, 14, 36, 35, 4, 3, 13, 10, 11, 34, 48, 49, 24, 20, 21, 39, 32, 31, 30, 0, 2, 17, 23, 22, 19, 18];10592.0
24110.0;[18, 25, 26, 7, 5, 8, 13, 14, 47, 44, 42, 46, 20, 11, 10, 12, 38, 4, 2, 23, 32, 27, 29, 28, 30, 0, 3, 6, 9, 34, 50, 52, 51, 48, 49, 33, 31, 21, 39, 36, 35, 40, 24, 22, 19, 1, 41, 43, 45, 17, 16, 15, 37];10584.0
24349.0;[29, 20, 21, 8, 9, 7, 6, 5, 3, 36, 32, 33, 31, 30, 0, 12, 14, 11, 1, 41, 47, 44, 39, 38, 4, 2, 15, 37, 10, 34, 52, 50, 48, 49, 51, 35, 40, 45, 42, 46, 43, 13, 17, 16, 24, 22, 19, 18, 23, 27, 28, 25, 26];10036.0
27715.0;[50, 18, 17, 16, 15, 39, 45, 42, 44, 23, 11, 2, 3, 1, 13, 12, 32, 31, 25, 27, 29, 28, 20, 21, 6, 9, 8, 35, 38, 36, 10, 14, 24, 47, 46, 41, 43, 34, 30, 40, 37, 49, 48, 51, 7, 5, 0, 4, 22, 19, 33, 26, 52];12219.0
23741.0;[14, 20, 24, 28, 25, 26, 27, 29, 50, 52, 51, 48, 49, 33, 30, 0, 17, 16, 11, 10, 37, 1, 41, 47, 43, 45, 42, 46, 44, 34, 32, 31, 21, 3, 13, 12, 38, 36, 35, 39, 40, 4, 2, 23, 22, 15, 19, 18, 7, 6, 5, 9, 8];9441.0
25853.0;[37, 19, 18, 17, 15, 39, 36, 35, 40, 38, 4, 13, 11, 10, 14, 12, 32, 30, 34, 52, 51, 50, 33, 31, 26, 2, 16, 23, 8, 6, 9, 3, 1, 44, 41, 28, 25, 29, 27, 47, 46, 43, 45, 42, 7, 5, 48, 49, 24, 21, 20, 22, 0];10981.0
23867.0;[15, 52, 51, 49, 24, 23, 20, 11, 3, 2, 0, 36, 35, 18, 19, 17, 33, 31, 26, 25, 27, 28, 50, 48, 29, 13, 12, 38, 4, 1, 10, 14, 16, 37, 39, 40, 45, 41, 44, 34, 32, 30, 21, 22, 42, 47, 46, 43, 7, 6, 5, 8, 9];10440.0
25932.0;[26, 27, 5, 51, 52, 50, 49, 48, 29, 24, 47, 46, 41, 43, 42, 17, 16, 11, 10, 38, 4, 0, 1, 8, 13, 12, 14, 39, 36, 35, 6, 9, 7, 21, 20, 22, 19, 33, 30, 45, 44, 18, 15, 37, 40, 34, 31, 28, 25, 3, 2, 23, 32];11774.0
25965.0;[25, 26, 13, 34, 32, 30, 35, 37, 18, 15, 40, 38, 36, 39, 6, 5, 51, 48, 52, 50, 33, 31, 20, 21, 11, 14, 24, 22, 0, 10, 12, 4, 1, 9, 7, 8, 2, 3, 23, 19, 17, 16, 45, 41, 47, 44, 42, 46, 43, 49, 29, 27, 28];10647.0
26619.0;[51, 49, 48, 52, 50, 29, 26, 27, 47, 44, 34, 32, 31, 7, 6, 5, 8, 9, 3, 2, 17, 16, 20, 24, 23, 11, 10, 36, 35, 4, 1, 41, 43, 42, 46, 45, 22, 19, 33, 30, 0, 12, 14, 13, 15, 40, 21, 39, 38, 37, 18, 25, 28];9663.0
28131.0;[24, 23, 21, 10, 12, 14, 34, 30, 35, 36, 40, 37, 15, 39, 38, 22, 18, 19, 1, 8, 6, 5, 51, 50, 31, 33, 45, 44, 42, 46, 43, 41, 47, 32, 26, 7, 9, 0, 4, 16, 11, 13, 27, 28, 25, 3, 2, 17, 20, 29, 52, 49, 48];11918.0
24959.0;[50, 33, 31, 30, 36, 35, 40, 38, 37, 4, 2, 3, 1, 41, 42, 43, 7, 6, 9, 8, 17, 16, 19, 15, 18, 5, 51, 48, 49, 28, 25, 47, 46, 45, 44, 23, 39, 21, 20, 11, 13, 10, 12, 14, 24, 22, 0, 34, 32, 26, 27, 29, 52];10100.0
25797.0;[38, 45, 41, 47, 42, 5, 51, 48, 49, 52, 50, 29, 28, 25, 26, 27, 44, 34, 30, 4, 2, 17, 16, 23, 24, 22, 19, 18, 1, 0, 36, 35, 40, 21, 20, 11, 10, 32, 31, 33, 43, 46, 37, 15, 8, 7, 6, 9, 3, 13, 14, 12, 39];9450.0
25599.0;[7, 5, 9, 29, 28, 52, 50, 49, 51, 48, 26, 2, 16, 15, 37, 39, 35, 40, 43, 45, 10, 14, 24, 42, 41, 47, 46, 44, 23, 19, 18, 17, 11, 3, 13, 12, 34, 32, 31, 30, 1, 6, 33, 21, 22, 0, 36, 38, 4, 25, 27, 20, 8];10884.0
25979.0;[38, 45, 42, 46, 34, 32, 30, 8, 6, 5, 51, 49, 52, 50, 48, 15, 19, 18, 0, 21, 20, 39, 36, 35, 37, 33, 31, 27, 29, 28, 25, 13, 26, 7, 9, 2, 1, 41, 47, 43, 12, 14, 10, 11, 3, 4, 22, 44, 23, 24, 17, 16, 40];10856.0
26082.0;[50, 51, 48, 49, 28, 31, 33, 30, 0, 2, 16, 15, 37, 40, 24, 22, 23, 20, 21, 39, 18, 19, 7, 5, 13, 17, 11, 10, 12, 14, 38, 45, 43, 47, 42, 46, 36, 32, 25, 26, 27, 29, 35, 4, 1, 6, 9, 8, 3, 41, 44, 34, 52];10068.0
25591.0;[35, 40, 39, 6, 5, 9, 7, 21, 22, 43, 45, 11, 10, 14, 13, 12, 41, 47, 44, 34, 52, 50, 33, 31, 30, 36, 38, 4, 8, 2, 16, 23, 20, 24, 19, 1, 42, 46, 37, 18, 17, 15, 32, 26, 3, 0, 25, 27, 29, 28, 48, 49, 51];11213.0
25844.0;[9, 30, 0, 36, 40, 27, 29, 28, 20, 21, 23, 11, 3, 2, 17, 16, 22, 47, 44, 39, 37, 35, 18, 15, 32, 31, 33, 25, 26, 12, 38, 4, 8, 6, 5, 10, 14, 13, 34, 52, 50, 49, 51, 48, 24, 19, 1, 41, 46, 43, 45, 42, 7];10568.0
25170.0;[48, 29, 26, 7, 6, 3, 13, 17, 11, 1, 4, 2, 16, 15, 20, 24, 18, 19, 5, 51, 49, 50, 33, 30, 36, 38, 45, 41, 43, 42, 37, 35, 40, 39, 21, 23, 22, 47, 46, 44, 34, 10, 12, 14, 9, 8, 0, 32, 31, 25, 27, 28, 52];10727.0
27381.0;[12, 38, 42, 46, 43, 45, 44, 34, 32, 27, 28, 25, 29, 49, 52, 50, 31, 21, 22, 18, 33, 30, 0, 36, 35, 40, 4, 8, 6, 5, 51, 48, 26, 3, 16, 11, 14, 41, 47, 7, 9, 2, 23, 20, 24, 19, 1, 13, 17, 15, 37, 39, 10];10714.0
27590.0;[51, 48, 49, 52, 50, 28, 25, 1, 9, 8, 17, 16, 39, 40, 38, 4, 3, 2, 15, 19, 33, 30, 37, 18, 0, 36, 35, 45, 46, 43, 41, 42, 47, 10, 14, 11, 13, 12, 44, 34, 32, 31, 24, 23, 22, 20, 21, 27, 29, 26, 7, 6, 5];10077.0
24383.0;[29, 28, 27, 47, 42, 7, 6, 5, 8, 9, 13, 34, 32, 33, 31, 48, 49, 52, 51, 50, 30, 0, 36, 40, 10, 12, 14, 24, 19, 16, 23, 22, 18, 17, 15, 37, 21, 20, 39, 38, 45, 44, 11, 3, 2, 1, 43, 41, 46, 35, 4, 25, 26];10084.0
25675.0;[34, 50, 52, 51, 45, 44, 42, 47, 28, 27, 25, 26, 7, 5, 6, 9, 8, 3, 0, 32, 30, 36, 35, 40, 17, 23, 22, 21, 24, 19, 15, 37, 18, 33, 31, 1, 41, 43, 46, 49, 48, 29, 2, 16, 11, 10, 20, 39, 38, 4, 13, 12, 14];11186.0
27154.0;[38, 36, 27, 25, 29, 50, 48, 49, 52, 51, 42, 46, 44, 34, 32, 31, 30, 1, 41, 43, 47, 28, 26, 14, 13, 11, 10, 12, 45, 7, 5, 6, 9, 33, 21, 39, 40, 37, 19, 18, 3, 2, 17, 16, 24, 23, 22, 20, 8, 0, 4, 15, 35];10372.0
22505.0;[7, 6, 5, 51, 48, 49, 52, 50, 25, 27, 29, 28, 39, 38, 45, 44, 43, 23, 18, 19, 0, 36, 35, 1, 41, 42, 46, 37, 40, 21, 8, 9, 2, 17, 15, 16, 11, 10, 12, 4, 3, 13, 14, 20, 24, 22, 47, 34, 32, 31, 30, 33, 26];9518.0
26064.0;[48, 49, 52, 51, 50, 33, 31, 30, 4, 22, 21, 24, 23, 20, 10, 12, 13, 17, 15, 19, 16, 11, 3, 14, 27, 29, 28, 47, 44, 34, 32, 26, 25, 2, 0, 36, 35, 40, 39, 37, 18, 1, 7, 6, 5, 8, 9, 38, 45, 41, 43, 42, 46];9684.0
25849.0;[27, 28, 50, 49, 52, 51, 48, 29, 7, 6, 5, 9, 12, 38, 36, 40, 45, 44, 34, 32, 31, 30, 0, 35, 42, 47, 22, 19, 16, 23, 11, 10, 14, 20, 24, 21, 39, 4, 1, 8, 2, 41, 43, 46, 3, 13, 15, 37, 18, 17, 33, 25, 26];9815.0
24622.0;[29, 26, 7, 6, 5, 8, 9, 13, 34, 32, 31, 33, 30, 3, 2, 17, 16, 11, 10, 12, 14, 39, 36, 35, 40, 38, 43, 45, 44, 42, 46, 41, 47, 28, 25, 27, 0, 4, 1, 21, 20, 24, 23, 22, 19, 18, 15, 37, 52, 51, 50, 48, 49];8906.0
26237.0;[5, 51, 49, 52, 50, 48, 24, 23, 19, 18, 16, 11, 10, 17, 15, 37, 39, 42, 46, 41, 47, 34, 32, 33, 31, 30, 14, 13, 26, 27, 28, 25, 29, 20, 21, 8, 7, 6, 9, 12, 38, 4, 22, 0, 36, 35, 40, 44, 43, 45, 3, 2, 1];9700.0
25905.0;[1, 6, 8, 3, 14, 41, 42, 7, 5, 12, 38, 32, 31, 21, 39, 36, 35, 40, 18, 19, 10, 11, 13, 34, 30, 0, 4, 2, 17, 16, 23, 25, 27, 29, 28, 51, 48, 49, 52, 50, 24, 22, 47, 44, 46, 43, 45, 20, 9, 33, 26, 15, 37];10621.0
26871.0;[36, 31, 33, 30, 0, 14, 24, 20, 21, 39, 35, 40, 38, 4, 1, 9, 8, 3, 13, 12, 10, 11, 2, 15, 19, 25, 27, 47, 46, 37, 18, 17, 16, 23, 22, 44, 34, 32, 29, 28, 26, 7, 6, 5, 51, 48, 49, 50, 52, 45, 41, 43, 42];10002.0
26216.0;[32, 26, 7, 5, 51, 49, 52, 50, 48, 29, 20, 11, 10, 12, 38, 4, 1, 0, 36, 21, 24, 23, 6, 9, 8, 2, 3, 15, 37, 35, 18, 33, 31, 30, 44, 43, 13, 14, 39, 40, 45, 42, 46, 22, 19, 17, 16, 41, 47, 28, 25, 27, 34];10557.0
27327.0;[45, 42, 41, 47, 46, 43, 44, 34, 32, 26, 25, 7, 6, 5, 9, 8, 15, 37, 18, 17, 16, 23, 20, 21, 11, 12, 24, 22, 19, 1, 36, 35, 40, 38, 33, 31, 30, 0, 14, 27, 29, 28, 39, 4, 2, 3, 13, 10, 48, 50, 49, 52, 51];9739.0
25628.0;[41, 43, 45, 44, 20, 24, 23, 21, 39, 38, 37, 18, 16, 11, 10, 48, 49, 52, 51, 50, 33, 13, 17, 15, 19, 7, 6, 5, 4, 22, 34, 32, 31, 30, 36, 35, 40, 27, 26, 3, 2, 1, 0, 12, 14, 42, 47, 46, 25, 29, 28, 9, 8];10878.0
26925.0;[51, 48, 49, 52, 50, 33, 31, 43, 45, 44, 46, 41, 47, 42, 7, 5, 8, 6, 9, 3, 13, 15, 37, 39, 38, 4, 34, 32, 30, 0, 35, 40, 36, 10, 12, 11, 14, 21, 20, 24, 22, 18, 19, 1, 2, 17, 16, 23, 27, 28, 25, 26, 29];8803.0
25122.0;[19, 25, 3, 13, 11, 10, 14, 12, 38, 39, 6, 5, 8, 9, 7, 21, 29, 28, 50, 52, 51, 48, 49, 33, 31, 26, 27, 47, 44, 34, 32, 30, 4, 2, 23, 20, 24, 22, 1, 0, 36, 18, 17, 16, 15, 35, 37, 40, 45, 41, 42, 46, 43];9925.0
27764.0;[17, 15, 40, 42, 7, 5, 8, 6, 9, 0, 3, 34, 32, 33, 31, 30, 36, 35, 38, 4, 2, 16, 11, 10, 13, 12, 14, 27, 26, 1, 41, 47, 44, 43, 45, 20, 39, 37, 18, 19, 28, 25, 29, 52, 50, 48, 24, 23, 21, 22, 46, 49, 51];11028.0
23737.0;[50, 49, 29, 27, 28, 39, 38, 36, 35, 4, 1, 6, 9, 8, 0, 32, 31, 33, 26, 25, 7, 5, 13, 34, 30, 12, 14, 20, 21, 23, 24, 22, 47, 41, 43, 42, 46, 37, 40, 45, 44, 52, 51, 48, 17, 11, 10, 3, 2, 16, 19, 18, 15];11339.0
26343.0;[9, 7, 6, 5, 51, 49, 50, 33, 30, 36, 45, 44, 43, 42, 25, 27, 29, 28, 26, 3, 8, 14, 13, 52, 48, 24, 22, 46, 41, 47, 34, 32, 31, 21, 23, 20, 39, 18, 19, 1, 0, 4, 2, 15, 35, 40, 37, 17, 16, 11, 10, 12, 38];10576.0
27769.0;[5, 34, 32, 30, 33, 31, 26, 16, 15, 37, 18, 17, 23, 22, 19, 1, 0, 4, 2, 36, 35, 49, 50, 48, 52, 51, 45, 44, 39, 40, 38, 10, 11, 13, 12, 14, 24, 20, 9, 8, 3, 41, 47, 46, 43, 42, 7, 21, 27, 29, 28, 25, 6];10422.0
26927.0;[28, 20, 8, 33, 30, 36, 10, 12, 14, 15, 37, 32, 31, 26, 25, 29, 27, 47, 44, 34, 52, 49, 24, 21, 39, 4, 16, 11, 2, 0, 35, 38, 40, 45, 41, 43, 42, 46, 3, 13, 17, 23, 22, 19, 18, 1, 7, 6, 9, 5, 51, 50, 48];10657.0
24888.0;[3, 2, 33, 31, 25, 29, 50, 49, 52, 44, 34, 32, 30, 4, 6, 5, 51, 48, 28, 39, 38, 10, 12, 14, 43, 41, 42, 37, 40, 27, 26, 23, 22, 19, 11, 13, 9, 7, 8, 1, 0, 36, 35, 18, 15, 17, 16, 20, 21, 24, 47, 46, 45];11533.0
27159.0;[46, 41, 42, 7, 9, 8, 6, 5, 51, 49, 52, 50, 48, 17, 10, 14, 11, 13, 12, 38, 4, 1, 0, 34, 32, 30, 36, 35, 37, 39, 40, 44, 43, 45, 3, 2, 23, 29, 28, 25, 27, 26, 16, 15, 19, 18, 33, 31, 20, 21, 24, 22, 47];9580.0
26992.0;[13, 7, 6, 5, 52, 51, 50, 48, 49, 24, 19, 18, 11, 10, 12, 14, 41, 44, 43, 42, 29, 28, 20, 22, 47, 46, 45, 15, 35, 40, 37, 17, 16, 23, 32, 26, 25, 27, 3, 2, 1, 0, 36, 21, 8, 9, 33, 31, 39, 38, 4, 34, 30];10810.0
26149.0;[50, 49, 48, 29, 28, 33, 31, 30, 0, 24, 22, 19, 18, 15, 39, 4, 1, 3, 13, 14, 20, 21, 9, 7, 38, 45, 44, 34, 32, 26, 36, 35, 27, 25, 2, 11, 10, 12, 37, 40, 17, 16, 23, 6, 5, 8, 41, 47, 42, 46, 43, 52, 51];10713.0
26725.0;[51, 49, 52, 50, 48, 29, 28, 20, 24, 21, 39, 37, 18, 1, 2, 17, 16, 23, 22, 19, 33, 30, 0, 36, 35, 4, 7, 6, 9, 8, 3, 10, 11, 12, 14, 13, 15, 40, 38, 45, 42, 46, 41, 47, 44, 43, 34, 32, 31, 25, 27, 26, 5];8767.0
27751.0;[46, 45, 41, 43, 42, 7, 6, 5, 9, 29, 26, 25, 12, 38, 44, 34, 52, 50, 49, 51, 48, 2, 1, 0, 36, 32, 31, 30, 33, 21, 11, 10, 14, 13, 17, 16, 15, 39, 37, 35, 40, 19, 18, 8, 3, 4, 27, 28, 20, 24, 23, 22, 47];10241.0
24407.0;[18, 15, 37, 36, 35, 40, 39, 21, 6, 9, 7, 5, 8, 3, 13, 10, 12, 14, 11, 2, 30, 0, 4, 22, 47, 34, 32, 25, 27, 28, 24, 19, 17, 16, 1, 41, 43, 42, 46, 44, 23, 20, 29, 52, 50, 33, 31, 26, 38, 45, 51, 48, 49];11422.0
25862.0;[49, 51, 48, 52, 50, 33, 26, 3, 2, 17, 16, 11, 10, 12, 14, 9, 8, 6, 5, 1, 41, 43, 42, 46, 45, 44, 20, 24, 39, 4, 13, 34, 32, 31, 30, 0, 36, 35, 21, 28, 25, 27, 29, 15, 40, 38, 37, 18, 19, 23, 22, 47, 7];9774.0
23862.0;[10, 38, 37, 36, 32, 31, 30, 0, 2, 15, 39, 4, 3, 13, 12, 18, 19, 6, 9, 1, 41, 44, 34, 33, 26, 27, 47, 46, 43, 49, 52, 51, 50, 48, 24, 23, 22, 21, 14, 20, 7, 5, 8, 35, 40, 29, 28, 25, 45, 42, 17, 16, 11];11239.0
22551.0;[21, 20, 24, 22, 19, 18, 11, 10, 14, 39, 38, 4, 2, 0, 3, 1, 6, 9, 8, 36, 40, 44, 43, 41, 47, 23, 32, 30, 17, 16, 15, 37, 35, 49, 52, 50, 13, 12, 34, 51, 48, 45, 42, 46, 7, 5, 29, 28, 25, 26, 27, 31, 33];11695.0
24917.0;[37, 35, 21, 29, 28, 25, 27, 26, 15, 39, 40, 4, 22, 42, 7, 9, 8, 2, 17, 16, 6, 5, 51, 50, 52, 48, 49, 24, 32, 33, 31, 30, 0, 36, 18, 19, 23, 20, 11, 10, 1, 3, 13, 14, 12, 38, 41, 47, 44, 43, 46, 45, 34];9988.0
26840.0;[28, 25, 47, 44, 34, 32, 31, 21, 6, 9, 7, 5, 51, 49, 52, 50, 48, 29, 26, 10, 12, 11, 17, 33, 30, 36, 35, 18, 16, 41, 43, 42, 46, 37, 40, 4, 2, 0, 3, 15, 39, 38, 45, 23, 24, 22, 19, 1, 8, 13, 14, 20, 27];9964.0
24430.0;[13, 34, 49, 52, 50, 28, 25, 26, 15, 37, 45, 41, 44, 20, 39, 35, 40, 38, 4, 1, 8, 9, 7, 2, 17, 16, 23, 24, 22, 6, 5, 51, 48, 29, 27, 47, 43, 42, 46, 3, 0, 32, 31, 33, 30, 36, 21, 10, 12, 14, 18, 19, 11];10727.0
28156.0;[24, 47, 23, 22, 0, 4, 19, 18, 17, 11, 7, 6, 9, 8, 13, 12, 10, 14, 16, 15, 37, 40, 27, 26, 3, 2, 1, 41, 43, 42, 46, 45, 44, 34, 52, 50, 28, 31, 33, 30, 32, 25, 29, 21, 20, 39, 38, 36, 35, 5, 51, 48, 49];11027.0
27152.0;[51, 50, 49, 48, 7, 5, 6, 9, 8, 3, 36, 38, 45, 42, 47, 27, 29, 28, 25, 26, 2, 16, 17, 11, 10, 12, 20, 21, 39, 4, 13, 14, 24, 23, 22, 33, 31, 19, 18, 15, 37, 35, 40, 32, 30, 0, 1, 41, 46, 43, 44, 34, 52];10379.0
26990.0;[29, 21, 22, 47, 34, 32, 31, 33, 30, 6, 9, 41, 42, 43, 45, 3, 2, 23, 20, 8, 7, 5, 0, 4, 1, 13, 12, 14, 38, 36, 35, 37, 18, 28, 50, 52, 51, 48, 49, 24, 19, 16, 10, 11, 17, 15, 26, 25, 46, 44, 39, 40, 27];11312.0
25407.0;[47, 44, 34, 50, 52, 51, 48, 49, 24, 19, 8, 6, 9, 13, 11, 10, 12, 14, 41, 43, 42, 46, 23, 22, 3, 0, 4, 1, 7, 5, 2, 17, 16, 15, 40, 38, 45, 20, 21, 39, 32, 31, 30, 36, 35, 37, 18, 33, 25, 26, 27, 29, 28];9793.0
27588.0;[38, 4, 1, 8, 6, 9, 7, 5, 29, 28, 25, 27, 26, 13, 17, 24, 22, 19, 18, 23, 20, 39, 36, 31, 30, 16, 15, 50, 49, 48, 52, 51, 45, 0, 3, 2, 41, 43, 46, 44, 42, 47, 34, 32, 33, 21, 11, 10, 14, 12, 35, 40, 37];10046.0
25486.0;[39, 36, 32, 31, 7, 6, 5, 8, 9, 12, 11, 10, 14, 13, 33, 30, 0, 19, 28, 25, 27, 26, 38, 45, 43, 49, 51, 48, 24, 23, 20, 37, 18, 1, 3, 2, 41, 47, 44, 42, 46, 35, 40, 21, 22, 17, 16, 15, 4, 34, 52, 50, 29];11465.0
26058.0;[45, 44, 47, 46, 43, 42, 7, 5, 6, 8, 2, 23, 39, 37, 17, 16, 11, 10, 38, 4, 1, 34, 32, 31, 30, 0, 36, 40, 20, 24, 19, 18, 9, 33, 21, 22, 3, 13, 14, 12, 41, 28, 27, 29, 50, 48, 26, 25, 15, 35, 49, 52, 51];11433.0
26140.0;[49, 48, 52, 51, 27, 29, 28, 25, 26, 7, 5, 8, 6, 9, 3, 36, 35, 40, 32, 33, 31, 30, 21, 20, 24, 42, 47, 46, 2, 16, 15, 37, 17, 23, 11, 10, 12, 38, 18, 19, 1, 13, 14, 41, 43, 45, 0, 4, 22, 39, 44, 34, 50];9798.0
24531.0;[6, 49, 52, 33, 30, 4, 34, 32, 31, 21, 23, 20, 39, 36, 35, 40, 37, 15, 28, 25, 27, 26, 2, 17, 16, 10, 46, 43, 42, 18, 1, 13, 12, 14, 11, 3, 0, 38, 45, 44, 41, 47, 7, 5, 51, 50, 48, 29, 24, 22, 19, 9, 8];10689.0
28001.0;[2, 15, 52, 51, 50, 49, 48, 29, 28, 39, 40, 18, 19, 16, 37, 35, 34, 32, 20, 24, 23, 8, 7, 5, 12, 38, 45, 43, 42, 17, 33, 31, 30, 11, 10, 25, 27, 26, 3, 4, 1, 0, 36, 21, 22, 44, 41, 47, 46, 14, 13, 6, 9];11349.0
27173.0;[34, 50, 52, 51, 49, 48, 7, 6, 5, 11, 3, 13, 14, 10, 12, 38, 36, 32, 30, 0, 4, 1, 8, 9, 2, 17, 16, 15, 26, 25, 27, 29, 28, 39, 37, 35, 40, 18, 33, 31, 21, 22, 19, 23, 20, 24, 47, 42, 46, 43, 45, 44, 41];9642.0
24521.0;[3, 13, 12, 32, 33, 31, 30, 0, 17, 16, 19, 1, 36, 35, 18, 15, 37, 40, 4, 25, 27, 26, 2, 23, 20, 24, 22, 46, 43, 41, 47, 44, 11, 10, 14, 34, 51, 49, 52, 50, 48, 29, 28, 21, 39, 38, 45, 42, 7, 6, 5, 9, 8];9472.0
26387.0;[30, 4, 50, 48, 49, 52, 51, 45, 42, 46, 41, 47, 44, 43, 20, 39, 19, 18, 15, 37, 21, 27, 28, 25, 29, 24, 22, 3, 2, 17, 16, 23, 32, 31, 33, 26, 1, 9, 7, 6, 5, 8, 0, 35, 40, 38, 36, 10, 11, 12, 14, 13, 34];9925.0
25869.0;[45, 44, 41, 46, 43, 42, 7, 9, 33, 25, 27, 29, 28, 47, 34, 32, 31, 30, 1, 6, 5, 8, 2, 16, 15, 37, 36, 35, 40, 51, 49, 52, 50, 48, 26, 0, 4, 22, 19, 18, 17, 24, 23, 11, 3, 13, 12, 38, 10, 14, 20, 21, 39];9962.0
26850.0;[34, 51, 49, 52, 50, 48, 29, 28, 25, 6, 9, 33, 31, 30, 32, 27, 26, 16, 11, 12, 10, 14, 20, 24, 22, 19, 17, 23, 21, 39, 18, 1, 0, 36, 35, 38, 4, 3, 2, 15, 37, 40, 42, 46, 45, 44, 43, 41, 47, 7, 5, 8, 13];9572.0
26779.0;[12, 14, 33, 31, 21, 39, 42, 7, 5, 6, 9, 8, 11, 1, 3, 2, 17, 16, 20, 24, 19, 28, 29, 25, 27, 26, 0, 4, 22, 47, 46, 37, 35, 40, 38, 41, 43, 45, 44, 23, 32, 30, 13, 34, 50, 52, 51, 49, 48, 18, 15, 36, 10];10338.0
25754.0;[32, 29, 28, 50, 49, 48, 52, 51, 2, 17, 16, 11, 10, 14, 13, 12, 36, 35, 38, 42, 46, 47, 27, 25, 26, 7, 33, 31, 30, 0, 20, 24, 6, 5, 9, 8, 3, 23, 22, 19, 18, 15, 40, 37, 21, 39, 4, 1, 41, 43, 45, 44, 34];10273.0
26206.0;[19, 15, 36, 35, 40, 29, 28, 27, 25, 26, 1, 41, 42, 47, 46, 43, 52, 51, 50, 49, 48, 24, 23, 11, 10, 38, 4, 17, 16, 20, 39, 37, 18, 0, 3, 2, 14, 13, 12, 45, 44, 32, 31, 33, 21, 7, 6, 5, 9, 8, 34, 30, 22];10499.0
26223.0;[5, 51, 49, 52, 50, 48, 29, 6, 9, 8, 3, 42, 46, 43, 37, 35, 4, 2, 1, 41, 47, 45, 44, 34, 30, 0, 16, 23, 24, 22, 19, 15, 36, 32, 31, 33, 21, 20, 39, 18, 17, 11, 13, 10, 12, 14, 38, 40, 27, 28, 25, 26, 7];9667.0
28193.0;[51, 49, 52, 50, 48, 15, 40, 45, 44, 41, 47, 46, 37, 35, 38, 4, 20, 27, 28, 21, 19, 17, 16, 11, 1, 2, 36, 10, 12, 14, 24, 23, 22, 18, 9, 8, 3, 13, 34, 30, 0, 32, 31, 43, 42, 7, 6, 33, 26, 25, 29, 39, 5];10978.0
26269.0;[30, 0, 41, 47, 46, 44, 34, 6, 9, 3, 13, 14, 24, 23, 20, 39, 36, 32, 31, 50, 49, 52, 51, 48, 28, 25, 26, 7, 5, 8, 4, 22, 19, 1, 12, 38, 35, 40, 21, 27, 29, 16, 15, 37, 18, 11, 10, 42, 43, 45, 2, 17, 33];10657.0
25904.0;[5, 48, 49, 50, 33, 26, 25, 27, 29, 28, 16, 23, 39, 44, 34, 32, 31, 30, 17, 15, 35, 4, 2, 11, 10, 12, 52, 51, 42, 46, 37, 40, 21, 20, 24, 22, 19, 18, 1, 36, 38, 45, 43, 41, 47, 7, 3, 0, 14, 13, 8, 9, 6];10696.0
27797.0;[34, 50, 52, 51, 48, 49, 29, 28, 25, 27, 26, 7, 6, 5, 8, 9, 2, 17, 33, 31, 43, 42, 46, 41, 45, 20, 21, 39, 35, 40, 38, 37, 18, 1, 3, 15, 36, 32, 30, 0, 4, 16, 11, 10, 14, 13, 12, 24, 22, 19, 23, 47, 44];9147.0
24828.0;[7, 6, 9, 5, 51, 48, 49, 52, 50, 29, 27, 28, 25, 26, 36, 35, 37, 40, 38, 10, 12, 11, 3, 14, 13, 34, 32, 31, 21, 24, 22, 19, 23, 20, 39, 45, 44, 47, 46, 43, 42, 18, 33, 30, 0, 4, 17, 16, 15, 1, 8, 2, 41];9420.0
25459.0;[30, 12, 45, 42, 46, 23, 20, 21, 7, 5, 51, 48, 49, 52, 50, 33, 29, 28, 25, 27, 26, 0, 36, 35, 37, 40, 39, 38, 4, 1, 8, 6, 9, 16, 15, 19, 18, 2, 17, 22, 43, 41, 47, 10, 11, 3, 13, 14, 24, 44, 34, 32, 31];9595.0
26470.0;[45, 44, 7, 6, 5, 51, 48, 49, 52, 50, 18, 17, 16, 11, 10, 20, 24, 22, 47, 34, 32, 31, 26, 27, 29, 28, 25, 8, 9, 3, 14, 13, 12, 38, 4, 15, 19, 33, 30, 0, 36, 40, 37, 35, 21, 39, 1, 2, 23, 42, 46, 43, 41];9471.0
26549.0;[29, 52, 50, 48, 49, 51, 42, 43, 3, 2, 24, 22, 19, 18, 15, 37, 40, 39, 6, 5, 9, 8, 7, 13, 10, 12, 14, 17, 30, 0, 4, 1, 41, 47, 46, 35, 21, 20, 36, 38, 45, 44, 23, 28, 25, 26, 16, 11, 34, 32, 31, 33, 27];10329.0
25561.0;[13, 15, 37, 40, 24, 22, 19, 28, 25, 27, 41, 47, 44, 34, 51, 48, 49, 52, 50, 14, 10, 12, 38, 36, 35, 32, 31, 30, 0, 4, 2, 23, 46, 43, 45, 42, 18, 7, 5, 9, 33, 21, 20, 39, 29, 26, 3, 17, 16, 11, 1, 6, 8];10807.0
25657.0;[52, 50, 17, 16, 11, 13, 10, 12, 14, 47, 34, 32, 31, 25, 27, 26, 0, 36, 40, 38, 45, 43, 42, 46, 44, 23, 24, 33, 30, 22, 19, 18, 15, 37, 35, 21, 39, 5, 51, 48, 29, 28, 20, 8, 7, 6, 9, 3, 4, 2, 1, 41, 49];10751.0
24847.0;[14, 41, 47, 46, 43, 42, 7, 5, 8, 34, 48, 49, 50, 31, 33, 32, 30, 2, 23, 24, 22, 16, 15, 19, 28, 25, 26, 3, 1, 6, 9, 0, 36, 40, 38, 35, 4, 13, 12, 20, 21, 27, 29, 52, 51, 45, 44, 39, 37, 18, 17, 11, 10];11014.0
26230.0;[31, 7, 6, 43, 42, 46, 18, 9, 8, 5, 51, 49, 52, 50, 48, 29, 0, 4, 34, 32, 30, 36, 40, 37, 17, 16, 11, 10, 14, 27, 26, 3, 2, 23, 22, 19, 1, 13, 12, 38, 44, 20, 39, 45, 41, 47, 28, 25, 15, 35, 21, 24, 33];11030.0
25991.0;[49, 48, 50, 52, 51, 44, 41, 47, 42, 46, 43, 45, 3, 2, 0, 16, 15, 19, 18, 17, 33, 31, 25, 28, 30, 4, 1, 8, 6, 9, 7, 5, 10, 11, 13, 23, 39, 40, 21, 20, 24, 22, 34, 32, 26, 27, 29, 12, 14, 38, 36, 37, 35];10219.0
25901.0;[8, 6, 7, 5, 50, 48, 49, 52, 51, 42, 46, 43, 45, 3, 13, 12, 11, 10, 14, 17, 16, 47, 44, 34, 32, 31, 30, 4, 2, 0, 35, 38, 36, 40, 39, 18, 1, 41, 28, 25, 27, 29, 26, 23, 22, 19, 15, 37, 33, 21, 20, 24, 9];9724.0
26776.0;[32, 30, 33, 31, 26, 27, 43, 41, 47, 46, 44, 39, 37, 19, 18, 17, 16, 15, 35, 45, 42, 7, 5, 0, 36, 40, 29, 28, 25, 21, 20, 24, 23, 22, 49, 48, 52, 51, 50, 12, 14, 11, 2, 1, 3, 13, 10, 38, 4, 6, 9, 8, 34];10560.0
26179.0;[27, 28, 51, 48, 18, 15, 37, 38, 45, 43, 42, 46, 41, 47, 44, 34, 49, 52, 50, 29, 13, 14, 12, 20, 21, 24, 32, 31, 26, 25, 7, 6, 5, 33, 30, 0, 4, 22, 19, 16, 23, 39, 35, 40, 36, 10, 11, 3, 2, 1, 8, 9, 17];10848.0
27771.0;[27, 47, 41, 43, 7, 6, 5, 23, 20, 39, 36, 31, 30, 4, 52, 51, 42, 46, 18, 0, 13, 10, 11, 3, 1, 9, 33, 25, 26, 29, 50, 48, 49, 14, 12, 37, 35, 40, 38, 45, 44, 34, 32, 24, 22, 21, 8, 2, 17, 16, 15, 19, 28];12452.0
26727.0;[50, 48, 49, 29, 25, 7, 5, 0, 1, 41, 47, 34, 31, 33, 30, 13, 14, 36, 35, 21, 39, 40, 38, 4, 23, 22, 17, 16, 15, 37, 32, 26, 6, 9, 8, 3, 2, 11, 10, 12, 18, 19, 28, 27, 20, 24, 42, 46, 44, 43, 45, 52, 51];10768.0
24511.0;[5, 51, 50, 52, 48, 49, 29, 28, 25, 47, 46, 44, 34, 30, 0, 14, 20, 24, 22, 19, 18, 1, 2, 16, 15, 37, 10, 12, 38, 45, 41, 43, 42, 40, 4, 23, 27, 26, 7, 6, 9, 8, 3, 13, 17, 11, 32, 33, 31, 21, 39, 36, 35];9982.0
26443.0;[32, 31, 26, 25, 27, 29, 28, 50, 33, 24, 19, 16, 23, 22, 21, 20, 39, 18, 13, 10, 12, 11, 3, 0, 36, 40, 38, 4, 1, 35, 37, 8, 2, 17, 15, 47, 42, 46, 34, 30, 14, 41, 43, 49, 48, 52, 51, 45, 44, 7, 6, 5, 9];11221.0
24266.0;[51, 48, 49, 52, 50, 24, 22, 0, 36, 35, 40, 4, 2, 23, 27, 28, 25, 29, 20, 21, 39, 38, 10, 41, 43, 42, 18, 19, 15, 37, 9, 33, 31, 26, 7, 6, 8, 1, 47, 46, 45, 44, 34, 32, 30, 13, 12, 14, 17, 16, 11, 3, 5];10123.0
27342.0;[50, 49, 48, 52, 51, 28, 25, 27, 29, 26, 23, 20, 21, 24, 22, 47, 34, 6, 9, 2, 0, 4, 1, 7, 5, 8, 3, 13, 11, 10, 12, 14, 39, 38, 45, 44, 46, 41, 43, 42, 19, 18, 17, 16, 32, 33, 31, 30, 36, 40, 35, 37, 15];9485.0
8767.0;[51, 49, 52, 50, 48, 29, 28, 20, 24, 21, 39, 37, 18, 1, 2, 17, 16, 23, 22, 19, 33, 30, 0, 36, 35, 4, 7, 6, 9, 8, 3, 10, 11, 12, 14, 13, 15, 40, 38, 45, 42, 46, 41, 47, 44, 43, 34, 32, 31, 25, 27, 26, 5]
