ftv70
9912.0;[18, 21, 23, 19, 20, 33, 35, 34, 60, 26, 15, 16, 14, 12, 11, 10, 59, 4, 0, 65, 1, 2, 27, 25, 6, 64, 31, 38, 36, 37, 40, 51, 67, 39, 69, 41, 63, 68, 56, 70, 3, 8, 7, 9, 24, 29, 30, 46, 62, 47, 48, 58, 61, 57, 52, 45, 53, 43, 32, 22, 28, 44, 42, 54, 55, 5, 17, 66, 13, 49, 50];3725.0
9550.0;[43, 35, 32, 26, 22, 12, 15, 16, 33, 69, 41, 63, 40, 37, 60, 9, 11, 59, 8, 7, 10, 61, 57, 56, 3, 4, 36, 39, 48, 67, 49, 47, 38, 34, 23, 20, 21, 18, 19, 29, 31, 30, 24, 64, 17, 66, 14, 13, 25, 27, 6, 58, 51, 50, 52, 54, 55, 70, 5, 45, 46, 62, 53, 42, 68, 1, 2, 0, 28, 65, 44];3356.0
9863.0;[13, 27, 10, 58, 61, 11, 66, 14, 12, 15, 16, 22, 33, 32, 69, 41, 3, 4, 8, 48, 51, 67, 47, 39, 38, 60, 26, 23, 20, 21, 24, 29, 30, 31, 1, 2, 45, 53, 56, 46, 49, 50, 70, 25, 6, 7, 9, 18, 19, 17, 28, 54, 55, 57, 59, 5, 44, 35, 34, 36, 37, 63, 40, 43, 42, 68, 62, 52, 65, 0, 64];3345.0
10607.0;[24, 33, 36, 37, 38, 63, 68, 46, 40, 69, 41, 39, 47, 48, 51, 62, 52, 35, 34, 23, 60, 32, 26, 22, 57, 55, 56, 3, 7, 66, 12, 14, 27, 11, 10, 61, 59, 8, 58, 67, 49, 50, 54, 65, 28, 15, 16, 25, 6, 9, 13, 0, 45, 53, 29, 30, 31, 1, 2, 70, 4, 5, 44, 43, 42, 18, 21, 19, 20, 17, 64];3383.0
9886.0;[67, 47, 39, 37, 38, 36, 63, 40, 32, 26, 18, 19, 12, 15, 16, 21, 45, 62, 54, 55, 3, 4, 2, 5, 28, 64, 24, 25, 27, 66, 14, 13, 6, 10, 57, 56, 53, 42, 35, 34, 69, 41, 52, 43, 68, 46, 49, 48, 51, 50, 44, 29, 30, 31, 65, 1, 7, 9, 17, 0, 70, 59, 8, 20, 23, 60, 33, 22, 11, 58, 61];3344.0
9703.0;[18, 21, 23, 20, 34, 38, 36, 40, 37, 60, 33, 19, 15, 16, 12, 13, 62, 54, 55, 25, 27, 29, 30, 49, 51, 50, 52, 43, 35, 69, 41, 63, 68, 46, 67, 47, 39, 48, 59, 8, 7, 66, 14, 6, 11, 9, 10, 58, 61, 57, 70, 3, 4, 5, 0, 31, 65, 45, 1, 2, 24, 26, 22, 28, 53, 56, 44, 42, 32, 17, 64];3464.0
9929.0;[19, 20, 21, 22, 25, 6, 10, 58, 51, 67, 47, 39, 46, 62, 54, 49, 48, 50, 30, 29, 24, 17, 64, 66, 14, 13, 27, 9, 11, 12, 15, 16, 18, 33, 36, 63, 40, 68, 32, 26, 5, 2, 70, 61, 57, 55, 56, 8, 7, 23, 60, 28, 0, 1, 3, 59, 4, 43, 42, 38, 34, 35, 69, 41, 37, 52, 44, 65, 45, 53, 31];3469.0
10040.0;[24, 22, 34, 60, 33, 35, 36, 63, 57, 58, 61, 59, 56, 45, 53, 44, 1, 2, 8, 7, 9, 11, 10, 46, 49, 51, 50, 67, 47, 48, 55, 70, 3, 4, 5, 31, 29, 30, 28, 25, 14, 13, 27, 6, 17, 66, 12, 15, 19, 16, 0, 65, 43, 69, 41, 38, 32, 26, 18, 21, 23, 20, 37, 39, 68, 62, 54, 52, 40, 42, 64];3181.0
10105.0;[66, 18, 19, 16, 14, 27, 6, 7, 9, 12, 15, 28, 0, 65, 46, 40, 68, 54, 55, 57, 58, 11, 10, 61, 67, 51, 50, 53, 31, 30, 45, 56, 70, 3, 26, 22, 35, 63, 62, 49, 48, 52, 44, 42, 69, 41, 39, 47, 38, 36, 37, 34, 60, 33, 23, 20, 21, 24, 29, 43, 32, 64, 1, 8, 59, 4, 2, 5, 25, 13, 17];3344.0
9478.0;[7, 13, 19, 20, 23, 60, 34, 36, 37, 40, 49, 67, 50, 44, 65, 1, 2, 25, 27, 6, 9, 10, 61, 59, 5, 0, 43, 68, 47, 48, 39, 38, 63, 55, 56, 3, 4, 8, 17, 21, 22, 32, 33, 35, 69, 41, 42, 26, 18, 16, 45, 46, 62, 52, 53, 66, 14, 15, 12, 11, 58, 51, 54, 31, 29, 30, 24, 64, 28, 70, 57];3430.0
10594.0;[48, 51, 50, 67, 39, 40, 34, 35, 36, 54, 58, 61, 56, 52, 62, 49, 47, 38, 60, 33, 32, 22, 10, 59, 5, 70, 57, 8, 7, 16, 18, 19, 23, 20, 21, 64, 24, 29, 45, 53, 30, 31, 65, 44, 43, 69, 63, 68, 55, 3, 4, 25, 27, 6, 13, 14, 15, 0, 41, 37, 26, 17, 66, 12, 11, 9, 28, 1, 2, 42, 46];3474.0
10250.0;[17, 54, 50, 67, 48, 51, 55, 56, 58, 61, 57, 52, 38, 36, 68, 44, 28, 25, 11, 10, 59, 49, 47, 39, 37, 40, 70, 3, 4, 8, 7, 9, 20, 21, 45, 53, 65, 31, 29, 30, 43, 35, 34, 69, 63, 32, 23, 60, 18, 19, 16, 66, 14, 12, 15, 27, 6, 13, 0, 42, 41, 33, 22, 64, 24, 46, 62, 1, 2, 5, 26];3705.0
9397.0;[69, 41, 37, 63, 68, 51, 52, 46, 62, 44, 25, 6, 17, 28, 0, 58, 61, 11, 9, 10, 59, 50, 67, 49, 24, 27, 13, 12, 15, 20, 21, 22, 33, 36, 39, 47, 48, 18, 19, 16, 66, 14, 64, 1, 2, 5, 65, 43, 42, 54, 55, 4, 8, 7, 23, 60, 32, 26, 29, 30, 31, 45, 53, 70, 57, 56, 3, 40, 38, 34, 35];3591.0
9822.0;[70, 57, 58, 67, 49, 51, 50, 52, 37, 39, 47, 48, 55, 3, 4, 5, 29, 30, 31, 65, 45, 43, 69, 41, 38, 36, 40, 46, 62, 53, 19, 18, 23, 20, 21, 1, 2, 8, 59, 7, 9, 66, 14, 12, 15, 16, 25, 27, 6, 64, 17, 13, 10, 11, 61, 56, 0, 28, 24, 22, 60, 35, 34, 63, 68, 54, 44, 42, 32, 33, 26];3326.0
9810.0;[29, 31, 49, 67, 47, 48, 39, 37, 38, 60, 33, 35, 69, 41, 68, 55, 56, 45, 53, 70, 3, 11, 10, 59, 5, 17, 18, 19, 15, 16, 21, 22, 23, 20, 1, 2, 43, 42, 63, 40, 32, 26, 66, 14, 12, 13, 27, 58, 61, 57, 44, 65, 4, 8, 7, 9, 64, 25, 6, 24, 34, 36, 46, 62, 54, 51, 50, 52, 0, 28, 30];3308.0
9890.0;[47, 48, 51, 55, 56, 70, 57, 58, 61, 59, 67, 49, 50, 1, 5, 25, 27, 12, 15, 16, 19, 20, 21, 17, 31, 30, 29, 24, 64, 28, 0, 46, 62, 52, 40, 35, 69, 41, 63, 37, 38, 60, 34, 33, 32, 26, 13, 6, 9, 10, 11, 4, 45, 53, 44, 65, 2, 66, 14, 43, 42, 68, 54, 3, 8, 7, 18, 22, 23, 36, 39];3197.0
9870.0;[24, 33, 69, 41, 47, 39, 36, 63, 49, 48, 51, 67, 50, 30, 29, 23, 60, 32, 26, 25, 10, 58, 55, 46, 68, 62, 52, 40, 37, 38, 34, 35, 1, 57, 56, 53, 44, 65, 45, 3, 4, 8, 7, 27, 6, 11, 61, 59, 2, 5, 0, 66, 14, 12, 15, 19, 16, 18, 20, 21, 22, 64, 28, 31, 43, 42, 54, 70, 9, 13, 17];3519.0
9430.0;[39, 40, 55, 56, 70, 57, 59, 58, 67, 47, 48, 50, 53, 25, 27, 6, 10, 61, 4, 30, 29, 31, 0, 65, 45, 44, 43, 62, 49, 51, 52, 66, 12, 15, 16, 19, 20, 23, 68, 46, 54, 5, 2, 69, 41, 63, 3, 9, 11, 13, 14, 64, 24, 26, 17, 28, 1, 8, 7, 42, 35, 34, 38, 60, 33, 32, 22, 18, 21, 36, 37];3650.0
9212.0;[56, 52, 62, 49, 47, 38, 34, 36, 40, 55, 70, 8, 13, 66, 14, 12, 15, 18, 21, 22, 23, 20, 19, 16, 17, 0, 45, 50, 67, 48, 39, 60, 33, 32, 26, 29, 31, 30, 24, 25, 27, 6, 37, 63, 68, 3, 4, 7, 9, 11, 10, 59, 5, 69, 41, 35, 64, 28, 65, 44, 43, 42, 46, 54, 51, 58, 61, 57, 53, 1, 2];3414.0
10429.0;[61, 38, 36, 63, 68, 62, 53, 44, 69, 41, 37, 40, 52, 65, 1, 2, 70, 58, 51, 50, 67, 49, 48, 55, 56, 3, 4, 8, 7, 28, 0, 31, 45, 47, 39, 26, 66, 14, 27, 6, 15, 19, 16, 46, 54, 5, 30, 29, 24, 18, 23, 20, 21, 33, 35, 34, 60, 17, 64, 12, 13, 10, 59, 57, 43, 42, 32, 22, 25, 9, 11];3517.0
10240.0;[38, 36, 63, 54, 55, 58, 61, 11, 10, 59, 7, 66, 14, 12, 42, 68, 46, 47, 39, 37, 40, 52, 53, 56, 57, 8, 9, 64, 25, 27, 6, 13, 17, 19, 15, 16, 22, 23, 60, 33, 34, 35, 26, 45, 62, 49, 48, 51, 43, 69, 41, 32, 29, 31, 30, 24, 18, 20, 21, 28, 0, 1, 70, 3, 4, 2, 5, 65, 44, 50, 67];3458.0
9563.0;[50, 67, 49, 47, 48, 51, 54, 55, 58, 61, 11, 10, 14, 12, 15, 16, 19, 20, 22, 64, 57, 56, 44, 43, 32, 23, 60, 33, 26, 66, 27, 25, 6, 13, 18, 21, 17, 70, 3, 4, 5, 24, 28, 0, 45, 53, 34, 35, 36, 68, 65, 1, 2, 8, 59, 7, 9, 29, 30, 31, 69, 38, 39, 40, 42, 41, 37, 63, 62, 52, 46];3217.0
9845.0;[17, 2, 58, 67, 49, 48, 51, 50, 55, 3, 5, 25, 27, 11, 61, 59, 4, 18, 21, 66, 6, 9, 10, 8, 7, 12, 15, 16, 14, 13, 70, 57, 56, 44, 65, 1, 0, 28, 24, 64, 29, 31, 30, 26, 23, 60, 69, 41, 63, 68, 54, 52, 53, 43, 46, 40, 42, 35, 32, 22, 19, 20, 45, 62, 47, 39, 37, 38, 36, 34, 33];3446.0
9623.0;[59, 8, 7, 9, 12, 15, 16, 18, 19, 23, 60, 33, 35, 69, 63, 55, 56, 3, 4, 5, 30, 31, 29, 65, 1, 2, 70, 58, 61, 57, 45, 44, 42, 41, 38, 32, 24, 26, 22, 66, 14, 17, 64, 25, 6, 13, 43, 34, 36, 37, 40, 68, 54, 52, 46, 47, 39, 62, 49, 50, 67, 48, 51, 53, 0, 28, 20, 21, 27, 10, 11];3111.0
9497.0;[45, 48, 51, 67, 49, 39, 47, 68, 62, 54, 55, 70, 3, 59, 50, 52, 2, 8, 7, 9, 66, 14, 27, 11, 10, 58, 61, 4, 5, 41, 38, 36, 37, 63, 40, 34, 35, 33, 25, 6, 13, 24, 29, 30, 31, 65, 44, 1, 57, 56, 43, 42, 32, 12, 15, 16, 20, 23, 60, 69, 46, 53, 0, 28, 26, 22, 19, 17, 18, 21, 64];3275.0
9386.0;[8, 59, 12, 15, 20, 21, 18, 19, 16, 0, 65, 2, 57, 58, 67, 48, 50, 52, 23, 60, 33, 22, 28, 29, 31, 30, 24, 64, 17, 66, 14, 1, 4, 7, 9, 10, 11, 13, 27, 25, 6, 61, 49, 47, 39, 34, 35, 69, 41, 36, 37, 38, 63, 40, 32, 26, 62, 54, 51, 55, 56, 3, 5, 43, 42, 68, 46, 44, 45, 53, 70];3372.0
9155.0;[48, 44, 29, 24, 23, 60, 33, 35, 34, 32, 26, 22, 17, 66, 14, 18, 21, 69, 41, 38, 12, 15, 16, 19, 20, 25, 27, 61, 57, 59, 8, 9, 28, 65, 43, 42, 36, 37, 63, 53, 2, 5, 46, 40, 68, 49, 51, 52, 31, 30, 1, 70, 50, 67, 54, 7, 10, 11, 58, 55, 56, 3, 4, 6, 13, 64, 0, 45, 62, 39, 47];3704.0
9638.0;[23, 19, 16, 12, 15, 20, 21, 64, 24, 29, 30, 31, 41, 37, 38, 36, 34, 35, 69, 54, 4, 8, 7, 9, 13, 17, 28, 0, 44, 65, 1, 5, 2, 70, 3, 59, 57, 50, 67, 51, 55, 56, 25, 66, 14, 45, 53, 42, 60, 33, 26, 10, 58, 43, 32, 18, 22, 27, 6, 11, 61, 62, 49, 48, 52, 46, 47, 39, 63, 40, 68];3591.0
9287.0;[67, 49, 51, 61, 58, 11, 10, 9, 66, 14, 12, 13, 27, 25, 6, 15, 19, 16, 28, 1, 2, 70, 3, 57, 59, 5, 0, 65, 45, 46, 62, 39, 47, 50, 4, 8, 7, 21, 34, 37, 63, 40, 68, 52, 53, 44, 43, 32, 33, 26, 22, 36, 42, 54, 55, 56, 64, 17, 24, 29, 30, 31, 18, 20, 23, 60, 35, 69, 41, 38, 48];3388.0
9062.0;[13, 22, 23, 19, 16, 53, 52, 1, 2, 25, 27, 6, 46, 40, 34, 35, 69, 41, 38, 60, 12, 15, 18, 20, 21, 33, 36, 39, 47, 48, 55, 56, 57, 50, 54, 8, 7, 10, 11, 58, 61, 5, 0, 28, 24, 29, 31, 30, 42, 32, 26, 66, 14, 65, 44, 43, 37, 63, 68, 4, 9, 17, 64, 45, 62, 49, 51, 67, 70, 3, 59];3765.0
9513.0;[42, 26, 22, 33, 35, 69, 41, 63, 40, 54, 58, 61, 57, 51, 50, 55, 8, 7, 10, 11, 9, 13, 21, 23, 60, 34, 36, 56, 70, 4, 5, 65, 43, 32, 18, 19, 20, 24, 29, 30, 31, 1, 2, 3, 59, 25, 27, 6, 12, 15, 16, 17, 64, 28, 45, 62, 52, 44, 53, 0, 66, 14, 48, 67, 49, 39, 47, 38, 37, 68, 46];3331.0
9722.0;[40, 46, 47, 39, 50, 67, 49, 48, 51, 53, 1, 4, 2, 5, 28, 18, 19, 20, 21, 17, 14, 66, 12, 15, 29, 30, 31, 25, 7, 9, 13, 27, 6, 61, 57, 58, 35, 34, 36, 63, 68, 70, 3, 8, 11, 10, 59, 24, 26, 22, 32, 23, 16, 64, 0, 62, 54, 55, 56, 52, 43, 69, 41, 60, 33, 65, 45, 44, 42, 37, 38];3469.0
9707.0;[58, 59, 8, 14, 12, 15, 16, 6, 7, 9, 11, 13, 10, 61, 57, 70, 3, 4, 5, 25, 27, 66, 64, 0, 28, 17, 21, 23, 20, 22, 50, 67, 38, 60, 34, 49, 51, 52, 35, 33, 18, 19, 2, 68, 62, 47, 39, 48, 53, 44, 45, 46, 40, 42, 69, 41, 37, 36, 63, 54, 55, 56, 43, 32, 26, 24, 29, 30, 31, 65, 1];3581.0
10466.0;[23, 20, 21, 22, 66, 12, 15, 18, 34, 60, 33, 32, 26, 64, 24, 29, 30, 43, 42, 68, 62, 50, 0, 25, 27, 6, 7, 10, 11, 9, 13, 14, 16, 19, 17, 28, 31, 65, 45, 46, 52, 1, 5, 3, 4, 8, 59, 58, 54, 51, 67, 49, 48, 55, 56, 53, 44, 2, 70, 61, 57, 47, 39, 40, 38, 36, 37, 35, 69, 41, 63];3031.0
9851.0;[22, 58, 61, 8, 56, 3, 4, 25, 6, 9, 11, 10, 59, 5, 2, 43, 41, 38, 60, 32, 66, 12, 15, 0, 45, 53, 44, 42, 23, 19, 20, 21, 33, 34, 36, 63, 68, 54, 65, 1, 70, 57, 52, 40, 37, 35, 69, 39, 47, 55, 7, 17, 28, 29, 24, 18, 16, 14, 13, 27, 64, 48, 67, 49, 51, 50, 46, 62, 31, 30, 26];3647.0
9912.0;[25, 27, 6, 11, 58, 61, 8, 7, 9, 13, 12, 15, 16, 20, 23, 60, 33, 69, 63, 39, 47, 48, 53, 29, 24, 28, 64, 0, 1, 44, 43, 42, 41, 37, 38, 32, 26, 22, 21, 17, 66, 14, 45, 46, 67, 49, 51, 50, 52, 40, 34, 35, 36, 68, 62, 31, 30, 65, 54, 55, 56, 70, 3, 2, 5, 18, 19, 10, 57, 59, 4];3227.0
9288.0;[35, 34, 25, 27, 15, 16, 45, 51, 50, 67, 49, 48, 55, 70, 5, 0, 1, 2, 4, 8, 59, 58, 61, 52, 43, 41, 63, 42, 32, 18, 19, 20, 21, 65, 44, 31, 30, 29, 11, 10, 57, 56, 46, 62, 53, 24, 26, 22, 17, 66, 14, 69, 37, 38, 36, 39, 47, 40, 68, 54, 3, 28, 64, 12, 13, 6, 7, 9, 23, 60, 33];3453.0
9797.0;[26, 66, 27, 6, 14, 12, 15, 16, 19, 24, 29, 30, 31, 28, 25, 11, 10, 59, 8, 7, 9, 13, 18, 21, 62, 49, 47, 39, 42, 23, 20, 64, 2, 70, 57, 52, 54, 55, 56, 3, 4, 0, 65, 45, 46, 40, 68, 48, 51, 53, 43, 41, 37, 63, 1, 5, 44, 69, 38, 34, 33, 35, 22, 17, 58, 61, 50, 67, 36, 60, 32];3503.0
9433.0;[15, 49, 55, 56, 4, 5, 25, 6, 13, 27, 10, 61, 57, 52, 32, 26, 22, 0, 1, 2, 58, 51, 50, 67, 48, 53, 69, 41, 37, 39, 47, 38, 60, 33, 64, 28, 44, 43, 35, 34, 36, 68, 70, 3, 17, 66, 14, 18, 19, 16, 29, 31, 30, 65, 45, 46, 40, 63, 42, 23, 20, 21, 24, 62, 54, 59, 8, 7, 9, 11, 12];3598.0
9972.0;[64, 3, 59, 8, 7, 11, 9, 10, 61, 58, 50, 67, 51, 43, 26, 17, 18, 19, 15, 20, 21, 22, 33, 35, 34, 32, 66, 14, 24, 30, 29, 31, 45, 47, 39, 40, 42, 46, 62, 2, 5, 69, 41, 38, 25, 27, 6, 13, 23, 60, 36, 37, 63, 68, 54, 56, 52, 53, 44, 0, 65, 1, 57, 49, 48, 55, 70, 4, 28, 12, 16];3532.0
9452.0;[49, 51, 50, 67, 58, 61, 56, 70, 4, 5, 2, 25, 27, 6, 28, 45, 53, 43, 68, 40, 37, 38, 34, 33, 32, 23, 60, 36, 63, 42, 26, 66, 14, 12, 11, 10, 13, 64, 24, 29, 30, 22, 18, 16, 17, 0, 31, 35, 69, 41, 39, 48, 55, 8, 7, 9, 15, 19, 20, 21, 1, 3, 59, 57, 52, 47, 46, 62, 54, 65, 44];3382.0
10607.0;[61, 57, 56, 47, 60, 23, 20, 21, 66, 14, 12, 15, 16, 48, 51, 50, 0, 24, 64, 17, 28, 1, 2, 52, 53, 44, 65, 18, 19, 45, 62, 67, 49, 39, 40, 32, 26, 29, 31, 30, 46, 54, 55, 4, 43, 42, 37, 69, 41, 38, 36, 63, 68, 70, 3, 8, 7, 13, 22, 33, 35, 34, 6, 9, 11, 10, 58, 59, 5, 25, 27];3742.0
9964.0;[35, 69, 38, 60, 34, 36, 39, 48, 50, 65, 0, 12, 15, 16, 21, 33, 63, 40, 68, 54, 55, 56, 46, 42, 32, 70, 57, 52, 44, 45, 53, 43, 41, 37, 31, 30, 1, 2, 3, 4, 8, 7, 9, 66, 14, 13, 11, 10, 61, 58, 59, 5, 29, 24, 28, 64, 25, 27, 6, 26, 23, 20, 22, 17, 18, 19, 62, 51, 67, 49, 47];3452.0
8939.0;[60, 69, 41, 37, 63, 38, 34, 33, 26, 64, 25, 27, 6, 29, 30, 42, 68, 47, 48, 51, 18, 21, 53, 52, 49, 50, 67, 39, 36, 40, 54, 55, 57, 58, 61, 59, 1, 2, 44, 65, 66, 13, 14, 12, 15, 16, 70, 3, 4, 5, 0, 31, 43, 35, 32, 22, 24, 28, 45, 46, 62, 56, 8, 7, 9, 10, 11, 17, 19, 20, 23];3398.0
9678.0;[54, 43, 41, 37, 36, 38, 34, 11, 9, 19, 20, 23, 60, 33, 35, 69, 68, 49, 50, 67, 55, 8, 7, 27, 6, 14, 12, 15, 16, 47, 39, 48, 51, 18, 21, 22, 17, 1, 3, 59, 4, 5, 25, 13, 66, 64, 28, 0, 24, 30, 29, 31, 42, 63, 40, 32, 26, 2, 56, 70, 57, 52, 44, 65, 45, 53, 58, 10, 61, 46, 62];3780.0
9692.0;[61, 40, 35, 34, 63, 68, 62, 67, 49, 47, 38, 36, 37, 60, 23, 19, 16, 17, 64, 25, 11, 58, 51, 55, 3, 4, 31, 30, 29, 18, 21, 22, 24, 28, 65, 44, 45, 66, 15, 20, 33, 32, 26, 1, 5, 2, 57, 56, 52, 46, 53, 14, 12, 13, 0, 43, 42, 27, 6, 69, 41, 39, 48, 50, 54, 70, 8, 59, 7, 9, 10];3685.0
9932.0;[7, 9, 12, 15, 16, 18, 17, 25, 6, 66, 14, 27, 13, 24, 26, 22, 64, 0, 34, 33, 35, 69, 38, 60, 32, 3, 4, 65, 53, 42, 68, 54, 11, 10, 58, 50, 49, 51, 48, 67, 47, 39, 62, 52, 1, 5, 2, 43, 41, 37, 36, 63, 40, 23, 19, 20, 21, 28, 29, 30, 31, 44, 45, 46, 55, 56, 70, 57, 61, 59, 8];3324.0
9925.0;[49, 51, 50, 67, 47, 39, 37, 38, 60, 35, 34, 36, 48, 54, 55, 3, 7, 66, 12, 15, 20, 21, 2, 57, 56, 70, 58, 61, 4, 30, 31, 29, 25, 27, 6, 24, 22, 33, 69, 68, 46, 62, 52, 53, 44, 43, 41, 63, 40, 42, 23, 19, 16, 64, 17, 18, 32, 26, 28, 0, 1, 8, 9, 14, 13, 10, 11, 59, 5, 65, 45];3249.0
9609.0;[56, 4, 5, 2, 24, 64, 17, 25, 27, 6, 13, 66, 14, 10, 58, 61, 57, 59, 54, 55, 52, 49, 48, 50, 18, 19, 12, 15, 16, 28, 1, 70, 3, 8, 7, 11, 9, 29, 30, 31, 65, 44, 45, 51, 67, 47, 39, 40, 37, 38, 21, 22, 0, 42, 68, 62, 53, 43, 35, 34, 36, 63, 32, 26, 20, 23, 60, 33, 69, 41, 46];3335.0
10099.0;[49, 51, 67, 38, 60, 69, 41, 37, 23, 20, 21, 18, 19, 16, 28, 0, 45, 54, 55, 3, 4, 8, 7, 9, 10, 58, 11, 66, 12, 15, 14, 13, 64, 1, 2, 70, 57, 61, 59, 5, 65, 44, 43, 42, 35, 17, 25, 27, 6, 24, 30, 29, 31, 53, 56, 52, 47, 39, 48, 50, 40, 32, 26, 22, 33, 34, 36, 63, 68, 46, 62];3100.0
10204.0;[70, 50, 67, 49, 48, 51, 52, 35, 34, 69, 41, 42, 26, 31, 30, 29, 24, 64, 18, 22, 19, 16, 15, 25, 27, 6, 12, 20, 21, 17, 62, 54, 55, 9, 10, 61, 59, 66, 14, 13, 28, 0, 46, 47, 39, 40, 37, 38, 36, 68, 1, 2, 43, 32, 23, 60, 33, 63, 53, 65, 8, 7, 11, 58, 57, 44, 45, 56, 3, 4, 5];3592.0
9394.0;[11, 9, 12, 15, 16, 14, 20, 23, 36, 63, 68, 62, 53, 65, 1, 57, 56, 52, 47, 48, 55, 44, 42, 35, 34, 33, 17, 64, 43, 32, 21, 22, 18, 19, 2, 70, 3, 5, 45, 46, 54, 67, 49, 51, 50, 30, 29, 24, 25, 27, 10, 58, 61, 8, 59, 4, 7, 13, 0, 39, 40, 26, 28, 31, 69, 41, 37, 38, 60, 66, 6];3671.0
9771.0;[45, 51, 50, 55, 56, 43, 35, 60, 33, 69, 41, 37, 46, 53, 44, 65, 2, 3, 4, 5, 28, 64, 24, 22, 23, 38, 68, 62, 54, 25, 9, 11, 10, 58, 61, 67, 49, 52, 30, 31, 29, 17, 18, 19, 20, 21, 1, 57, 70, 59, 8, 7, 13, 27, 6, 14, 12, 15, 47, 48, 39, 42, 32, 26, 34, 36, 63, 40, 66, 16, 0];3636.0
9671.0;[21, 23, 60, 33, 69, 41, 49, 51, 55, 56, 62, 52, 46, 37, 38, 36, 39, 47, 48, 50, 70, 3, 25, 6, 15, 16, 64, 24, 29, 30, 31, 66, 14, 12, 11, 10, 59, 5, 1, 2, 45, 40, 42, 68, 53, 44, 43, 32, 22, 65, 35, 34, 63, 26, 27, 58, 61, 57, 67, 54, 7, 13, 18, 19, 20, 17, 28, 0, 4, 8, 9];3698.0
9104.0;[27, 25, 6, 7, 11, 9, 17, 1, 2, 70, 3, 23, 20, 21, 64, 24, 29, 8, 10, 61, 57, 58, 52, 53, 30, 31, 45, 46, 49, 48, 44, 0, 18, 19, 16, 14, 13, 43, 41, 63, 40, 42, 32, 26, 22, 65, 51, 50, 67, 55, 56, 38, 36, 37, 34, 66, 12, 15, 28, 47, 39, 60, 33, 35, 69, 68, 62, 54, 59, 4, 5];3765.0
10023.0;[68, 55, 70, 0, 24, 29, 30, 31, 45, 50, 67, 49, 52, 53, 44, 43, 35, 34, 60, 23, 16, 12, 15, 33, 69, 63, 42, 18, 19, 20, 22, 46, 62, 54, 3, 25, 6, 13, 27, 10, 11, 9, 64, 17, 21, 32, 26, 28, 58, 61, 59, 57, 56, 47, 48, 51, 8, 7, 66, 14, 1, 2, 4, 5, 65, 41, 37, 38, 36, 39, 40];3611.0
9395.0;[57, 40, 68, 48, 67, 49, 39, 47, 23, 19, 16, 24, 29, 31, 30, 69, 41, 54, 55, 70, 58, 11, 27, 66, 12, 15, 20, 22, 33, 35, 34, 60, 32, 26, 17, 25, 6, 14, 13, 45, 46, 62, 51, 50, 65, 28, 0, 2, 4, 59, 8, 7, 9, 10, 61, 56, 52, 53, 44, 43, 42, 37, 38, 36, 63, 18, 21, 64, 1, 5, 3];3381.0
9913.0;[64, 66, 15, 20, 23, 69, 41, 38, 36, 63, 42, 34, 35, 60, 33, 32, 19, 16, 18, 21, 22, 43, 68, 46, 49, 47, 39, 37, 40, 57, 58, 61, 8, 7, 9, 13, 2, 4, 5, 0, 28, 24, 26, 17, 65, 45, 53, 1, 70, 3, 59, 56, 62, 54, 55, 25, 27, 6, 14, 12, 30, 29, 31, 44, 48, 67, 11, 10, 51, 50, 52];3498.0
9845.0;[43, 69, 41, 38, 36, 37, 63, 42, 32, 23, 20, 21, 49, 47, 48, 51, 50, 52, 45, 53, 30, 26, 22, 18, 19, 31, 65, 44, 1, 5, 2, 70, 57, 56, 3, 59, 58, 67, 39, 40, 66, 12, 15, 16, 24, 29, 54, 55, 35, 34, 60, 33, 6, 9, 11, 13, 17, 64, 28, 0, 25, 27, 10, 61, 68, 46, 62, 4, 8, 7, 14];3562.0
9565.0;[65, 25, 10, 11, 61, 8, 7, 9, 13, 66, 14, 12, 15, 16, 18, 21, 17, 24, 29, 30, 31, 1, 5, 45, 53, 44, 0, 26, 19, 20, 2, 70, 3, 4, 59, 58, 57, 54, 51, 50, 46, 40, 68, 42, 35, 33, 32, 22, 27, 6, 64, 28, 43, 69, 41, 37, 63, 39, 47, 38, 34, 23, 60, 36, 55, 56, 52, 62, 48, 67, 49];3288.0
9165.0;[50, 67, 49, 55, 57, 58, 61, 4, 2, 46, 47, 39, 48, 52, 65, 0, 28, 29, 24, 25, 7, 9, 20, 23, 60, 33, 69, 41, 38, 34, 26, 18, 21, 1, 70, 3, 8, 15, 16, 14, 12, 13, 66, 27, 6, 11, 10, 59, 5, 30, 31, 43, 68, 54, 56, 42, 32, 22, 19, 45, 53, 35, 36, 37, 63, 40, 17, 64, 44, 62, 51];3498.0
9294.0;[47, 6, 9, 10, 58, 59, 18, 21, 33, 63, 40, 38, 35, 69, 41, 37, 32, 66, 14, 15, 12, 11, 61, 57, 3, 5, 0, 28, 20, 23, 60, 26, 22, 34, 36, 52, 65, 1, 2, 31, 30, 29, 24, 19, 16, 45, 53, 44, 49, 51, 55, 56, 43, 42, 68, 70, 4, 8, 7, 13, 17, 64, 25, 27, 46, 62, 48, 50, 54, 67, 39];3840.0
9903.0;[28, 25, 10, 11, 8, 59, 4, 12, 15, 16, 18, 21, 19, 20, 22, 23, 60, 33, 69, 63, 68, 54, 55, 57, 56, 58, 61, 53, 45, 65, 1, 2, 5, 0, 70, 3, 31, 43, 41, 37, 38, 36, 40, 62, 52, 46, 47, 39, 42, 35, 34, 32, 26, 14, 13, 64, 17, 66, 27, 6, 7, 9, 24, 29, 30, 48, 67, 49, 51, 50, 44];3098.0
10082.0;[34, 35, 69, 37, 36, 63, 49, 48, 51, 50, 67, 12, 15, 16, 20, 21, 25, 27, 66, 14, 13, 0, 47, 39, 68, 62, 54, 55, 56, 44, 43, 41, 38, 33, 26, 22, 17, 28, 1, 2, 5, 6, 10, 57, 58, 61, 59, 8, 7, 18, 19, 23, 60, 32, 64, 24, 29, 30, 45, 46, 40, 42, 52, 53, 70, 3, 4, 11, 9, 31, 65];3421.0
10265.0;[31, 8, 59, 7, 18, 19, 20, 23, 60, 36, 37, 68, 46, 50, 67, 47, 39, 32, 21, 27, 6, 66, 14, 13, 11, 61, 57, 56, 38, 34, 33, 35, 69, 63, 40, 42, 26, 17, 28, 1, 2, 53, 44, 45, 62, 54, 55, 70, 3, 4, 5, 0, 24, 64, 25, 9, 10, 58, 49, 48, 51, 52, 12, 15, 16, 65, 43, 41, 22, 29, 30];3509.0
10390.0;[39, 47, 67, 48, 51, 52, 37, 38, 34, 60, 33, 35, 36, 63, 55, 56, 3, 4, 7, 27, 12, 15, 16, 19, 40, 68, 46, 62, 49, 50, 54, 8, 9, 10, 11, 18, 21, 29, 30, 31, 45, 53, 66, 14, 17, 0, 65, 1, 2, 5, 25, 6, 13, 64, 24, 28, 70, 57, 58, 61, 59, 44, 43, 42, 23, 20, 22, 69, 41, 32, 26];3534.0
10248.0;[20, 1, 70, 3, 59, 8, 7, 9, 13, 64, 17, 27, 10, 58, 61, 67, 51, 54, 55, 37, 36, 38, 34, 35, 69, 41, 63, 40, 26, 22, 66, 14, 12, 15, 16, 65, 45, 62, 49, 39, 47, 60, 33, 32, 19, 18, 21, 0, 4, 5, 2, 56, 53, 43, 42, 24, 29, 31, 30, 28, 25, 6, 11, 57, 46, 68, 48, 50, 52, 44, 23];3510.0
9183.0;[5, 0, 28, 17, 12, 15, 20, 21, 22, 9, 11, 13, 6, 7, 10, 57, 42, 35, 32, 30, 29, 31, 68, 62, 49, 48, 50, 67, 51, 54, 55, 56, 3, 2, 44, 1, 70, 58, 61, 8, 24, 26, 23, 60, 36, 38, 69, 41, 37, 63, 40, 52, 53, 18, 19, 16, 45, 46, 47, 39, 66, 14, 65, 43, 34, 33, 64, 25, 27, 59, 4];3633.0
9951.0;[47, 39, 63, 68, 40, 42, 69, 41, 38, 36, 37, 34, 35, 60, 33, 32, 23, 20, 21, 64, 28, 29, 30, 31, 45, 53, 58, 61, 59, 8, 7, 9, 10, 11, 18, 19, 16, 66, 14, 12, 15, 0, 65, 46, 54, 55, 4, 5, 27, 25, 6, 13, 24, 26, 17, 1, 2, 44, 62, 52, 43, 22, 70, 57, 3, 56, 48, 51, 50, 67, 49];3039.0
9701.0;[66, 15, 19, 16, 18, 21, 28, 0, 65, 45, 31, 30, 29, 22, 23, 60, 34, 48, 50, 52, 14, 12, 20, 69, 38, 36, 68, 49, 67, 51, 53, 24, 33, 35, 63, 40, 42, 41, 37, 62, 70, 57, 54, 55, 56, 8, 13, 27, 6, 9, 11, 58, 61, 59, 7, 64, 25, 10, 4, 5, 1, 3, 2, 44, 43, 46, 47, 39, 32, 26, 17];3701.0
9753.0;[67, 42, 69, 41, 38, 60, 23, 20, 21, 19, 14, 13, 45, 62, 49, 51, 24, 64, 66, 12, 15, 16, 28, 2, 56, 70, 3, 0, 29, 30, 31, 65, 1, 5, 25, 11, 10, 61, 58, 8, 59, 57, 52, 46, 36, 37, 63, 40, 53, 44, 43, 68, 54, 55, 4, 7, 9, 17, 18, 32, 33, 34, 35, 39, 47, 48, 27, 6, 26, 22, 50];3690.0
10196.0;[23, 20, 66, 12, 15, 19, 16, 18, 21, 28, 30, 29, 24, 26, 17, 64, 25, 27, 6, 11, 10, 58, 51, 67, 49, 39, 47, 48, 50, 69, 41, 38, 36, 37, 63, 68, 46, 40, 62, 54, 55, 3, 4, 8, 59, 56, 70, 57, 61, 7, 13, 9, 14, 5, 0, 31, 65, 1, 2, 52, 45, 53, 44, 43, 42, 35, 34, 60, 33, 32, 22];2744.0
9266.0;[46, 52, 62, 48, 50, 51, 67, 49, 39, 47, 38, 36, 1, 4, 8, 59, 57, 56, 70, 3, 41, 37, 40, 53, 65, 44, 45, 54, 55, 7, 9, 11, 12, 10, 58, 61, 5, 2, 28, 66, 14, 15, 16, 64, 0, 42, 35, 34, 60, 26, 29, 30, 69, 63, 31, 24, 23, 19, 20, 33, 32, 25, 27, 6, 13, 17, 18, 21, 22, 43, 68];3635.0
9262.0;[56, 25, 27, 6, 9, 11, 10, 61, 59, 8, 7, 17, 64, 43, 42, 41, 37, 38, 36, 63, 68, 62, 52, 34, 35, 69, 40, 46, 31, 30, 29, 1, 2, 70, 3, 4, 18, 19, 22, 23, 20, 21, 54, 51, 50, 67, 49, 48, 45, 53, 44, 5, 0, 66, 15, 16, 14, 12, 13, 28, 65, 47, 39, 60, 33, 32, 26, 24, 57, 58, 55];3249.0
9598.0;[22, 28, 2, 5, 24, 17, 66, 14, 12, 19, 15, 16, 64, 49, 67, 48, 50, 44, 30, 29, 31, 0, 65, 1, 43, 38, 60, 23, 20, 10, 58, 52, 53, 45, 46, 47, 39, 40, 68, 62, 54, 51, 55, 8, 7, 9, 27, 6, 13, 18, 33, 36, 37, 63, 32, 26, 25, 11, 61, 59, 57, 42, 35, 34, 69, 41, 56, 70, 3, 4, 21];3608.0
10353.0;[17, 64, 28, 70, 57, 58, 67, 48, 51, 50, 25, 27, 6, 12, 15, 16, 1, 2, 5, 66, 14, 62, 49, 47, 39, 35, 69, 41, 37, 38, 34, 33, 36, 63, 60, 23, 20, 13, 9, 10, 61, 59, 8, 7, 11, 55, 56, 52, 53, 44, 65, 45, 46, 40, 18, 19, 24, 29, 30, 31, 0, 43, 68, 54, 3, 4, 42, 32, 26, 22, 21];3449.0
9853.0;[69, 41, 37, 38, 36, 63, 40, 46, 62, 49, 48, 55, 7, 11, 10, 61, 59, 8, 31, 30, 29, 65, 43, 51, 67, 47, 39, 35, 60, 34, 33, 32, 26, 22, 23, 20, 19, 15, 16, 18, 21, 17, 1, 70, 57, 56, 3, 58, 50, 42, 68, 54, 52, 53, 45, 44, 66, 12, 64, 28, 0, 2, 4, 5, 25, 6, 13, 14, 27, 9, 24];3232.0
10053.0;[36, 68, 54, 70, 8, 7, 9, 64, 25, 11, 10, 61, 58, 50, 67, 39, 38, 34, 35, 69, 41, 63, 55, 56, 4, 5, 26, 19, 20, 24, 29, 45, 52, 46, 47, 40, 23, 60, 33, 32, 66, 12, 15, 14, 13, 27, 6, 16, 18, 21, 22, 17, 28, 0, 65, 53, 44, 1, 2, 3, 59, 57, 62, 49, 48, 51, 31, 30, 43, 42, 37];3266.0
9728.0;[26, 66, 14, 27, 6, 7, 13, 17, 64, 18, 19, 25, 9, 11, 10, 57, 58, 61, 59, 8, 56, 70, 3, 4, 5, 0, 28, 1, 2, 31, 65, 42, 32, 23, 20, 21, 22, 29, 30, 24, 12, 15, 16, 33, 34, 35, 69, 37, 60, 38, 36, 63, 40, 68, 46, 47, 39, 48, 50, 43, 41, 62, 54, 51, 55, 52, 53, 44, 45, 67, 49];3076.0
9584.0;[36, 63, 68, 55, 56, 3, 4, 5, 2, 70, 57, 62, 54, 51, 50, 52, 53, 65, 44, 43, 32, 26, 22, 18, 21, 19, 20, 23, 60, 34, 35, 24, 29, 30, 31, 45, 49, 47, 48, 67, 39, 40, 46, 58, 61, 59, 8, 7, 9, 17, 33, 69, 41, 37, 38, 25, 27, 6, 66, 14, 15, 12, 16, 13, 10, 11, 64, 28, 0, 1, 42];3155.0
9405.0;[60, 54, 55, 58, 61, 57, 59, 8, 27, 25, 6, 9, 11, 10, 70, 3, 5, 2, 4, 7, 12, 15, 16, 0, 43, 42, 26, 19, 18, 20, 21, 1, 56, 52, 53, 45, 46, 40, 68, 30, 29, 31, 69, 41, 48, 50, 67, 47, 37, 38, 35, 34, 36, 63, 32, 22, 17, 66, 14, 13, 64, 24, 28, 65, 44, 62, 51, 49, 39, 33, 23];3568.0
9734.0;[3, 28, 64, 66, 13, 14, 12, 11, 10, 61, 57, 56, 58, 59, 8, 7, 15, 20, 23, 60, 35, 69, 41, 39, 47, 48, 50, 67, 40, 18, 21, 22, 33, 37, 34, 38, 36, 63, 68, 70, 4, 1, 2, 5, 31, 30, 49, 51, 53, 29, 24, 25, 27, 6, 9, 17, 43, 32, 26, 19, 16, 0, 65, 45, 44, 42, 62, 52, 46, 54, 55];3350.0
10116.0;[67, 47, 60, 33, 32, 34, 35, 69, 41, 37, 39, 40, 43, 42, 26, 22, 17, 66, 6, 7, 9, 14, 12, 15, 18, 19, 16, 64, 24, 30, 29, 31, 2, 3, 4, 28, 0, 38, 36, 63, 52, 65, 1, 70, 57, 56, 5, 25, 27, 13, 21, 23, 20, 44, 68, 46, 62, 54, 55, 8, 11, 10, 61, 59, 58, 51, 50, 53, 45, 49, 48];3111.0
9779.0;[48, 50, 52, 53, 57, 59, 7, 9, 11, 12, 15, 20, 23, 19, 25, 27, 58, 61, 8, 14, 16, 18, 21, 24, 29, 28, 6, 10, 4, 5, 69, 41, 63, 68, 46, 49, 51, 67, 39, 37, 38, 34, 35, 36, 40, 42, 60, 33, 32, 26, 22, 0, 2, 44, 65, 1, 70, 64, 17, 66, 13, 43, 62, 54, 55, 56, 3, 30, 31, 45, 47];3436.0
9707.0;[39, 47, 67, 49, 51, 54, 55, 70, 3, 4, 8, 10, 11, 14, 66, 12, 15, 19, 16, 17, 46, 62, 48, 50, 1, 2, 5, 57, 58, 61, 59, 43, 42, 69, 41, 37, 63, 68, 53, 30, 29, 31, 45, 40, 38, 60, 23, 20, 18, 21, 22, 56, 52, 34, 33, 32, 26, 25, 27, 13, 6, 7, 9, 64, 24, 28, 0, 65, 44, 35, 36];3210.0
10158.0;[40, 34, 33, 35, 69, 60, 23, 19, 16, 25, 27, 6, 15, 20, 21, 36, 63, 54, 55, 58, 61, 11, 10, 5, 43, 41, 68, 8, 7, 9, 13, 12, 1, 70, 57, 51, 50, 64, 18, 22, 17, 45, 53, 44, 42, 26, 66, 14, 62, 48, 67, 49, 3, 4, 59, 56, 39, 47, 37, 38, 32, 24, 30, 29, 31, 28, 0, 65, 2, 52, 46];4049.0
9659.0;[22, 17, 66, 14, 15, 16, 19, 20, 23, 60, 33, 36, 37, 38, 34, 35, 32, 26, 25, 27, 6, 13, 12, 11, 10, 50, 67, 55, 56, 52, 43, 42, 69, 41, 63, 40, 68, 62, 54, 70, 57, 58, 61, 59, 4, 5, 0, 44, 46, 49, 39, 47, 48, 51, 3, 8, 7, 9, 24, 29, 30, 31, 65, 45, 53, 1, 2, 28, 64, 18, 21];2672.0
9979.0;[1, 8, 57, 51, 50, 69, 41, 32, 26, 12, 11, 58, 54, 55, 0, 28, 17, 19, 20, 21, 23, 60, 33, 35, 34, 36, 47, 39, 38, 37, 63, 40, 56, 70, 3, 4, 24, 30, 29, 31, 43, 42, 68, 62, 52, 53, 44, 65, 25, 27, 66, 14, 15, 16, 13, 6, 7, 9, 10, 61, 59, 5, 2, 45, 46, 48, 67, 49, 64, 18, 22];3394.0
9801.0;[59, 8, 4, 65, 43, 34, 60, 23, 20, 22, 36, 39, 47, 48, 67, 49, 51, 50, 40, 38, 35, 69, 41, 37, 63, 68, 62, 52, 46, 54, 55, 3, 58, 11, 9, 10, 7, 27, 6, 13, 17, 25, 18, 21, 19, 16, 45, 56, 53, 2, 5, 30, 29, 31, 44, 42, 32, 33, 26, 66, 14, 12, 15, 64, 28, 24, 0, 1, 70, 61, 57];3204.0
10045.0;[37, 39, 48, 51, 50, 67, 49, 38, 34, 35, 32, 19, 16, 1, 57, 56, 54, 55, 5, 2, 0, 31, 65, 69, 41, 63, 68, 70, 3, 4, 8, 7, 9, 66, 14, 12, 13, 28, 46, 47, 40, 62, 52, 30, 29, 24, 27, 25, 6, 15, 20, 23, 60, 33, 11, 10, 58, 61, 59, 18, 21, 64, 26, 22, 17, 44, 45, 53, 43, 42, 36];3414.0
9912.0;[24, 25, 27, 6, 64, 18, 19, 20, 21, 22, 23, 60, 33, 36, 38, 34, 35, 69, 41, 63, 32, 26, 17, 66, 14, 12, 15, 16, 43, 37, 40, 68, 46, 62, 54, 52, 30, 29, 31, 1, 3, 4, 8, 59, 5, 2, 70, 57, 56, 47, 39, 48, 44, 0, 65, 45, 53, 42, 51, 50, 67, 49, 55, 7, 9, 11, 13, 10, 61, 58, 28];3068.0
10161.0;[49, 48, 37, 38, 36, 63, 23, 60, 33, 32, 26, 27, 6, 66, 12, 15, 16, 18, 21, 22, 25, 9, 11, 10, 58, 51, 55, 3, 8, 7, 13, 28, 65, 45, 53, 52, 54, 56, 69, 41, 40, 46, 47, 39, 42, 34, 35, 0, 1, 61, 57, 59, 14, 17, 2, 5, 44, 43, 68, 70, 4, 30, 24, 19, 20, 64, 29, 31, 62, 50, 67];3678.0
9808.0;[41, 37, 60, 33, 35, 34, 63, 68, 49, 48, 50, 53, 44, 1, 8, 7, 10, 11, 61, 57, 58, 54, 55, 56, 59, 4, 2, 70, 3, 5, 28, 24, 66, 12, 15, 17, 0, 31, 65, 43, 32, 26, 45, 51, 67, 39, 38, 36, 62, 52, 18, 19, 16, 14, 13, 64, 25, 27, 6, 9, 23, 20, 21, 22, 29, 30, 42, 46, 47, 40, 69];3265.0
9989.0;[44, 43, 68, 46, 50, 67, 49, 48, 51, 3, 7, 6, 13, 64, 25, 27, 15, 16, 66, 14, 12, 19, 20, 23, 33, 32, 22, 10, 11, 9, 17, 24, 35, 69, 38, 37, 63, 62, 54, 52, 53, 1, 5, 31, 30, 29, 41, 40, 42, 26, 18, 21, 28, 45, 55, 56, 70, 58, 61, 59, 4, 8, 57, 47, 39, 60, 34, 36, 65, 2, 0];3564.0
9558.0;[21, 62, 67, 47, 48, 51, 58, 61, 57, 56, 3, 0, 28, 24, 29, 35, 69, 39, 68, 54, 55, 59, 8, 10, 11, 9, 66, 15, 16, 19, 14, 12, 18, 22, 41, 37, 40, 49, 50, 64, 25, 27, 13, 6, 7, 17, 42, 32, 33, 34, 36, 63, 46, 52, 53, 1, 5, 2, 70, 4, 45, 44, 65, 31, 30, 43, 38, 60, 26, 23, 20];3545.0
9945.0;[70, 58, 11, 13, 64, 25, 27, 6, 12, 15, 19, 16, 18, 21, 24, 29, 30, 31, 42, 69, 38, 36, 68, 1, 2, 35, 60, 33, 32, 17, 10, 61, 59, 8, 7, 9, 28, 65, 0, 45, 56, 57, 52, 62, 49, 51, 54, 55, 3, 4, 5, 26, 22, 23, 20, 66, 14, 47, 39, 48, 50, 67, 40, 46, 53, 44, 43, 41, 37, 34, 63];3513.0
9353.0;[24, 68, 46, 62, 67, 49, 50, 47, 39, 38, 35, 34, 60, 33, 32, 23, 36, 37, 48, 51, 55, 57, 58, 61, 59, 56, 52, 40, 69, 41, 63, 66, 27, 10, 11, 9, 15, 20, 21, 22, 18, 19, 16, 1, 3, 4, 8, 30, 31, 65, 5, 2, 25, 6, 13, 64, 44, 43, 42, 54, 70, 7, 14, 12, 17, 28, 0, 45, 53, 29, 26];3554.0
9974.0;[58, 61, 10, 11, 14, 12, 15, 28, 0, 3, 59, 8, 7, 20, 23, 60, 33, 32, 18, 19, 16, 24, 29, 30, 31, 41, 38, 34, 36, 37, 47, 39, 48, 50, 67, 1, 5, 70, 57, 62, 49, 51, 52, 43, 42, 46, 54, 4, 25, 27, 6, 9, 17, 65, 53, 44, 45, 40, 68, 55, 56, 21, 22, 35, 69, 63, 26, 66, 13, 64, 2];3635.0
9510.0;[15, 20, 21, 23, 60, 33, 37, 38, 34, 36, 63, 68, 43, 42, 35, 12, 11, 61, 57, 62, 54, 55, 4, 27, 6, 13, 28, 45, 47, 39, 48, 67, 52, 30, 29, 31, 65, 69, 41, 40, 22, 66, 14, 1, 70, 58, 56, 3, 8, 7, 10, 59, 5, 2, 32, 26, 64, 24, 25, 9, 0, 46, 49, 51, 50, 53, 44, 17, 18, 19, 16];3732.0
9325.0;[10, 51, 67, 49, 48, 55, 56, 47, 39, 40, 69, 41, 37, 63, 3, 8, 4, 5, 70, 57, 42, 35, 34, 33, 23, 19, 20, 21, 18, 15, 16, 13, 6, 7, 9, 11, 43, 36, 38, 60, 32, 26, 22, 17, 24, 29, 68, 46, 54, 58, 61, 59, 30, 31, 1, 2, 0, 65, 53, 44, 45, 62, 50, 52, 28, 66, 14, 12, 64, 25, 27];3468.0
9291.0;[37, 39, 47, 48, 67, 49, 51, 50, 70, 3, 8, 7, 9, 27, 6, 24, 29, 30, 1, 58, 61, 57, 52, 46, 62, 54, 45, 53, 44, 43, 69, 38, 34, 35, 60, 33, 36, 68, 65, 31, 0, 28, 25, 13, 15, 16, 18, 19, 20, 21, 22, 17, 64, 2, 4, 5, 66, 14, 12, 11, 10, 59, 42, 32, 26, 23, 63, 55, 56, 40, 41];3259.0
9406.0;[13, 6, 12, 15, 19, 20, 21, 23, 60, 33, 35, 69, 41, 37, 40, 18, 22, 66, 14, 16, 1, 2, 45, 49, 48, 50, 54, 67, 51, 55, 58, 61, 57, 25, 27, 24, 29, 31, 30, 43, 38, 36, 63, 68, 46, 62, 52, 56, 3, 4, 8, 59, 5, 28, 17, 64, 44, 53, 42, 34, 32, 26, 0, 65, 47, 39, 70, 7, 9, 10, 11];3354.0
9846.0;[3, 70, 57, 58, 61, 59, 8, 7, 23, 60, 33, 32, 26, 64, 0, 65, 44, 43, 42, 34, 35, 19, 16, 29, 30, 31, 1, 5, 2, 4, 9, 10, 11, 15, 20, 22, 17, 66, 12, 14, 13, 28, 49, 48, 67, 47, 39, 69, 41, 63, 40, 68, 62, 52, 53, 25, 27, 6, 45, 46, 51, 50, 24, 18, 21, 37, 38, 36, 54, 55, 56];3348.0
9639.0;[13, 18, 20, 21, 22, 23, 60, 33, 35, 69, 41, 37, 38, 36, 34, 26, 17, 14, 6, 7, 61, 57, 3, 4, 25, 27, 9, 11, 59, 5, 2, 44, 62, 49, 50, 67, 40, 68, 46, 47, 39, 32, 64, 45, 53, 65, 31, 30, 29, 24, 66, 12, 15, 0, 1, 70, 54, 55, 56, 52, 43, 42, 63, 48, 51, 28, 19, 16, 10, 58, 8];3465.0
10073.0;[40, 22, 18, 19, 15, 16, 66, 14, 12, 21, 34, 60, 33, 32, 17, 64, 25, 27, 6, 13, 28, 69, 41, 38, 36, 3, 59, 58, 61, 57, 54, 55, 56, 5, 31, 30, 29, 24, 26, 23, 20, 35, 37, 63, 43, 42, 68, 52, 45, 53, 44, 0, 65, 1, 70, 8, 7, 11, 4, 2, 9, 10, 50, 67, 49, 51, 46, 62, 47, 48, 39];3390.0
9978.0;[22, 17, 1, 2, 25, 27, 13, 6, 11, 59, 57, 8, 7, 9, 12, 15, 21, 34, 35, 69, 38, 36, 63, 46, 62, 54, 70, 3, 4, 5, 31, 65, 41, 37, 39, 47, 48, 30, 29, 24, 26, 64, 45, 49, 51, 67, 40, 68, 55, 56, 0, 28, 66, 14, 20, 23, 60, 33, 10, 58, 61, 50, 52, 53, 44, 43, 42, 32, 19, 16, 18];3391.0
9686.0;[42, 35, 34, 17, 66, 12, 13, 14, 27, 25, 6, 69, 63, 40, 68, 53, 44, 65, 0, 43, 46, 62, 55, 56, 70, 3, 30, 29, 31, 1, 2, 45, 49, 50, 67, 48, 51, 54, 52, 41, 36, 37, 38, 39, 47, 58, 61, 5, 28, 24, 64, 57, 59, 4, 8, 7, 9, 15, 16, 18, 19, 20, 21, 23, 60, 26, 22, 33, 32, 10, 11];3531.0
9827.0;[24, 18, 21, 22, 19, 20, 23, 60, 36, 38, 32, 26, 66, 14, 13, 27, 6, 11, 12, 15, 16, 17, 65, 43, 41, 37, 63, 47, 39, 68, 62, 51, 55, 56, 28, 64, 25, 10, 58, 50, 67, 49, 48, 53, 1, 3, 61, 59, 4, 5, 0, 2, 70, 57, 52, 44, 45, 46, 54, 8, 7, 9, 42, 35, 34, 33, 69, 40, 31, 30, 29];3349.0
9482.0;[32, 66, 14, 12, 15, 16, 49, 67, 51, 50, 58, 59, 9, 17, 18, 21, 29, 30, 31, 42, 38, 36, 47, 48, 39, 37, 63, 40, 68, 54, 55, 25, 27, 6, 11, 10, 61, 57, 56, 70, 3, 28, 0, 45, 53, 8, 7, 13, 19, 20, 33, 69, 41, 46, 62, 52, 24, 22, 23, 60, 26, 64, 1, 2, 4, 5, 65, 44, 43, 35, 34];3444.0
9645.0;[37, 63, 42, 26, 18, 19, 2, 4, 8, 59, 65, 43, 35, 34, 33, 69, 39, 47, 48, 51, 67, 49, 50, 53, 44, 45, 38, 36, 55, 3, 5, 28, 25, 6, 7, 9, 15, 16, 11, 10, 61, 57, 52, 46, 40, 68, 62, 54, 31, 30, 29, 24, 22, 32, 23, 60, 13, 27, 17, 64, 66, 14, 12, 20, 21, 0, 1, 70, 58, 56, 41];3474.0
9082.0;[53, 69, 41, 37, 63, 46, 62, 54, 56, 44, 43, 36, 39, 47, 40, 38, 60, 32, 18, 21, 64, 1, 2, 5, 31, 29, 30, 26, 23, 19, 20, 33, 34, 35, 22, 25, 10, 61, 58, 59, 8, 7, 27, 6, 15, 16, 17, 66, 13, 24, 0, 70, 3, 4, 42, 68, 49, 48, 67, 55, 57, 9, 11, 14, 12, 28, 51, 50, 52, 65, 45];3535.0
10324.0;[26, 69, 41, 8, 11, 58, 61, 57, 59, 7, 9, 10, 4, 5, 43, 42, 35, 34, 47, 39, 48, 50, 53, 66, 13, 64, 25, 27, 6, 15, 19, 20, 23, 60, 33, 32, 22, 28, 45, 46, 62, 52, 44, 1, 2, 0, 17, 18, 21, 14, 12, 16, 29, 30, 31, 65, 37, 63, 38, 36, 40, 68, 54, 51, 67, 49, 55, 56, 70, 3, 24];3331.0
9595.0;[40, 38, 60, 33, 32, 34, 36, 63, 62, 54, 5, 25, 13, 15, 18, 21, 30, 29, 31, 2, 70, 3, 4, 0, 43, 35, 69, 41, 37, 49, 67, 58, 11, 10, 61, 51, 50, 55, 56, 64, 66, 14, 12, 20, 23, 19, 16, 46, 47, 39, 48, 8, 7, 9, 27, 6, 24, 26, 22, 17, 28, 44, 42, 68, 53, 45, 65, 1, 59, 57, 52];3646.0
10189.0;[65, 69, 63, 39, 47, 48, 51, 55, 56, 11, 10, 43, 41, 37, 38, 60, 33, 32, 34, 35, 36, 68, 50, 67, 49, 52, 62, 46, 54, 4, 5, 25, 6, 13, 28, 0, 31, 45, 53, 44, 1, 3, 59, 8, 7, 15, 16, 12, 27, 9, 18, 20, 21, 66, 14, 17, 24, 22, 23, 19, 29, 30, 2, 70, 57, 58, 61, 40, 42, 26, 64];3473.0
9978.0;[14, 12, 15, 16, 19, 20, 21, 65, 44, 34, 35, 36, 37, 38, 33, 69, 41, 63, 39, 40, 42, 23, 60, 27, 10, 11, 59, 7, 9, 13, 66, 2, 5, 0, 1, 3, 4, 31, 29, 30, 28, 25, 6, 64, 24, 26, 22, 18, 62, 49, 51, 50, 67, 47, 48, 58, 61, 57, 56, 52, 53, 43, 32, 17, 45, 68, 46, 54, 55, 70, 8];3363.0
9234.0;[37, 38, 34, 60, 36, 39, 48, 58, 61, 8, 7, 12, 15, 16, 1, 5, 28, 17, 64, 24, 30, 29, 31, 43, 35, 69, 55, 56, 52, 46, 62, 54, 57, 59, 4, 33, 32, 23, 20, 21, 22, 45, 53, 49, 67, 47, 26, 19, 18, 0, 65, 44, 68, 51, 50, 27, 25, 6, 2, 70, 3, 9, 10, 11, 13, 66, 14, 42, 41, 63, 40];3868.0
9591.0;[21, 33, 35, 69, 39, 51, 67, 49, 52, 31, 30, 29, 26, 19, 16, 17, 18, 22, 34, 36, 37, 42, 41, 68, 62, 54, 55, 56, 3, 4, 25, 27, 10, 61, 8, 7, 12, 15, 66, 14, 6, 13, 1, 2, 70, 58, 57, 59, 5, 0, 28, 24, 9, 11, 65, 43, 32, 23, 60, 38, 63, 40, 44, 45, 53, 46, 47, 48, 50, 64, 20];3543.0
9842.0;[8, 7, 13, 27, 6, 10, 61, 59, 69, 41, 37, 63, 68, 54, 57, 58, 67, 51, 50, 66, 14, 12, 16, 19, 15, 20, 23, 60, 35, 32, 33, 26, 28, 0, 44, 46, 49, 48, 39, 47, 38, 40, 62, 52, 45, 53, 43, 42, 34, 36, 55, 56, 65, 31, 30, 29, 24, 18, 21, 22, 64, 25, 9, 11, 17, 1, 70, 3, 5, 2, 4];3308.0
9946.0;[37, 38, 34, 36, 63, 70, 3, 0, 31, 29, 30, 65, 43, 42, 46, 49, 67, 47, 48, 39, 60, 23, 20, 21, 27, 6, 13, 17, 28, 45, 62, 51, 50, 55, 56, 52, 53, 44, 32, 22, 25, 9, 11, 10, 61, 57, 8, 18, 19, 16, 14, 12, 15, 64, 24, 26, 33, 35, 69, 41, 40, 68, 54, 58, 59, 7, 66, 1, 2, 4, 5];3357.0
9707.0;[26, 18, 19, 20, 21, 22, 33, 35, 32, 17, 25, 27, 6, 11, 58, 56, 52, 40, 68, 53, 43, 42, 54, 55, 69, 63, 46, 62, 5, 2, 70, 3, 4, 41, 37, 38, 36, 31, 29, 30, 24, 66, 14, 13, 64, 0, 65, 34, 60, 23, 12, 15, 16, 28, 45, 44, 1, 7, 9, 10, 61, 59, 8, 57, 49, 48, 51, 50, 67, 47, 39];3476.0
9736.0;[37, 8, 9, 27, 66, 14, 12, 13, 24, 29, 30, 43, 42, 69, 41, 68, 54, 55, 59, 7, 64, 28, 0, 44, 53, 56, 70, 3, 4, 2, 5, 1, 45, 62, 49, 51, 17, 15, 16, 10, 61, 35, 34, 33, 26, 22, 18, 19, 20, 21, 31, 65, 46, 39, 47, 48, 67, 50, 32, 23, 60, 63, 40, 25, 6, 11, 58, 57, 52, 38, 36];3888.0
9588.0;[6, 33, 35, 69, 38, 36, 37, 55, 56, 70, 5, 27, 12, 20, 21, 22, 66, 14, 64, 2, 8, 11, 10, 61, 45, 53, 65, 44, 1, 3, 4, 59, 57, 58, 52, 41, 63, 40, 34, 32, 26, 0, 31, 29, 30, 24, 23, 60, 68, 54, 7, 9, 13, 15, 18, 19, 16, 17, 28, 43, 42, 46, 62, 49, 51, 50, 67, 39, 47, 48, 25];3624.0
9746.0;[41, 38, 22, 23, 60, 33, 34, 36, 37, 47, 39, 48, 50, 52, 46, 40, 35, 69, 63, 68, 58, 61, 5, 0, 30, 31, 45, 53, 44, 43, 42, 32, 26, 66, 15, 16, 18, 19, 13, 27, 14, 12, 20, 21, 17, 64, 28, 1, 2, 11, 10, 59, 4, 25, 6, 24, 29, 62, 54, 70, 3, 56, 57, 67, 49, 51, 55, 8, 7, 9, 65];3413.0
9773.0;[64, 1, 2, 3, 4, 25, 6, 7, 14, 13, 12, 15, 20, 23, 21, 33, 41, 37, 38, 60, 32, 22, 24, 29, 30, 31, 65, 53, 44, 45, 49, 48, 51, 43, 26, 17, 66, 16, 18, 19, 27, 9, 11, 10, 61, 59, 8, 57, 58, 67, 47, 39, 46, 62, 54, 55, 56, 70, 5, 34, 36, 63, 40, 42, 35, 69, 68, 50, 52, 0, 28];3129.0
10207.0;[23, 20, 18, 19, 43, 42, 49, 67, 47, 39, 36, 34, 35, 26, 13, 9, 11, 58, 51, 54, 55, 8, 7, 27, 6, 12, 15, 16, 24, 29, 30, 25, 10, 61, 59, 57, 70, 3, 4, 5, 41, 37, 63, 62, 48, 50, 65, 0, 28, 64, 66, 14, 1, 2, 44, 45, 53, 56, 52, 46, 40, 38, 60, 32, 33, 69, 68, 31, 22, 17, 21];3528.0
9091.0;[35, 37, 38, 60, 34, 36, 63, 47, 39, 40, 68, 56, 70, 3, 4, 5, 31, 30, 29, 24, 25, 13, 27, 6, 69, 41, 48, 51, 58, 61, 57, 59, 8, 7, 10, 11, 64, 0, 65, 44, 45, 62, 52, 53, 18, 19, 16, 33, 32, 26, 22, 23, 20, 21, 1, 2, 50, 67, 49, 66, 12, 15, 42, 46, 54, 55, 9, 14, 17, 28, 43];3597.0
9871.0;[12, 15, 16, 19, 20, 21, 23, 60, 33, 35, 36, 46, 54, 55, 56, 3, 7, 27, 6, 13, 28, 43, 42, 69, 37, 38, 34, 25, 9, 11, 10, 59, 70, 58, 61, 57, 67, 49, 47, 48, 2, 4, 8, 18, 22, 45, 52, 53, 44, 1, 5, 0, 24, 29, 30, 31, 65, 41, 63, 39, 40, 68, 62, 51, 50, 32, 26, 17, 64, 66, 14];3178.0
10713.0;[26, 23, 19, 20, 21, 22, 69, 41, 63, 40, 68, 55, 70, 8, 7, 10, 58, 61, 57, 56, 3, 4, 5, 0, 25, 27, 6, 66, 12, 9, 11, 59, 43, 42, 37, 38, 34, 60, 32, 33, 35, 36, 39, 47, 48, 53, 45, 44, 65, 31, 30, 29, 24, 28, 46, 62, 54, 51, 50, 67, 49, 52, 18, 15, 16, 14, 13, 17, 64, 1, 2];2998.0
9643.0;[66, 11, 9, 10, 61, 58, 51, 50, 67, 49, 47, 60, 33, 32, 26, 14, 12, 68, 46, 62, 54, 55, 3, 59, 4, 8, 7, 15, 18, 22, 34, 36, 37, 40, 43, 42, 41, 63, 52, 1, 5, 28, 24, 19, 16, 17, 64, 0, 2, 70, 57, 56, 53, 45, 38, 35, 69, 39, 48, 25, 27, 6, 13, 29, 31, 65, 44, 30, 23, 20, 21];3480.0
10005.0;[13, 41, 63, 40, 49, 48, 67, 47, 38, 36, 37, 39, 58, 11, 10, 61, 57, 52, 54, 55, 3, 4, 59, 8, 66, 14, 6, 7, 9, 12, 15, 16, 19, 20, 22, 17, 1, 2, 43, 42, 34, 35, 69, 68, 46, 53, 65, 44, 62, 51, 50, 0, 64, 18, 21, 45, 56, 70, 5, 28, 24, 26, 23, 60, 33, 32, 29, 30, 31, 25, 27];3354.0
10275.0;[62, 49, 48, 51, 55, 56, 70, 57, 52, 53, 44, 32, 23, 20, 1, 2, 3, 59, 8, 11, 10, 58, 61, 67, 47, 39, 40, 68, 46, 42, 22, 18, 21, 13, 6, 7, 9, 17, 30, 29, 31, 43, 41, 37, 38, 34, 60, 33, 35, 36, 54, 50, 65, 0, 25, 27, 64, 28, 4, 5, 24, 26, 19, 15, 16, 12, 66, 14, 45, 69, 63];3329.0
10163.0;[64, 18, 19, 20, 36, 37, 38, 60, 23, 16, 25, 27, 6, 17, 24, 29, 65, 34, 35, 69, 41, 63, 62, 3, 8, 7, 12, 15, 21, 22, 33, 39, 40, 52, 1, 2, 45, 47, 48, 67, 49, 51, 50, 54, 55, 56, 70, 5, 66, 14, 13, 9, 11, 10, 4, 0, 30, 31, 43, 68, 46, 42, 32, 26, 58, 61, 59, 57, 53, 44, 28];3426.0
9489.0;[11, 10, 58, 61, 59, 57, 67, 47, 39, 48, 50, 52, 1, 2, 5, 30, 29, 31, 56, 70, 8, 7, 9, 64, 24, 28, 44, 43, 69, 41, 38, 60, 34, 63, 40, 68, 49, 51, 54, 55, 3, 4, 45, 46, 62, 0, 25, 6, 12, 15, 33, 32, 23, 20, 65, 53, 42, 35, 36, 37, 26, 22, 66, 14, 13, 17, 18, 21, 19, 16, 27];3216.0
9184.0;[62, 54, 51, 67, 55, 56, 52, 39, 47, 40, 69, 41, 38, 34, 33, 25, 27, 66, 14, 12, 15, 20, 21, 22, 28, 44, 65, 0, 18, 23, 60, 26, 1, 2, 70, 58, 61, 57, 35, 36, 42, 19, 16, 45, 46, 49, 48, 37, 63, 68, 53, 3, 8, 11, 59, 4, 5, 64, 17, 13, 6, 7, 9, 10, 50, 43, 32, 24, 29, 30, 31];3778.0
9292.0;[3, 4, 5, 25, 27, 11, 10, 58, 67, 39, 40, 13, 6, 12, 15, 20, 23, 60, 34, 36, 37, 38, 63, 18, 19, 16, 64, 28, 1, 2, 70, 59, 8, 61, 57, 56, 46, 47, 48, 55, 7, 9, 43, 69, 41, 68, 62, 52, 53, 44, 30, 24, 21, 22, 33, 32, 29, 31, 65, 42, 35, 26, 17, 66, 14, 0, 45, 49, 51, 50, 54];3519.0
10155.0;[49, 48, 51, 50, 67, 55, 3, 8, 58, 59, 4, 5, 70, 57, 47, 39, 38, 37, 33, 32, 22, 18, 19, 20, 21, 25, 9, 11, 10, 61, 53, 43, 42, 35, 69, 41, 63, 26, 29, 31, 30, 24, 23, 60, 34, 36, 40, 68, 52, 1, 2, 64, 17, 12, 15, 16, 27, 6, 7, 66, 14, 13, 28, 0, 44, 65, 45, 46, 54, 56, 62];3131.0
10096.0;[60, 37, 39, 47, 67, 48, 51, 55, 56, 4, 5, 70, 3, 29, 30, 31, 44, 43, 32, 26, 22, 18, 21, 66, 15, 20, 33, 69, 41, 64, 24, 28, 0, 57, 58, 11, 9, 27, 25, 6, 13, 17, 19, 16, 14, 12, 10, 61, 59, 62, 54, 8, 7, 42, 35, 34, 38, 36, 63, 40, 49, 50, 52, 68, 46, 53, 45, 65, 1, 2, 23];3586.0
10123.0;[68, 55, 8, 7, 10, 61, 52, 53, 44, 1, 2, 57, 58, 59, 27, 6, 13, 17, 64, 24, 29, 65, 46, 62, 49, 47, 48, 50, 54, 70, 0, 28, 18, 19, 16, 45, 56, 3, 4, 5, 31, 30, 21, 22, 33, 35, 69, 41, 63, 42, 26, 25, 9, 11, 51, 67, 39, 40, 37, 43, 32, 66, 14, 12, 15, 20, 23, 60, 34, 38, 36];3351.0
9947.0;[16, 36, 63, 62, 53, 45, 70, 56, 43, 35, 34, 32, 23, 19, 0, 65, 44, 41, 39, 47, 48, 58, 61, 57, 51, 50, 52, 1, 2, 3, 4, 29, 30, 31, 42, 37, 38, 60, 26, 64, 28, 24, 17, 13, 66, 15, 33, 69, 40, 68, 46, 54, 67, 49, 55, 8, 7, 11, 10, 59, 5, 18, 20, 21, 22, 25, 27, 6, 9, 14, 12];3516.0
9339.0;[9, 65, 44, 31, 30, 29, 24, 22, 32, 23, 19, 20, 34, 36, 63, 40, 46, 62, 49, 38, 60, 33, 66, 12, 11, 61, 59, 43, 68, 54, 52, 45, 1, 2, 28, 64, 18, 21, 35, 69, 39, 47, 48, 50, 70, 3, 57, 53, 42, 26, 27, 6, 15, 16, 14, 13, 17, 41, 37, 8, 7, 10, 58, 67, 51, 55, 56, 4, 5, 0, 25];3835.0
9556.0;[12, 15, 20, 21, 23, 60, 9, 10, 58, 51, 50, 54, 55, 57, 59, 8, 7, 18, 33, 34, 36, 37, 63, 40, 26, 22, 19, 16, 64, 41, 38, 39, 47, 48, 67, 49, 52, 65, 31, 0, 43, 35, 69, 68, 62, 44, 45, 53, 56, 70, 3, 4, 5, 25, 6, 13, 17, 24, 29, 30, 1, 2, 28, 66, 14, 27, 11, 61, 46, 42, 32];3369.0
9677.0;[43, 41, 37, 38, 36, 53, 45, 50, 67, 48, 51, 52, 42, 68, 62, 49, 47, 39, 63, 40, 54, 55, 7, 9, 12, 15, 16, 18, 19, 20, 21, 22, 1, 2, 8, 59, 4, 5, 31, 30, 29, 24, 25, 6, 11, 10, 58, 61, 57, 56, 35, 34, 32, 26, 66, 14, 13, 27, 23, 60, 33, 69, 46, 70, 3, 65, 44, 0, 28, 64, 17];3193.0
9938.0;[22, 36, 39, 47, 38, 60, 33, 69, 41, 68, 46, 54, 51, 55, 8, 7, 11, 58, 61, 59, 43, 32, 26, 31, 30, 29, 24, 12, 15, 20, 21, 23, 19, 16, 25, 6, 13, 1, 2, 56, 70, 3, 57, 53, 65, 0, 28, 64, 17, 66, 14, 27, 9, 10, 4, 5, 45, 49, 50, 67, 48, 52, 37, 63, 40, 42, 35, 34, 62, 44, 18];3428.0
9184.0;[40, 26, 10, 11, 58, 61, 59, 51, 50, 67, 48, 54, 55, 56, 4, 8, 7, 9, 12, 15, 28, 1, 2, 30, 29, 31, 44, 45, 53, 57, 70, 3, 5, 65, 46, 62, 49, 47, 39, 23, 20, 18, 21, 33, 32, 22, 17, 19, 16, 42, 68, 52, 0, 25, 27, 6, 43, 41, 36, 37, 38, 60, 34, 35, 66, 14, 13, 64, 24, 69, 63];3462.0
9507.0;[18, 21, 66, 9, 10, 11, 14, 12, 15, 16, 1, 57, 56, 3, 8, 59, 58, 61, 49, 67, 48, 51, 50, 6, 7, 0, 42, 63, 40, 68, 52, 53, 65, 44, 43, 32, 26, 24, 30, 29, 31, 45, 62, 54, 5, 2, 19, 20, 22, 23, 60, 34, 33, 35, 69, 41, 36, 37, 38, 47, 39, 46, 55, 70, 4, 25, 27, 13, 64, 28, 17];3367.0
10548.0;[47, 38, 34, 60, 33, 69, 41, 39, 58, 11, 10, 61, 8, 7, 12, 15, 17, 25, 27, 6, 9, 59, 4, 5, 67, 49, 48, 52, 64, 18, 19, 20, 21, 22, 54, 55, 56, 70, 57, 3, 26, 23, 16, 24, 29, 30, 31, 35, 36, 37, 63, 40, 42, 68, 62, 51, 50, 53, 1, 2, 0, 65, 45, 44, 43, 32, 13, 66, 14, 28, 46];3566.0
9542.0;[67, 47, 39, 38, 34, 17, 66, 12, 15, 16, 18, 36, 63, 40, 42, 32, 64, 25, 10, 11, 59, 58, 61, 57, 56, 5, 2, 27, 6, 19, 20, 35, 69, 41, 37, 62, 31, 29, 30, 24, 26, 23, 60, 33, 0, 45, 49, 48, 52, 53, 44, 43, 68, 54, 55, 70, 3, 4, 28, 21, 22, 1, 8, 7, 13, 9, 14, 65, 46, 51, 50];3537.0
9722.0;[69, 48, 67, 51, 25, 27, 6, 34, 36, 38, 63, 40, 54, 55, 56, 4, 8, 7, 11, 9, 10, 52, 53, 30, 29, 24, 64, 17, 28, 65, 46, 49, 50, 44, 45, 47, 39, 42, 32, 23, 20, 18, 19, 16, 43, 41, 37, 68, 62, 2, 70, 3, 57, 58, 61, 59, 66, 14, 12, 15, 13, 26, 22, 21, 0, 1, 5, 31, 60, 33, 35];3599.0
9644.0;[20, 23, 16, 14, 12, 37, 38, 36, 40, 68, 55, 56, 4, 5, 0, 41, 63, 54, 3, 8, 11, 10, 61, 59, 7, 9, 66, 13, 27, 43, 42, 26, 22, 29, 30, 31, 65, 44, 45, 46, 47, 34, 35, 60, 33, 69, 48, 67, 51, 50, 52, 53, 28, 25, 6, 1, 2, 70, 58, 57, 62, 49, 39, 32, 17, 64, 24, 18, 21, 19, 15];3629.0
10002.0;[35, 34, 69, 41, 38, 60, 23, 19, 16, 14, 13, 9, 17, 64, 66, 12, 15, 20, 18, 21, 22, 45, 49, 47, 39, 54, 55, 70, 57, 51, 50, 67, 48, 52, 44, 28, 25, 27, 6, 7, 10, 11, 59, 4, 8, 56, 46, 40, 68, 62, 31, 30, 29, 24, 0, 1, 3, 58, 61, 43, 42, 32, 33, 36, 37, 63, 53, 65, 2, 5, 26];3171.0
9745.0;[48, 51, 55, 56, 8, 7, 10, 58, 61, 57, 59, 4, 25, 27, 6, 9, 11, 50, 67, 49, 47, 39, 38, 36, 40, 42, 26, 14, 13, 70, 3, 5, 24, 29, 30, 31, 0, 65, 45, 46, 62, 53, 44, 43, 37, 60, 34, 35, 32, 1, 2, 41, 63, 68, 54, 52, 28, 17, 64, 66, 12, 15, 16, 19, 23, 20, 22, 18, 21, 33, 69];3233.0
10061.0;[25, 27, 10, 61, 56, 62, 54, 67, 49, 51, 50, 66, 15, 16, 21, 45, 53, 46, 40, 37, 63, 39, 47, 48, 29, 30, 31, 1, 70, 3, 4, 28, 24, 26, 60, 33, 35, 69, 41, 38, 36, 68, 52, 65, 2, 57, 8, 59, 0, 44, 43, 34, 23, 20, 22, 17, 64, 42, 32, 14, 13, 6, 7, 18, 19, 12, 9, 11, 58, 55, 5];3540.0
10059.0;[41, 38, 34, 6, 11, 61, 57, 59, 5, 30, 31, 29, 66, 12, 15, 19, 20, 21, 25, 27, 16, 18, 22, 32, 26, 0, 1, 2, 28, 17, 14, 9, 10, 58, 53, 65, 44, 45, 43, 35, 36, 40, 68, 46, 49, 55, 56, 70, 3, 50, 67, 42, 37, 63, 39, 47, 48, 51, 52, 62, 54, 4, 8, 7, 13, 64, 24, 23, 60, 33, 69];3421.0
10163.0;[29, 30, 25, 66, 14, 27, 6, 9, 11, 59, 8, 57, 54, 55, 56, 70, 3, 4, 0, 69, 41, 60, 33, 26, 45, 49, 48, 51, 52, 53, 31, 65, 43, 42, 68, 46, 50, 67, 47, 39, 32, 21, 23, 20, 18, 19, 15, 16, 17, 64, 24, 28, 1, 2, 44, 35, 34, 22, 12, 13, 40, 37, 63, 38, 36, 62, 7, 10, 58, 61, 5];3484.0
9562.0;[38, 36, 37, 60, 26, 22, 33, 34, 63, 68, 0, 19, 15, 16, 18, 23, 20, 21, 66, 12, 11, 58, 56, 52, 53, 45, 62, 54, 55, 49, 47, 48, 30, 29, 31, 2, 57, 67, 51, 50, 14, 13, 6, 7, 9, 43, 42, 32, 17, 24, 64, 28, 25, 27, 10, 61, 59, 46, 39, 40, 35, 69, 41, 44, 65, 1, 70, 3, 8, 4, 5];3773.0
10463.0;[67, 49, 47, 62, 54, 51, 50, 55, 3, 8, 59, 4, 2, 5, 25, 6, 64, 24, 23, 60, 33, 32, 26, 28, 29, 30, 31, 41, 38, 36, 63, 40, 37, 68, 46, 53, 44, 45, 65, 1, 56, 52, 70, 57, 58, 61, 7, 9, 14, 13, 18, 21, 22, 19, 17, 0, 43, 42, 35, 34, 66, 27, 10, 11, 12, 15, 16, 20, 69, 39, 48];3229.0
9365.0;[36, 37, 34, 60, 32, 22, 23, 20, 28, 70, 3, 58, 61, 59, 10, 11, 9, 66, 12, 15, 14, 2, 4, 8, 7, 13, 25, 27, 6, 54, 55, 56, 57, 52, 62, 49, 51, 65, 1, 5, 0, 44, 43, 42, 35, 33, 69, 41, 63, 26, 18, 21, 31, 30, 29, 24, 17, 19, 16, 64, 45, 53, 40, 68, 46, 47, 48, 50, 67, 39, 38];3277.0
9749.0;[35, 25, 7, 9, 13, 27, 6, 64, 28, 65, 1, 2, 70, 57, 59, 4, 5, 0, 29, 30, 31, 45, 47, 48, 39, 36, 37, 40, 68, 50, 67, 49, 51, 55, 3, 14, 16, 18, 21, 22, 17, 24, 26, 19, 20, 33, 32, 23, 60, 69, 38, 66, 12, 15, 42, 62, 54, 56, 58, 61, 8, 10, 11, 44, 43, 41, 63, 46, 52, 53, 34];3521.0
9519.0;[6, 7, 12, 16, 18, 21, 17, 64, 13, 10, 56, 52, 53, 70, 58, 51, 50, 67, 47, 39, 40, 49, 48, 3, 8, 59, 31, 0, 38, 36, 62, 1, 2, 4, 5, 28, 19, 15, 20, 23, 69, 41, 37, 63, 68, 54, 55, 46, 32, 26, 22, 33, 34, 60, 24, 29, 30, 25, 27, 9, 11, 61, 57, 44, 45, 65, 43, 42, 35, 66, 14];3604.0
9797.0;[1, 3, 4, 8, 7, 10, 58, 51, 50, 67, 49, 48, 47, 39, 37, 63, 60, 38, 36, 40, 68, 43, 42, 32, 25, 6, 9, 66, 14, 13, 64, 17, 24, 18, 19, 16, 12, 15, 23, 20, 21, 33, 35, 34, 69, 41, 62, 53, 45, 46, 54, 55, 52, 0, 28, 31, 30, 29, 26, 22, 27, 11, 61, 59, 57, 56, 70, 5, 2, 65, 44];3047.0
10272.0;[9, 10, 58, 51, 54, 45, 53, 43, 42, 47, 48, 44, 31, 30, 25, 27, 13, 14, 12, 15, 20, 35, 69, 63, 40, 41, 37, 38, 34, 60, 32, 23, 19, 24, 29, 65, 1, 2, 5, 64, 17, 0, 4, 8, 57, 56, 52, 62, 55, 70, 3, 26, 22, 66, 16, 18, 21, 33, 36, 39, 68, 46, 49, 50, 67, 28, 6, 11, 61, 59, 7];3437.0
10312.0;[1, 8, 11, 27, 6, 10, 67, 51, 55, 3, 4, 5, 43, 68, 46, 40, 32, 19, 16, 0, 2, 57, 58, 61, 45, 53, 12, 15, 18, 17, 28, 65, 44, 47, 39, 42, 69, 41, 37, 63, 36, 38, 34, 60, 33, 35, 54, 70, 59, 56, 52, 62, 49, 48, 50, 7, 9, 13, 66, 31, 30, 29, 24, 25, 14, 64, 26, 23, 20, 21, 22];3746.0
9467.0;[49, 47, 36, 37, 38, 34, 35, 69, 41, 63, 68, 62, 39, 46, 40, 43, 42, 54, 55, 3, 6, 7, 9, 10, 58, 4, 8, 59, 57, 51, 50, 44, 66, 14, 24, 26, 23, 60, 33, 32, 29, 30, 31, 28, 18, 21, 11, 61, 56, 70, 67, 48, 52, 1, 2, 5, 0, 17, 19, 16, 45, 53, 25, 27, 13, 12, 15, 20, 22, 64, 65];3514.0
10218.0;[33, 69, 41, 39, 48, 67, 49, 51, 50, 47, 38, 36, 68, 46, 56, 70, 58, 57, 37, 63, 40, 35, 34, 64, 24, 23, 60, 32, 26, 66, 14, 45, 53, 65, 31, 30, 29, 28, 18, 19, 20, 21, 22, 62, 52, 1, 5, 44, 43, 42, 27, 9, 11, 10, 61, 8, 59, 7, 17, 0, 2, 3, 4, 25, 6, 54, 55, 13, 12, 15, 16];3745.0
9130.0;[64, 24, 2, 58, 61, 52, 34, 60, 33, 26, 1, 4, 5, 25, 6, 14, 12, 15, 18, 21, 22, 23, 20, 35, 69, 41, 38, 36, 68, 49, 50, 67, 51, 53, 27, 10, 46, 62, 48, 54, 55, 57, 56, 70, 8, 7, 9, 11, 30, 29, 31, 44, 37, 63, 40, 42, 19, 16, 17, 66, 13, 28, 0, 3, 59, 65, 45, 47, 39, 43, 32];3692.0
9253.0;[3, 10, 11, 9, 27, 25, 6, 7, 13, 14, 18, 21, 66, 12, 15, 16, 19, 20, 64, 0, 1, 2, 4, 5, 43, 41, 40, 68, 62, 54, 55, 56, 70, 58, 61, 8, 59, 57, 52, 44, 45, 53, 65, 30, 31, 29, 24, 26, 23, 60, 69, 63, 42, 37, 34, 33, 35, 32, 22, 17, 28, 47, 39, 38, 36, 46, 50, 67, 49, 48, 51];3012.0
10639.0;[7, 9, 11, 13, 12, 15, 16, 18, 19, 20, 29, 31, 30, 45, 46, 62, 54, 51, 67, 49, 48, 50, 52, 53, 43, 37, 47, 39, 38, 34, 32, 66, 14, 27, 6, 28, 0, 2, 44, 65, 69, 41, 63, 42, 26, 22, 24, 64, 17, 21, 23, 60, 33, 35, 36, 1, 5, 25, 10, 61, 70, 3, 59, 58, 55, 56, 57, 40, 68, 4, 8];3279.0
10118.0;[13, 18, 34, 60, 33, 35, 32, 26, 23, 20, 21, 22, 1, 2, 25, 27, 6, 15, 16, 14, 10, 58, 51, 50, 47, 39, 63, 40, 54, 70, 66, 12, 11, 61, 57, 56, 69, 41, 37, 38, 36, 68, 52, 0, 28, 64, 24, 29, 30, 3, 4, 5, 19, 17, 45, 53, 44, 65, 31, 43, 42, 46, 62, 48, 67, 49, 55, 59, 8, 7, 9];3429.0
9866.0;[6, 7, 11, 12, 15, 16, 19, 20, 21, 22, 17, 27, 9, 13, 18, 23, 60, 34, 33, 35, 32, 26, 64, 0, 31, 45, 62, 55, 58, 61, 56, 3, 4, 8, 5, 2, 25, 10, 59, 54, 51, 50, 46, 52, 65, 1, 70, 57, 47, 39, 40, 43, 42, 66, 14, 28, 44, 69, 41, 38, 36, 48, 67, 49, 37, 63, 68, 53, 30, 29, 24];3437.0
9811.0;[32, 26, 25, 27, 6, 66, 14, 15, 16, 19, 20, 23, 60, 69, 68, 49, 51, 50, 53, 44, 31, 30, 29, 0, 65, 45, 46, 47, 39, 40, 54, 58, 61, 56, 43, 35, 34, 36, 37, 63, 70, 59, 8, 7, 13, 24, 64, 17, 21, 18, 22, 28, 1, 2, 4, 9, 12, 11, 10, 57, 52, 62, 48, 67, 55, 3, 5, 42, 41, 38, 33];3263.0
10299.0;[8, 7, 9, 18, 19, 16, 44, 45, 49, 48, 67, 51, 50, 43, 32, 26, 66, 14, 13, 64, 24, 29, 31, 30, 65, 1, 2, 70, 57, 52, 42, 41, 38, 36, 37, 53, 0, 28, 17, 12, 15, 20, 21, 22, 25, 27, 23, 60, 33, 69, 40, 54, 55, 4, 5, 6, 11, 10, 59, 35, 34, 63, 68, 46, 47, 39, 62, 56, 3, 58, 61];3329.0
9406.0;[45, 49, 51, 54, 55, 56, 7, 10, 61, 70, 3, 4, 2, 5, 25, 6, 9, 13, 27, 11, 58, 50, 46, 23, 19, 20, 33, 63, 68, 59, 8, 57, 52, 35, 34, 60, 26, 24, 29, 30, 31, 66, 14, 12, 15, 16, 1, 53, 65, 44, 43, 18, 21, 22, 64, 62, 67, 47, 48, 39, 36, 37, 38, 69, 41, 40, 42, 32, 17, 28, 0];3676.0
9042.0;[66, 13, 24, 29, 30, 31, 69, 37, 68, 55, 70, 56, 52, 46, 39, 47, 48, 53, 43, 42, 35, 34, 60, 17, 1, 2, 5, 14, 12, 15, 16, 18, 21, 64, 28, 65, 45, 44, 41, 63, 27, 11, 54, 51, 50, 25, 6, 9, 10, 59, 8, 7, 23, 38, 36, 40, 26, 22, 33, 32, 19, 20, 62, 67, 49, 58, 61, 57, 3, 4, 0];3966.0
10019.0;[10, 58, 51, 50, 67, 48, 55, 70, 8, 59, 61, 57, 56, 1, 2, 4, 5, 45, 62, 46, 49, 47, 39, 36, 38, 34, 33, 22, 66, 12, 15, 16, 28, 0, 37, 63, 40, 42, 35, 32, 14, 27, 6, 7, 13, 65, 44, 43, 69, 41, 68, 54, 3, 64, 18, 21, 23, 60, 26, 19, 20, 17, 9, 11, 52, 53, 31, 30, 29, 24, 25];3410.0
9798.0;[49, 48, 55, 56, 3, 24, 19, 20, 23, 60, 33, 69, 62, 0, 25, 27, 6, 66, 12, 15, 16, 17, 28, 43, 41, 37, 63, 54, 70, 57, 8, 59, 5, 31, 30, 29, 1, 9, 10, 61, 51, 50, 52, 40, 42, 26, 11, 58, 67, 47, 39, 38, 34, 36, 68, 46, 53, 65, 44, 45, 35, 32, 2, 4, 7, 13, 14, 18, 21, 22, 64];3729.0
9741.0;[35, 34, 36, 37, 38, 60, 32, 26, 22, 64, 24, 23, 19, 42, 62, 49, 51, 67, 39, 63, 40, 68, 47, 48, 50, 54, 66, 13, 14, 12, 15, 16, 0, 45, 53, 52, 46, 55, 8, 7, 9, 27, 6, 20, 21, 28, 29, 30, 31, 44, 65, 1, 70, 57, 58, 59, 17, 18, 33, 69, 41, 25, 11, 10, 61, 56, 3, 4, 2, 5, 43];3461.0
9866.0;[22, 54, 55, 56, 5, 66, 14, 43, 35, 34, 36, 37, 63, 38, 40, 42, 32, 23, 60, 33, 26, 11, 10, 58, 57, 51, 67, 50, 52, 44, 65, 1, 2, 70, 3, 4, 59, 8, 7, 61, 46, 62, 49, 48, 30, 31, 69, 41, 68, 53, 45, 47, 39, 0, 28, 25, 6, 9, 13, 27, 64, 29, 24, 12, 15, 20, 21, 19, 16, 17, 18];3607.0
9562.0;[45, 47, 39, 38, 37, 63, 35, 69, 41, 60, 32, 33, 26, 54, 55, 56, 57, 59, 8, 4, 5, 31, 29, 30, 43, 42, 23, 19, 16, 15, 20, 34, 36, 48, 50, 52, 53, 66, 14, 12, 17, 64, 25, 6, 11, 10, 58, 61, 46, 40, 68, 44, 65, 28, 27, 13, 1, 2, 62, 49, 51, 67, 70, 3, 7, 9, 24, 22, 18, 21, 0];3599.0
9688.0;[28, 64, 25, 27, 6, 13, 14, 12, 11, 10, 57, 56, 52, 62, 49, 67, 39, 47, 48, 51, 50, 40, 42, 32, 23, 60, 69, 41, 37, 68, 54, 55, 70, 3, 5, 31, 30, 29, 45, 53, 43, 35, 34, 38, 36, 63, 46, 58, 61, 8, 59, 4, 1, 2, 7, 9, 24, 22, 33, 26, 18, 19, 20, 21, 17, 66, 15, 16, 0, 65, 44];2962.0
10310.0;[7, 11, 9, 13, 64, 17, 66, 14, 27, 25, 6, 15, 20, 21, 19, 16, 18, 28, 42, 32, 26, 12, 10, 61, 57, 56, 52, 46, 62, 45, 40, 63, 68, 54, 55, 70, 3, 4, 58, 67, 49, 51, 29, 30, 24, 22, 23, 60, 36, 38, 35, 34, 37, 47, 39, 48, 50, 53, 44, 65, 1, 2, 5, 31, 43, 69, 41, 33, 0, 8, 59];3433.0
10250.0;[13, 68, 54, 50, 67, 49, 55, 56, 5, 2, 70, 58, 61, 59, 8, 14, 12, 15, 25, 27, 11, 10, 57, 41, 37, 36, 38, 34, 35, 69, 32, 23, 60, 33, 26, 22, 18, 19, 16, 1, 3, 4, 7, 9, 28, 0, 44, 65, 31, 29, 30, 43, 42, 17, 64, 24, 45, 62, 48, 51, 52, 46, 40, 63, 39, 47, 53, 20, 21, 66, 6];3550.0
9986.0;[47, 39, 48, 67, 55, 8, 59, 56, 52, 62, 49, 38, 34, 36, 63, 68, 46, 40, 22, 19, 16, 15, 20, 23, 60, 33, 69, 54, 58, 61, 4, 0, 31, 30, 29, 24, 27, 6, 14, 12, 13, 43, 42, 35, 32, 26, 18, 21, 45, 53, 44, 28, 17, 64, 25, 11, 10, 51, 50, 7, 9, 66, 41, 37, 65, 1, 2, 5, 70, 3, 57];3753.0
9697.0;[15, 16, 43, 42, 35, 33, 32, 26, 25, 7, 9, 10, 11, 8, 5, 2, 3, 4, 69, 41, 34, 23, 19, 20, 45, 56, 52, 46, 47, 39, 38, 36, 63, 68, 62, 44, 0, 65, 1, 70, 58, 61, 59, 40, 37, 60, 27, 6, 14, 12, 13, 54, 55, 57, 67, 51, 50, 31, 29, 30, 24, 64, 18, 21, 22, 28, 49, 48, 53, 17, 66];3828.0
9627.0;[19, 20, 33, 32, 66, 12, 15, 16, 25, 27, 6, 7, 9, 11, 10, 61, 57, 56, 3, 4, 5, 52, 47, 39, 40, 63, 68, 46, 62, 54, 51, 50, 55, 58, 67, 49, 48, 53, 28, 17, 21, 64, 24, 29, 30, 31, 22, 23, 60, 38, 36, 37, 69, 41, 70, 59, 8, 13, 14, 43, 34, 35, 0, 1, 2, 65, 45, 44, 42, 26, 18];3313.0
9956.0;[39, 42, 23, 20, 21, 18, 19, 14, 12, 6, 7, 13, 9, 11, 10, 58, 61, 59, 8, 57, 52, 40, 68, 54, 67, 48, 51, 50, 66, 15, 16, 28, 1, 2, 69, 41, 37, 38, 60, 33, 34, 35, 36, 63, 62, 49, 47, 55, 70, 56, 3, 4, 5, 0, 45, 53, 44, 43, 32, 26, 22, 17, 64, 25, 27, 24, 30, 29, 31, 65, 46];2962.0
9639.0;[29, 24, 64, 25, 6, 7, 9, 13, 2, 5, 26, 23, 20, 1, 70, 57, 52, 44, 35, 33, 69, 41, 37, 63, 40, 66, 14, 15, 16, 12, 11, 58, 67, 49, 48, 55, 56, 46, 62, 54, 50, 45, 53, 65, 0, 27, 10, 61, 51, 47, 39, 36, 38, 34, 60, 32, 18, 21, 22, 17, 19, 28, 43, 42, 68, 3, 4, 8, 59, 31, 30];3509.0
10554.0;[17, 18, 19, 16, 12, 15, 20, 21, 64, 25, 27, 44, 41, 37, 38, 36, 63, 40, 68, 46, 52, 1, 2, 4, 5, 31, 45, 62, 49, 50, 54, 55, 56, 30, 29, 23, 60, 34, 32, 33, 26, 22, 0, 70, 3, 59, 8, 7, 9, 66, 14, 13, 24, 28, 43, 42, 35, 69, 39, 47, 48, 67, 51, 53, 65, 6, 10, 58, 61, 57, 11];3176.0
9814.0;[64, 44, 48, 51, 50, 67, 49, 52, 1, 2, 47, 39, 56, 58, 61, 57, 59, 4, 5, 41, 37, 38, 36, 40, 53, 30, 29, 31, 43, 34, 33, 35, 32, 27, 10, 9, 11, 13, 15, 16, 19, 70, 3, 0, 66, 14, 12, 20, 21, 17, 24, 65, 45, 54, 55, 8, 7, 18, 69, 63, 42, 68, 46, 62, 28, 25, 6, 22, 23, 60, 26];3869.0
10206.0;[58, 51, 50, 67, 49, 54, 55, 57, 56, 70, 3, 69, 41, 37, 34, 35, 36, 63, 39, 38, 60, 23, 33, 18, 21, 66, 12, 14, 27, 13, 47, 48, 52, 15, 16, 19, 20, 29, 30, 31, 65, 46, 40, 42, 22, 64, 24, 28, 44, 43, 32, 26, 17, 1, 2, 68, 62, 8, 7, 9, 10, 61, 59, 4, 5, 0, 45, 53, 25, 6, 11];3634.0
9447.0;[7, 9, 10, 11, 14, 65, 43, 42, 35, 68, 46, 52, 45, 53, 23, 19, 20, 34, 36, 37, 38, 60, 32, 33, 39, 47, 48, 67, 49, 51, 50, 55, 70, 3, 4, 0, 28, 25, 27, 6, 13, 29, 31, 30, 26, 17, 1, 5, 62, 54, 57, 58, 61, 56, 69, 41, 63, 40, 44, 24, 64, 66, 12, 15, 16, 18, 21, 22, 2, 59, 8];3372.0
9658.0;[61, 5, 25, 27, 10, 57, 52, 46, 42, 41, 37, 63, 68, 70, 3, 4, 43, 35, 34, 32, 66, 14, 13, 12, 1, 2, 59, 8, 7, 9, 15, 16, 62, 47, 39, 38, 36, 60, 26, 24, 29, 30, 23, 19, 20, 21, 33, 69, 40, 50, 67, 49, 48, 51, 54, 55, 56, 17, 18, 22, 64, 28, 65, 44, 45, 53, 31, 0, 6, 11, 58];3516.0
10819.0;[49, 48, 55, 61, 59, 7, 13, 11, 9, 10, 58, 54, 51, 67, 47, 39, 32, 26, 25, 27, 6, 12, 15, 16, 1, 70, 3, 5, 2, 57, 8, 18, 21, 23, 19, 20, 22, 28, 0, 62, 56, 4, 30, 31, 45, 53, 44, 65, 69, 38, 34, 35, 60, 33, 36, 37, 63, 40, 41, 43, 42, 68, 46, 50, 52, 29, 24, 64, 17, 66, 14];3491.0
9626.0;[62, 58, 61, 67, 49, 47, 48, 59, 8, 7, 15, 16, 19, 18, 21, 70, 3, 4, 5, 65, 35, 34, 63, 46, 31, 30, 29, 17, 66, 12, 22, 32, 33, 36, 37, 38, 60, 69, 41, 39, 40, 42, 26, 23, 20, 14, 27, 6, 64, 0, 1, 2, 28, 24, 25, 10, 11, 9, 13, 44, 45, 54, 55, 56, 57, 51, 50, 52, 53, 43, 68];3564.0
9921.0;[63, 40, 68, 46, 43, 42, 69, 41, 55, 70, 3, 56, 52, 62, 49, 48, 67, 47, 39, 35, 34, 33, 26, 29, 30, 31, 65, 5, 28, 24, 13, 66, 19, 20, 23, 36, 38, 60, 32, 18, 21, 22, 17, 64, 0, 44, 1, 2, 4, 25, 27, 6, 10, 58, 61, 59, 57, 8, 15, 16, 14, 12, 11, 51, 50, 54, 53, 45, 7, 9, 37];3441.0
9744.0;[55, 56, 12, 15, 18, 21, 23, 60, 33, 34, 35, 69, 41, 37, 27, 11, 10, 58, 67, 49, 48, 61, 57, 59, 4, 5, 43, 38, 36, 63, 42, 32, 26, 22, 0, 45, 53, 8, 7, 9, 14, 17, 28, 65, 44, 39, 47, 40, 66, 16, 19, 20, 1, 2, 70, 3, 25, 6, 13, 64, 24, 29, 30, 31, 68, 51, 50, 52, 46, 62, 54];3547.0
10399.0;[8, 12, 15, 18, 33, 35, 34, 69, 41, 37, 60, 66, 14, 27, 6, 9, 13, 17, 19, 16, 11, 58, 50, 67, 49, 48, 51, 55, 56, 52, 46, 54, 59, 7, 64, 24, 28, 25, 10, 61, 57, 47, 68, 39, 38, 36, 63, 40, 42, 21, 22, 23, 20, 70, 3, 4, 5, 0, 44, 65, 45, 62, 53, 31, 30, 29, 43, 32, 26, 1, 2];3520.0
9569.0;[16, 33, 69, 39, 67, 49, 47, 48, 55, 4, 7, 9, 11, 61, 40, 38, 36, 68, 46, 44, 65, 41, 37, 63, 42, 32, 26, 24, 29, 30, 31, 0, 1, 57, 56, 70, 58, 51, 50, 3, 12, 15, 64, 28, 2, 5, 25, 27, 6, 13, 10, 59, 8, 18, 23, 19, 20, 21, 22, 45, 62, 54, 52, 53, 43, 34, 35, 60, 17, 66, 14];3601.0
9643.0;[9, 10, 57, 54, 55, 3, 4, 45, 49, 50, 67, 47, 39, 60, 33, 26, 66, 13, 27, 6, 11, 58, 61, 37, 63, 38, 35, 34, 32, 18, 19, 16, 21, 22, 23, 20, 36, 40, 29, 30, 31, 65, 5, 0, 28, 25, 17, 24, 43, 42, 69, 41, 68, 46, 14, 12, 15, 64, 2, 70, 59, 8, 56, 48, 51, 62, 52, 53, 44, 1, 7];3680.0
10244.0;[7, 9, 18, 19, 20, 21, 22, 34, 36, 63, 39, 47, 48, 51, 50, 67, 49, 55, 56, 46, 52, 53, 31, 30, 29, 24, 28, 66, 12, 11, 10, 58, 54, 40, 42, 32, 26, 23, 16, 14, 15, 13, 27, 6, 17, 64, 25, 61, 57, 59, 65, 44, 43, 41, 37, 38, 60, 33, 35, 69, 68, 62, 3, 4, 5, 0, 1, 2, 45, 70, 8];3087.0
9859.0;[37, 38, 36, 39, 48, 67, 47, 40, 46, 62, 49, 51, 50, 66, 19, 16, 2, 3, 4, 8, 57, 58, 11, 10, 61, 59, 0, 28, 43, 69, 41, 63, 55, 56, 70, 5, 65, 44, 35, 60, 34, 33, 32, 25, 27, 6, 14, 12, 15, 24, 26, 22, 18, 23, 20, 21, 17, 64, 30, 29, 31, 1, 7, 9, 13, 42, 68, 54, 52, 45, 53];3374.0
9186.0;[7, 12, 15, 20, 21, 19, 16, 13, 27, 6, 66, 14, 17, 64, 24, 25, 9, 10, 11, 29, 30, 57, 56, 58, 61, 59, 8, 5, 0, 28, 31, 65, 41, 38, 34, 35, 69, 63, 32, 33, 37, 54, 55, 4, 44, 45, 49, 48, 50, 51, 67, 47, 39, 43, 42, 68, 52, 53, 1, 2, 46, 40, 26, 22, 18, 23, 60, 36, 62, 70, 3];3449.0
9770.0;[69, 63, 68, 55, 70, 3, 8, 59, 57, 50, 67, 49, 51, 25, 6, 12, 15, 20, 23, 19, 16, 17, 24, 45, 53, 31, 29, 30, 65, 43, 32, 26, 22, 18, 21, 28, 56, 52, 46, 62, 54, 4, 66, 14, 13, 42, 41, 38, 34, 35, 36, 37, 40, 27, 11, 10, 7, 9, 64, 0, 44, 39, 47, 48, 58, 61, 5, 1, 2, 60, 33];3591.0
9709.0;[69, 37, 39, 47, 48, 55, 3, 59, 67, 49, 52, 53, 42, 41, 63, 40, 38, 34, 35, 60, 33, 36, 68, 1, 8, 7, 9, 14, 12, 19, 18, 21, 23, 20, 24, 26, 22, 46, 62, 28, 64, 25, 27, 10, 11, 58, 61, 5, 0, 2, 70, 57, 56, 44, 43, 32, 17, 6, 13, 66, 15, 16, 65, 45, 51, 50, 54, 4, 30, 31, 29];3602.0
10367.0;[8, 7, 12, 15, 19, 16, 27, 6, 66, 14, 13, 64, 24, 28, 1, 2, 4, 5, 25, 9, 17, 0, 44, 43, 32, 23, 20, 21, 49, 50, 67, 39, 38, 60, 33, 34, 35, 69, 41, 63, 40, 68, 42, 26, 22, 18, 45, 62, 51, 55, 70, 57, 46, 47, 48, 53, 65, 31, 30, 29, 10, 11, 58, 61, 59, 56, 52, 36, 37, 54, 3];3432.0
9890.0;[40, 34, 36, 49, 47, 48, 39, 38, 60, 33, 32, 26, 21, 22, 17, 28, 45, 53, 70, 25, 27, 6, 44, 62, 54, 57, 58, 61, 59, 12, 15, 4, 8, 67, 51, 50, 52, 30, 24, 18, 19, 16, 29, 31, 65, 43, 35, 23, 20, 1, 5, 2, 66, 14, 13, 42, 41, 37, 55, 56, 3, 7, 10, 11, 9, 64, 0, 69, 63, 68, 46];3844.0
10812.0;[34, 37, 63, 54, 55, 58, 61, 56, 70, 3, 5, 2, 65, 1, 4, 8, 59, 7, 18, 19, 20, 69, 41, 38, 36, 68, 30, 29, 24, 25, 6, 13, 66, 14, 12, 15, 46, 49, 50, 53, 43, 42, 26, 9, 11, 17, 64, 27, 10, 57, 52, 31, 0, 44, 45, 40, 32, 23, 16, 28, 62, 48, 51, 67, 47, 39, 60, 21, 22, 33, 35];3622.0
9745.0;[10, 58, 54, 51, 48, 50, 67, 49, 47, 39, 38, 69, 63, 68, 62, 55, 4, 18, 21, 1, 2, 5, 0, 65, 42, 32, 26, 64, 28, 70, 3, 57, 61, 8, 59, 7, 13, 24, 30, 29, 31, 45, 56, 52, 43, 41, 37, 36, 53, 44, 25, 6, 11, 9, 15, 16, 66, 14, 12, 20, 22, 23, 19, 17, 46, 40, 35, 34, 60, 33, 27];3508.0
9534.0;[18, 21, 60, 33, 69, 38, 36, 39, 47, 48, 51, 1, 2, 25, 6, 13, 17, 64, 44, 46, 52, 62, 54, 70, 58, 57, 56, 3, 4, 5, 0, 35, 34, 32, 26, 66, 27, 11, 61, 43, 68, 31, 30, 45, 53, 29, 24, 22, 23, 20, 19, 15, 16, 49, 50, 67, 55, 7, 10, 59, 8, 9, 14, 12, 28, 65, 42, 41, 37, 63, 40];3674.0
9651.0;[64, 12, 15, 16, 19, 20, 0, 65, 44, 34, 36, 63, 40, 68, 31, 30, 1, 2, 3, 57, 8, 59, 4, 5, 24, 22, 23, 60, 33, 25, 27, 9, 10, 61, 58, 51, 50, 67, 49, 47, 48, 39, 42, 32, 18, 21, 28, 29, 45, 46, 52, 53, 43, 35, 69, 41, 37, 38, 26, 17, 6, 7, 66, 14, 13, 11, 55, 70, 56, 62, 54];3399.0
10678.0;[36, 53, 31, 30, 29, 24, 0, 44, 43, 69, 41, 62, 49, 51, 55, 56, 3, 4, 5, 64, 17, 18, 19, 16, 65, 45, 46, 67, 48, 54, 70, 57, 61, 59, 8, 7, 14, 12, 10, 58, 50, 52, 23, 20, 21, 27, 6, 13, 37, 63, 40, 35, 34, 33, 60, 32, 26, 22, 66, 15, 28, 42, 68, 1, 2, 25, 11, 9, 47, 39, 38];3712.0
10060.0;[25, 6, 10, 11, 9, 13, 66, 14, 12, 15, 45, 48, 67, 51, 58, 61, 50, 54, 55, 56, 52, 32, 22, 19, 16, 18, 21, 35, 34, 69, 41, 36, 37, 38, 60, 23, 20, 1, 57, 46, 49, 47, 39, 40, 68, 3, 59, 70, 4, 8, 7, 17, 28, 2, 5, 0, 65, 44, 31, 30, 29, 26, 33, 63, 62, 53, 43, 42, 64, 24, 27];3468.0
9033.0;[57, 37, 63, 39, 47, 48, 50, 19, 20, 23, 36, 40, 68, 54, 3, 5, 1, 2, 11, 10, 59, 7, 9, 12, 15, 16, 21, 18, 22, 25, 27, 6, 29, 30, 31, 45, 53, 4, 8, 58, 61, 52, 46, 62, 65, 0, 24, 26, 33, 35, 34, 60, 69, 41, 38, 64, 28, 44, 43, 42, 32, 17, 66, 14, 13, 49, 67, 51, 55, 56, 70];3586.0
9657.0;[38, 36, 40, 22, 13, 11, 10, 58, 50, 67, 51, 1, 2, 70, 3, 4, 8, 7, 9, 23, 60, 33, 32, 26, 18, 21, 64, 28, 57, 61, 59, 5, 0, 30, 24, 29, 31, 44, 42, 34, 35, 66, 14, 12, 15, 16, 45, 54, 55, 56, 25, 27, 6, 17, 37, 63, 52, 53, 62, 49, 47, 39, 68, 46, 48, 19, 20, 65, 43, 69, 41];3614.0
9702.0;[30, 41, 38, 36, 37, 63, 68, 46, 62, 47, 39, 40, 23, 20, 21, 12, 15, 18, 19, 16, 64, 24, 26, 22, 33, 35, 69, 54, 50, 53, 44, 65, 43, 42, 66, 10, 58, 61, 59, 4, 5, 2, 8, 7, 11, 9, 13, 17, 28, 0, 1, 70, 57, 56, 52, 34, 60, 32, 25, 27, 6, 14, 45, 49, 67, 48, 51, 55, 3, 31, 29];3222.0
9946.0;[36, 40, 46, 51, 50, 67, 49, 52, 8, 11, 10, 59, 4, 2, 44, 41, 38, 39, 47, 48, 55, 56, 70, 25, 6, 14, 12, 17, 24, 23, 20, 21, 33, 69, 63, 57, 58, 61, 7, 9, 29, 30, 31, 0, 28, 66, 15, 16, 22, 32, 26, 18, 19, 64, 43, 42, 37, 68, 54, 3, 5, 65, 45, 62, 53, 1, 27, 13, 60, 34, 35];3663.0
10126.0;[8, 7, 21, 23, 36, 37, 38, 39, 43, 69, 41, 63, 42, 32, 33, 26, 22, 35, 34, 60, 18, 19, 15, 16, 14, 12, 20, 28, 0, 45, 46, 40, 68, 62, 49, 47, 48, 50, 52, 53, 44, 25, 27, 6, 17, 64, 24, 66, 13, 9, 10, 11, 59, 4, 31, 30, 29, 65, 54, 67, 51, 55, 70, 58, 61, 57, 56, 3, 5, 2, 1];3176.0
9948.0;[8, 7, 18, 16, 19, 20, 21, 23, 60, 9, 11, 10, 61, 58, 59, 4, 5, 0, 1, 2, 70, 57, 56, 3, 44, 32, 26, 66, 14, 12, 15, 47, 48, 39, 38, 33, 25, 27, 13, 6, 17, 45, 53, 46, 62, 54, 51, 67, 49, 50, 52, 30, 29, 31, 65, 43, 69, 41, 37, 40, 68, 42, 34, 35, 22, 64, 24, 28, 36, 63, 55];3576.0
9693.0;[56, 4, 25, 27, 6, 10, 57, 70, 3, 5, 31, 29, 30, 34, 36, 37, 38, 63, 68, 51, 50, 53, 43, 32, 26, 22, 17, 13, 64, 1, 2, 28, 66, 15, 16, 19, 67, 48, 58, 61, 8, 59, 7, 11, 9, 14, 12, 62, 49, 52, 0, 65, 44, 35, 33, 18, 21, 45, 46, 40, 42, 69, 41, 60, 23, 20, 24, 47, 39, 54, 55];3814.0
10208.0;[50, 69, 38, 36, 62, 49, 47, 39, 40, 42, 34, 33, 26, 17, 64, 18, 21, 22, 10, 11, 58, 61, 59, 5, 44, 43, 35, 60, 32, 23, 19, 16, 12, 15, 20, 28, 0, 45, 53, 1, 2, 4, 8, 7, 66, 14, 13, 31, 30, 29, 24, 25, 27, 6, 9, 65, 41, 37, 63, 68, 54, 55, 56, 70, 3, 57, 52, 46, 48, 67, 51];3019.0
9343.0;[62, 54, 55, 59, 8, 7, 11, 58, 61, 9, 20, 23, 19, 66, 14, 12, 15, 16, 18, 21, 44, 49, 51, 50, 1, 6, 10, 57, 52, 53, 42, 35, 69, 41, 38, 39, 48, 67, 47, 32, 26, 29, 30, 24, 25, 27, 13, 0, 65, 45, 46, 40, 37, 63, 68, 2, 70, 56, 3, 4, 5, 43, 33, 34, 36, 60, 22, 17, 64, 28, 31];3600.0
9994.0;[47, 39, 60, 34, 69, 41, 40, 68, 62, 54, 55, 7, 11, 9, 24, 28, 70, 58, 61, 59, 8, 57, 52, 46, 37, 63, 44, 65, 1, 2, 0, 30, 31, 29, 66, 12, 16, 14, 6, 13, 45, 53, 56, 3, 4, 5, 43, 42, 38, 36, 48, 51, 50, 64, 15, 20, 21, 23, 32, 26, 22, 33, 35, 18, 19, 17, 25, 27, 10, 67, 49];3505.0
9711.0;[37, 48, 51, 67, 50, 56, 70, 8, 7, 66, 14, 12, 15, 19, 16, 18, 21, 32, 35, 34, 69, 41, 63, 40, 54, 55, 57, 58, 61, 3, 26, 22, 23, 20, 64, 28, 1, 2, 25, 27, 6, 13, 29, 30, 24, 17, 9, 10, 11, 59, 4, 5, 45, 53, 31, 0, 65, 44, 62, 49, 52, 43, 42, 68, 46, 47, 39, 38, 36, 60, 33];3132.0
8892.0;[43, 38, 60, 23, 20, 21, 33, 69, 41, 37, 63, 40, 32, 26, 6, 11, 58, 67, 49, 50, 3, 4, 25, 27, 10, 61, 59, 8, 7, 9, 66, 12, 15, 14, 13, 24, 28, 2, 70, 57, 18, 19, 16, 22, 17, 64, 1, 5, 0, 29, 31, 30, 44, 65, 45, 62, 54, 52, 46, 47, 39, 48, 51, 55, 56, 42, 35, 34, 36, 68, 53];3271.0
9768.0;[11, 15, 16, 19, 20, 23, 60, 34, 36, 37, 38, 63, 40, 68, 62, 52, 53, 0, 25, 6, 13, 66, 18, 21, 22, 24, 29, 30, 31, 65, 1, 27, 9, 10, 61, 59, 4, 5, 45, 49, 51, 44, 69, 41, 39, 48, 50, 67, 47, 35, 33, 32, 26, 2, 3, 8, 7, 14, 12, 64, 17, 28, 46, 54, 55, 70, 57, 56, 43, 42, 58];3336.0
10115.0;[3, 59, 61, 8, 7, 27, 25, 6, 10, 58, 51, 54, 55, 18, 19, 14, 13, 66, 12, 15, 16, 28, 65, 44, 45, 30, 31, 29, 64, 17, 24, 26, 22, 2, 4, 5, 0, 23, 60, 63, 40, 32, 9, 11, 20, 21, 36, 48, 50, 67, 42, 35, 34, 33, 69, 41, 46, 62, 43, 68, 52, 53, 1, 57, 56, 70, 49, 47, 39, 38, 37];3896.0
9457.0;[10, 11, 9, 13, 17, 18, 19, 20, 21, 23, 60, 33, 35, 34, 38, 36, 39, 48, 50, 70, 3, 59, 8, 12, 15, 16, 28, 51, 67, 49, 47, 40, 22, 64, 2, 5, 31, 43, 69, 41, 63, 62, 56, 4, 0, 65, 45, 44, 1, 58, 61, 57, 7, 66, 14, 29, 30, 37, 68, 46, 42, 32, 26, 24, 53, 52, 54, 55, 25, 27, 6];3508.0
10073.0;[65, 42, 62, 54, 50, 55, 56, 52, 48, 67, 49, 51, 58, 61, 59, 57, 53, 28, 19, 20, 23, 60, 33, 32, 27, 10, 11, 14, 17, 24, 30, 29, 31, 44, 43, 34, 35, 26, 25, 6, 13, 0, 45, 47, 39, 38, 36, 63, 40, 68, 46, 70, 3, 5, 69, 41, 37, 1, 2, 4, 8, 7, 9, 66, 12, 15, 16, 18, 21, 22, 64];3274.0
9394.0;[13, 15, 16, 18, 19, 11, 10, 61, 57, 58, 54, 55, 56, 66, 14, 12, 20, 21, 64, 2, 4, 5, 0, 65, 45, 47, 48, 52, 53, 44, 31, 30, 29, 43, 32, 26, 1, 3, 7, 9, 22, 23, 60, 33, 35, 36, 63, 40, 51, 67, 39, 38, 34, 25, 27, 6, 17, 24, 28, 69, 41, 37, 42, 68, 46, 62, 49, 50, 70, 59, 8];3452.0
10452.0;[50, 67, 51, 55, 70, 58, 61, 7, 9, 13, 66, 14, 10, 11, 57, 56, 52, 64, 12, 15, 16, 17, 46, 49, 47, 48, 39, 40, 62, 53, 31, 30, 29, 24, 25, 27, 6, 69, 41, 37, 38, 36, 63, 54, 8, 59, 5, 65, 44, 45, 43, 68, 3, 4, 18, 19, 28, 1, 2, 42, 32, 23, 20, 21, 33, 35, 34, 60, 26, 22, 0];3520.0
8984.0;[9, 11, 12, 15, 16, 44, 45, 62, 49, 47, 48, 51, 50, 67, 69, 41, 38, 60, 34, 36, 68, 55, 56, 57, 58, 8, 7, 25, 27, 6, 10, 61, 52, 53, 23, 19, 20, 64, 0, 65, 31, 30, 29, 24, 26, 22, 18, 21, 17, 28, 1, 2, 70, 3, 4, 59, 5, 42, 63, 40, 37, 39, 46, 54, 43, 35, 33, 32, 66, 14, 13];3256.0
10185.0;[60, 33, 32, 26, 27, 6, 14, 66, 12, 18, 19, 20, 34, 35, 69, 39, 40, 68, 62, 70, 3, 5, 25, 7, 9, 10, 11, 13, 24, 29, 30, 31, 28, 64, 17, 21, 22, 23, 15, 16, 0, 43, 42, 41, 37, 63, 1, 2, 57, 58, 61, 4, 8, 59, 54, 55, 56, 52, 53, 65, 44, 45, 46, 49, 51, 50, 67, 47, 48, 38, 36];3016.0
10210.0;[1, 2, 8, 4, 0, 28, 25, 6, 27, 7, 14, 12, 9, 10, 11, 61, 59, 57, 52, 37, 38, 60, 33, 69, 41, 40, 32, 26, 22, 45, 53, 43, 35, 34, 23, 20, 18, 19, 15, 16, 21, 65, 44, 54, 70, 3, 58, 67, 49, 47, 39, 36, 63, 46, 48, 50, 31, 30, 29, 24, 17, 64, 66, 13, 42, 68, 62, 51, 55, 56, 5];3351.0
9694.0;[66, 14, 12, 15, 16, 19, 18, 22, 17, 25, 6, 10, 57, 3, 28, 64, 24, 26, 2, 4, 8, 7, 11, 9, 13, 27, 1, 5, 0, 43, 37, 63, 68, 48, 51, 50, 49, 38, 36, 34, 60, 33, 35, 69, 41, 52, 53, 45, 62, 54, 67, 47, 39, 55, 56, 46, 40, 42, 32, 23, 20, 21, 65, 44, 30, 29, 31, 70, 58, 61, 59];3311.0
9639.0;[25, 27, 6, 9, 11, 10, 61, 59, 57, 58, 70, 3, 8, 7, 12, 16, 19, 15, 20, 21, 23, 60, 69, 41, 40, 52, 30, 29, 31, 0, 65, 1, 2, 5, 28, 24, 64, 17, 18, 33, 34, 35, 36, 37, 63, 32, 26, 45, 54, 55, 56, 53, 44, 43, 42, 68, 46, 47, 39, 38, 22, 66, 14, 13, 62, 49, 67, 48, 51, 50, 4];3085.0
9979.0;[68, 29, 30, 31, 65, 8, 7, 24, 26, 23, 20, 19, 15, 16, 18, 28, 45, 53, 57, 58, 61, 35, 34, 33, 32, 66, 14, 12, 13, 69, 41, 63, 46, 49, 51, 50, 67, 55, 56, 40, 37, 36, 38, 60, 9, 10, 11, 0, 43, 42, 62, 1, 5, 2, 25, 27, 6, 21, 22, 17, 64, 3, 59, 52, 48, 54, 70, 4, 44, 47, 39];3936.0
9550.0;[23, 60, 33, 35, 69, 41, 37, 40, 18, 19, 16, 15, 20, 21, 22, 17, 66, 12, 14, 13, 27, 6, 7, 9, 64, 28, 1, 2, 57, 58, 59, 8, 52, 43, 38, 34, 36, 63, 62, 55, 56, 70, 5, 25, 10, 4, 0, 24, 29, 30, 31, 65, 45, 49, 47, 48, 50, 51, 67, 39, 68, 53, 44, 42, 32, 11, 61, 46, 54, 3, 26];3344.0
10641.0;[47, 48, 39, 69, 37, 63, 40, 35, 34, 60, 33, 32, 23, 20, 21, 22, 12, 15, 14, 6, 9, 10, 59, 4, 5, 2, 3, 65, 1, 52, 53, 44, 28, 64, 18, 19, 16, 25, 27, 41, 38, 36, 68, 62, 54, 55, 56, 46, 49, 50, 70, 58, 61, 8, 7, 11, 57, 43, 42, 26, 17, 66, 13, 0, 31, 30, 24, 29, 45, 51, 67];3271.0
9312.0;[25, 27, 6, 19, 16, 14, 12, 15, 46, 49, 51, 55, 56, 0, 28, 69, 41, 39, 47, 48, 3, 7, 9, 11, 10, 4, 5, 31, 29, 30, 24, 26, 22, 18, 35, 34, 38, 36, 37, 60, 33, 32, 23, 20, 21, 66, 13, 17, 64, 1, 58, 61, 59, 8, 57, 50, 67, 53, 45, 62, 52, 65, 2, 44, 43, 42, 63, 40, 68, 54, 70];3317.0
10062.0;[22, 18, 19, 20, 21, 17, 25, 27, 6, 23, 60, 33, 35, 69, 37, 36, 63, 40, 39, 47, 48, 51, 50, 44, 65, 45, 46, 62, 53, 41, 38, 34, 32, 66, 13, 64, 28, 2, 70, 3, 8, 7, 10, 59, 5, 14, 12, 15, 16, 43, 42, 68, 56, 57, 58, 67, 49, 29, 30, 31, 0, 1, 4, 9, 11, 61, 52, 54, 55, 24, 26];3376.0
8930.0;[48, 51, 55, 56, 61, 57, 52, 53, 44, 65, 70, 3, 4, 8, 59, 0, 45, 46, 47, 39, 40, 62, 54, 34, 35, 69, 41, 60, 33, 32, 26, 18, 21, 22, 23, 19, 20, 24, 29, 30, 6, 7, 11, 9, 10, 58, 50, 67, 38, 36, 37, 63, 15, 16, 17, 1, 2, 5, 25, 27, 13, 66, 14, 12, 64, 28, 31, 43, 42, 68, 49];3114.0
9098.0;[4, 41, 63, 47, 39, 48, 50, 51, 67, 49, 55, 56, 58, 61, 59, 30, 24, 25, 10, 11, 9, 13, 66, 12, 14, 15, 19, 20, 45, 53, 44, 46, 54, 8, 7, 16, 18, 21, 36, 40, 68, 62, 52, 43, 42, 26, 27, 6, 17, 28, 65, 69, 37, 38, 60, 23, 33, 35, 34, 32, 22, 64, 29, 31, 2, 5, 0, 1, 70, 57, 3];3508.0
8871.0;[68, 46, 47, 39, 38, 36, 37, 60, 23, 20, 21, 22, 43, 42, 55, 56, 4, 28, 18, 19, 16, 66, 14, 1, 2, 5, 0, 65, 44, 45, 53, 31, 29, 30, 24, 25, 27, 11, 10, 13, 6, 17, 26, 33, 34, 63, 54, 51, 58, 61, 57, 52, 62, 49, 48, 50, 67, 40, 32, 12, 15, 70, 3, 59, 8, 7, 9, 64, 35, 69, 41];3389.0
9573.0;[23, 60, 33, 26, 22, 14, 12, 15, 28, 0, 4, 8, 59, 5, 43, 41, 37, 38, 35, 34, 69, 63, 40, 68, 62, 65, 66, 13, 6, 9, 11, 10, 61, 30, 31, 29, 24, 18, 21, 64, 1, 2, 70, 3, 57, 58, 67, 47, 36, 39, 50, 49, 48, 51, 52, 44, 45, 53, 42, 32, 17, 25, 27, 46, 54, 55, 56, 7, 16, 19, 20];3378.0
10215.0;[10, 59, 8, 7, 13, 27, 6, 9, 58, 51, 67, 48, 50, 66, 12, 14, 15, 20, 21, 17, 64, 28, 0, 65, 43, 41, 38, 60, 33, 35, 69, 37, 63, 40, 62, 49, 47, 39, 68, 46, 30, 31, 29, 24, 26, 25, 11, 61, 57, 56, 52, 53, 44, 45, 1, 2, 5, 70, 3, 34, 36, 42, 54, 55, 4, 22, 32, 23, 19, 16, 18];3344.0
10139.0;[27, 25, 6, 7, 9, 13, 66, 14, 12, 15, 20, 23, 19, 16, 10, 11, 56, 70, 58, 61, 57, 54, 51, 67, 49, 47, 35, 69, 38, 36, 68, 62, 55, 3, 4, 8, 59, 5, 45, 53, 41, 37, 60, 34, 33, 22, 17, 1, 2, 30, 31, 29, 24, 64, 28, 0, 42, 63, 39, 48, 50, 52, 44, 65, 43, 46, 40, 32, 26, 18, 21];3172.0
9417.0;[33, 37, 63, 40, 39, 47, 48, 8, 7, 9, 25, 27, 6, 28, 43, 35, 69, 41, 45, 65, 44, 1, 70, 57, 56, 52, 53, 42, 38, 36, 68, 46, 62, 3, 5, 2, 58, 61, 59, 14, 12, 15, 24, 29, 30, 26, 22, 11, 10, 51, 50, 54, 67, 49, 55, 4, 64, 18, 19, 16, 0, 31, 34, 60, 32, 66, 13, 17, 21, 23, 20];3698.0
10538.0;[25, 10, 61, 59, 4, 5, 49, 51, 50, 53, 41, 37, 63, 68, 54, 55, 3, 8, 7, 9, 27, 6, 13, 24, 45, 46, 47, 40, 69, 38, 60, 26, 17, 66, 14, 15, 16, 1, 2, 57, 56, 52, 44, 43, 62, 65, 30, 29, 31, 0, 28, 42, 23, 20, 21, 70, 58, 11, 12, 18, 19, 33, 35, 34, 36, 39, 48, 67, 32, 22, 64];3656.0
10241.0;[8, 61, 59, 4, 5, 43, 69, 41, 60, 23, 19, 15, 16, 14, 12, 10, 11, 9, 66, 28, 2, 57, 58, 54, 51, 50, 67, 35, 34, 33, 36, 38, 37, 63, 39, 40, 25, 27, 13, 17, 18, 20, 6, 7, 64, 24, 0, 42, 32, 26, 21, 22, 68, 49, 47, 48, 55, 56, 52, 53, 44, 45, 46, 62, 65, 31, 30, 29, 1, 70, 3];3507.0
10281.0;[4, 5, 19, 16, 14, 15, 20, 23, 60, 33, 26, 21, 22, 10, 58, 67, 49, 53, 31, 30, 29, 24, 64, 66, 12, 11, 13, 17, 42, 41, 63, 40, 25, 27, 6, 18, 34, 35, 32, 28, 0, 44, 65, 1, 2, 43, 69, 38, 36, 37, 39, 48, 51, 50, 54, 52, 62, 55, 3, 8, 59, 7, 9, 45, 46, 47, 68, 70, 61, 57, 56];3612.0
9585.0;[47, 39, 43, 42, 32, 27, 6, 13, 66, 14, 12, 15, 20, 21, 64, 2, 59, 8, 7, 11, 9, 10, 61, 57, 56, 52, 38, 34, 35, 26, 22, 17, 19, 16, 18, 23, 60, 33, 69, 41, 37, 36, 63, 40, 68, 1, 5, 44, 54, 55, 70, 3, 4, 24, 25, 58, 50, 67, 49, 48, 51, 53, 65, 30, 29, 31, 0, 28, 45, 46, 62];3068.0
10063.0;[35, 22, 13, 6, 7, 9, 18, 23, 20, 21, 34, 36, 68, 54, 67, 49, 51, 50, 52, 53, 29, 30, 24, 19, 16, 28, 1, 2, 43, 69, 41, 47, 39, 48, 55, 70, 3, 57, 8, 59, 4, 5, 45, 65, 31, 0, 66, 14, 12, 15, 17, 46, 62, 44, 60, 33, 32, 26, 64, 25, 27, 10, 11, 58, 61, 56, 40, 38, 37, 63, 42];3313.0
10339.0;[64, 26, 22, 23, 18, 19, 20, 21, 25, 6, 13, 66, 14, 27, 9, 49, 48, 50, 67, 47, 39, 12, 15, 16, 46, 62, 52, 31, 30, 24, 29, 44, 43, 42, 68, 51, 54, 53, 45, 37, 40, 55, 56, 70, 57, 59, 4, 5, 0, 65, 69, 41, 38, 60, 33, 1, 2, 3, 8, 7, 11, 10, 58, 61, 35, 34, 36, 63, 32, 17, 28];3553.0
10034.0;[34, 60, 32, 33, 35, 69, 38, 36, 40, 42, 26, 66, 14, 27, 13, 12, 15, 16, 17, 28, 0, 45, 53, 70, 57, 59, 5, 2, 44, 65, 43, 41, 37, 63, 49, 48, 67, 47, 39, 68, 46, 54, 55, 56, 25, 6, 9, 10, 61, 8, 7, 11, 58, 52, 31, 29, 30, 18, 21, 64, 62, 51, 50, 19, 20, 1, 3, 4, 24, 22, 23];3372.0
9226.0;[14, 27, 10, 57, 58, 50, 67, 49, 47, 39, 63, 40, 32, 26, 19, 18, 33, 69, 41, 37, 38, 60, 23, 20, 21, 22, 0, 65, 43, 42, 46, 62, 54, 4, 5, 66, 12, 15, 16, 64, 29, 31, 30, 24, 25, 6, 7, 9, 11, 61, 52, 1, 2, 53, 44, 45, 34, 35, 36, 68, 48, 51, 55, 70, 56, 3, 8, 59, 28, 17, 13];3141.0
10147.0;[13, 1, 4, 8, 59, 57, 70, 58, 61, 7, 18, 19, 48, 67, 47, 39, 68, 62, 52, 31, 30, 29, 44, 42, 35, 34, 36, 63, 5, 25, 27, 6, 10, 11, 9, 24, 26, 22, 28, 0, 65, 45, 40, 32, 23, 20, 21, 64, 43, 69, 41, 14, 12, 15, 16, 17, 2, 46, 49, 53, 3, 51, 50, 54, 55, 56, 37, 38, 60, 33, 66];3769.0
10170.0;[20, 34, 36, 63, 62, 49, 48, 55, 8, 59, 57, 58, 67, 47, 39, 40, 68, 52, 65, 1, 4, 7, 18, 21, 22, 33, 35, 69, 41, 46, 3, 5, 2, 37, 38, 60, 23, 19, 16, 27, 10, 11, 61, 54, 51, 50, 45, 31, 28, 64, 24, 29, 30, 26, 66, 12, 14, 13, 17, 43, 42, 32, 70, 56, 53, 44, 0, 25, 6, 9, 15];3659.0
9594.0;[25, 10, 11, 9, 14, 27, 6, 17, 26, 22, 33, 32, 35, 34, 36, 48, 50, 67, 51, 58, 61, 8, 7, 13, 64, 45, 53, 1, 52, 49, 47, 39, 37, 38, 60, 23, 20, 21, 18, 19, 24, 29, 30, 31, 62, 54, 70, 3, 4, 0, 65, 43, 41, 63, 57, 59, 5, 2, 44, 42, 46, 55, 56, 66, 12, 15, 16, 69, 40, 68, 28];3583.0
9753.0;[35, 36, 39, 47, 48, 54, 55, 70, 3, 8, 59, 4, 5, 0, 69, 41, 63, 40, 68, 62, 49, 67, 51, 50, 42, 32, 23, 60, 34, 33, 26, 18, 21, 66, 12, 15, 16, 19, 20, 22, 25, 27, 9, 10, 11, 13, 64, 28, 45, 53, 58, 61, 57, 56, 52, 46, 44, 65, 1, 2, 37, 38, 17, 14, 6, 7, 24, 30, 29, 31, 43];3065.0
9704.0;[43, 35, 36, 38, 34, 60, 23, 19, 16, 66, 14, 12, 15, 20, 69, 41, 48, 51, 50, 53, 45, 46, 47, 39, 40, 3, 59, 7, 9, 64, 0, 65, 42, 32, 26, 33, 37, 63, 55, 70, 57, 58, 61, 56, 52, 44, 68, 62, 54, 67, 49, 2, 28, 24, 25, 27, 10, 5, 30, 31, 29, 1, 4, 8, 11, 18, 21, 22, 6, 13, 17];3596.0
9330.0;[48, 51, 50, 67, 49, 38, 34, 60, 32, 26, 65, 45, 53, 3, 4, 5, 58, 61, 57, 56, 52, 43, 42, 35, 33, 69, 41, 37, 22, 18, 19, 20, 21, 17, 66, 14, 12, 15, 16, 27, 10, 11, 59, 54, 55, 70, 8, 7, 9, 64, 0, 1, 2, 46, 47, 39, 68, 62, 44, 30, 31, 29, 28, 24, 23, 36, 63, 40, 25, 6, 13];3399.0
9331.0;[3, 4, 5, 65, 43, 69, 41, 38, 33, 32, 19, 20, 21, 23, 60, 36, 37, 63, 70, 58, 61, 59, 1, 2, 45, 47, 39, 40, 68, 52, 53, 44, 46, 62, 54, 56, 57, 51, 50, 31, 30, 29, 24, 26, 22, 66, 14, 13, 27, 6, 7, 64, 25, 12, 15, 16, 18, 17, 42, 35, 34, 9, 10, 11, 8, 28, 0, 49, 67, 48, 55];3443.0
9603.0;[64, 25, 27, 6, 7, 9, 11, 10, 61, 57, 70, 56, 52, 47, 39, 68, 54, 67, 49, 48, 55, 3, 4, 5, 0, 31, 65, 45, 46, 62, 53, 66, 12, 14, 16, 18, 33, 69, 41, 38, 36, 42, 32, 26, 24, 29, 30, 1, 2, 43, 35, 34, 60, 28, 8, 59, 58, 51, 50, 44, 37, 63, 40, 23, 19, 15, 20, 21, 22, 13, 17];3150.0
9896.0;[70, 57, 67, 49, 47, 38, 34, 35, 69, 39, 48, 55, 56, 58, 61, 8, 59, 7, 9, 13, 19, 16, 64, 1, 5, 2, 44, 62, 51, 50, 25, 27, 6, 24, 29, 31, 30, 18, 20, 23, 60, 33, 36, 63, 3, 4, 10, 11, 21, 22, 17, 28, 0, 45, 46, 52, 53, 43, 42, 32, 26, 66, 14, 12, 15, 65, 41, 37, 40, 68, 54];3406.0
9770.0;[32, 19, 20, 17, 1, 70, 56, 49, 51, 67, 47, 48, 50, 43, 42, 69, 41, 39, 40, 68, 62, 54, 55, 52, 31, 29, 30, 3, 8, 7, 9, 13, 66, 14, 27, 10, 59, 4, 2, 5, 0, 64, 12, 15, 24, 26, 33, 35, 36, 63, 46, 57, 58, 61, 11, 21, 22, 65, 45, 53, 44, 28, 25, 6, 16, 18, 23, 60, 37, 38, 34];3424.0
10006.0;[21, 33, 69, 41, 63, 39, 47, 34, 35, 23, 20, 22, 36, 40, 49, 67, 48, 54, 51, 50, 44, 45, 53, 43, 68, 55, 70, 3, 4, 9, 13, 25, 27, 6, 1, 2, 42, 32, 26, 66, 14, 12, 15, 16, 10, 11, 61, 57, 56, 5, 0, 28, 17, 64, 24, 29, 30, 31, 65, 37, 38, 60, 18, 19, 46, 62, 52, 58, 59, 8, 7];3526.0
9353.0;[26, 27, 6, 15, 20, 23, 60, 33, 34, 36, 63, 59, 8, 7, 10, 61, 57, 58, 11, 9, 28, 45, 44, 43, 32, 22, 17, 66, 14, 12, 35, 69, 37, 68, 62, 49, 67, 51, 50, 54, 55, 70, 0, 19, 16, 18, 21, 64, 24, 25, 13, 38, 39, 52, 53, 1, 2, 56, 46, 47, 48, 3, 4, 5, 31, 30, 29, 65, 42, 41, 40];3672.0
9600.0;[6, 10, 51, 50, 67, 48, 3, 8, 59, 7, 9, 11, 24, 29, 30, 31, 38, 37, 63, 47, 39, 40, 26, 66, 14, 12, 15, 16, 64, 44, 43, 34, 60, 32, 33, 35, 36, 68, 62, 49, 55, 56, 70, 52, 46, 54, 4, 5, 1, 2, 45, 53, 28, 25, 13, 17, 0, 65, 42, 23, 20, 22, 18, 19, 21, 69, 41, 57, 58, 61, 27];3602.0
9156.0;[52, 53, 32, 23, 20, 22, 14, 12, 13, 64, 0, 44, 34, 36, 60, 33, 35, 69, 63, 68, 62, 67, 51, 1, 2, 25, 27, 58, 55, 46, 54, 70, 57, 59, 8, 7, 9, 10, 4, 5, 31, 65, 43, 42, 41, 39, 47, 40, 37, 38, 26, 19, 15, 16, 18, 21, 17, 66, 6, 11, 61, 56, 3, 28, 24, 30, 29, 45, 49, 48, 50];3384.0
9632.0;[42, 32, 19, 20, 17, 66, 14, 12, 15, 24, 30, 29, 31, 44, 43, 60, 33, 26, 22, 64, 65, 45, 47, 39, 38, 34, 35, 69, 62, 54, 55, 56, 3, 4, 5, 0, 1, 2, 28, 18, 16, 27, 6, 13, 21, 23, 36, 40, 68, 46, 48, 50, 67, 49, 51, 70, 25, 9, 11, 61, 57, 58, 59, 8, 7, 10, 52, 53, 41, 37, 63];3242.0
9676.0;[39, 70, 3, 8, 7, 10, 61, 57, 59, 4, 5, 0, 65, 49, 50, 67, 47, 48, 51, 58, 11, 9, 16, 19, 20, 34, 36, 37, 40, 43, 42, 68, 1, 2, 44, 45, 53, 52, 46, 62, 54, 55, 56, 31, 30, 29, 25, 27, 6, 18, 21, 33, 32, 26, 22, 17, 64, 66, 14, 13, 12, 15, 35, 69, 41, 63, 28, 24, 23, 60, 38];3330.0
9979.0;[44, 13, 27, 9, 10, 58, 51, 46, 54, 55, 56, 3, 4, 59, 8, 7, 15, 20, 23, 36, 38, 60, 32, 26, 18, 19, 16, 29, 30, 31, 1, 2, 5, 25, 6, 21, 22, 33, 69, 37, 68, 48, 50, 67, 49, 47, 39, 40, 42, 41, 63, 62, 52, 43, 34, 35, 17, 24, 64, 28, 45, 65, 0, 66, 14, 12, 11, 61, 70, 57, 53];3245.0
10017.0;[46, 40, 38, 34, 60, 33, 35, 36, 63, 62, 47, 39, 69, 41, 37, 54, 55, 56, 58, 61, 57, 3, 4, 5, 25, 27, 6, 13, 12, 11, 10, 59, 28, 0, 31, 65, 1, 2, 43, 42, 49, 48, 67, 51, 50, 52, 32, 26, 22, 19, 18, 21, 23, 20, 17, 66, 14, 15, 16, 64, 24, 29, 30, 70, 8, 7, 9, 45, 53, 44, 68];2976.0
9598.0;[34, 60, 32, 26, 10, 11, 57, 58, 61, 49, 48, 51, 67, 50, 65, 0, 25, 6, 7, 17, 64, 54, 55, 56, 43, 41, 47, 39, 68, 53, 45, 46, 62, 12, 15, 18, 22, 66, 14, 27, 9, 13, 29, 30, 31, 19, 16, 1, 8, 59, 4, 5, 2, 70, 3, 28, 24, 23, 20, 21, 33, 35, 63, 52, 44, 69, 37, 38, 36, 40, 42];3685.0
10069.0;[12, 17, 64, 54, 55, 52, 35, 34, 60, 33, 69, 41, 38, 36, 37, 39, 48, 50, 67, 32, 23, 19, 20, 28, 3, 8, 7, 10, 59, 5, 24, 26, 25, 27, 6, 13, 18, 21, 22, 66, 15, 16, 45, 47, 68, 46, 53, 43, 42, 62, 44, 31, 29, 30, 65, 1, 2, 4, 9, 11, 58, 61, 57, 70, 56, 63, 40, 49, 51, 0, 14];3581.0
9676.0;[7, 9, 10, 58, 61, 59, 8, 5, 25, 6, 15, 16, 12, 27, 11, 54, 51, 67, 49, 48, 50, 47, 39, 38, 36, 60, 34, 33, 26, 29, 31, 30, 44, 65, 1, 2, 45, 43, 35, 32, 23, 19, 20, 24, 0, 70, 57, 56, 3, 4, 28, 64, 18, 21, 22, 17, 53, 52, 62, 55, 66, 14, 13, 69, 41, 37, 63, 46, 40, 42, 68];3515.0
9503.0;[49, 48, 51, 55, 70, 57, 58, 61, 56, 44, 53, 42, 69, 41, 60, 17, 64, 24, 29, 30, 31, 65, 43, 36, 38, 34, 33, 35, 32, 26, 22, 9, 11, 10, 59, 4, 5, 23, 20, 21, 18, 19, 28, 40, 37, 63, 47, 39, 68, 54, 3, 8, 7, 66, 14, 27, 6, 13, 12, 0, 1, 2, 25, 15, 16, 45, 62, 50, 67, 52, 46];3389.0
9079.0;[55, 56, 3, 5, 17, 66, 14, 12, 27, 11, 10, 59, 2, 44, 43, 35, 34, 60, 32, 25, 6, 7, 9, 13, 65, 62, 49, 54, 50, 52, 28, 18, 19, 16, 15, 1, 57, 58, 61, 8, 21, 22, 64, 30, 29, 31, 45, 53, 63, 40, 47, 39, 48, 51, 67, 38, 36, 68, 46, 70, 4, 0, 24, 26, 23, 20, 33, 69, 42, 41, 37];3577.0
9658.0;[36, 48, 50, 67, 49, 47, 39, 68, 62, 51, 54, 55, 56, 3, 7, 14, 12, 15, 24, 29, 31, 30, 42, 34, 60, 32, 22, 18, 21, 23, 20, 64, 28, 0, 65, 1, 2, 25, 9, 11, 10, 61, 59, 4, 5, 44, 43, 41, 37, 26, 66, 27, 6, 17, 19, 16, 45, 70, 57, 58, 8, 13, 33, 35, 69, 63, 40, 46, 52, 53, 38];3256.0
9870.0;[25, 9, 11, 10, 59, 58, 61, 57, 56, 40, 68, 46, 49, 48, 51, 67, 47, 39, 34, 33, 32, 23, 60, 69, 41, 63, 18, 19, 16, 13, 27, 6, 7, 65, 1, 2, 5, 0, 31, 30, 29, 44, 42, 35, 26, 22, 45, 62, 55, 4, 8, 66, 14, 17, 28, 70, 3, 50, 54, 52, 53, 43, 36, 37, 38, 20, 21, 12, 15, 64, 24];3349.0
9477.0;[66, 15, 20, 69, 41, 38, 36, 34, 25, 27, 6, 9, 10, 11, 59, 52, 40, 68, 62, 1, 5, 30, 31, 29, 2, 70, 3, 4, 8, 7, 14, 12, 13, 18, 21, 24, 26, 60, 33, 17, 64, 28, 0, 44, 43, 42, 35, 32, 22, 23, 19, 16, 45, 46, 49, 54, 55, 56, 39, 47, 48, 58, 61, 57, 67, 51, 50, 37, 63, 53, 65];3563.0
9070.0;[46, 62, 55, 56, 3, 8, 7, 9, 13, 41, 37, 40, 26, 25, 27, 6, 20, 21, 66, 12, 11, 10, 61, 57, 34, 33, 32, 1, 2, 4, 5, 17, 18, 19, 64, 45, 53, 43, 42, 35, 69, 38, 36, 63, 68, 54, 70, 58, 59, 14, 15, 16, 24, 22, 23, 60, 39, 47, 67, 49, 51, 52, 30, 29, 31, 44, 48, 50, 28, 0, 65];3631.0
10092.0;[61, 37, 63, 40, 68, 46, 47, 39, 36, 34, 35, 32, 6, 7, 62, 48, 54, 55, 70, 56, 52, 49, 51, 67, 38, 60, 33, 26, 19, 15, 16, 18, 17, 1, 2, 3, 4, 8, 59, 5, 45, 53, 57, 58, 50, 44, 43, 42, 69, 41, 23, 20, 21, 22, 29, 30, 24, 25, 27, 9, 13, 14, 28, 31, 65, 0, 64, 66, 12, 11, 10];3497.0
9521.0;[0, 66, 14, 15, 18, 22, 28, 31, 43, 69, 41, 37, 8, 7, 11, 10, 59, 5, 19, 20, 25, 27, 6, 61, 57, 56, 3, 70, 58, 67, 51, 50, 12, 16, 1, 2, 4, 9, 13, 63, 40, 42, 35, 34, 32, 26, 29, 30, 24, 17, 21, 23, 60, 36, 38, 33, 64, 65, 45, 46, 62, 49, 48, 39, 47, 68, 54, 55, 52, 53, 44];3807.0
10155.0;[31, 43, 35, 34, 69, 37, 38, 23, 60, 26, 18, 20, 21, 25, 6, 13, 27, 9, 11, 10, 61, 59, 8, 58, 67, 36, 63, 39, 47, 48, 50, 40, 42, 41, 33, 32, 22, 24, 29, 30, 1, 2, 70, 57, 56, 52, 53, 45, 46, 62, 49, 51, 55, 7, 66, 14, 64, 0, 65, 44, 68, 54, 3, 4, 5, 28, 17, 12, 15, 19, 16];3302.0
9549.0;[1, 2, 27, 6, 14, 12, 28, 68, 46, 47, 39, 60, 33, 23, 19, 20, 22, 0, 43, 69, 37, 48, 50, 67, 49, 51, 52, 44, 42, 41, 63, 40, 38, 36, 62, 54, 55, 56, 4, 8, 7, 9, 10, 59, 5, 18, 21, 11, 58, 61, 57, 70, 3, 25, 13, 17, 64, 66, 15, 16, 24, 29, 30, 31, 35, 34, 32, 26, 65, 45, 53];3318.0
9934.0;[30, 29, 31, 45, 49, 47, 39, 36, 37, 38, 34, 60, 33, 26, 22, 28, 43, 42, 18, 19, 48, 50, 54, 55, 56, 57, 58, 61, 67, 51, 53, 32, 23, 20, 21, 17, 66, 14, 12, 15, 16, 1, 2, 44, 65, 70, 3, 4, 5, 0, 41, 68, 46, 62, 52, 59, 8, 7, 13, 64, 24, 25, 27, 6, 9, 11, 10, 40, 35, 69, 63];3365.0
9704.0;[35, 34, 36, 38, 60, 33, 69, 37, 63, 40, 42, 23, 19, 16, 47, 48, 50, 67, 49, 51, 1, 4, 8, 59, 56, 3, 5, 25, 27, 41, 39, 68, 46, 55, 70, 57, 52, 44, 2, 0, 28, 24, 29, 30, 31, 45, 53, 62, 54, 58, 61, 11, 10, 66, 15, 20, 21, 22, 18, 64, 65, 43, 32, 26, 17, 13, 6, 7, 9, 14, 12];3400.0
9809.0;[39, 47, 48, 55, 56, 3, 9, 11, 10, 59, 5, 28, 25, 27, 6, 66, 12, 14, 13, 17, 64, 0, 46, 54, 51, 67, 49, 50, 52, 53, 44, 65, 31, 30, 29, 1, 2, 70, 4, 8, 7, 15, 20, 22, 33, 69, 41, 60, 34, 35, 32, 23, 19, 16, 24, 57, 58, 61, 40, 37, 63, 38, 36, 68, 62, 45, 43, 42, 26, 18, 21];3167.0
9749.0;[20, 49, 51, 67, 47, 39, 38, 37, 48, 50, 65, 25, 10, 11, 58, 61, 52, 46, 40, 68, 8, 7, 9, 66, 14, 12, 0, 45, 54, 55, 4, 5, 2, 70, 3, 59, 24, 26, 33, 35, 34, 60, 36, 63, 42, 43, 32, 22, 17, 27, 6, 13, 19, 15, 16, 28, 29, 30, 31, 1, 57, 56, 44, 69, 41, 62, 53, 64, 21, 18, 23];3699.0
9025.0;[23, 60, 68, 46, 70, 58, 59, 8, 7, 15, 16, 19, 20, 22, 25, 6, 9, 66, 14, 12, 24, 29, 30, 31, 65, 41, 37, 63, 39, 47, 67, 49, 48, 55, 56, 3, 4, 5, 2, 64, 28, 0, 1, 35, 34, 36, 40, 62, 54, 51, 50, 53, 45, 44, 43, 42, 33, 69, 38, 32, 10, 11, 61, 57, 52, 26, 17, 13, 27, 18, 21];3419.0
9489.0;[60, 69, 41, 37, 39, 48, 55, 56, 3, 8, 59, 7, 11, 10, 58, 67, 49, 47, 68, 62, 54, 51, 50, 52, 46, 40, 38, 36, 63, 25, 27, 6, 9, 13, 66, 12, 14, 15, 17, 1, 4, 5, 44, 45, 53, 18, 16, 19, 20, 21, 22, 61, 57, 43, 42, 35, 34, 33, 32, 64, 30, 29, 31, 0, 28, 65, 2, 70, 24, 26, 23];3235.0
9200.0;[5, 25, 27, 6, 14, 12, 28, 0, 45, 46, 50, 54, 55, 70, 8, 7, 9, 11, 10, 59, 52, 62, 48, 58, 61, 57, 56, 3, 4, 18, 21, 22, 24, 29, 31, 30, 65, 1, 2, 44, 43, 35, 36, 63, 32, 26, 37, 40, 49, 51, 67, 47, 39, 42, 23, 19, 16, 64, 17, 13, 66, 15, 20, 33, 69, 41, 38, 60, 34, 68, 53];3255.0
9527.0;[64, 24, 42, 32, 33, 35, 34, 39, 47, 48, 67, 51, 16, 18, 19, 20, 21, 22, 28, 65, 44, 30, 26, 23, 36, 68, 49, 50, 52, 53, 45, 1, 2, 5, 0, 31, 29, 25, 13, 14, 66, 12, 15, 11, 61, 57, 58, 56, 70, 3, 4, 43, 37, 38, 63, 46, 62, 54, 55, 7, 9, 27, 6, 10, 8, 59, 40, 69, 41, 60, 17];3595.0
9442.0;[66, 12, 14, 15, 16, 20, 21, 23, 32, 26, 1, 4, 2, 5, 25, 9, 11, 10, 59, 8, 18, 19, 46, 49, 50, 67, 47, 39, 48, 54, 55, 56, 70, 3, 57, 58, 51, 52, 43, 42, 68, 53, 44, 65, 45, 0, 28, 64, 13, 27, 6, 7, 61, 40, 38, 34, 60, 33, 35, 36, 37, 69, 41, 63, 62, 30, 31, 29, 24, 22, 17];3290.0
9107.0;[58, 61, 56, 3, 4, 5, 28, 24, 25, 6, 66, 14, 12, 15, 13, 27, 11, 10, 59, 8, 7, 9, 17, 18, 16, 19, 20, 21, 22, 36, 39, 68, 46, 62, 44, 65, 43, 41, 37, 63, 40, 42, 35, 69, 38, 64, 31, 30, 29, 23, 60, 34, 33, 32, 26, 0, 2, 45, 54, 51, 48, 50, 67, 49, 47, 55, 70, 57, 52, 53, 1];3060.0
9878.0;[34, 33, 17, 64, 25, 6, 14, 12, 15, 16, 24, 29, 30, 31, 45, 46, 62, 54, 7, 9, 21, 23, 36, 63, 40, 37, 38, 60, 32, 26, 22, 0, 65, 1, 2, 18, 19, 20, 28, 43, 42, 68, 52, 53, 66, 13, 44, 69, 41, 39, 47, 67, 48, 51, 55, 56, 70, 57, 58, 61, 3, 5, 49, 50, 27, 11, 10, 59, 8, 4, 35];3572.0
9215.0;[39, 68, 46, 53, 44, 65, 43, 34, 60, 33, 69, 41, 37, 63, 27, 6, 7, 9, 11, 10, 58, 61, 57, 56, 52, 42, 35, 32, 26, 22, 2, 45, 48, 51, 55, 5, 31, 30, 29, 24, 25, 13, 17, 64, 18, 23, 38, 36, 40, 62, 49, 50, 54, 4, 66, 12, 14, 15, 16, 19, 20, 21, 28, 0, 1, 70, 3, 8, 59, 67, 47];3174.0
9833.0;[13, 18, 33, 34, 35, 36, 40, 62, 54, 3, 4, 5, 2, 32, 23, 20, 21, 1, 70, 57, 56, 52, 69, 41, 38, 60, 64, 31, 30, 29, 24, 25, 27, 6, 12, 15, 19, 16, 17, 0, 43, 37, 63, 39, 47, 48, 67, 42, 26, 22, 28, 65, 68, 46, 49, 50, 44, 45, 53, 58, 61, 59, 7, 66, 14, 10, 51, 55, 8, 11, 9];3557.0
10074.0;[68, 55, 56, 57, 58, 61, 70, 3, 30, 29, 31, 46, 62, 52, 49, 50, 66, 14, 12, 15, 16, 13, 27, 9, 11, 10, 67, 47, 48, 51, 53, 44, 65, 1, 45, 43, 42, 26, 19, 20, 21, 34, 36, 38, 39, 59, 8, 18, 22, 23, 60, 33, 32, 28, 0, 24, 64, 25, 6, 7, 17, 35, 69, 37, 63, 40, 54, 4, 2, 5, 41];3609.0
9104.0;[7, 9, 44, 43, 42, 36, 37, 63, 68, 46, 40, 32, 23, 19, 20, 21, 70, 58, 61, 4, 5, 31, 29, 30, 25, 27, 6, 13, 14, 15, 16, 18, 22, 33, 34, 54, 55, 56, 51, 50, 17, 66, 12, 11, 10, 53, 45, 62, 49, 67, 47, 39, 38, 60, 35, 69, 41, 48, 52, 1, 2, 65, 0, 24, 26, 64, 28, 3, 59, 57, 8];3437.0
2672.0;[22, 17, 66, 14, 15, 16, 19, 20, 23, 60, 33, 36, 37, 38, 34, 35, 32, 26, 25, 27, 6, 13, 12, 11, 10, 50, 67, 55, 56, 52, 43, 42, 69, 41, 63, 40, 68, 62, 54, 70, 57, 58, 61, 59, 4, 5, 0, 44, 46, 49, 39, 47, 48, 51, 3, 8, 7, 9, 24, 29, 30, 31, 65, 45, 53, 1, 2, 28, 64, 18, 21]
