ftv38
5131.0;[0, 27, 23, 24, 25, 26, 22, 20, 11, 1, 38, 2, 4, 35, 32, 34, 33, 3, 15, 5, 7, 6, 30, 31, 19, 18, 17, 14, 37, 10, 12, 9, 8, 29, 28, 13, 36, 21, 16];2269.0
5429.0;[9, 10, 12, 21, 20, 14, 17, 18, 19, 0, 1, 3, 15, 8, 13, 36, 23, 26, 2, 4, 5, 6, 7, 16, 29, 30, 25, 31, 32, 34, 38, 35, 33, 28, 27, 24, 22, 11, 37];2119.0
5091.0;[22, 21, 15, 8, 37, 9, 10, 12, 11, 14, 16, 0, 29, 31, 32, 33, 1, 4, 5, 7, 6, 2, 3, 18, 17, 19, 27, 20, 13, 36, 24, 23, 25, 26, 30, 34, 38, 35, 28];1945.0
5717.0;[27, 23, 25, 26, 34, 35, 38, 2, 3, 0, 1, 4, 7, 5, 6, 11, 14, 15, 8, 37, 9, 10, 29, 33, 30, 31, 32, 18, 17, 19, 24, 36, 21, 22, 20, 13, 12, 16, 28];2058.0
4391.0;[28, 23, 26, 25, 31, 32, 18, 19, 17, 1, 38, 35, 4, 37, 9, 10, 8, 15, 5, 7, 6, 34, 2, 3, 27, 22, 24, 21, 20, 13, 36, 12, 11, 14, 16, 0, 30, 33, 29];2125.0
5632.0;[33, 28, 23, 24, 22, 36, 21, 20, 37, 9, 10, 15, 8, 5, 11, 14, 17, 18, 1, 2, 4, 38, 35, 32, 34, 3, 0, 16, 19, 29, 30, 26, 31, 25, 27, 13, 12, 7, 6];2190.0
5434.0;[21, 22, 36, 20, 13, 10, 12, 11, 27, 26, 34, 4, 5, 37, 9, 8, 14, 17, 19, 18, 28, 24, 23, 25, 31, 32, 33, 30, 29, 1, 3, 35, 38, 2, 0, 16, 15, 7, 6];2149.0
5329.0;[25, 2, 4, 8, 5, 7, 6, 35, 38, 15, 12, 13, 10, 37, 9, 11, 16, 14, 1, 33, 31, 32, 34, 3, 0, 19, 18, 17, 29, 30, 26, 27, 28, 20, 36, 21, 22, 23, 24];2191.0
4990.0;[8, 16, 29, 28, 36, 21, 22, 25, 31, 32, 33, 20, 11, 37, 9, 0, 38, 35, 4, 5, 6, 7, 34, 30, 23, 24, 26, 27, 13, 10, 12, 14, 17, 18, 19, 1, 2, 3, 15];2169.0
5190.0;[28, 27, 23, 25, 24, 36, 21, 20, 1, 38, 35, 33, 26, 22, 11, 16, 17, 14, 13, 12, 37, 5, 8, 7, 32, 34, 2, 3, 0, 30, 31, 29, 15, 6, 4, 19, 18, 9, 10];2571.0
5418.0;[4, 6, 7, 5, 8, 37, 9, 10, 12, 13, 36, 21, 20, 14, 17, 18, 19, 1, 3, 15, 11, 16, 31, 32, 29, 28, 27, 30, 33, 38, 35, 2, 0, 22, 23, 25, 24, 26, 34];2040.0
5171.0;[13, 12, 8, 37, 9, 10, 11, 14, 15, 7, 5, 6, 35, 33, 26, 23, 24, 36, 20, 21, 22, 25, 31, 0, 16, 17, 18, 19, 29, 28, 27, 30, 32, 34, 38, 3, 1, 4, 2];2044.0
5003.0;[4, 7, 6, 35, 38, 2, 15, 5, 14, 18, 17, 19, 30, 31, 32, 33, 37, 9, 8, 16, 1, 3, 0, 29, 28, 27, 10, 11, 12, 13, 36, 21, 22, 20, 23, 25, 24, 26, 34];2130.0
4659.0;[28, 27, 31, 25, 10, 12, 13, 36, 21, 23, 26, 24, 22, 20, 11, 37, 9, 16, 38, 35, 2, 4, 7, 6, 32, 33, 30, 34, 15, 5, 8, 14, 17, 18, 19, 1, 3, 0, 29];2163.0
4899.0;[16, 0, 1, 35, 38, 2, 3, 27, 30, 32, 19, 18, 17, 13, 36, 24, 23, 26, 33, 29, 15, 5, 6, 7, 9, 10, 11, 14, 28, 20, 12, 21, 22, 25, 31, 34, 4, 8, 37];2297.0
4925.0;[7, 6, 35, 32, 31, 25, 24, 23, 30, 34, 38, 33, 26, 13, 36, 21, 14, 17, 19, 18, 0, 16, 15, 8, 11, 9, 37, 10, 12, 1, 2, 4, 3, 29, 27, 28, 22, 20, 5];2243.0
5087.0;[32, 37, 9, 8, 5, 15, 6, 7, 4, 2, 3, 1, 28, 22, 20, 12, 13, 10, 14, 17, 18, 19, 29, 27, 24, 36, 21, 11, 0, 16, 23, 26, 30, 34, 38, 35, 33, 25, 31];2201.0
4781.0;[12, 21, 22, 20, 15, 7, 6, 3, 0, 17, 18, 19, 29, 23, 25, 26, 27, 30, 34, 38, 35, 24, 36, 14, 16, 1, 2, 4, 5, 9, 8, 11, 37, 31, 32, 33, 28, 13, 10];2308.0
4893.0;[10, 12, 2, 3, 16, 15, 8, 37, 9, 7, 6, 32, 19, 18, 17, 14, 0, 29, 28, 23, 24, 36, 21, 1, 38, 4, 5, 11, 27, 30, 31, 25, 26, 34, 35, 33, 22, 20, 13];2331.0
4840.0;[37, 9, 8, 7, 5, 6, 30, 31, 32, 12, 13, 10, 1, 4, 35, 33, 27, 22, 21, 26, 34, 38, 2, 3, 18, 17, 19, 0, 16, 14, 15, 11, 29, 28, 23, 25, 24, 36, 20];2305.0
4684.0;[28, 24, 25, 31, 32, 33, 35, 4, 6, 7, 5, 9, 8, 14, 17, 18, 19, 0, 15, 37, 10, 12, 13, 20, 11, 16, 29, 27, 22, 36, 21, 23, 26, 30, 34, 38, 2, 3, 1];1961.0
5123.0;[35, 31, 32, 34, 2, 3, 15, 9, 10, 12, 13, 36, 24, 23, 25, 26, 27, 22, 21, 20, 14, 17, 18, 19, 0, 29, 28, 30, 33, 1, 4, 5, 16, 11, 37, 8, 7, 6, 38];1993.0
4949.0;[7, 6, 35, 33, 30, 23, 26, 24, 25, 31, 32, 34, 38, 4, 5, 14, 17, 18, 19, 1, 2, 3, 16, 0, 28, 36, 21, 20, 13, 10, 12, 29, 27, 22, 11, 15, 37, 9, 8];1989.0
5279.0;[1, 30, 31, 32, 34, 33, 29, 18, 19, 17, 16, 14, 15, 5, 6, 7, 37, 9, 8, 10, 38, 35, 4, 2, 3, 28, 24, 36, 21, 20, 13, 12, 22, 23, 25, 26, 27, 11, 0];2051.0
4714.0;[8, 12, 13, 21, 22, 20, 14, 11, 37, 10, 16, 1, 38, 35, 32, 33, 17, 18, 19, 0, 29, 3, 15, 9, 30, 31, 25, 27, 28, 23, 24, 36, 26, 34, 2, 4, 5, 6, 7];2252.0
5619.0;[3, 31, 25, 26, 23, 24, 36, 21, 20, 12, 11, 38, 2, 4, 35, 32, 34, 33, 30, 29, 28, 27, 22, 13, 10, 15, 6, 7, 5, 9, 8, 37, 14, 18, 17, 19, 0, 16, 1];1986.0
5074.0;[23, 25, 31, 24, 36, 13, 10, 12, 17, 18, 19, 1, 2, 4, 35, 38, 3, 0, 28, 27, 20, 15, 5, 7, 6, 32, 29, 16, 14, 11, 37, 9, 8, 30, 34, 33, 26, 22, 21];2184.0
4912.0;[25, 31, 32, 28, 27, 23, 30, 34, 38, 35, 4, 2, 3, 0, 29, 1, 33, 26, 24, 22, 20, 16, 19, 18, 17, 14, 37, 8, 9, 10, 11, 15, 6, 7, 5, 12, 13, 36, 21];1956.0
5086.0;[18, 19, 31, 25, 24, 36, 20, 13, 12, 16, 38, 2, 3, 0, 28, 27, 21, 22, 23, 26, 32, 37, 10, 11, 14, 17, 1, 4, 5, 8, 9, 15, 6, 7, 34, 35, 33, 30, 29];2360.0
4937.0;[38, 2, 4, 3, 15, 5, 6, 7, 8, 37, 9, 10, 17, 18, 31, 25, 26, 23, 24, 36, 21, 13, 12, 16, 0, 32, 34, 33, 19, 29, 28, 27, 30, 22, 20, 11, 14, 1, 35];2108.0
5115.0;[28, 27, 25, 31, 32, 34, 2, 16, 11, 37, 10, 14, 17, 19, 18, 12, 13, 36, 21, 22, 24, 23, 26, 20, 9, 8, 15, 5, 7, 6, 4, 35, 38, 3, 1, 0, 30, 33, 29];1987.0
4578.0;[35, 23, 24, 26, 27, 36, 21, 22, 25, 31, 32, 33, 3, 0, 19, 29, 28, 20, 11, 16, 30, 34, 38, 15, 8, 37, 14, 17, 18, 1, 2, 4, 5, 9, 12, 13, 10, 7, 6];2258.0
5411.0;[6, 32, 34, 33, 28, 24, 23, 26, 27, 30, 31, 25, 36, 21, 20, 22, 16, 38, 35, 4, 5, 37, 9, 17, 19, 29, 3, 0, 18, 14, 11, 12, 13, 10, 15, 8, 1, 2, 7];2318.0
4989.0;[37, 9, 5, 7, 6, 31, 25, 26, 28, 27, 21, 22, 24, 23, 34, 38, 2, 3, 19, 0, 1, 35, 4, 32, 33, 30, 29, 11, 12, 10, 13, 36, 20, 15, 8, 14, 18, 17, 16];2275.0
5168.0;[23, 24, 36, 19, 18, 17, 14, 15, 5, 8, 0, 29, 25, 26, 34, 37, 9, 10, 1, 38, 2, 3, 28, 27, 13, 12, 16, 31, 32, 33, 22, 21, 20, 11, 7, 6, 4, 35, 30];2490.0
5223.0;[28, 22, 20, 37, 9, 10, 12, 13, 36, 21, 24, 23, 26, 27, 11, 14, 17, 18, 1, 35, 4, 5, 8, 16, 0, 19, 30, 25, 31, 34, 38, 2, 3, 15, 6, 7, 32, 33, 29];2038.0
5272.0;[22, 20, 8, 5, 1, 38, 35, 33, 31, 32, 34, 25, 36, 13, 10, 12, 15, 7, 6, 4, 2, 3, 0, 16, 14, 37, 9, 18, 17, 19, 30, 26, 23, 24, 21, 11, 29, 27, 28];2347.0
5689.0;[3, 0, 16, 11, 14, 37, 9, 10, 15, 5, 8, 7, 6, 4, 29, 28, 27, 24, 36, 21, 22, 20, 13, 12, 23, 26, 30, 34, 35, 38, 33, 25, 31, 32, 17, 18, 19, 1, 2];2042.0
4997.0;[28, 23, 25, 31, 32, 34, 38, 33, 1, 3, 19, 18, 17, 14, 15, 6, 7, 35, 2, 4, 5, 37, 9, 8, 10, 30, 26, 27, 22, 24, 36, 20, 21, 13, 12, 11, 0, 16, 29];1995.0
5235.0;[8, 14, 17, 18, 19, 0, 16, 29, 32, 33, 30, 31, 34, 35, 38, 3, 28, 27, 20, 13, 10, 12, 11, 1, 2, 4, 5, 23, 24, 25, 26, 22, 36, 21, 15, 37, 9, 6, 7];2175.0
4936.0;[10, 30, 31, 32, 34, 38, 4, 2, 7, 6, 35, 33, 29, 28, 27, 21, 22, 23, 24, 25, 26, 1, 3, 0, 19, 17, 18, 14, 13, 36, 20, 12, 11, 16, 15, 8, 5, 37, 9];2010.0
5433.0;[27, 22, 11, 37, 9, 14, 17, 18, 19, 29, 30, 34, 2, 4, 25, 24, 23, 36, 13, 10, 31, 32, 33, 16, 15, 8, 5, 6, 7, 0, 28, 21, 20, 12, 1, 3, 38, 35, 26];2480.0
5364.0;[15, 7, 6, 35, 31, 32, 28, 27, 30, 33, 18, 17, 37, 10, 12, 16, 1, 38, 2, 4, 3, 29, 22, 21, 23, 24, 25, 26, 34, 5, 8, 9, 11, 0, 19, 14, 13, 36, 20];2307.0
4946.0;[38, 35, 4, 5, 8, 14, 17, 18, 31, 32, 29, 0, 19, 28, 27, 23, 24, 36, 21, 13, 10, 11, 37, 9, 12, 22, 25, 26, 20, 1, 2, 3, 16, 15, 7, 6, 33, 30, 34];2145.0
5142.0;[16, 29, 31, 25, 24, 36, 12, 15, 5, 6, 7, 4, 35, 32, 34, 38, 0, 18, 14, 17, 19, 1, 2, 3, 33, 30, 26, 27, 23, 28, 22, 21, 20, 13, 10, 37, 9, 8, 11];2070.0
5070.0;[1, 3, 30, 26, 24, 23, 25, 31, 32, 27, 22, 12, 11, 15, 6, 4, 38, 35, 33, 34, 2, 19, 29, 28, 20, 8, 5, 7, 37, 9, 10, 16, 18, 17, 14, 13, 36, 21, 0];2297.0
5068.0;[22, 23, 25, 31, 32, 34, 30, 26, 24, 36, 37, 8, 9, 14, 17, 18, 15, 5, 6, 7, 12, 21, 20, 11, 19, 29, 28, 13, 10, 16, 38, 2, 4, 35, 33, 1, 3, 0, 27];2197.0
5336.0;[27, 23, 24, 13, 36, 25, 30, 26, 37, 9, 10, 16, 0, 15, 8, 12, 21, 22, 20, 11, 14, 17, 18, 1, 4, 7, 5, 6, 35, 34, 38, 2, 3, 31, 32, 33, 19, 29, 28];2235.0
5255.0;[35, 38, 13, 36, 21, 2, 4, 37, 9, 10, 8, 1, 3, 0, 14, 16, 18, 17, 19, 29, 28, 27, 23, 25, 31, 32, 30, 34, 33, 26, 24, 22, 20, 12, 11, 15, 5, 7, 6];2147.0
5223.0;[33, 28, 20, 11, 27, 30, 31, 32, 29, 14, 37, 9, 12, 36, 23, 25, 26, 24, 13, 10, 1, 4, 5, 6, 7, 17, 18, 19, 0, 16, 15, 8, 21, 22, 34, 38, 2, 3, 35];2537.0
5534.0;[8, 11, 16, 14, 15, 7, 6, 38, 35, 33, 26, 25, 31, 32, 23, 24, 36, 21, 13, 12, 37, 9, 10, 0, 30, 34, 3, 19, 29, 28, 27, 22, 20, 18, 17, 1, 2, 4, 5];2089.0
5054.0;[27, 30, 31, 25, 24, 23, 26, 32, 34, 4, 6, 2, 3, 0, 14, 17, 18, 19, 1, 38, 35, 33, 29, 16, 8, 37, 12, 13, 22, 36, 21, 20, 15, 5, 7, 9, 10, 11, 28];2113.0
5104.0;[12, 13, 36, 21, 22, 26, 30, 34, 2, 3, 1, 29, 31, 32, 33, 19, 18, 17, 15, 8, 7, 5, 6, 35, 38, 4, 11, 14, 0, 16, 28, 27, 23, 25, 24, 20, 37, 9, 10];2040.0
5257.0;[21, 23, 24, 25, 30, 26, 28, 27, 31, 32, 34, 38, 15, 37, 9, 8, 7, 6, 35, 33, 22, 20, 11, 10, 16, 14, 17, 18, 19, 29, 3, 0, 1, 2, 4, 5, 12, 13, 36];2047.0
4837.0;[28, 27, 36, 21, 20, 13, 12, 22, 23, 24, 15, 7, 6, 4, 5, 8, 14, 16, 17, 18, 19, 29, 30, 31, 34, 35, 32, 33, 1, 3, 0, 11, 37, 9, 10, 25, 26, 38, 2];2295.0
5557.0;[30, 25, 31, 32, 34, 33, 26, 23, 24, 22, 36, 21, 12, 15, 5, 6, 35, 38, 3, 0, 28, 27, 20, 13, 10, 9, 37, 8, 7, 2, 4, 11, 16, 14, 17, 19, 18, 1, 29];2028.0
5476.0;[10, 13, 36, 24, 22, 21, 20, 6, 7, 4, 2, 1, 29, 30, 31, 32, 33, 0, 19, 28, 25, 27, 23, 26, 34, 35, 38, 3, 15, 5, 8, 9, 11, 12, 14, 17, 18, 16, 37];2272.0
5648.0;[35, 34, 2, 4, 5, 7, 6, 30, 31, 32, 33, 19, 29, 28, 27, 20, 11, 1, 3, 15, 8, 12, 13, 36, 21, 22, 24, 23, 25, 26, 18, 17, 16, 14, 37, 9, 10, 0, 38];2059.0
5371.0;[21, 23, 25, 24, 36, 20, 11, 16, 3, 2, 4, 6, 7, 5, 14, 17, 18, 19, 0, 1, 38, 35, 33, 31, 32, 34, 28, 27, 22, 15, 37, 9, 8, 29, 30, 26, 13, 10, 12];2196.0
4877.0;[28, 23, 24, 25, 30, 31, 32, 36, 21, 22, 26, 27, 34, 38, 35, 4, 5, 37, 9, 11, 16, 0, 1, 2, 7, 6, 3, 18, 17, 14, 12, 20, 13, 10, 15, 8, 19, 33, 29];2285.0
5241.0;[23, 1, 38, 35, 32, 31, 25, 22, 20, 37, 9, 10, 11, 3, 2, 4, 5, 12, 13, 36, 21, 14, 0, 16, 15, 7, 6, 8, 28, 27, 34, 33, 29, 17, 18, 19, 30, 26, 24];2345.0
5489.0;[8, 9, 15, 5, 7, 6, 3, 0, 30, 31, 32, 25, 26, 28, 27, 22, 20, 13, 12, 11, 16, 29, 23, 24, 36, 21, 37, 10, 14, 38, 35, 34, 33, 19, 18, 17, 1, 2, 4];2114.0
5634.0;[37, 9, 10, 14, 17, 15, 5, 8, 12, 20, 13, 36, 21, 7, 6, 32, 33, 30, 31, 34, 38, 2, 4, 35, 29, 28, 27, 25, 26, 23, 24, 22, 18, 19, 1, 3, 0, 16, 11];2121.0
4672.0;[20, 0, 1, 38, 35, 4, 7, 6, 2, 18, 14, 17, 19, 29, 30, 26, 24, 22, 36, 23, 25, 31, 32, 33, 34, 3, 12, 21, 13, 10, 9, 37, 8, 15, 5, 11, 16, 28, 27];2190.0
5545.0;[38, 35, 26, 24, 22, 20, 12, 16, 17, 19, 18, 14, 37, 9, 5, 8, 11, 15, 6, 7, 36, 21, 25, 31, 32, 13, 10, 0, 29, 1, 3, 2, 4, 33, 28, 27, 23, 30, 34];2381.0
4612.0;[12, 13, 36, 21, 22, 25, 31, 32, 15, 8, 37, 9, 29, 28, 23, 24, 26, 34, 38, 35, 4, 5, 6, 7, 17, 18, 19, 27, 20, 14, 16, 1, 2, 3, 0, 30, 33, 11, 10];2207.0
4966.0;[14, 15, 7, 6, 32, 26, 24, 36, 22, 23, 25, 31, 34, 38, 4, 35, 28, 20, 11, 37, 9, 16, 29, 27, 30, 33, 3, 0, 1, 2, 5, 8, 12, 21, 13, 10, 19, 18, 17];2287.0
5513.0;[6, 7, 8, 13, 36, 21, 20, 1, 4, 35, 30, 33, 34, 38, 2, 3, 0, 16, 11, 12, 24, 25, 31, 32, 18, 17, 14, 37, 9, 10, 19, 29, 23, 26, 27, 28, 22, 15, 5];2319.0
5089.0;[27, 26, 23, 24, 36, 21, 20, 13, 10, 0, 28, 22, 25, 30, 31, 32, 34, 38, 4, 8, 37, 9, 16, 17, 19, 18, 14, 12, 11, 15, 5, 7, 6, 35, 33, 2, 3, 1, 29];1987.0
4921.0;[17, 14, 9, 10, 12, 13, 36, 21, 20, 16, 0, 31, 32, 34, 38, 4, 6, 35, 33, 25, 26, 30, 1, 2, 3, 29, 28, 27, 23, 24, 22, 37, 8, 11, 15, 7, 5, 19, 18];2125.0
5449.0;[13, 36, 24, 25, 31, 32, 28, 22, 21, 20, 11, 19, 29, 30, 34, 38, 35, 33, 26, 27, 23, 2, 4, 5, 8, 16, 0, 1, 3, 15, 37, 9, 10, 12, 7, 6, 14, 17, 18];2256.0
5418.0;[0, 12, 13, 36, 21, 24, 25, 31, 32, 29, 28, 27, 22, 20, 11, 16, 14, 15, 8, 37, 9, 10, 17, 18, 19, 1, 38, 35, 4, 5, 6, 7, 33, 30, 23, 26, 34, 2, 3];1944.0
4909.0;[10, 11, 37, 8, 9, 5, 7, 6, 31, 25, 26, 23, 24, 36, 21, 14, 17, 18, 19, 28, 27, 22, 20, 16, 0, 29, 1, 38, 2, 4, 35, 32, 33, 30, 34, 3, 15, 12, 13];1982.0
4855.0;[18, 14, 13, 23, 24, 36, 7, 6, 38, 35, 33, 29, 19, 15, 8, 12, 21, 25, 26, 27, 34, 30, 31, 32, 28, 22, 20, 11, 2, 4, 5, 16, 0, 1, 3, 37, 9, 10, 17];2549.0
5497.0;[12, 13, 36, 22, 21, 23, 27, 24, 25, 31, 32, 28, 20, 14, 17, 19, 18, 1, 2, 4, 37, 9, 10, 29, 30, 26, 34, 33, 15, 5, 8, 6, 7, 35, 38, 3, 0, 16, 11];2206.0
5334.0;[29, 28, 23, 24, 36, 21, 22, 20, 1, 3, 38, 2, 4, 7, 6, 32, 33, 31, 25, 26, 27, 30, 34, 35, 5, 8, 11, 14, 13, 12, 16, 0, 15, 37, 9, 10, 18, 17, 19];2060.0
5041.0;[30, 31, 32, 34, 38, 5, 7, 6, 4, 35, 2, 0, 1, 3, 15, 37, 8, 14, 17, 18, 19, 16, 12, 13, 10, 9, 11, 29, 28, 27, 25, 26, 24, 36, 20, 21, 22, 23, 33];1991.0
4735.0;[19, 4, 5, 6, 7, 8, 11, 14, 13, 24, 23, 26, 25, 31, 32, 28, 27, 30, 33, 29, 0, 1, 38, 35, 34, 2, 3, 15, 12, 36, 21, 22, 20, 37, 9, 10, 16, 17, 18];2073.0
5628.0;[27, 24, 25, 31, 32, 34, 38, 11, 12, 21, 20, 37, 9, 6, 7, 2, 4, 3, 15, 5, 8, 16, 17, 14, 13, 10, 35, 33, 36, 22, 23, 26, 30, 29, 18, 19, 0, 1, 28];2373.0
4728.0;[30, 25, 26, 23, 24, 22, 36, 13, 10, 12, 37, 9, 15, 8, 5, 0, 2, 4, 7, 6, 38, 35, 33, 29, 28, 21, 20, 11, 14, 16, 17, 18, 19, 1, 3, 27, 31, 32, 34];2129.0
5285.0;[6, 31, 25, 24, 36, 21, 13, 10, 12, 17, 18, 19, 30, 34, 38, 35, 32, 33, 1, 3, 29, 28, 22, 20, 37, 9, 7, 2, 4, 8, 11, 14, 16, 0, 27, 23, 26, 15, 5];2317.0
5235.0;[21, 20, 15, 5, 6, 34, 33, 28, 27, 23, 24, 36, 37, 8, 9, 7, 4, 35, 38, 0, 18, 17, 19, 29, 30, 26, 25, 31, 32, 22, 13, 10, 14, 16, 1, 2, 3, 11, 12];2315.0
5297.0;[24, 25, 31, 32, 33, 18, 14, 21, 22, 23, 27, 12, 5, 7, 6, 34, 38, 3, 1, 35, 4, 2, 0, 19, 17, 15, 8, 11, 16, 29, 28, 30, 26, 20, 37, 9, 10, 13, 36];2305.0
5061.0;[32, 33, 34, 2, 5, 37, 29, 28, 30, 26, 23, 25, 27, 22, 36, 11, 14, 17, 18, 19, 16, 15, 8, 0, 1, 3, 38, 35, 4, 6, 7, 9, 10, 12, 21, 20, 13, 24, 31];2193.0
5096.0;[29, 23, 24, 36, 15, 7, 6, 4, 38, 35, 33, 26, 30, 25, 31, 32, 34, 2, 3, 0, 19, 17, 18, 12, 13, 10, 11, 28, 27, 22, 21, 20, 37, 9, 8, 5, 14, 16, 1];2087.0
5202.0;[5, 6, 37, 9, 10, 30, 25, 24, 36, 22, 21, 20, 13, 12, 11, 31, 32, 34, 2, 1, 3, 15, 8, 28, 27, 23, 26, 33, 19, 17, 18, 14, 16, 0, 29, 38, 35, 4, 7];2193.0
5414.0;[1, 2, 4, 3, 38, 35, 33, 18, 17, 16, 15, 7, 6, 34, 31, 32, 25, 24, 21, 22, 20, 11, 28, 27, 5, 8, 37, 9, 10, 12, 14, 13, 36, 23, 26, 30, 29, 19, 0];2303.0
5284.0;[31, 32, 34, 38, 35, 33, 28, 27, 21, 22, 20, 15, 5, 6, 7, 37, 9, 10, 14, 16, 1, 3, 0, 11, 12, 13, 36, 23, 30, 19, 18, 17, 2, 4, 8, 29, 24, 25, 26];2161.0
4698.0;[19, 28, 27, 23, 26, 22, 21, 20, 11, 12, 13, 36, 24, 25, 31, 32, 15, 5, 6, 7, 8, 1, 2, 4, 35, 33, 37, 9, 10, 16, 0, 29, 30, 34, 38, 3, 14, 18, 17];2088.0
5235.0;[5, 7, 14, 17, 18, 1, 3, 19, 29, 31, 32, 34, 33, 30, 26, 27, 22, 20, 11, 16, 15, 6, 38, 35, 23, 24, 25, 28, 37, 9, 10, 0, 2, 4, 12, 13, 36, 21, 8];2378.0
4723.0;[29, 31, 34, 15, 5, 7, 6, 4, 2, 12, 13, 36, 23, 26, 30, 33, 17, 18, 14, 11, 37, 8, 9, 10, 38, 35, 32, 25, 24, 22, 21, 0, 1, 3, 19, 28, 27, 20, 16];2372.0
5046.0;[26, 33, 30, 34, 3, 15, 12, 13, 10, 11, 18, 17, 19, 29, 31, 32, 28, 27, 22, 23, 24, 37, 9, 7, 6, 35, 38, 16, 14, 21, 36, 20, 1, 2, 4, 5, 8, 0, 25];2478.0
5465.0;[15, 8, 5, 6, 7, 37, 9, 10, 0, 38, 2, 4, 35, 32, 33, 29, 28, 27, 22, 21, 20, 13, 12, 14, 17, 19, 18, 1, 3, 23, 26, 24, 36, 11, 16, 30, 31, 25, 34];2190.0
5142.0;[27, 24, 25, 31, 32, 15, 8, 37, 9, 10, 16, 38, 35, 5, 12, 13, 36, 21, 20, 11, 0, 1, 2, 3, 29, 22, 23, 26, 33, 19, 18, 30, 34, 4, 7, 6, 14, 17, 28];2315.0
5282.0;[20, 11, 15, 6, 35, 38, 2, 4, 5, 7, 8, 12, 13, 23, 25, 31, 32, 34, 33, 30, 1, 3, 0, 27, 26, 24, 36, 37, 9, 10, 16, 14, 18, 17, 19, 29, 28, 21, 22];2128.0
5282.0;[5, 7, 6, 34, 3, 20, 13, 10, 12, 21, 22, 36, 24, 25, 31, 32, 29, 18, 19, 17, 1, 38, 2, 4, 35, 30, 26, 23, 28, 27, 33, 0, 16, 14, 15, 8, 11, 37, 9];2109.0
5141.0;[4, 37, 9, 12, 21, 22, 23, 24, 36, 20, 11, 14, 15, 5, 6, 7, 8, 1, 35, 33, 26, 27, 13, 10, 17, 18, 19, 0, 29, 30, 34, 38, 2, 3, 16, 28, 25, 31, 32];2180.0
5109.0;[15, 8, 28, 27, 25, 31, 32, 18, 17, 6, 7, 5, 9, 37, 10, 13, 36, 34, 38, 35, 4, 30, 26, 33, 29, 19, 14, 11, 12, 21, 22, 23, 24, 20, 16, 0, 1, 2, 3];2421.0
4850.0;[33, 26, 23, 24, 21, 12, 11, 14, 17, 29, 28, 27, 22, 20, 13, 36, 25, 31, 32, 0, 15, 7, 6, 4, 5, 8, 9, 37, 10, 16, 30, 34, 2, 3, 18, 19, 1, 35, 38];2107.0
4804.0;[1, 3, 38, 2, 4, 5, 7, 6, 35, 29, 19, 18, 17, 16, 0, 37, 9, 11, 14, 15, 8, 12, 21, 20, 22, 25, 31, 32, 28, 27, 23, 30, 34, 33, 26, 24, 36, 13, 10];2072.0
5464.0;[13, 36, 21, 37, 9, 5, 8, 10, 1, 38, 2, 4, 3, 29, 28, 22, 20, 14, 17, 19, 18, 31, 25, 12, 11, 16, 27, 24, 23, 26, 30, 34, 35, 32, 33, 0, 15, 6, 7];2445.0
4645.0;[18, 1, 3, 15, 7, 5, 8, 37, 9, 10, 12, 14, 0, 29, 30, 34, 4, 35, 28, 13, 36, 21, 6, 33, 26, 27, 23, 24, 22, 20, 11, 16, 31, 25, 32, 38, 2, 19, 17];2392.0
5279.0;[33, 30, 25, 26, 34, 17, 18, 19, 38, 35, 4, 5, 6, 7, 8, 24, 23, 36, 21, 0, 29, 28, 27, 22, 20, 13, 12, 11, 37, 9, 10, 1, 2, 3, 16, 15, 14, 31, 32];2290.0
4610.0;[10, 15, 7, 6, 0, 28, 30, 31, 32, 33, 19, 18, 17, 1, 38, 2, 3, 27, 22, 36, 21, 11, 37, 9, 23, 24, 25, 26, 20, 14, 16, 29, 34, 35, 4, 5, 8, 12, 13];2276.0
5060.0;[22, 20, 13, 12, 6, 7, 35, 33, 19, 18, 30, 25, 26, 27, 24, 23, 36, 21, 0, 1, 3, 17, 14, 15, 37, 9, 10, 11, 29, 31, 32, 34, 5, 8, 16, 38, 2, 4, 28];2477.0
5080.0;[13, 10, 12, 16, 33, 31, 32, 34, 38, 37, 9, 8, 11, 30, 25, 24, 23, 36, 21, 15, 6, 4, 2, 0, 22, 20, 14, 17, 18, 19, 1, 3, 29, 28, 27, 5, 7, 35, 26];2620.0
5208.0;[28, 27, 24, 23, 25, 26, 31, 32, 34, 38, 2, 3, 19, 18, 36, 21, 22, 20, 13, 10, 12, 11, 15, 5, 9, 8, 37, 14, 17, 1, 4, 7, 6, 35, 33, 30, 29, 0, 16];1982.0
4999.0;[26, 27, 9, 8, 6, 7, 5, 14, 17, 18, 19, 28, 20, 11, 37, 10, 12, 16, 1, 3, 29, 24, 23, 25, 31, 34, 38, 2, 0, 22, 13, 36, 21, 15, 4, 35, 30, 32, 33];2390.0
4991.0;[20, 38, 35, 31, 32, 33, 23, 24, 25, 34, 3, 19, 18, 1, 4, 6, 2, 0, 29, 28, 26, 27, 30, 16, 37, 9, 11, 14, 15, 8, 12, 13, 10, 5, 7, 17, 22, 36, 21];2597.0
5881.0;[1, 28, 27, 20, 21, 22, 23, 34, 2, 4, 8, 11, 12, 13, 36, 30, 33, 26, 24, 25, 31, 32, 29, 19, 18, 17, 15, 5, 7, 6, 35, 38, 3, 14, 37, 9, 10, 16, 0];2039.0
5313.0;[0, 38, 4, 5, 8, 37, 9, 10, 29, 1, 2, 3, 31, 25, 32, 34, 33, 30, 23, 24, 36, 21, 20, 6, 7, 35, 26, 22, 13, 12, 19, 18, 28, 27, 14, 17, 16, 15, 11];2441.0
5183.0;[7, 6, 35, 23, 24, 36, 37, 9, 10, 18, 17, 19, 28, 22, 21, 20, 11, 16, 0, 30, 31, 32, 25, 26, 33, 1, 38, 2, 4, 3, 14, 13, 12, 15, 8, 29, 27, 34, 5];2402.0
5097.0;[6, 32, 31, 34, 38, 35, 4, 33, 30, 25, 26, 27, 22, 20, 13, 10, 9, 8, 14, 29, 28, 23, 24, 36, 21, 12, 16, 0, 19, 18, 17, 3, 15, 5, 37, 11, 1, 2, 7];2133.0
5238.0;[34, 38, 2, 5, 6, 7, 16, 1, 3, 4, 35, 33, 29, 0, 14, 13, 12, 21, 20, 10, 15, 8, 28, 23, 24, 36, 25, 31, 32, 11, 37, 9, 17, 18, 19, 27, 22, 26, 30];2380.0
5044.0;[16, 35, 34, 4, 5, 8, 7, 6, 3, 29, 30, 31, 25, 26, 23, 24, 21, 13, 36, 32, 33, 1, 38, 2, 19, 18, 17, 14, 15, 10, 12, 37, 9, 0, 28, 27, 22, 20, 11];2301.0
5843.0;[10, 21, 22, 30, 34, 38, 4, 6, 35, 33, 24, 23, 26, 27, 20, 15, 7, 5, 8, 9, 0, 1, 3, 2, 16, 12, 13, 36, 17, 18, 19, 28, 25, 31, 32, 29, 14, 11, 37];2424.0
5368.0;[28, 27, 13, 10, 12, 16, 1, 2, 4, 33, 30, 24, 36, 21, 22, 20, 15, 37, 9, 8, 11, 0, 29, 31, 32, 34, 38, 35, 26, 23, 25, 5, 7, 6, 3, 18, 14, 17, 19];2263.0
5346.0;[24, 22, 37, 9, 10, 12, 13, 36, 21, 11, 2, 4, 3, 0, 16, 1, 29, 28, 27, 32, 34, 38, 5, 8, 14, 17, 18, 19, 30, 31, 25, 26, 20, 15, 7, 6, 35, 33, 23];2221.0
4506.0;[20, 14, 18, 17, 19, 29, 28, 27, 23, 26, 13, 10, 11, 1, 4, 32, 33, 38, 35, 30, 31, 25, 34, 2, 15, 37, 9, 8, 7, 5, 6, 3, 0, 16, 12, 21, 22, 24, 36];2277.0
5557.0;[13, 10, 9, 6, 35, 2, 4, 7, 5, 27, 26, 23, 24, 25, 31, 32, 28, 22, 36, 21, 20, 17, 18, 19, 1, 3, 38, 30, 34, 33, 29, 0, 16, 15, 37, 8, 14, 11, 12];2209.0
5302.0;[33, 30, 31, 25, 32, 34, 2, 4, 5, 9, 10, 13, 36, 21, 20, 11, 16, 15, 7, 6, 8, 37, 14, 17, 18, 1, 35, 38, 3, 19, 29, 28, 27, 23, 24, 26, 22, 12, 0];2125.0
5648.0;[35, 4, 8, 37, 9, 10, 15, 6, 7, 5, 11, 12, 13, 36, 25, 31, 32, 19, 18, 17, 14, 20, 21, 26, 30, 34, 33, 1, 16, 0, 29, 28, 27, 22, 23, 24, 38, 2, 3];2187.0
5505.0;[26, 24, 22, 20, 37, 10, 12, 13, 36, 21, 15, 5, 6, 7, 9, 11, 14, 29, 28, 27, 23, 25, 31, 32, 33, 18, 17, 19, 30, 34, 4, 8, 1, 2, 3, 16, 0, 38, 35];2157.0
5344.0;[29, 1, 33, 30, 32, 31, 25, 27, 22, 23, 24, 36, 21, 26, 34, 38, 35, 2, 4, 5, 6, 7, 37, 12, 13, 10, 17, 18, 19, 3, 0, 14, 15, 9, 8, 11, 28, 20, 16];2183.0
4778.0;[26, 34, 2, 3, 16, 12, 13, 36, 21, 14, 17, 18, 19, 11, 37, 9, 8, 10, 0, 23, 24, 22, 20, 28, 27, 31, 32, 1, 15, 5, 6, 7, 4, 38, 35, 33, 29, 30, 25];2261.0
4676.0;[3, 38, 2, 28, 27, 24, 23, 25, 31, 32, 26, 22, 20, 15, 7, 6, 35, 33, 30, 34, 4, 5, 12, 13, 36, 21, 17, 19, 18, 14, 8, 9, 0, 29, 16, 37, 10, 11, 1];2252.0
5233.0;[19, 29, 30, 26, 27, 20, 13, 36, 21, 25, 31, 32, 34, 35, 33, 1, 38, 2, 3, 15, 10, 12, 16, 11, 37, 8, 9, 6, 4, 7, 5, 0, 28, 23, 24, 22, 14, 17, 18];2116.0
5002.0;[15, 5, 6, 7, 35, 30, 31, 32, 34, 38, 2, 3, 0, 1, 4, 9, 10, 12, 20, 11, 37, 8, 14, 16, 28, 22, 13, 36, 21, 23, 26, 27, 24, 25, 33, 29, 19, 18, 17];2082.0
4910.0;[30, 33, 4, 35, 31, 32, 34, 38, 2, 15, 5, 6, 7, 8, 9, 37, 10, 29, 28, 27, 23, 24, 25, 26, 20, 11, 14, 17, 18, 19, 0, 1, 3, 16, 12, 13, 36, 21, 22];1991.0
5584.0;[15, 8, 12, 13, 36, 22, 24, 25, 31, 32, 38, 4, 5, 7, 6, 35, 33, 29, 28, 23, 26, 27, 20, 21, 37, 9, 10, 11, 14, 17, 19, 18, 16, 0, 1, 30, 34, 2, 3];1934.0
5283.0;[13, 36, 21, 20, 11, 12, 37, 10, 9, 8, 5, 7, 34, 38, 18, 17, 15, 6, 2, 4, 35, 30, 31, 32, 33, 26, 27, 22, 14, 16, 0, 19, 29, 1, 3, 28, 23, 24, 25];2226.0
4835.0;[34, 2, 15, 5, 28, 27, 24, 36, 22, 21, 23, 25, 26, 19, 18, 17, 14, 37, 9, 8, 10, 11, 35, 38, 4, 7, 6, 33, 31, 32, 29, 0, 16, 1, 3, 20, 13, 12, 30];2458.0
4636.0;[24, 25, 31, 32, 34, 35, 38, 2, 4, 5, 6, 7, 10, 17, 14, 12, 13, 36, 15, 8, 37, 9, 1, 3, 0, 29, 33, 30, 26, 27, 20, 11, 16, 28, 22, 21, 19, 18, 23];2238.0
4783.0;[28, 27, 25, 30, 26, 23, 24, 22, 5, 7, 6, 35, 33, 31, 32, 34, 38, 4, 37, 9, 10, 1, 3, 2, 0, 19, 17, 18, 14, 15, 8, 12, 13, 36, 21, 20, 11, 16, 29];2032.0
5183.0;[15, 7, 6, 2, 3, 28, 27, 30, 34, 4, 5, 8, 1, 38, 35, 33, 25, 31, 32, 29, 18, 17, 14, 13, 36, 21, 22, 23, 26, 24, 20, 37, 9, 10, 12, 11, 19, 0, 16];2049.0
5315.0;[33, 37, 10, 13, 36, 21, 22, 20, 12, 14, 18, 17, 19, 0, 1, 3, 2, 4, 5, 9, 11, 16, 15, 8, 29, 28, 27, 24, 23, 25, 31, 26, 30, 34, 35, 38, 7, 6, 32];2168.0
5143.0;[13, 36, 25, 32, 31, 34, 38, 0, 16, 15, 5, 6, 7, 37, 9, 8, 10, 29, 1, 2, 3, 4, 35, 33, 30, 27, 23, 24, 26, 28, 22, 21, 20, 11, 17, 19, 18, 14, 12];2095.0
4633.0;[31, 32, 33, 29, 1, 38, 35, 26, 30, 34, 2, 4, 3, 19, 17, 18, 14, 13, 36, 21, 22, 20, 12, 11, 8, 0, 16, 15, 5, 6, 7, 37, 9, 10, 28, 27, 23, 25, 24];1955.0
4958.0;[33, 1, 15, 7, 6, 35, 38, 3, 2, 4, 5, 8, 14, 16, 13, 36, 21, 22, 25, 31, 32, 34, 18, 17, 19, 0, 29, 28, 20, 37, 9, 10, 12, 11, 30, 26, 27, 23, 24];2136.0
5609.0;[34, 30, 25, 24, 36, 23, 26, 27, 20, 14, 11, 12, 13, 10, 16, 38, 35, 4, 2, 19, 17, 18, 37, 9, 8, 5, 7, 0, 29, 28, 31, 32, 33, 1, 3, 22, 21, 15, 6];2431.0
5101.0;[32, 33, 30, 34, 0, 19, 29, 28, 22, 36, 21, 6, 7, 5, 37, 8, 9, 10, 12, 13, 24, 23, 26, 27, 20, 1, 38, 35, 4, 2, 3, 15, 11, 14, 16, 17, 18, 25, 31];2151.0
5354.0;[25, 24, 36, 21, 22, 34, 38, 3, 2, 0, 16, 37, 9, 10, 1, 30, 31, 32, 28, 27, 14, 17, 18, 19, 29, 20, 13, 12, 11, 15, 8, 5, 7, 6, 4, 35, 33, 26, 23];2143.0
4802.0;[14, 17, 18, 19, 16, 15, 5, 9, 8, 29, 1, 38, 4, 2, 7, 6, 35, 33, 31, 32, 28, 23, 26, 30, 34, 3, 0, 37, 10, 12, 22, 21, 20, 13, 36, 24, 25, 27, 11];2192.0
4710.0;[11, 29, 19, 18, 17, 14, 37, 10, 13, 36, 21, 24, 22, 23, 25, 26, 31, 32, 33, 30, 28, 27, 34, 2, 3, 15, 6, 4, 7, 5, 12, 20, 1, 35, 38, 0, 16, 9, 8];2274.0
5105.0;[28, 23, 24, 25, 31, 32, 33, 26, 27, 22, 20, 16, 14, 17, 19, 18, 0, 29, 1, 30, 34, 38, 4, 8, 37, 9, 10, 12, 13, 36, 21, 11, 15, 5, 7, 6, 35, 2, 3];1871.0
4564.0;[21, 23, 24, 26, 37, 9, 7, 6, 35, 4, 33, 30, 25, 31, 32, 34, 38, 2, 16, 14, 0, 29, 28, 27, 22, 20, 11, 17, 18, 19, 1, 3, 15, 5, 8, 10, 12, 13, 36];1974.0
5091.0;[22, 23, 24, 36, 21, 20, 16, 1, 35, 38, 2, 3, 0, 29, 30, 25, 26, 31, 32, 33, 18, 14, 15, 9, 12, 13, 10, 11, 17, 19, 28, 27, 34, 4, 5, 6, 7, 8, 37];2181.0
4707.0;[14, 17, 18, 19, 29, 34, 38, 35, 2, 4, 31, 32, 33, 30, 25, 26, 23, 24, 22, 36, 21, 20, 11, 15, 6, 7, 5, 9, 8, 37, 16, 1, 3, 0, 28, 27, 13, 10, 12];1949.0
5409.0;[4, 7, 6, 3, 27, 23, 25, 24, 26, 34, 38, 35, 32, 33, 18, 14, 17, 19, 29, 28, 22, 20, 11, 12, 37, 9, 10, 13, 36, 21, 15, 5, 8, 16, 0, 30, 31, 1, 2];2225.0
5220.0;[37, 9, 8, 5, 7, 6, 4, 35, 33, 25, 24, 36, 22, 21, 13, 10, 12, 23, 26, 27, 28, 20, 11, 1, 2, 3, 18, 17, 19, 29, 0, 30, 31, 32, 34, 38, 16, 14, 15];2114.0
5014.0;[34, 37, 10, 12, 15, 7, 6, 2, 3, 19, 18, 17, 14, 16, 0, 28, 27, 23, 24, 22, 20, 13, 36, 21, 11, 1, 38, 35, 4, 5, 9, 8, 29, 26, 25, 31, 32, 33, 30];2049.0
4927.0;[3, 12, 13, 10, 11, 15, 8, 14, 17, 18, 38, 35, 31, 32, 25, 23, 24, 36, 21, 20, 37, 9, 0, 16, 19, 28, 22, 26, 27, 30, 33, 29, 1, 2, 4, 5, 7, 6, 34];2173.0
5600.0;[18, 0, 31, 32, 33, 29, 28, 27, 23, 26, 30, 34, 4, 37, 9, 10, 12, 13, 36, 22, 21, 20, 15, 5, 7, 6, 35, 25, 24, 8, 11, 1, 38, 2, 3, 16, 14, 17, 19];2123.0
5307.0;[12, 21, 20, 13, 36, 23, 25, 24, 22, 37, 9, 10, 14, 17, 18, 28, 27, 11, 15, 6, 7, 5, 8, 16, 19, 29, 33, 26, 30, 31, 32, 34, 2, 3, 0, 1, 38, 35, 4];2092.0
5181.0;[22, 21, 20, 8, 7, 5, 9, 10, 12, 13, 36, 11, 15, 6, 4, 38, 35, 30, 25, 31, 32, 33, 29, 28, 34, 2, 14, 37, 17, 18, 19, 16, 0, 1, 3, 27, 23, 24, 26];2277.0
5255.0;[4, 5, 7, 6, 1, 3, 23, 24, 22, 20, 12, 19, 18, 17, 14, 11, 37, 10, 13, 36, 21, 25, 31, 32, 33, 0, 16, 15, 8, 9, 29, 28, 27, 26, 30, 34, 38, 35, 2];2122.0
4742.0;[16, 26, 23, 24, 25, 31, 34, 2, 3, 15, 37, 9, 10, 12, 13, 36, 1, 38, 35, 4, 5, 6, 7, 8, 14, 17, 18, 30, 32, 33, 19, 0, 29, 28, 27, 21, 22, 20, 11];2074.0
5600.0;[28, 31, 32, 34, 38, 4, 2, 0, 18, 19, 17, 14, 7, 6, 3, 27, 22, 21, 20, 13, 36, 25, 26, 23, 24, 11, 37, 9, 10, 12, 1, 35, 33, 30, 16, 15, 5, 8, 29];2295.0
4860.0;[25, 31, 32, 27, 24, 23, 26, 33, 1, 4, 7, 6, 35, 30, 34, 38, 2, 3, 29, 28, 22, 20, 11, 37, 9, 10, 14, 17, 18, 19, 0, 16, 15, 8, 5, 12, 13, 36, 21];2014.0
5051.0;[6, 7, 5, 37, 10, 12, 21, 22, 25, 31, 34, 38, 4, 35, 2, 3, 16, 15, 8, 9, 11, 14, 18, 17, 19, 1, 0, 29, 27, 30, 26, 23, 24, 32, 33, 28, 13, 36, 20];2123.0
5421.0;[31, 25, 24, 36, 21, 22, 20, 13, 10, 0, 19, 18, 17, 14, 16, 37, 9, 1, 3, 15, 5, 7, 2, 29, 28, 27, 12, 11, 8, 6, 4, 33, 30, 26, 23, 34, 35, 38, 32];2213.0
5040.0;[13, 10, 14, 17, 18, 19, 29, 1, 38, 2, 4, 7, 5, 28, 27, 22, 36, 21, 25, 31, 32, 30, 34, 3, 15, 6, 35, 33, 23, 24, 26, 20, 11, 37, 9, 8, 16, 0, 12];2117.0
4548.0;[13, 23, 25, 31, 32, 34, 30, 26, 24, 36, 21, 11, 14, 17, 18, 19, 0, 29, 28, 20, 16, 4, 35, 33, 27, 22, 8, 6, 7, 5, 37, 9, 1, 38, 2, 3, 15, 10, 12];2251.0
4911.0;[38, 2, 4, 5, 8, 12, 13, 10, 14, 17, 18, 19, 15, 7, 6, 3, 29, 22, 36, 21, 20, 16, 0, 11, 37, 9, 1, 35, 33, 30, 26, 28, 23, 24, 25, 27, 31, 32, 34];2048.0
5277.0;[24, 23, 25, 26, 33, 19, 18, 17, 31, 32, 34, 38, 2, 3, 0, 29, 28, 27, 21, 22, 10, 12, 13, 36, 20, 11, 15, 5, 14, 16, 37, 9, 8, 1, 35, 4, 7, 6, 30];2180.0
5193.0;[27, 22, 25, 31, 32, 15, 6, 7, 9, 10, 12, 21, 26, 34, 38, 2, 3, 17, 18, 1, 35, 4, 5, 37, 8, 0, 28, 23, 24, 13, 36, 20, 11, 14, 16, 30, 33, 19, 29];2331.0
4474.0;[13, 36, 21, 22, 20, 5, 7, 6, 4, 35, 30, 34, 33, 26, 23, 24, 12, 11, 15, 8, 0, 29, 1, 3, 19, 18, 17, 38, 2, 16, 37, 9, 10, 28, 27, 25, 31, 32, 14];2268.0
5417.0;[15, 5, 6, 7, 2, 3, 0, 18, 17, 19, 29, 31, 32, 33, 30, 34, 38, 4, 35, 26, 23, 24, 36, 21, 20, 13, 10, 9, 8, 37, 11, 12, 14, 16, 1, 28, 27, 25, 22];2037.0
5229.0;[19, 1, 3, 28, 27, 23, 24, 36, 21, 13, 10, 37, 9, 5, 6, 7, 38, 2, 4, 35, 33, 31, 32, 34, 15, 8, 11, 0, 29, 30, 25, 26, 22, 20, 12, 16, 17, 14, 18];2069.0
5241.0;[35, 4, 5, 8, 9, 15, 7, 6, 34, 38, 2, 3, 0, 18, 17, 19, 29, 31, 32, 37, 10, 12, 11, 14, 28, 23, 24, 36, 21, 25, 26, 30, 33, 27, 22, 20, 13, 16, 1];2215.0
4561.0;[14, 12, 20, 13, 10, 15, 7, 6, 37, 9, 8, 31, 32, 34, 38, 35, 33, 24, 36, 21, 1, 2, 3, 28, 27, 22, 23, 25, 26, 30, 19, 17, 18, 16, 0, 29, 4, 5, 11];2270.0
5350.0;[33, 30, 31, 25, 24, 23, 36, 13, 10, 12, 19, 18, 17, 14, 15, 6, 4, 2, 3, 1, 35, 32, 34, 38, 16, 0, 28, 22, 21, 20, 37, 9, 8, 5, 7, 11, 29, 26, 27];2170.0
5417.0;[23, 25, 31, 32, 33, 29, 28, 24, 13, 36, 21, 22, 20, 15, 5, 7, 9, 8, 11, 14, 17, 18, 16, 12, 37, 10, 1, 3, 0, 19, 27, 34, 38, 2, 6, 4, 35, 30, 26];2126.0
4929.0;[26, 22, 23, 24, 25, 31, 32, 28, 13, 36, 21, 20, 5, 6, 7, 35, 38, 4, 2, 3, 15, 8, 37, 9, 10, 12, 11, 14, 17, 18, 19, 16, 1, 0, 29, 27, 30, 34, 33];1985.0
5677.0;[24, 36, 13, 12, 15, 7, 5, 6, 38, 35, 2, 4, 3, 1, 22, 20, 21, 23, 25, 31, 32, 34, 33, 29, 0, 14, 17, 18, 19, 28, 27, 11, 37, 8, 9, 10, 16, 30, 26];2131.0
5231.0;[23, 25, 31, 32, 33, 26, 24, 21, 15, 8, 11, 38, 35, 4, 7, 5, 6, 2, 0, 19, 17, 18, 28, 27, 22, 20, 37, 9, 10, 29, 30, 34, 3, 12, 13, 36, 14, 16, 1];2368.0
5286.0;[31, 32, 34, 29, 1, 38, 35, 6, 7, 5, 37, 9, 10, 14, 17, 18, 15, 8, 16, 0, 2, 4, 3, 28, 27, 23, 24, 36, 26, 30, 33, 22, 20, 21, 13, 12, 11, 19, 25];2224.0
5398.0;[30, 24, 36, 21, 22, 25, 31, 32, 33, 29, 28, 20, 13, 12, 16, 0, 15, 9, 8, 11, 1, 3, 38, 2, 19, 18, 37, 10, 14, 17, 27, 23, 26, 34, 35, 4, 7, 5, 6];2209.0
5394.0;[38, 35, 2, 4, 5, 6, 7, 14, 36, 21, 23, 26, 30, 28, 27, 22, 20, 12, 13, 24, 25, 31, 32, 34, 33, 29, 19, 18, 17, 1, 3, 15, 8, 37, 9, 10, 11, 16, 0];1985.0
5008.0;[22, 23, 25, 24, 36, 21, 5, 7, 6, 35, 34, 38, 2, 4, 37, 9, 10, 12, 13, 20, 14, 17, 19, 18, 0, 29, 31, 32, 30, 26, 33, 1, 3, 15, 8, 11, 16, 28, 27];2066.0
4938.0;[18, 37, 9, 27, 23, 25, 26, 30, 31, 34, 2, 0, 29, 28, 24, 36, 21, 13, 10, 12, 22, 20, 14, 11, 16, 15, 8, 5, 7, 6, 4, 38, 35, 33, 32, 1, 3, 19, 17];2205.0
4579.0;[16, 0, 29, 30, 26, 24, 22, 36, 21, 23, 28, 27, 20, 13, 10, 11, 1, 38, 4, 2, 5, 7, 37, 9, 8, 12, 25, 31, 32, 33, 18, 19, 17, 14, 15, 6, 35, 34, 3];2211.0
4731.0;[35, 23, 25, 24, 36, 13, 12, 16, 19, 0, 28, 34, 38, 2, 18, 17, 14, 11, 9, 8, 5, 7, 4, 3, 27, 22, 20, 21, 26, 30, 33, 37, 10, 31, 32, 29, 1, 15, 6];2553.0
5281.0;[12, 11, 15, 5, 8, 37, 9, 7, 6, 4, 2, 0, 18, 17, 19, 29, 1, 3, 14, 13, 36, 21, 20, 38, 35, 31, 32, 34, 33, 30, 25, 26, 27, 10, 16, 28, 23, 24, 22];2186.0
5101.0;[27, 25, 31, 32, 33, 36, 21, 22, 20, 37, 9, 10, 11, 1, 38, 2, 3, 0, 16, 15, 7, 6, 30, 26, 24, 23, 34, 35, 4, 5, 8, 17, 19, 18, 13, 12, 14, 29, 28];2173.0
5357.0;[5, 12, 13, 24, 23, 25, 31, 34, 38, 35, 2, 3, 0, 28, 20, 37, 8, 9, 10, 16, 19, 17, 18, 14, 15, 6, 32, 30, 33, 29, 22, 36, 21, 26, 27, 11, 1, 4, 7];2282.0
5623.0;[22, 21, 24, 25, 31, 32, 34, 38, 35, 5, 37, 9, 10, 11, 0, 3, 15, 8, 12, 13, 36, 14, 18, 17, 19, 1, 2, 4, 7, 6, 33, 30, 23, 26, 28, 27, 20, 16, 29];2145.0
5181.0;[28, 27, 13, 36, 37, 9, 5, 7, 6, 35, 32, 1, 2, 3, 33, 30, 26, 23, 25, 31, 34, 38, 4, 10, 12, 21, 24, 22, 20, 11, 15, 8, 14, 17, 19, 18, 16, 0, 29];2139.0
4991.0;[27, 24, 23, 25, 31, 32, 34, 33, 29, 28, 22, 36, 21, 20, 14, 17, 18, 19, 11, 37, 9, 10, 15, 7, 5, 6, 35, 38, 3, 2, 0, 1, 4, 8, 30, 26, 13, 12, 16];2163.0
5062.0;[21, 22, 23, 24, 25, 31, 26, 27, 36, 20, 11, 37, 9, 8, 5, 7, 6, 32, 33, 1, 15, 14, 17, 18, 19, 0, 29, 28, 13, 10, 16, 30, 34, 2, 3, 38, 35, 4, 12];2197.0
5332.0;[15, 5, 6, 7, 8, 23, 24, 25, 31, 32, 30, 33, 26, 27, 34, 38, 3, 29, 28, 22, 13, 10, 12, 36, 21, 20, 14, 18, 17, 19, 1, 35, 4, 2, 0, 16, 11, 37, 9];2118.0
5655.0;[23, 24, 21, 20, 12, 37, 9, 10, 30, 31, 32, 25, 26, 34, 4, 7, 6, 35, 38, 2, 15, 5, 8, 17, 18, 28, 22, 13, 36, 11, 14, 16, 0, 19, 1, 3, 29, 33, 27];2255.0
5672.0;[19, 28, 27, 30, 31, 32, 25, 24, 20, 37, 9, 10, 11, 16, 0, 35, 33, 18, 14, 17, 15, 6, 7, 5, 8, 12, 13, 36, 21, 22, 23, 26, 34, 29, 1, 38, 4, 2, 3];2077.0
5221.0;[25, 31, 32, 34, 30, 23, 24, 36, 12, 15, 5, 7, 6, 35, 33, 26, 27, 13, 10, 14, 17, 18, 19, 29, 16, 0, 11, 37, 9, 8, 1, 38, 4, 2, 3, 28, 20, 21, 22];2063.0
4535.0;[28, 27, 23, 24, 25, 31, 32, 34, 3, 16, 11, 14, 15, 5, 9, 8, 37, 10, 12, 13, 36, 22, 26, 30, 33, 20, 21, 1, 38, 35, 4, 6, 7, 2, 0, 19, 18, 17, 29];2015.0
5258.0;[11, 38, 2, 4, 35, 33, 1, 3, 0, 19, 18, 17, 14, 21, 20, 13, 36, 24, 25, 31, 32, 30, 29, 28, 22, 12, 15, 37, 8, 9, 10, 16, 27, 23, 26, 34, 6, 7, 5];2247.0
5108.0;[23, 25, 31, 32, 2, 4, 35, 30, 34, 38, 33, 26, 22, 20, 15, 6, 7, 5, 9, 10, 14, 17, 18, 19, 16, 11, 37, 8, 29, 28, 27, 24, 36, 21, 13, 12, 1, 3, 0];2163.0
5381.0;[30, 31, 32, 34, 38, 33, 25, 26, 27, 22, 20, 37, 9, 8, 10, 12, 11, 14, 17, 18, 1, 2, 3, 15, 5, 16, 0, 29, 23, 24, 21, 19, 28, 13, 36, 7, 6, 4, 35];2289.0
5087.0;[4, 35, 32, 30, 31, 25, 26, 27, 23, 24, 36, 21, 1, 2, 3, 38, 34, 33, 28, 20, 8, 5, 7, 10, 14, 17, 18, 37, 9, 29, 22, 13, 12, 11, 19, 0, 16, 15, 6];2386.0
6032.0;[36, 24, 25, 31, 32, 33, 27, 23, 26, 30, 34, 6, 7, 5, 37, 9, 14, 17, 18, 19, 29, 28, 22, 21, 20, 16, 38, 35, 4, 2, 1, 3, 0, 15, 8, 10, 11, 12, 13];2042.0
4823.0;[16, 1, 3, 38, 35, 27, 20, 13, 12, 15, 6, 7, 32, 33, 29, 0, 28, 22, 36, 21, 11, 14, 17, 18, 19, 30, 26, 23, 25, 24, 31, 34, 2, 4, 5, 37, 9, 10, 8];2178.0
5126.0;[16, 0, 28, 27, 23, 24, 36, 21, 13, 6, 32, 33, 30, 31, 34, 38, 3, 18, 19, 17, 37, 9, 10, 12, 15, 7, 5, 8, 14, 1, 2, 4, 35, 29, 25, 26, 22, 20, 11];2245.0
4301.0;[5, 6, 7, 8, 16, 17, 19, 1, 2, 3, 0, 27, 24, 23, 25, 32, 31, 34, 35, 33, 30, 26, 12, 10, 11, 15, 37, 9, 14, 18, 29, 28, 22, 20, 13, 36, 21, 38, 4];2225.0
5312.0;[2, 4, 6, 7, 5, 37, 9, 10, 12, 1, 3, 38, 35, 30, 31, 25, 32, 34, 33, 26, 13, 36, 23, 24, 22, 20, 21, 14, 18, 17, 16, 15, 8, 11, 0, 19, 29, 28, 27];2163.0
5424.0;[27, 22, 20, 11, 15, 7, 6, 2, 3, 0, 14, 17, 18, 19, 1, 35, 29, 28, 23, 26, 24, 25, 31, 32, 33, 30, 34, 38, 4, 5, 37, 9, 10, 8, 12, 13, 36, 21, 16];1965.0
5031.0;[34, 38, 33, 31, 25, 23, 24, 36, 21, 22, 20, 1, 2, 3, 0, 19, 17, 18, 14, 16, 15, 5, 6, 7, 8, 29, 28, 30, 26, 27, 13, 12, 11, 37, 9, 10, 4, 35, 32];2057.0
5360.0;[34, 3, 11, 37, 9, 10, 12, 13, 36, 21, 22, 20, 5, 7, 6, 0, 28, 23, 25, 24, 31, 32, 33, 29, 19, 17, 18, 15, 8, 14, 16, 1, 38, 2, 4, 35, 30, 26, 27];2077.0
4837.0;[23, 24, 26, 27, 30, 34, 35, 38, 3, 0, 1, 2, 4, 5, 6, 7, 14, 17, 18, 19, 16, 11, 37, 10, 12, 21, 22, 25, 31, 32, 33, 29, 28, 13, 36, 20, 15, 8, 9];2069.0
5589.0;[22, 36, 21, 13, 12, 37, 8, 9, 10, 15, 5, 6, 7, 4, 2, 3, 16, 14, 17, 18, 19, 31, 32, 33, 27, 20, 11, 28, 23, 24, 25, 34, 38, 35, 1, 0, 29, 30, 26];2143.0
5219.0;[6, 7, 4, 35, 28, 23, 25, 26, 24, 36, 13, 12, 1, 38, 32, 31, 34, 2, 3, 0, 30, 33, 19, 29, 22, 21, 11, 14, 18, 17, 16, 15, 10, 27, 20, 37, 9, 8, 5];2410.0
5319.0;[23, 24, 25, 26, 27, 22, 11, 37, 9, 5, 8, 10, 12, 21, 13, 36, 16, 0, 30, 31, 32, 33, 34, 38, 4, 35, 2, 15, 7, 6, 3, 1, 29, 28, 20, 14, 17, 19, 18];2218.0
5202.0;[33, 1, 15, 8, 37, 9, 10, 5, 7, 6, 35, 4, 2, 3, 27, 22, 36, 21, 20, 13, 24, 25, 34, 38, 18, 19, 17, 14, 12, 11, 16, 0, 29, 28, 23, 26, 30, 31, 32];2023.0
4985.0;[29, 22, 20, 37, 9, 10, 14, 18, 17, 19, 36, 21, 15, 7, 6, 8, 11, 33, 30, 31, 32, 38, 2, 3, 16, 12, 13, 24, 23, 25, 26, 28, 27, 34, 35, 4, 5, 0, 1];2332.0
5755.0;[13, 10, 12, 36, 21, 22, 23, 27, 24, 25, 31, 34, 38, 35, 2, 4, 11, 14, 16, 15, 8, 37, 9, 5, 7, 6, 32, 33, 30, 26, 1, 3, 0, 19, 17, 18, 29, 28, 20];1989.0
5156.0;[22, 23, 24, 26, 34, 38, 35, 4, 2, 0, 16, 37, 10, 19, 18, 17, 14, 13, 36, 21, 20, 12, 9, 7, 6, 11, 15, 5, 8, 29, 27, 25, 31, 32, 33, 30, 1, 3, 28];2154.0
5251.0;[23, 25, 31, 32, 34, 33, 28, 20, 13, 10, 9, 8, 37, 11, 12, 0, 16, 14, 15, 5, 7, 6, 2, 4, 35, 30, 26, 24, 22, 36, 21, 1, 38, 3, 17, 18, 19, 29, 27];1977.0
5525.0;[13, 10, 9, 8, 16, 0, 19, 38, 35, 2, 4, 3, 1, 33, 30, 31, 32, 34, 7, 6, 25, 24, 36, 21, 20, 29, 28, 23, 26, 27, 22, 15, 5, 37, 11, 17, 18, 14, 12];2334.0
5357.0;[18, 30, 31, 25, 26, 24, 36, 21, 23, 32, 34, 29, 28, 27, 22, 20, 13, 12, 11, 1, 3, 19, 0, 16, 15, 6, 7, 4, 5, 37, 9, 8, 10, 14, 38, 2, 35, 33, 17];2197.0
5211.0;[35, 23, 24, 25, 26, 30, 33, 11, 37, 9, 10, 31, 32, 34, 2, 4, 5, 8, 14, 17, 19, 18, 16, 15, 7, 6, 28, 27, 36, 21, 22, 20, 13, 12, 0, 29, 3, 1, 38];2169.0
5203.0;[22, 23, 25, 24, 36, 21, 20, 0, 1, 2, 4, 6, 3, 38, 35, 26, 30, 16, 37, 9, 8, 12, 13, 10, 11, 14, 17, 18, 19, 15, 5, 7, 28, 27, 31, 32, 34, 33, 29];2226.0
5125.0;[18, 19, 16, 0, 15, 8, 11, 12, 20, 21, 22, 26, 32, 34, 4, 5, 7, 6, 35, 33, 28, 23, 24, 36, 13, 10, 1, 38, 2, 3, 29, 30, 31, 25, 27, 37, 9, 14, 17];2163.0
5290.0;[20, 15, 7, 6, 4, 5, 30, 31, 32, 34, 2, 3, 1, 38, 35, 33, 29, 19, 18, 14, 11, 12, 13, 10, 9, 8, 37, 16, 17, 0, 28, 23, 24, 25, 26, 27, 22, 36, 21];1971.0
5113.0;[31, 32, 33, 1, 2, 3, 16, 14, 15, 6, 35, 30, 34, 38, 4, 5, 7, 8, 9, 11, 29, 28, 27, 37, 10, 12, 0, 19, 17, 18, 23, 24, 26, 22, 21, 20, 13, 36, 25];2135.0
4615.0;[23, 24, 34, 2, 19, 18, 17, 14, 21, 20, 13, 36, 38, 35, 33, 1, 3, 0, 29, 28, 22, 25, 31, 32, 4, 8, 37, 9, 10, 12, 11, 16, 15, 5, 7, 6, 30, 26, 27];2250.0
5458.0;[13, 12, 8, 5, 6, 7, 2, 3, 15, 37, 9, 10, 14, 17, 18, 19, 0, 1, 38, 33, 31, 32, 34, 30, 23, 25, 26, 27, 21, 22, 24, 36, 11, 16, 4, 35, 29, 28, 20];2169.0
4977.0;[2, 4, 7, 6, 32, 33, 30, 31, 25, 26, 23, 24, 37, 9, 10, 18, 17, 19, 1, 3, 14, 13, 12, 0, 28, 22, 36, 21, 16, 29, 27, 20, 11, 38, 35, 34, 15, 5, 8];2443.0
5045.0;[12, 21, 22, 23, 25, 26, 24, 37, 8, 11, 0, 29, 30, 31, 32, 17, 14, 13, 36, 16, 1, 2, 3, 19, 18, 28, 27, 20, 15, 5, 7, 6, 4, 35, 33, 34, 38, 9, 10];2317.0
5386.0;[27, 24, 23, 25, 31, 34, 35, 32, 33, 30, 26, 1, 3, 38, 4, 2, 19, 18, 17, 14, 10, 12, 13, 36, 21, 20, 11, 37, 9, 8, 0, 29, 28, 22, 15, 6, 7, 5, 16];2145.0
5171.0;[33, 29, 30, 25, 26, 23, 24, 21, 22, 13, 36, 20, 11, 16, 19, 1, 38, 35, 4, 2, 3, 0, 15, 5, 6, 7, 8, 37, 9, 10, 12, 14, 17, 18, 28, 27, 31, 32, 34];1837.0
5064.0;[32, 34, 2, 3, 1, 38, 35, 33, 30, 26, 27, 4, 6, 7, 5, 8, 37, 10, 12, 13, 36, 11, 17, 18, 23, 25, 24, 22, 21, 20, 16, 0, 19, 14, 15, 9, 29, 28, 31];2223.0
5174.0;[25, 24, 22, 36, 21, 20, 15, 5, 6, 7, 3, 0, 16, 19, 18, 17, 14, 11, 37, 8, 9, 1, 29, 28, 30, 31, 32, 33, 27, 13, 10, 12, 23, 26, 34, 2, 4, 38, 35];2221.0
5087.0;[36, 20, 12, 17, 18, 30, 31, 34, 38, 35, 32, 25, 26, 13, 10, 9, 7, 6, 3, 15, 5, 8, 37, 11, 14, 16, 1, 2, 4, 33, 29, 0, 19, 28, 27, 21, 22, 23, 24];2192.0
5353.0;[3, 22, 20, 10, 11, 14, 17, 18, 19, 29, 28, 27, 23, 25, 31, 34, 38, 5, 6, 35, 4, 8, 16, 0, 1, 15, 12, 13, 36, 21, 24, 32, 33, 30, 26, 37, 9, 7, 2];2375.0
4987.0;[13, 23, 25, 24, 36, 21, 1, 2, 4, 6, 3, 38, 35, 33, 30, 31, 32, 29, 37, 9, 10, 14, 17, 18, 19, 15, 5, 7, 8, 28, 27, 34, 26, 22, 20, 16, 0, 11, 12];2371.0
5276.0;[11, 15, 6, 7, 9, 8, 14, 17, 18, 13, 36, 21, 1, 2, 3, 0, 30, 34, 35, 33, 23, 24, 25, 26, 22, 20, 16, 38, 4, 5, 37, 10, 12, 19, 31, 32, 29, 28, 27];2398.0
5393.0;[26, 15, 6, 7, 5, 37, 8, 9, 10, 16, 28, 27, 22, 36, 21, 20, 1, 38, 4, 2, 3, 11, 12, 13, 24, 25, 31, 32, 18, 17, 14, 0, 19, 29, 35, 34, 33, 30, 23];2229.0
4911.0;[22, 24, 36, 15, 7, 5, 6, 30, 25, 31, 32, 34, 38, 3, 0, 16, 1, 35, 33, 19, 17, 18, 29, 28, 27, 23, 26, 2, 4, 14, 20, 13, 10, 9, 8, 37, 11, 12, 21];2311.0
5431.0;[26, 34, 2, 4, 7, 6, 35, 38, 30, 31, 32, 33, 1, 3, 0, 29, 27, 22, 21, 20, 17, 18, 14, 12, 13, 10, 15, 5, 8, 37, 9, 11, 16, 19, 28, 24, 36, 23, 25];2056.0
5157.0;[17, 13, 36, 23, 24, 25, 26, 6, 7, 5, 9, 10, 12, 21, 20, 22, 34, 38, 4, 35, 32, 33, 16, 15, 8, 37, 11, 14, 28, 27, 30, 31, 29, 1, 2, 3, 0, 19, 18];2311.0
4570.0;[27, 22, 20, 16, 1, 38, 35, 31, 32, 34, 4, 6, 7, 2, 3, 0, 19, 18, 17, 14, 37, 10, 33, 30, 25, 26, 23, 24, 36, 21, 13, 12, 11, 15, 5, 8, 9, 29, 28];2088.0
5324.0;[35, 32, 31, 25, 23, 24, 21, 11, 15, 6, 7, 5, 9, 14, 18, 17, 19, 1, 3, 0, 33, 30, 26, 34, 2, 4, 8, 37, 10, 16, 29, 28, 27, 22, 20, 12, 13, 36, 38];2211.0
5367.0;[28, 27, 23, 24, 25, 36, 21, 20, 14, 17, 18, 35, 32, 33, 26, 30, 31, 34, 38, 15, 37, 9, 10, 29, 22, 13, 12, 11, 0, 2, 4, 6, 7, 5, 8, 16, 1, 3, 19];2222.0
4775.0;[32, 29, 18, 19, 28, 24, 23, 25, 31, 34, 38, 0, 17, 14, 8, 37, 9, 10, 11, 16, 1, 35, 33, 26, 27, 2, 4, 3, 15, 6, 7, 5, 12, 13, 36, 21, 20, 22, 30];2226.0
4978.0;[15, 5, 8, 7, 6, 32, 34, 35, 38, 2, 4, 29, 28, 23, 24, 25, 31, 33, 19, 16, 12, 20, 13, 36, 21, 22, 11, 14, 17, 18, 30, 26, 27, 37, 9, 10, 0, 1, 3];2195.0
5341.0;[36, 21, 24, 25, 31, 34, 2, 15, 5, 37, 8, 9, 10, 16, 29, 28, 27, 22, 20, 12, 11, 14, 1, 3, 0, 18, 19, 38, 35, 4, 7, 6, 32, 30, 23, 26, 33, 17, 13];2192.0
5032.0;[10, 12, 37, 9, 5, 8, 30, 25, 31, 32, 34, 38, 35, 4, 33, 29, 19, 18, 17, 15, 6, 7, 24, 23, 26, 28, 27, 22, 36, 21, 20, 11, 16, 0, 1, 2, 3, 14, 13];2151.0
5536.0;[26, 30, 34, 2, 3, 37, 9, 10, 17, 18, 19, 1, 38, 35, 4, 5, 8, 27, 28, 24, 23, 25, 31, 32, 33, 29, 0, 16, 14, 13, 36, 20, 11, 15, 6, 7, 12, 21, 22];2100.0
5125.0;[28, 27, 25, 31, 32, 33, 26, 23, 24, 22, 20, 6, 7, 35, 38, 4, 2, 5, 9, 10, 12, 13, 36, 21, 17, 18, 19, 29, 30, 34, 1, 3, 0, 16, 14, 15, 8, 37, 11];2164.0
4376.0;[15, 7, 6, 2, 3, 0, 19, 17, 18, 14, 13, 36, 21, 24, 23, 26, 8, 5, 37, 9, 10, 16, 28, 27, 22, 20, 12, 11, 1, 4, 35, 34, 38, 30, 31, 25, 32, 33, 29];2203.0
4707.0;[23, 25, 26, 24, 36, 21, 22, 20, 13, 12, 10, 16, 0, 19, 18, 17, 29, 28, 27, 15, 5, 7, 6, 35, 34, 38, 4, 2, 3, 31, 32, 33, 1, 14, 11, 37, 9, 8, 30];2082.0
5719.0;[21, 5, 7, 6, 35, 38, 0, 19, 18, 29, 30, 31, 32, 33, 34, 2, 4, 8, 14, 17, 27, 24, 36, 23, 25, 26, 37, 9, 10, 11, 15, 16, 28, 20, 13, 12, 1, 3, 22];2455.0
5329.0;[1, 3, 15, 5, 6, 7, 8, 18, 17, 19, 30, 34, 35, 38, 2, 4, 37, 9, 10, 11, 14, 16, 12, 13, 36, 23, 26, 27, 24, 25, 31, 32, 33, 0, 29, 28, 21, 22, 20];2035.0
5199.0;[28, 22, 23, 25, 24, 26, 33, 29, 27, 34, 38, 35, 30, 31, 32, 3, 15, 5, 12, 13, 36, 21, 20, 11, 37, 9, 8, 10, 0, 19, 18, 17, 14, 16, 1, 2, 4, 7, 6];2109.0
5104.0;[31, 34, 38, 3, 19, 17, 18, 14, 16, 0, 1, 35, 2, 4, 8, 37, 9, 11, 29, 30, 33, 26, 23, 24, 20, 12, 13, 10, 15, 5, 7, 6, 32, 28, 27, 22, 36, 21, 25];2063.0
5457.0;[20, 15, 7, 6, 35, 4, 5, 8, 11, 37, 9, 10, 28, 27, 23, 25, 26, 34, 38, 2, 12, 13, 36, 21, 14, 16, 17, 18, 1, 3, 30, 33, 31, 32, 0, 19, 29, 22, 24];2249.0
5150.0;[11, 37, 9, 15, 6, 7, 13, 36, 24, 23, 25, 26, 30, 33, 1, 3, 29, 28, 22, 21, 20, 14, 17, 18, 19, 27, 31, 32, 34, 35, 38, 2, 4, 5, 8, 10, 12, 0, 16];2037.0
5560.0;[14, 15, 5, 6, 7, 35, 33, 30, 34, 38, 2, 4, 3, 22, 20, 13, 10, 9, 8, 37, 1, 29, 28, 27, 23, 25, 31, 32, 26, 24, 36, 21, 12, 11, 18, 17, 19, 0, 16];2000.0
5304.0;[20, 10, 11, 37, 9, 5, 6, 7, 1, 38, 3, 2, 4, 35, 30, 31, 32, 33, 29, 19, 0, 28, 27, 23, 24, 25, 34, 17, 18, 14, 16, 15, 8, 12, 13, 36, 21, 26, 22];2161.0
5765.0;[28, 23, 24, 13, 36, 21, 25, 26, 34, 38, 4, 35, 33, 30, 31, 32, 2, 16, 0, 29, 27, 22, 20, 12, 10, 11, 15, 5, 6, 7, 37, 9, 8, 14, 18, 17, 19, 1, 3];2054.0
5653.0;[29, 28, 24, 25, 31, 32, 13, 36, 22, 21, 23, 34, 38, 4, 35, 33, 30, 26, 27, 20, 5, 7, 37, 9, 10, 12, 14, 16, 1, 3, 19, 18, 17, 15, 6, 2, 0, 8, 11];2340.0
5174.0;[20, 14, 17, 18, 19, 28, 24, 23, 36, 21, 37, 8, 6, 4, 2, 3, 1, 15, 5, 7, 32, 31, 25, 26, 33, 30, 34, 38, 35, 29, 0, 12, 13, 10, 9, 11, 16, 27, 22];2289.0
5138.0;[37, 9, 10, 21, 20, 13, 36, 22, 23, 24, 26, 25, 31, 32, 34, 33, 28, 27, 30, 29, 0, 1, 38, 3, 19, 18, 14, 17, 2, 7, 6, 35, 4, 5, 8, 11, 12, 16, 15];2062.0
5028.0;[20, 11, 37, 9, 10, 12, 13, 36, 25, 31, 32, 29, 1, 38, 2, 3, 0, 16, 14, 18, 17, 19, 28, 27, 23, 24, 21, 15, 8, 5, 6, 30, 34, 4, 7, 35, 33, 26, 22];2142.0
5009.0;[14, 1, 38, 33, 30, 26, 24, 21, 13, 36, 23, 25, 31, 32, 34, 2, 3, 15, 8, 37, 9, 10, 12, 16, 0, 19, 17, 18, 29, 28, 27, 22, 20, 7, 6, 35, 4, 5, 11];1968.0
5197.0;[7, 6, 35, 38, 4, 2, 3, 0, 1, 33, 28, 23, 24, 22, 20, 13, 10, 11, 16, 31, 32, 34, 15, 5, 8, 37, 9, 12, 36, 21, 14, 17, 18, 19, 29, 27, 30, 25, 26];2302.0
5495.0;[3, 12, 13, 23, 24, 36, 21, 20, 16, 31, 25, 26, 30, 28, 27, 22, 11, 37, 8, 9, 10, 14, 17, 18, 19, 0, 15, 5, 7, 6, 32, 34, 33, 29, 1, 38, 35, 4, 2];2074.0
5446.0;[32, 33, 29, 1, 3, 0, 15, 8, 37, 9, 14, 17, 18, 5, 6, 7, 4, 35, 26, 23, 24, 13, 10, 11, 12, 36, 21, 22, 20, 16, 19, 28, 27, 34, 38, 2, 30, 31, 25];2235.0
5380.0;[20, 1, 3, 30, 33, 34, 35, 38, 2, 37, 9, 0, 19, 18, 17, 29, 36, 21, 22, 23, 24, 26, 25, 31, 32, 4, 6, 7, 5, 8, 12, 13, 10, 11, 14, 15, 16, 28, 27];2289.0
5032.0;[21, 22, 20, 13, 12, 11, 14, 18, 17, 19, 0, 28, 27, 23, 24, 25, 31, 34, 2, 4, 33, 29, 1, 3, 16, 15, 8, 37, 9, 10, 5, 6, 7, 32, 26, 30, 38, 35, 36];2121.0
4918.0;[25, 31, 19, 17, 18, 14, 0, 16, 15, 6, 7, 5, 8, 9, 37, 10, 29, 28, 23, 24, 36, 21, 13, 12, 1, 2, 4, 35, 33, 26, 22, 20, 11, 30, 32, 34, 38, 3, 27];2223.0
5393.0;[29, 28, 27, 23, 24, 22, 21, 25, 31, 32, 16, 0, 1, 2, 4, 3, 15, 5, 7, 6, 35, 33, 26, 20, 12, 13, 36, 30, 34, 38, 8, 37, 9, 10, 11, 14, 18, 17, 19];2074.0
5141.0;[37, 9, 10, 11, 18, 19, 1, 30, 26, 24, 23, 36, 13, 12, 14, 17, 29, 28, 20, 16, 0, 22, 21, 8, 5, 7, 31, 25, 27, 15, 6, 35, 4, 32, 33, 34, 38, 2, 3];2595.0
4839.0;[23, 26, 30, 34, 38, 4, 5, 8, 11, 37, 9, 10, 16, 0, 1, 35, 33, 29, 27, 22, 21, 14, 17, 19, 18, 28, 20, 13, 36, 24, 25, 31, 32, 2, 3, 15, 6, 7, 12];2125.0
5846.0;[25, 26, 23, 24, 36, 21, 20, 0, 38, 35, 32, 33, 29, 3, 2, 37, 10, 12, 14, 17, 18, 19, 16, 15, 8, 11, 1, 4, 5, 9, 28, 27, 22, 13, 7, 6, 34, 30, 31];2359.0
5209.0;[10, 37, 9, 7, 6, 4, 35, 32, 33, 30, 26, 24, 36, 21, 22, 23, 25, 31, 34, 38, 2, 3, 1, 29, 27, 28, 20, 11, 15, 5, 8, 0, 19, 18, 17, 16, 14, 12, 13];1896.0
4467.0;[1, 38, 35, 2, 29, 28, 27, 22, 36, 21, 26, 30, 33, 20, 12, 11, 14, 16, 23, 24, 13, 10, 6, 7, 4, 0, 17, 18, 19, 31, 25, 32, 34, 3, 15, 5, 8, 37, 9];2435.0
5299.0;[27, 26, 23, 24, 36, 21, 15, 8, 7, 5, 6, 32, 25, 31, 34, 2, 3, 19, 17, 18, 29, 28, 22, 20, 14, 16, 1, 35, 38, 4, 12, 13, 10, 30, 33, 11, 37, 9, 0];2438.0
4871.0;[29, 30, 31, 25, 32, 34, 38, 35, 4, 2, 3, 20, 13, 12, 36, 21, 23, 24, 26, 22, 15, 5, 6, 7, 8, 14, 18, 19, 28, 27, 33, 1, 0, 37, 9, 10, 11, 16, 17];2215.0
5221.0;[15, 6, 7, 5, 37, 9, 14, 17, 18, 19, 0, 16, 29, 24, 25, 26, 31, 32, 34, 33, 35, 38, 2, 4, 8, 11, 12, 36, 21, 20, 13, 10, 28, 27, 22, 23, 30, 1, 3];2065.0
5287.0;[5, 12, 13, 24, 36, 21, 22, 25, 31, 32, 29, 1, 28, 20, 8, 37, 9, 10, 11, 14, 17, 18, 19, 30, 34, 3, 0, 27, 23, 26, 33, 16, 15, 6, 7, 35, 38, 2, 4];2158.0
5347.0;[14, 2, 4, 5, 6, 7, 0, 29, 27, 23, 24, 25, 26, 31, 32, 19, 18, 17, 15, 37, 9, 8, 16, 1, 3, 28, 20, 12, 10, 11, 38, 35, 34, 33, 30, 22, 21, 13, 36];2351.0
5125.0;[35, 32, 31, 25, 24, 13, 36, 20, 11, 37, 9, 10, 17, 18, 14, 15, 12, 21, 22, 23, 26, 30, 33, 1, 3, 38, 2, 4, 7, 5, 6, 8, 16, 0, 19, 29, 28, 27, 34];2072.0
5738.0;[22, 11, 15, 5, 7, 6, 4, 2, 8, 37, 9, 10, 14, 17, 18, 38, 35, 30, 25, 31, 32, 34, 33, 1, 3, 12, 13, 36, 21, 0, 19, 28, 20, 16, 29, 27, 26, 23, 24];2211.0
5763.0;[28, 27, 37, 9, 7, 5, 6, 32, 33, 31, 25, 26, 23, 24, 36, 21, 20, 22, 14, 17, 18, 19, 1, 15, 8, 11, 0, 29, 30, 34, 38, 16, 12, 13, 10, 35, 4, 2, 3];2292.0
4981.0;[22, 23, 25, 26, 34, 38, 35, 29, 1, 28, 27, 20, 13, 10, 15, 5, 7, 6, 4, 2, 3, 19, 0, 18, 17, 14, 8, 11, 16, 30, 31, 32, 33, 24, 36, 21, 37, 9, 12];2097.0
5142.0;[25, 31, 32, 33, 29, 1, 35, 38, 2, 4, 6, 7, 5, 8, 11, 27, 20, 13, 10, 12, 36, 21, 22, 23, 26, 30, 34, 15, 37, 9, 14, 17, 18, 19, 3, 0, 16, 28, 24];2001.0
5010.0;[37, 9, 17, 18, 23, 26, 24, 36, 22, 25, 31, 32, 33, 1, 3, 38, 4, 2, 19, 14, 13, 10, 12, 6, 35, 28, 27, 20, 21, 15, 7, 5, 8, 11, 16, 29, 30, 34, 0];2462.0
4551.0;[16, 23, 24, 25, 31, 32, 33, 1, 3, 0, 14, 17, 18, 19, 29, 28, 27, 36, 20, 13, 10, 11, 15, 7, 5, 12, 21, 22, 8, 6, 30, 26, 34, 38, 35, 4, 2, 37, 9];2258.0
4982.0;[38, 15, 10, 12, 13, 36, 25, 31, 32, 22, 20, 21, 0, 19, 28, 27, 24, 23, 26, 34, 35, 4, 5, 6, 7, 8, 16, 18, 17, 14, 11, 37, 9, 30, 33, 29, 1, 2, 3];2256.0
4392.0;[38, 2, 3, 0, 16, 14, 15, 5, 6, 7, 9, 8, 11, 17, 19, 18, 29, 1, 33, 28, 27, 23, 24, 25, 26, 31, 32, 35, 4, 37, 10, 12, 13, 36, 21, 20, 22, 30, 34];1911.0
5050.0;[16, 0, 19, 29, 1, 2, 4, 7, 5, 6, 35, 31, 32, 33, 30, 26, 25, 27, 20, 13, 10, 14, 17, 18, 28, 23, 24, 36, 11, 12, 21, 22, 34, 38, 3, 15, 37, 9, 8];2125.0
4795.0;[25, 31, 32, 33, 29, 13, 36, 20, 11, 16, 1, 38, 2, 15, 8, 10, 12, 37, 9, 5, 6, 7, 14, 17, 18, 19, 34, 35, 4, 3, 0, 28, 27, 30, 26, 24, 21, 22, 23];2084.0
5037.0;[16, 14, 13, 10, 29, 24, 25, 26, 31, 32, 30, 34, 17, 19, 18, 1, 2, 4, 7, 5, 12, 36, 21, 22, 23, 38, 35, 33, 28, 27, 20, 11, 37, 9, 8, 15, 6, 3, 0];2334.0
5049.0;[3, 30, 34, 38, 35, 4, 8, 37, 9, 11, 16, 0, 19, 17, 18, 14, 15, 5, 6, 7, 12, 21, 22, 24, 36, 20, 13, 10, 28, 27, 23, 25, 31, 32, 33, 26, 29, 1, 2];1969.0
5351.0;[31, 32, 34, 33, 23, 24, 25, 20, 12, 0, 28, 27, 13, 10, 9, 7, 6, 2, 3, 29, 30, 26, 22, 36, 21, 18, 19, 1, 38, 35, 4, 5, 37, 8, 11, 16, 15, 14, 17];2324.0
5243.0;[12, 13, 36, 21, 20, 22, 26, 27, 28, 23, 24, 25, 31, 32, 33, 29, 19, 0, 1, 3, 17, 18, 15, 6, 7, 5, 9, 8, 37, 10, 16, 2, 4, 35, 30, 34, 38, 14, 11];1990.0
5382.0;[9, 16, 29, 22, 21, 23, 26, 30, 34, 35, 38, 2, 3, 19, 17, 18, 4, 6, 7, 5, 14, 11, 12, 20, 0, 1, 32, 33, 28, 27, 25, 31, 24, 36, 13, 10, 15, 8, 37];2329.0
4892.0;[14, 15, 8, 5, 7, 6, 28, 27, 23, 24, 22, 36, 21, 20, 11, 17, 18, 19, 30, 31, 25, 26, 13, 12, 1, 2, 4, 37, 9, 10, 3, 38, 35, 32, 34, 33, 29, 0, 16];2159.0
5316.0;[15, 6, 7, 35, 4, 37, 9, 10, 12, 13, 26, 30, 33, 0, 16, 29, 27, 24, 36, 20, 17, 19, 28, 22, 21, 23, 25, 31, 32, 34, 5, 8, 11, 14, 18, 1, 38, 2, 3];2230.0
5552.0;[19, 30, 31, 25, 26, 27, 24, 36, 35, 4, 6, 7, 2, 3, 22, 21, 23, 32, 33, 34, 38, 5, 37, 9, 8, 16, 1, 29, 28, 20, 13, 10, 12, 11, 15, 14, 17, 18, 0];2462.0
1837.0;[33, 29, 30, 25, 26, 23, 24, 21, 22, 13, 36, 20, 11, 16, 19, 1, 38, 35, 4, 2, 3, 0, 15, 5, 6, 7, 8, 37, 9, 10, 12, 14, 17, 18, 28, 27, 31, 32, 34]
