ftv35
[17, 33, 9, 15, 13, 22, 16, 25, 27, 28, 29, 30, 32, 4, 23, 1, 35, 6, 11, 34, 7, 2, 8, 3, 31, 26, 0, 14, 12, 5, 21, 20, 24, 19, 18, 10];3409.0;3912.6771653543306;789197.3622047245;835.0;1.0;127.0
[11, 3, 4, 15, 34, 13, 18, 19, 22, 24, 28, 17, 8, 29, 27, 23, 20, 12, 7, 6, 2, 1, 26, 25, 21, 9, 16, 30, 0, 10, 32, 14, 33, 35, 31, 5];3978.0
[28, 26, 33, 22, 17, 0, 35, 27, 31, 21, 15, 2, 34, 13, 18, 20, 29, 16, 23, 24, 4, 6, 5, 1, 12, 8, 9, 10, 25, 19, 7, 32, 30, 3, 14, 11];3946.0
[11, 3, 21, 30, 19, 10, 18, 33, 15, 14, 16, 1, 34, 7, 9, 2, 29, 32, 27, 22, 17, 12, 6, 31, 20, 13, 23, 28, 35, 5, 25, 4, 8, 0, 24, 26];4053.0
[26, 0, 31, 30, 35, 27, 3, 32, 7, 14, 25, 12, 4, 34, 9, 5, 1, 19, 20, 17, 18, 33, 10, 6, 29, 22, 15, 8, 24, 13, 28, 21, 23, 16, 11, 2];3967.0
[21, 18, 26, 15, 12, 2, 31, 30, 8, 35, 6, 4, 16, 27, 32, 5, 7, 9, 25, 20, 23, 28, 0, 11, 10, 17, 24, 33, 22, 19, 13, 29, 14, 3, 34, 1];3990.0
[18, 21, 20, 23, 34, 0, 13, 5, 30, 26, 17, 24, 29, 10, 9, 27, 3, 11, 12, 31, 35, 4, 8, 16, 15, 2, 14, 32, 22, 19, 28, 33, 1, 25, 6, 7];4079.0
[2, 6, 35, 26, 1, 13, 16, 14, 30, 17, 28, 22, 0, 15, 18, 21, 33, 23, 25, 20, 3, 27, 11, 4, 9, 8, 29, 31, 24, 34, 5, 19, 10, 12, 7, 32];3901.0
[6, 7, 4, 10, 33, 24, 30, 28, 29, 13, 21, 26, 19, 25, 22, 23, 3, 12, 8, 34, 27, 0, 32, 1, 35, 15, 14, 11, 31, 9, 18, 17, 20, 2, 16, 5];3745.0
[31, 30, 25, 23, 16, 21, 17, 15, 14, 33, 18, 34, 11, 0, 12, 20, 22, 27, 28, 13, 8, 32, 26, 3, 9, 10, 2, 1, 5, 6, 35, 19, 24, 29, 4, 7];3895.0
[17, 34, 0, 14, 11, 1, 7, 5, 3, 30, 29, 35, 16, 21, 33, 12, 6, 15, 13, 20, 10, 25, 26, 24, 19, 18, 27, 28, 2, 32, 31, 23, 22, 8, 9, 4];3852.0
[12, 5, 34, 20, 33, 21, 15, 24, 27, 14, 16, 26, 31, 3, 13, 28, 6, 11, 10, 23, 35, 32, 7, 25, 17, 18, 22, 19, 2, 4, 1, 9, 0, 8, 29, 30];4001.0
[4, 0, 32, 16, 1, 10, 11, 9, 14, 17, 23, 30, 26, 21, 24, 28, 22, 15, 33, 18, 5, 6, 27, 3, 34, 25, 20, 13, 29, 31, 35, 19, 8, 12, 7, 2];3989.0
[9, 8, 6, 16, 14, 21, 13, 7, 1, 30, 10, 19, 20, 33, 0, 24, 17, 34, 26, 15, 18, 11, 3, 25, 31, 35, 27, 22, 23, 28, 32, 4, 2, 5, 12, 29];3833.0
[33, 7, 4, 6, 5, 8, 17, 9, 14, 16, 28, 13, 15, 18, 24, 26, 35, 32, 29, 22, 10, 31, 30, 3, 25, 23, 27, 11, 12, 34, 0, 19, 1, 2, 20, 21];3711.0
[27, 26, 13, 15, 0, 35, 3, 12, 8, 6, 14, 32, 22, 18, 17, 19, 10, 28, 16, 24, 25, 7, 5, 33, 21, 31, 2, 29, 23, 34, 11, 30, 20, 1, 4, 9];3963.0
[19, 17, 0, 11, 10, 22, 32, 24, 31, 20, 5, 4, 7, 8, 6, 3, 2, 9, 26, 16, 33, 21, 12, 13, 18, 23, 27, 14, 35, 1, 34, 15, 25, 28, 29, 30];3993.0
[22, 33, 19, 21, 6, 35, 13, 24, 25, 11, 0, 12, 7, 2, 34, 8, 16, 20, 27, 30, 5, 4, 14, 10, 9, 18, 29, 1, 26, 17, 23, 15, 3, 28, 31, 32];3895.0
[32, 10, 17, 3, 12, 1, 23, 19, 21, 20, 33, 27, 35, 6, 25, 26, 22, 24, 18, 28, 29, 4, 7, 9, 5, 15, 11, 31, 30, 16, 0, 34, 8, 2, 13, 14];3749.0
[17, 11, 19, 22, 21, 18, 12, 0, 31, 35, 32, 29, 6, 4, 23, 15, 3, 33, 10, 13, 8, 7, 9, 28, 27, 34, 25, 2, 5, 1, 30, 16, 26, 14, 24, 20];3944.0
[27, 3, 30, 32, 31, 6, 15, 24, 34, 7, 9, 35, 29, 16, 21, 19, 18, 33, 17, 0, 14, 1, 2, 12, 8, 11, 25, 26, 28, 5, 23, 20, 22, 4, 13, 10];3955.0
[8, 10, 16, 14, 2, 4, 7, 24, 19, 33, 5, 34, 6, 0, 20, 21, 15, 18, 9, 23, 17, 25, 27, 29, 28, 35, 32, 1, 30, 12, 11, 13, 3, 22, 31, 26];3826.0
[29, 27, 12, 13, 9, 8, 34, 15, 21, 23, 0, 11, 6, 14, 2, 25, 33, 20, 19, 22, 28, 1, 7, 3, 24, 17, 4, 35, 32, 26, 30, 31, 5, 10, 18, 16];3862.0
[2, 3, 29, 23, 16, 11, 10, 26, 32, 24, 20, 35, 1, 5, 27, 31, 13, 9, 34, 15, 28, 25, 19, 14, 22, 17, 33, 18, 0, 21, 7, 8, 12, 6, 4, 30];4067.0
[21, 18, 34, 1, 31, 17, 16, 23, 26, 25, 28, 33, 24, 6, 4, 35, 3, 30, 0, 32, 14, 11, 5, 8, 7, 29, 2, 12, 9, 15, 13, 22, 27, 20, 10, 19];3907.0
[29, 28, 16, 2, 34, 30, 25, 21, 7, 5, 6, 1, 26, 3, 9, 12, 22, 23, 31, 32, 24, 4, 13, 11, 20, 33, 10, 19, 18, 0, 15, 14, 8, 27, 17, 35];3900.0
[12, 8, 7, 27, 19, 10, 15, 6, 9, 2, 4, 13, 5, 34, 3, 26, 18, 0, 17, 1, 16, 33, 35, 25, 24, 28, 29, 32, 21, 20, 22, 31, 23, 30, 14, 11];3881.0
[12, 34, 6, 18, 20, 24, 10, 9, 4, 22, 28, 33, 5, 14, 26, 25, 35, 2, 16, 1, 15, 13, 8, 11, 30, 21, 32, 0, 3, 7, 31, 29, 23, 19, 17, 27];4028.0
[28, 33, 31, 17, 12, 35, 15, 2, 19, 18, 16, 29, 3, 1, 25, 21, 22, 23, 30, 20, 5, 10, 14, 0, 4, 6, 8, 7, 34, 13, 9, 11, 26, 24, 32, 27];3990.0
[28, 33, 10, 12, 2, 24, 27, 21, 11, 22, 31, 4, 32, 35, 30, 9, 34, 15, 13, 16, 8, 20, 23, 29, 14, 1, 6, 3, 25, 18, 17, 0, 26, 19, 5, 7];3868.0
[22, 20, 33, 7, 35, 12, 16, 15, 18, 10, 5, 26, 24, 6, 34, 1, 17, 11, 23, 14, 21, 31, 2, 3, 0, 13, 9, 8, 19, 28, 29, 25, 4, 32, 27, 30];3945.0
[15, 11, 0, 34, 24, 26, 16, 18, 19, 25, 10, 17, 2, 23, 35, 1, 29, 22, 31, 33, 4, 7, 8, 9, 20, 21, 3, 27, 28, 30, 5, 6, 13, 32, 12, 14];4074.0
[4, 6, 7, 30, 35, 29, 22, 9, 20, 32, 0, 11, 25, 31, 24, 10, 8, 26, 13, 34, 5, 23, 28, 21, 33, 19, 16, 2, 3, 12, 15, 14, 18, 17, 27, 1];3744.0
[15, 11, 5, 29, 2, 35, 34, 9, 28, 24, 22, 31, 16, 1, 20, 21, 23, 4, 3, 30, 14, 12, 19, 26, 17, 0, 8, 33, 18, 10, 7, 6, 32, 25, 27, 13];3876.0
[1, 15, 2, 12, 5, 32, 25, 26, 35, 31, 6, 29, 9, 8, 23, 27, 19, 30, 4, 7, 22, 28, 24, 13, 0, 16, 14, 11, 17, 33, 21, 20, 10, 18, 3, 34];3905.0
[14, 11, 5, 7, 8, 13, 27, 12, 34, 9, 24, 19, 22, 21, 17, 16, 3, 35, 1, 32, 15, 26, 28, 18, 33, 10, 6, 30, 20, 4, 23, 25, 31, 0, 2, 29];3740.0
[0, 23, 2, 16, 30, 35, 32, 4, 26, 21, 10, 20, 19, 17, 14, 5, 34, 9, 3, 12, 6, 18, 25, 15, 1, 27, 22, 33, 29, 28, 24, 31, 13, 7, 8, 11];3850.0
[2, 3, 4, 15, 17, 20, 5, 8, 13, 26, 30, 7, 6, 9, 34, 19, 31, 29, 18, 23, 21, 0, 24, 28, 22, 33, 14, 11, 25, 12, 10, 1, 32, 27, 16, 35];4098.0
[16, 15, 24, 7, 6, 13, 3, 5, 14, 9, 10, 28, 26, 1, 4, 32, 19, 30, 31, 0, 11, 34, 35, 2, 21, 18, 17, 12, 33, 20, 27, 29, 25, 22, 23, 8];3789.0
[4, 2, 25, 29, 11, 7, 23, 27, 22, 24, 28, 16, 14, 9, 30, 20, 19, 18, 12, 33, 21, 17, 13, 34, 0, 5, 6, 1, 15, 31, 3, 10, 8, 32, 35, 26];3975.0
[11, 15, 27, 21, 32, 9, 14, 13, 10, 30, 29, 28, 31, 5, 8, 25, 19, 18, 35, 3, 16, 34, 6, 4, 1, 2, 26, 20, 22, 0, 7, 24, 23, 17, 33, 12];3862.0
[2, 11, 14, 15, 3, 35, 4, 34, 16, 9, 5, 24, 27, 33, 23, 30, 32, 22, 25, 17, 19, 7, 6, 29, 12, 8, 18, 13, 10, 31, 26, 20, 0, 1, 21, 28];3956.0
[33, 16, 25, 12, 6, 5, 19, 9, 34, 24, 29, 1, 3, 20, 10, 8, 17, 18, 30, 32, 28, 27, 15, 35, 2, 0, 11, 14, 26, 13, 4, 21, 22, 31, 7, 23];4050.0
[3, 26, 28, 7, 27, 21, 29, 12, 6, 34, 10, 5, 8, 15, 23, 30, 32, 24, 20, 19, 33, 11, 18, 17, 9, 0, 31, 35, 4, 2, 13, 25, 14, 22, 1, 16];3879.0
[27, 30, 1, 0, 26, 7, 5, 11, 17, 35, 4, 32, 29, 2, 3, 19, 18, 14, 15, 16, 34, 6, 31, 10, 23, 12, 8, 22, 28, 24, 33, 21, 25, 20, 9, 13];3689.0
[32, 1, 34, 0, 31, 30, 5, 8, 9, 4, 2, 15, 17, 33, 10, 25, 18, 23, 28, 22, 19, 21, 20, 26, 24, 16, 11, 27, 35, 7, 6, 13, 29, 14, 3, 12];3754.0
[11, 28, 31, 24, 35, 30, 1, 34, 5, 20, 18, 29, 27, 32, 9, 12, 19, 33, 17, 10, 25, 23, 13, 7, 6, 2, 15, 14, 0, 16, 26, 22, 21, 3, 8, 4];3998.0
[14, 18, 6, 7, 28, 4, 32, 12, 29, 30, 26, 25, 19, 23, 22, 27, 13, 31, 33, 0, 1, 20, 21, 10, 17, 34, 2, 9, 16, 35, 5, 24, 3, 8, 11, 15];4002.0
[16, 8, 10, 7, 25, 18, 5, 1, 32, 29, 21, 22, 20, 30, 31, 17, 11, 14, 13, 27, 19, 24, 12, 34, 9, 0, 4, 28, 26, 35, 2, 3, 15, 6, 23, 33];3934.0
[0, 11, 25, 30, 8, 1, 34, 14, 32, 17, 27, 29, 31, 26, 15, 16, 24, 19, 5, 7, 33, 20, 22, 4, 35, 6, 2, 13, 28, 23, 10, 21, 18, 9, 3, 12];3890.0
[15, 16, 0, 18, 1, 31, 11, 34, 23, 32, 4, 3, 7, 6, 5, 29, 30, 14, 22, 25, 33, 13, 9, 12, 19, 17, 8, 26, 20, 24, 27, 28, 21, 10, 2, 35];3892.0
[0, 13, 3, 35, 9, 26, 12, 24, 10, 22, 28, 23, 30, 16, 4, 2, 5, 6, 31, 1, 20, 27, 33, 21, 18, 34, 11, 8, 19, 25, 14, 17, 7, 15, 32, 29];3978.0
[34, 5, 16, 30, 8, 6, 32, 24, 33, 28, 15, 13, 18, 17, 9, 25, 11, 2, 1, 19, 10, 14, 23, 35, 3, 22, 29, 31, 4, 12, 20, 21, 7, 27, 26, 0];4153.0
[32, 29, 26, 14, 15, 31, 35, 1, 17, 13, 27, 2, 34, 6, 30, 18, 24, 28, 0, 4, 7, 5, 21, 22, 20, 12, 3, 25, 19, 33, 23, 16, 10, 9, 11, 8];3853.0
[3, 5, 8, 10, 19, 20, 24, 31, 13, 12, 34, 35, 16, 23, 27, 4, 2, 14, 0, 26, 1, 15, 6, 9, 29, 25, 7, 32, 28, 22, 33, 21, 11, 30, 17, 18];3914.0
[12, 2, 27, 8, 9, 16, 25, 17, 3, 1, 13, 34, 5, 0, 33, 4, 7, 6, 30, 29, 24, 35, 19, 21, 28, 18, 20, 23, 26, 31, 32, 22, 11, 10, 14, 15];3978.0
[34, 14, 21, 35, 32, 26, 1, 22, 24, 29, 25, 30, 18, 10, 15, 4, 31, 16, 20, 33, 17, 19, 27, 3, 6, 28, 0, 13, 12, 5, 7, 2, 8, 9, 11, 23];3867.0
[14, 24, 28, 30, 32, 26, 16, 3, 1, 9, 11, 12, 15, 22, 2, 8, 34, 13, 21, 29, 23, 20, 31, 0, 25, 33, 17, 19, 35, 27, 5, 6, 4, 7, 18, 10];3817.0
[11, 16, 1, 0, 25, 23, 4, 31, 20, 28, 29, 35, 17, 9, 14, 7, 34, 8, 12, 6, 30, 15, 2, 27, 24, 21, 18, 19, 3, 32, 5, 33, 22, 13, 26, 10];3817.0
[1, 2, 34, 22, 3, 7, 24, 29, 31, 27, 25, 21, 10, 11, 14, 19, 28, 30, 15, 26, 16, 0, 13, 6, 23, 20, 8, 12, 9, 5, 32, 4, 35, 33, 18, 17];3889.0
[18, 33, 28, 19, 21, 20, 12, 3, 34, 9, 25, 27, 22, 10, 11, 0, 30, 16, 26, 17, 14, 13, 15, 8, 23, 6, 5, 35, 2, 32, 7, 1, 29, 31, 4, 24];3987.0
[27, 23, 20, 31, 22, 28, 29, 34, 26, 19, 35, 24, 8, 1, 17, 7, 4, 32, 14, 12, 2, 3, 6, 5, 0, 15, 21, 33, 10, 18, 9, 11, 25, 13, 30, 16];3804.0
[3, 25, 23, 14, 28, 17, 18, 11, 0, 8, 9, 1, 32, 30, 20, 33, 10, 15, 5, 6, 7, 24, 29, 22, 19, 26, 34, 31, 2, 13, 16, 35, 27, 21, 12, 4];3827.0
[24, 0, 35, 19, 25, 26, 18, 17, 9, 5, 11, 20, 23, 21, 10, 33, 29, 28, 31, 2, 6, 3, 34, 8, 22, 27, 15, 7, 13, 32, 16, 12, 4, 30, 14, 1];3919.0
[27, 23, 21, 13, 29, 0, 11, 2, 22, 17, 5, 4, 31, 15, 7, 8, 28, 24, 20, 19, 33, 10, 9, 6, 30, 34, 1, 3, 25, 26, 16, 14, 35, 32, 18, 12];4065.0
[23, 32, 4, 3, 15, 35, 2, 1, 22, 17, 8, 25, 28, 9, 14, 18, 20, 10, 24, 29, 21, 33, 19, 31, 30, 5, 12, 11, 0, 26, 16, 13, 34, 27, 6, 7];4012.0
[4, 22, 5, 6, 35, 32, 27, 0, 33, 26, 24, 10, 15, 13, 14, 7, 28, 20, 23, 21, 18, 25, 16, 19, 30, 1, 2, 17, 9, 12, 34, 8, 31, 3, 11, 29];4145.0
[20, 23, 19, 21, 16, 14, 13, 6, 8, 1, 11, 28, 27, 31, 35, 29, 30, 2, 18, 0, 25, 34, 7, 15, 22, 3, 26, 33, 10, 24, 12, 9, 5, 4, 32, 17];4035.0
[24, 31, 0, 19, 17, 35, 32, 20, 21, 33, 13, 11, 4, 29, 15, 7, 5, 34, 14, 30, 12, 6, 2, 9, 10, 16, 18, 1, 3, 22, 26, 23, 28, 8, 27, 25];3963.0
[31, 30, 22, 9, 8, 5, 7, 16, 14, 12, 4, 13, 0, 3, 19, 28, 29, 35, 11, 32, 24, 33, 27, 26, 23, 18, 20, 25, 1, 21, 10, 17, 6, 34, 15, 2];3893.0
[22, 20, 31, 11, 0, 28, 32, 4, 24, 25, 19, 30, 8, 21, 7, 6, 29, 33, 34, 12, 5, 35, 14, 2, 3, 16, 1, 9, 13, 27, 23, 26, 15, 10, 17, 18];3917.0
[14, 12, 6, 3, 4, 33, 9, 35, 0, 1, 28, 27, 31, 2, 20, 21, 23, 32, 16, 11, 34, 8, 18, 24, 13, 15, 25, 26, 19, 17, 10, 22, 30, 29, 7, 5];3730.0
[27, 14, 0, 8, 5, 19, 29, 16, 31, 17, 11, 6, 28, 25, 22, 30, 23, 20, 33, 9, 35, 4, 32, 2, 7, 13, 15, 12, 34, 1, 24, 21, 18, 10, 26, 3];3807.0
[14, 33, 12, 6, 5, 34, 20, 28, 17, 18, 10, 7, 2, 32, 8, 25, 23, 15, 26, 0, 24, 21, 29, 30, 3, 35, 13, 9, 1, 31, 4, 19, 22, 27, 11, 16];3801.0
[18, 33, 4, 8, 1, 12, 15, 2, 27, 22, 29, 11, 13, 16, 9, 7, 5, 6, 30, 26, 35, 3, 0, 32, 14, 28, 34, 25, 17, 20, 10, 21, 19, 23, 31, 24];3766.0
[21, 8, 0, 22, 34, 4, 11, 6, 31, 2, 5, 12, 28, 7, 16, 1, 26, 24, 17, 13, 10, 33, 14, 3, 32, 35, 27, 29, 30, 23, 18, 15, 25, 9, 19, 20];3996.0
[26, 17, 33, 16, 0, 22, 21, 11, 5, 3, 27, 2, 34, 8, 7, 6, 35, 4, 14, 20, 10, 13, 25, 30, 29, 31, 28, 15, 1, 32, 12, 9, 19, 23, 18, 24];3927.0
[8, 11, 25, 21, 4, 32, 3, 35, 1, 15, 9, 14, 10, 30, 13, 20, 19, 22, 27, 23, 17, 5, 31, 7, 6, 12, 0, 16, 2, 24, 34, 29, 28, 26, 33, 18];3983.0
[11, 24, 3, 4, 32, 26, 14, 22, 17, 29, 23, 28, 2, 35, 25, 5, 13, 34, 10, 18, 19, 20, 21, 33, 12, 8, 27, 30, 31, 9, 16, 0, 1, 6, 15, 7];3949.0
[29, 22, 20, 9, 13, 16, 34, 8, 5, 15, 4, 27, 10, 33, 3, 18, 19, 6, 1, 32, 25, 24, 12, 0, 17, 21, 23, 28, 2, 35, 14, 11, 31, 26, 7, 30];4041.0
[27, 29, 25, 22, 18, 11, 6, 2, 5, 12, 3, 15, 33, 17, 13, 10, 26, 14, 19, 20, 16, 21, 31, 35, 32, 4, 34, 8, 7, 1, 0, 24, 30, 28, 23, 9];3767.0
[20, 23, 21, 19, 15, 10, 17, 26, 12, 0, 6, 35, 4, 30, 16, 1, 7, 2, 28, 8, 32, 34, 9, 13, 11, 25, 27, 24, 33, 18, 22, 5, 29, 31, 3, 14];3891.0
[26, 30, 12, 5, 10, 21, 18, 17, 14, 19, 25, 4, 6, 35, 2, 3, 27, 9, 8, 11, 13, 15, 28, 31, 7, 34, 1, 20, 16, 32, 24, 33, 22, 0, 23, 29];3887.0
[33, 17, 8, 22, 31, 24, 3, 7, 6, 9, 25, 21, 29, 27, 35, 32, 34, 12, 30, 15, 11, 13, 0, 1, 4, 5, 2, 16, 10, 23, 28, 26, 14, 19, 18, 20];3607.0
[23, 5, 3, 13, 19, 34, 9, 15, 26, 21, 24, 27, 18, 10, 33, 8, 11, 12, 14, 16, 20, 28, 2, 35, 17, 22, 7, 0, 1, 25, 32, 29, 4, 6, 31, 30];3981.0
[5, 15, 34, 8, 27, 22, 31, 30, 25, 14, 3, 4, 2, 1, 12, 6, 32, 21, 24, 19, 23, 16, 17, 9, 7, 11, 13, 28, 35, 20, 33, 0, 29, 18, 10, 26];3951.0
[20, 22, 3, 15, 0, 17, 9, 14, 7, 35, 29, 10, 8, 28, 23, 18, 33, 24, 27, 30, 34, 1, 13, 16, 21, 19, 31, 12, 5, 26, 2, 11, 32, 4, 6, 25];3963.0
[26, 13, 19, 11, 35, 17, 16, 34, 12, 3, 14, 24, 32, 31, 20, 22, 28, 4, 29, 25, 23, 1, 5, 18, 9, 8, 6, 7, 27, 30, 0, 21, 33, 10, 2, 15];3992.0
[35, 12, 9, 3, 17, 11, 2, 24, 5, 27, 34, 18, 10, 23, 25, 26, 4, 16, 15, 0, 31, 7, 6, 8, 32, 1, 30, 22, 28, 20, 21, 29, 33, 19, 13, 14];4087.0
[23, 11, 0, 20, 30, 14, 12, 5, 7, 25, 32, 17, 3, 27, 9, 10, 33, 34, 8, 26, 1, 24, 2, 19, 18, 6, 16, 4, 35, 21, 22, 28, 29, 15, 13, 31];3988.0
[31, 17, 8, 6, 3, 19, 20, 33, 15, 0, 5, 23, 10, 21, 22, 24, 25, 9, 28, 11, 12, 34, 7, 30, 29, 27, 1, 35, 2, 13, 18, 32, 4, 14, 16, 26];3821.0
[12, 35, 23, 17, 21, 6, 28, 10, 9, 11, 7, 5, 25, 18, 19, 26, 24, 20, 32, 30, 15, 8, 16, 14, 33, 27, 22, 29, 2, 31, 4, 34, 0, 3, 13, 1];4008.0
[13, 15, 34, 8, 11, 28, 23, 29, 32, 0, 9, 14, 6, 7, 1, 3, 24, 19, 5, 26, 2, 12, 17, 31, 4, 30, 33, 18, 27, 20, 35, 16, 22, 25, 21, 10];3999.0
[17, 33, 9, 15, 13, 22, 16, 25, 27, 28, 29, 30, 32, 4, 23, 1, 35, 6, 11, 34, 7, 2, 8, 3, 31, 26, 0, 14, 12, 5, 21, 20, 24, 19, 18, 10];3409.0
[14, 1, 5, 18, 25, 8, 34, 28, 17, 9, 2, 3, 0, 35, 30, 26, 33, 16, 11, 4, 31, 27, 24, 12, 7, 6, 10, 15, 32, 19, 20, 22, 29, 23, 21, 13];3937.0
[24, 21, 27, 28, 14, 22, 16, 13, 30, 1, 29, 0, 33, 26, 35, 15, 25, 31, 17, 19, 20, 2, 3, 32, 8, 11, 34, 5, 4, 7, 12, 10, 18, 9, 6, 23];4007.0
[33, 12, 29, 24, 27, 23, 19, 10, 15, 25, 28, 30, 20, 31, 16, 34, 32, 35, 22, 21, 18, 26, 14, 3, 2, 0, 5, 8, 13, 1, 11, 17, 9, 6, 4, 7];3806.0
[19, 33, 10, 13, 5, 1, 32, 7, 6, 35, 17, 18, 30, 2, 16, 3, 21, 29, 27, 26, 14, 8, 34, 11, 0, 15, 22, 12, 9, 28, 25, 31, 4, 24, 23, 20];3778.0
[3, 11, 12, 34, 8, 32, 13, 1, 0, 25, 35, 27, 15, 17, 14, 23, 18, 22, 24, 19, 31, 6, 5, 28, 2, 16, 33, 10, 21, 20, 29, 26, 30, 9, 7, 4];3884.0
[15, 1, 31, 29, 28, 23, 33, 19, 6, 22, 16, 35, 2, 0, 9, 5, 24, 8, 11, 30, 21, 10, 18, 17, 12, 32, 3, 7, 34, 25, 20, 27, 26, 14, 13, 4];3952.0
[31, 4, 6, 10, 21, 20, 26, 11, 7, 18, 19, 2, 13, 3, 32, 8, 33, 17, 23, 28, 29, 5, 9, 0, 12, 16, 24, 34, 14, 15, 25, 35, 22, 27, 30, 1];3932.0
[26, 5, 2, 13, 35, 27, 29, 4, 15, 28, 6, 30, 21, 23, 20, 22, 18, 33, 8, 1, 31, 25, 0, 12, 32, 34, 9, 7, 3, 24, 10, 17, 19, 11, 14, 16];3949.0
[34, 6, 29, 18, 17, 15, 11, 2, 26, 1, 16, 10, 8, 0, 9, 13, 3, 12, 5, 31, 25, 35, 28, 7, 27, 33, 22, 20, 23, 14, 19, 21, 24, 30, 32, 4];3922.0
[9, 0, 13, 26, 5, 23, 10, 14, 16, 18, 30, 21, 17, 24, 19, 25, 22, 28, 20, 15, 11, 12, 6, 33, 8, 34, 1, 2, 7, 35, 32, 3, 4, 27, 29, 31];3950.0
[31, 23, 32, 26, 13, 27, 29, 11, 19, 18, 1, 4, 35, 3, 0, 10, 34, 7, 20, 21, 28, 15, 8, 9, 12, 24, 17, 22, 30, 2, 25, 5, 16, 14, 33, 6];4051.0
[28, 15, 3, 16, 8, 7, 32, 22, 24, 35, 4, 2, 9, 12, 5, 11, 34, 25, 1, 21, 33, 10, 0, 13, 17, 20, 14, 19, 6, 18, 26, 23, 31, 29, 27, 30];4002.0
[21, 23, 27, 19, 26, 4, 2, 5, 12, 33, 11, 13, 32, 28, 18, 30, 35, 22, 29, 31, 24, 17, 3, 16, 25, 8, 9, 15, 34, 6, 7, 14, 0, 1, 20, 10];3821.0
[24, 17, 11, 0, 7, 27, 34, 5, 12, 9, 19, 20, 28, 23, 15, 31, 4, 1, 16, 14, 18, 10, 33, 35, 22, 29, 32, 13, 2, 3, 6, 8, 30, 21, 25, 26];4036.0
[13, 3, 26, 25, 19, 34, 23, 27, 16, 24, 1, 6, 5, 35, 0, 28, 31, 14, 11, 17, 4, 9, 15, 12, 7, 10, 18, 21, 20, 30, 32, 2, 29, 22, 33, 8];3813.0
[22, 20, 23, 31, 18, 17, 19, 14, 13, 32, 7, 10, 4, 8, 5, 26, 3, 1, 15, 28, 30, 12, 9, 6, 11, 33, 34, 24, 21, 0, 27, 16, 25, 35, 2, 29];4069.0
[25, 1, 9, 28, 29, 31, 35, 5, 13, 0, 16, 15, 11, 10, 19, 20, 2, 7, 4, 3, 8, 6, 21, 17, 33, 22, 34, 14, 30, 24, 12, 26, 18, 32, 27, 23];3847.0
[19, 33, 20, 15, 24, 23, 21, 35, 34, 2, 8, 0, 10, 12, 5, 11, 26, 28, 30, 14, 16, 3, 27, 7, 6, 13, 25, 1, 32, 29, 22, 18, 31, 4, 9, 17];3908.0
[3, 1, 23, 12, 11, 35, 4, 5, 18, 13, 10, 27, 31, 21, 20, 33, 32, 17, 15, 0, 25, 24, 34, 8, 9, 16, 19, 22, 2, 30, 28, 26, 29, 14, 7, 6];3873.0
[9, 34, 7, 5, 19, 2, 26, 8, 1, 32, 4, 3, 11, 6, 28, 16, 35, 12, 30, 27, 21, 10, 29, 31, 0, 23, 15, 14, 20, 22, 17, 18, 33, 13, 25, 24];3891.0
[24, 35, 31, 14, 16, 8, 18, 17, 10, 0, 25, 19, 33, 20, 9, 34, 7, 6, 3, 32, 15, 2, 29, 28, 5, 22, 27, 23, 13, 12, 4, 26, 30, 21, 1, 11];3961.0
[34, 7, 9, 0, 12, 5, 6, 3, 13, 30, 23, 22, 17, 33, 27, 31, 29, 14, 32, 26, 10, 1, 35, 2, 8, 20, 25, 16, 24, 28, 15, 4, 11, 19, 18, 21];3839.0
[16, 3, 9, 0, 1, 4, 32, 2, 21, 24, 6, 7, 5, 19, 18, 11, 26, 17, 29, 14, 25, 28, 27, 15, 8, 12, 31, 35, 22, 13, 30, 20, 23, 10, 33, 34];3964.0
[18, 14, 20, 19, 28, 7, 35, 0, 26, 31, 5, 3, 24, 21, 27, 1, 32, 29, 22, 23, 13, 12, 34, 30, 25, 10, 33, 15, 2, 6, 4, 9, 16, 17, 8, 11];3915.0
[33, 18, 7, 30, 24, 22, 21, 9, 2, 29, 28, 11, 3, 34, 19, 8, 6, 5, 16, 1, 14, 0, 4, 13, 26, 23, 20, 27, 35, 12, 15, 25, 31, 32, 17, 10];3777.0
[4, 13, 16, 20, 28, 25, 29, 17, 7, 0, 5, 15, 27, 23, 32, 30, 10, 22, 1, 26, 34, 24, 33, 6, 2, 3, 9, 18, 19, 21, 8, 14, 11, 12, 31, 35];4100.0
[15, 19, 18, 20, 31, 33, 28, 26, 22, 9, 0, 2, 1, 3, 4, 7, 32, 17, 29, 23, 24, 21, 30, 35, 5, 10, 8, 6, 14, 12, 13, 25, 27, 11, 34, 16];3946.0
[30, 24, 10, 11, 17, 9, 13, 26, 3, 12, 29, 28, 34, 8, 6, 35, 15, 19, 20, 23, 0, 4, 31, 2, 14, 25, 22, 16, 33, 27, 5, 7, 32, 21, 18, 1];3924.0
[6, 12, 8, 10, 18, 21, 34, 0, 13, 1, 11, 9, 7, 2, 35, 5, 14, 16, 31, 24, 25, 17, 15, 33, 19, 28, 26, 30, 32, 22, 23, 27, 29, 3, 20, 4];3782.0
[9, 34, 8, 14, 7, 26, 16, 31, 30, 35, 0, 5, 1, 32, 20, 29, 25, 19, 17, 3, 2, 13, 12, 6, 27, 4, 15, 22, 28, 23, 21, 24, 33, 11, 18, 10];3561.0
[14, 26, 28, 17, 15, 32, 6, 31, 1, 30, 3, 2, 5, 0, 8, 34, 7, 4, 11, 33, 20, 22, 21, 24, 27, 16, 25, 18, 12, 13, 29, 35, 10, 19, 23, 9];3810.0
[1, 35, 6, 22, 23, 19, 33, 18, 30, 20, 24, 21, 10, 11, 13, 4, 34, 26, 0, 17, 16, 29, 31, 28, 9, 27, 25, 32, 8, 5, 3, 7, 15, 14, 2, 12];4015.0
[23, 34, 10, 9, 0, 18, 17, 35, 11, 33, 21, 20, 25, 1, 26, 12, 16, 14, 2, 24, 29, 19, 30, 3, 4, 32, 5, 27, 13, 31, 22, 28, 8, 7, 6, 15];4054.0
[30, 22, 35, 32, 4, 2, 7, 6, 3, 1, 17, 28, 11, 12, 31, 19, 5, 14, 34, 9, 13, 21, 27, 10, 18, 20, 8, 16, 0, 33, 23, 24, 15, 25, 29, 26];3980.0
