ftv38
[6, 35, 26, 30, 22, 24, 21, 20, 23, 29, 3, 7, 13, 36, 17, 27, 34, 14, 10, 11, 15, 9, 16, 33, 18, 19, 12, 32, 31, 28, 1, 2, 0, 5, 37, 8, 25, 38, 4];3873.0;4159.452631578947;1060080.0631578946;1373.0;1.0;95.0
[37, 23, 25, 27, 34, 28, 32, 31, 10, 15, 7, 6, 16, 13, 20, 11, 19, 22, 30, 26, 24, 35, 29, 2, 3, 18, 1, 0, 17, 38, 12, 33, 21, 4, 8, 9, 36, 14, 5];4092.0
[22, 10, 6, 1, 4, 12, 23, 21, 11, 24, 27, 25, 32, 33, 34, 20, 38, 28, 15, 7, 3, 0, 17, 18, 16, 9, 26, 13, 36, 2, 29, 19, 31, 30, 5, 8, 14, 37, 35];4332.0
[17, 32, 14, 9, 11, 15, 6, 30, 24, 28, 21, 4, 7, 18, 0, 12, 31, 5, 8, 36, 23, 1, 3, 13, 20, 37, 10, 19, 29, 33, 26, 27, 25, 22, 35, 34, 38, 2, 16];3981.0
[28, 38, 31, 20, 21, 22, 16, 4, 35, 34, 0, 3, 11, 37, 9, 5, 10, 15, 19, 18, 29, 7, 32, 17, 12, 1, 2, 14, 26, 23, 33, 8, 25, 30, 27, 24, 6, 36, 13];4250.0
[5, 19, 22, 36, 13, 21, 18, 0, 11, 14, 6, 34, 24, 20, 29, 16, 38, 26, 27, 33, 4, 23, 35, 31, 17, 3, 2, 32, 25, 10, 8, 15, 9, 37, 30, 12, 1, 28, 7];4352.0
[33, 26, 30, 19, 12, 24, 35, 9, 17, 8, 37, 29, 18, 28, 22, 23, 20, 10, 11, 14, 7, 13, 38, 3, 1, 16, 15, 0, 25, 27, 36, 21, 6, 2, 31, 34, 4, 5, 32];3948.0
[31, 36, 23, 28, 21, 25, 27, 7, 37, 30, 24, 20, 12, 13, 29, 33, 1, 35, 6, 5, 10, 17, 18, 2, 32, 34, 11, 14, 9, 8, 3, 22, 0, 38, 26, 4, 19, 16, 15];4127.0
[26, 6, 3, 38, 11, 9, 14, 37, 8, 34, 25, 19, 17, 15, 5, 33, 1, 0, 35, 28, 7, 10, 18, 4, 30, 21, 13, 36, 20, 12, 22, 32, 24, 16, 29, 27, 31, 2, 23];4279.0
[38, 4, 10, 32, 13, 0, 7, 35, 28, 17, 31, 27, 22, 36, 9, 18, 25, 24, 26, 23, 20, 2, 29, 21, 5, 8, 6, 34, 14, 16, 19, 11, 37, 15, 12, 1, 3, 33, 30];4145.0
[33, 16, 11, 28, 34, 14, 7, 17, 19, 18, 23, 27, 30, 25, 10, 15, 5, 9, 3, 26, 24, 21, 37, 8, 12, 38, 4, 22, 0, 20, 35, 2, 6, 1, 36, 13, 32, 31, 29];4210.0
[17, 30, 1, 19, 18, 34, 29, 38, 8, 2, 5, 7, 14, 4, 6, 10, 16, 33, 23, 27, 3, 0, 25, 28, 21, 22, 20, 12, 36, 37, 26, 35, 24, 13, 11, 32, 31, 15, 9];4210.0
[5, 30, 17, 20, 12, 27, 32, 3, 15, 21, 22, 37, 36, 9, 10, 29, 24, 23, 1, 38, 35, 19, 18, 31, 34, 2, 25, 8, 7, 14, 0, 26, 33, 28, 13, 11, 16, 6, 4];4089.0
[10, 3, 13, 20, 33, 12, 2, 24, 22, 8, 6, 7, 37, 16, 19, 14, 9, 17, 35, 23, 1, 28, 27, 26, 25, 32, 38, 36, 29, 18, 34, 30, 31, 0, 15, 4, 5, 21, 11];4262.0
[3, 16, 38, 36, 25, 31, 30, 34, 0, 6, 19, 28, 24, 22, 4, 33, 35, 32, 27, 12, 10, 18, 9, 8, 37, 5, 17, 1, 2, 7, 20, 23, 21, 14, 13, 15, 11, 26, 29];4097.0
[23, 36, 16, 1, 32, 33, 31, 20, 22, 26, 19, 25, 34, 10, 7, 2, 12, 11, 0, 27, 28, 13, 24, 21, 37, 18, 15, 29, 14, 38, 17, 3, 6, 35, 9, 8, 5, 4, 30];4114.0
[26, 12, 16, 10, 23, 24, 13, 22, 36, 20, 15, 11, 1, 6, 2, 35, 18, 33, 17, 19, 4, 7, 29, 37, 5, 28, 21, 27, 14, 0, 38, 30, 32, 31, 34, 8, 9, 3, 25];3933.0
[2, 5, 17, 35, 3, 11, 8, 13, 23, 7, 6, 10, 29, 4, 18, 14, 12, 32, 26, 21, 22, 24, 20, 34, 0, 38, 30, 33, 19, 31, 16, 37, 9, 28, 25, 27, 36, 15, 1];4126.0
[30, 22, 3, 8, 27, 19, 28, 5, 9, 37, 11, 34, 35, 2, 0, 18, 24, 36, 26, 25, 31, 23, 13, 7, 15, 17, 32, 20, 10, 6, 16, 29, 33, 1, 4, 38, 12, 21, 14];4319.0
[4, 33, 2, 3, 7, 6, 13, 8, 25, 31, 24, 27, 16, 19, 38, 26, 36, 30, 23, 0, 15, 32, 29, 20, 22, 12, 11, 10, 21, 1, 28, 34, 18, 17, 35, 14, 9, 5, 37];4251.0
[25, 21, 14, 23, 22, 20, 6, 35, 1, 10, 12, 16, 9, 26, 19, 24, 31, 34, 27, 32, 33, 0, 11, 29, 3, 4, 8, 2, 5, 38, 17, 18, 37, 30, 28, 36, 15, 7, 13];4270.0
[30, 2, 10, 16, 32, 6, 5, 9, 12, 14, 26, 24, 36, 34, 18, 29, 28, 8, 1, 27, 22, 21, 19, 35, 38, 13, 3, 15, 37, 11, 31, 25, 33, 0, 20, 23, 17, 7, 4];4307.0
[22, 28, 24, 26, 17, 33, 34, 9, 10, 29, 15, 11, 0, 18, 19, 30, 21, 38, 3, 35, 4, 32, 31, 6, 14, 25, 27, 20, 5, 7, 36, 23, 13, 8, 12, 37, 1, 2, 16];4126.0
[12, 21, 24, 13, 28, 27, 10, 37, 22, 6, 5, 9, 11, 32, 36, 31, 29, 1, 38, 35, 30, 14, 7, 16, 19, 23, 26, 20, 25, 34, 3, 18, 33, 15, 2, 17, 8, 0, 4];4276.0
[36, 24, 34, 6, 10, 31, 18, 1, 33, 22, 25, 27, 28, 4, 7, 13, 26, 3, 17, 37, 5, 15, 29, 19, 38, 35, 2, 0, 16, 20, 11, 9, 8, 32, 23, 30, 21, 12, 14];4143.0
[12, 17, 0, 8, 14, 2, 31, 20, 22, 21, 28, 5, 34, 15, 9, 24, 13, 26, 25, 27, 32, 33, 3, 35, 38, 37, 4, 6, 18, 19, 36, 23, 30, 29, 10, 16, 1, 7, 11];4298.0
[23, 26, 11, 10, 19, 38, 31, 18, 0, 25, 3, 37, 15, 1, 29, 33, 2, 14, 17, 16, 9, 36, 12, 8, 4, 35, 5, 7, 28, 32, 6, 30, 34, 22, 27, 24, 21, 13, 20];4237.0
[28, 10, 11, 1, 0, 21, 18, 26, 32, 17, 2, 34, 22, 33, 30, 25, 23, 31, 29, 37, 6, 9, 5, 16, 15, 7, 14, 8, 3, 27, 24, 4, 35, 38, 12, 20, 13, 36, 19];4023.0
[5, 37, 8, 26, 28, 19, 16, 21, 15, 14, 1, 34, 24, 27, 31, 23, 17, 4, 3, 6, 35, 30, 18, 22, 13, 36, 20, 12, 32, 10, 11, 0, 25, 33, 38, 2, 29, 9, 7];4112.0
[10, 17, 16, 13, 37, 0, 19, 8, 32, 27, 23, 33, 11, 3, 1, 30, 31, 29, 7, 35, 34, 38, 36, 6, 12, 28, 2, 4, 5, 15, 18, 14, 20, 22, 24, 21, 25, 26, 9];4075.0
[2, 4, 17, 30, 28, 27, 26, 35, 31, 33, 13, 29, 24, 21, 34, 18, 14, 23, 36, 38, 19, 1, 15, 37, 5, 6, 7, 32, 20, 25, 22, 3, 0, 11, 9, 8, 10, 12, 16];3891.0
[1, 19, 26, 34, 12, 20, 22, 16, 9, 23, 28, 13, 18, 17, 14, 0, 7, 11, 10, 5, 3, 38, 32, 24, 27, 30, 25, 21, 36, 15, 2, 4, 35, 29, 31, 6, 37, 8, 33];4138.0
[15, 34, 25, 3, 22, 26, 0, 10, 11, 29, 14, 32, 2, 33, 31, 36, 23, 24, 9, 1, 35, 4, 8, 5, 30, 27, 6, 7, 12, 13, 19, 38, 37, 18, 17, 16, 28, 21, 20];4194.0
[15, 27, 30, 35, 12, 4, 9, 11, 1, 38, 25, 0, 19, 34, 18, 17, 24, 26, 23, 36, 33, 21, 22, 13, 31, 7, 6, 32, 3, 2, 28, 20, 10, 14, 8, 5, 37, 29, 16];4078.0
[38, 1, 7, 35, 34, 22, 31, 33, 2, 6, 12, 14, 30, 18, 29, 26, 36, 25, 28, 3, 32, 20, 23, 27, 5, 17, 0, 4, 8, 9, 16, 11, 13, 15, 37, 10, 19, 24, 21];4283.0
[1, 4, 5, 14, 3, 30, 12, 8, 9, 22, 20, 13, 24, 32, 31, 7, 27, 21, 28, 23, 25, 36, 2, 11, 0, 18, 33, 6, 37, 15, 34, 38, 35, 29, 16, 10, 19, 26, 17];4212.0
[29, 13, 8, 10, 17, 16, 36, 34, 2, 38, 35, 26, 14, 5, 3, 9, 27, 23, 20, 12, 19, 32, 0, 11, 4, 28, 25, 24, 18, 30, 31, 22, 21, 37, 1, 15, 6, 7, 33];4210.0
[26, 23, 30, 36, 2, 4, 14, 32, 38, 35, 19, 11, 15, 31, 18, 3, 1, 25, 8, 29, 10, 7, 6, 9, 37, 12, 20, 22, 16, 17, 0, 28, 27, 5, 21, 13, 34, 33, 24];4192.0
[22, 11, 34, 15, 8, 17, 37, 9, 19, 14, 38, 6, 4, 12, 1, 2, 7, 30, 27, 28, 23, 36, 26, 25, 10, 18, 35, 32, 29, 13, 20, 16, 33, 3, 5, 31, 24, 21, 0];4170.0
[37, 10, 6, 33, 25, 18, 0, 14, 29, 13, 30, 26, 35, 17, 8, 4, 34, 5, 9, 19, 2, 24, 22, 36, 11, 12, 3, 27, 31, 23, 32, 16, 1, 38, 15, 28, 20, 21, 7];4219.0
[38, 19, 13, 31, 15, 7, 37, 9, 1, 2, 12, 6, 0, 16, 22, 3, 28, 33, 27, 32, 30, 17, 11, 18, 4, 34, 20, 10, 14, 8, 5, 29, 23, 36, 25, 24, 26, 21, 35];4178.0
[3, 26, 34, 36, 17, 27, 25, 21, 37, 6, 5, 23, 20, 15, 2, 1, 0, 28, 30, 33, 31, 16, 38, 19, 24, 22, 8, 10, 14, 13, 11, 12, 29, 4, 7, 9, 18, 35, 32];4118.0
[35, 34, 17, 19, 14, 0, 24, 13, 20, 23, 26, 27, 30, 5, 6, 31, 15, 16, 3, 32, 10, 37, 29, 18, 22, 21, 2, 38, 4, 12, 1, 7, 28, 33, 36, 25, 9, 8, 11];4302.0
[14, 3, 27, 5, 6, 7, 2, 15, 28, 37, 10, 12, 21, 36, 20, 18, 23, 1, 30, 24, 32, 25, 22, 19, 29, 16, 17, 38, 33, 11, 13, 34, 26, 35, 4, 9, 8, 0, 31];4044.0
[21, 0, 17, 11, 15, 5, 36, 8, 3, 35, 9, 16, 7, 6, 24, 30, 32, 33, 19, 20, 1, 34, 29, 31, 26, 22, 18, 14, 10, 12, 27, 23, 25, 2, 37, 28, 38, 4, 13];4197.0
[15, 35, 26, 32, 18, 22, 11, 17, 1, 2, 31, 19, 6, 5, 9, 33, 30, 34, 0, 3, 20, 7, 23, 25, 24, 36, 21, 13, 14, 27, 12, 28, 10, 37, 16, 8, 4, 38, 29];4184.0
[2, 33, 12, 17, 14, 9, 5, 28, 1, 27, 35, 18, 24, 36, 13, 16, 10, 37, 7, 3, 19, 6, 11, 4, 15, 8, 20, 26, 22, 0, 21, 23, 30, 34, 38, 25, 32, 31, 29];4230.0
[32, 3, 13, 24, 31, 17, 12, 27, 36, 9, 18, 28, 33, 34, 38, 15, 6, 11, 37, 26, 23, 30, 10, 2, 7, 5, 19, 0, 1, 8, 14, 25, 20, 21, 16, 35, 4, 29, 22];4169.0
[35, 32, 17, 15, 2, 4, 6, 8, 7, 19, 11, 29, 16, 30, 9, 14, 18, 3, 21, 5, 28, 22, 26, 33, 27, 10, 37, 25, 0, 34, 38, 23, 20, 1, 12, 13, 36, 24, 31];4218.0
[17, 29, 36, 22, 13, 23, 38, 2, 8, 3, 27, 20, 32, 26, 21, 0, 16, 10, 12, 9, 11, 28, 25, 14, 7, 35, 34, 6, 4, 15, 19, 31, 33, 37, 5, 1, 30, 24, 18];4199.0
[30, 9, 10, 37, 29, 28, 36, 8, 14, 33, 26, 24, 32, 7, 38, 19, 21, 22, 23, 34, 4, 1, 5, 0, 17, 15, 16, 11, 13, 20, 12, 6, 2, 18, 35, 31, 25, 3, 27];3981.0
[37, 8, 14, 18, 13, 9, 0, 35, 32, 30, 2, 29, 22, 33, 28, 21, 24, 31, 25, 1, 6, 4, 17, 16, 11, 10, 19, 12, 38, 34, 23, 5, 7, 36, 3, 15, 20, 26, 27];4267.0
[19, 5, 7, 3, 30, 36, 20, 22, 12, 13, 18, 24, 26, 25, 28, 33, 21, 23, 17, 9, 14, 1, 11, 0, 10, 16, 2, 31, 34, 32, 37, 8, 15, 27, 6, 35, 4, 29, 38];4205.0
[19, 15, 14, 4, 25, 26, 3, 1, 35, 38, 10, 27, 13, 18, 0, 12, 37, 5, 8, 6, 29, 2, 23, 28, 32, 34, 31, 24, 33, 30, 21, 36, 11, 22, 9, 7, 20, 16, 17];4103.0
[3, 30, 34, 6, 9, 38, 19, 7, 5, 10, 33, 26, 20, 13, 14, 37, 11, 8, 21, 35, 29, 1, 16, 12, 28, 31, 2, 15, 36, 0, 18, 17, 32, 27, 23, 24, 22, 25, 4];4076.0
[8, 9, 24, 28, 4, 18, 34, 3, 0, 19, 14, 36, 22, 16, 15, 6, 35, 37, 5, 32, 31, 17, 1, 13, 21, 12, 7, 30, 33, 25, 27, 20, 26, 23, 38, 29, 2, 10, 11];4082.0
[6, 35, 26, 30, 22, 24, 21, 20, 23, 29, 3, 7, 13, 36, 17, 27, 34, 14, 10, 11, 15, 9, 16, 33, 18, 19, 12, 32, 31, 28, 1, 2, 0, 5, 37, 8, 25, 38, 4];3873.0
[12, 38, 4, 0, 31, 29, 9, 6, 23, 32, 35, 3, 7, 8, 15, 11, 30, 26, 20, 13, 1, 17, 28, 27, 24, 21, 25, 33, 18, 2, 16, 34, 14, 19, 5, 10, 37, 22, 36];4046.0
[26, 16, 11, 38, 35, 8, 18, 10, 19, 24, 25, 30, 32, 29, 22, 33, 28, 21, 1, 7, 9, 23, 36, 12, 31, 34, 3, 17, 37, 14, 15, 0, 2, 4, 6, 20, 13, 5, 27];4144.0
[2, 20, 21, 7, 14, 29, 26, 31, 38, 35, 19, 28, 32, 11, 25, 34, 18, 3, 24, 23, 13, 12, 15, 36, 9, 8, 17, 6, 5, 30, 37, 33, 27, 22, 10, 16, 0, 1, 4];4251.0
[0, 38, 20, 5, 6, 35, 7, 1, 4, 18, 3, 31, 34, 33, 32, 30, 14, 27, 36, 24, 9, 8, 15, 12, 26, 11, 2, 29, 28, 16, 19, 21, 22, 13, 10, 23, 25, 37, 17];4118.0
[27, 25, 32, 36, 31, 18, 28, 22, 12, 11, 1, 16, 8, 19, 29, 0, 26, 13, 2, 30, 9, 7, 37, 5, 24, 20, 21, 14, 17, 15, 10, 6, 34, 23, 35, 38, 4, 33, 3];4200.0
[6, 7, 2, 38, 17, 18, 19, 28, 8, 25, 21, 22, 33, 23, 12, 0, 9, 15, 26, 34, 5, 11, 4, 35, 24, 27, 20, 36, 37, 3, 16, 13, 30, 32, 31, 1, 14, 29, 10];4242.0
[34, 38, 5, 0, 19, 27, 29, 31, 3, 16, 1, 7, 10, 11, 22, 36, 24, 32, 25, 30, 18, 14, 12, 20, 8, 21, 33, 17, 15, 13, 37, 9, 28, 26, 6, 2, 4, 35, 23];3968.0
[38, 5, 33, 34, 17, 0, 25, 32, 19, 31, 14, 9, 10, 6, 7, 28, 1, 2, 22, 24, 16, 8, 15, 13, 21, 23, 35, 4, 29, 30, 20, 36, 12, 11, 18, 27, 26, 37, 3];4278.0
[25, 24, 36, 12, 18, 38, 3, 19, 4, 27, 15, 8, 6, 5, 13, 31, 32, 26, 33, 2, 7, 35, 37, 10, 20, 28, 9, 11, 21, 22, 0, 14, 34, 1, 16, 30, 29, 17, 23];3937.0
[21, 16, 19, 29, 13, 36, 22, 12, 10, 7, 5, 18, 14, 0, 1, 32, 9, 23, 31, 34, 4, 8, 37, 24, 30, 6, 33, 27, 28, 20, 15, 17, 38, 11, 2, 3, 35, 25, 26];3898.0
[36, 35, 24, 37, 15, 9, 7, 6, 38, 3, 12, 34, 27, 20, 4, 26, 17, 2, 0, 14, 8, 19, 32, 31, 25, 29, 1, 28, 21, 5, 11, 10, 18, 16, 23, 13, 30, 33, 22];4264.0
[32, 15, 10, 8, 31, 35, 4, 27, 23, 2, 33, 18, 11, 13, 7, 6, 3, 37, 5, 17, 28, 0, 16, 9, 19, 36, 21, 20, 30, 38, 12, 14, 24, 29, 22, 25, 26, 34, 1];4241.0
[27, 10, 9, 5, 37, 12, 11, 30, 31, 6, 19, 36, 23, 8, 38, 4, 32, 3, 22, 16, 0, 29, 14, 35, 28, 34, 33, 1, 25, 26, 20, 21, 13, 24, 2, 17, 18, 15, 7];4084.0
[35, 29, 12, 33, 26, 23, 20, 4, 37, 9, 10, 16, 27, 13, 1, 36, 7, 14, 5, 0, 19, 15, 8, 11, 18, 25, 24, 28, 22, 6, 32, 31, 30, 17, 21, 38, 34, 2, 3];4091.0
[10, 20, 11, 4, 7, 31, 15, 16, 21, 12, 5, 37, 14, 8, 19, 6, 27, 25, 1, 26, 28, 22, 23, 24, 32, 33, 30, 36, 9, 13, 0, 29, 17, 3, 2, 38, 35, 34, 18];4117.0
[25, 15, 6, 9, 5, 3, 4, 19, 31, 26, 23, 34, 33, 11, 38, 7, 35, 30, 1, 32, 18, 27, 13, 2, 14, 10, 20, 21, 12, 29, 24, 22, 36, 0, 28, 17, 8, 37, 16];4241.0
[3, 4, 23, 24, 8, 5, 21, 9, 10, 20, 19, 36, 0, 33, 13, 12, 11, 15, 37, 6, 18, 27, 30, 16, 28, 25, 26, 2, 7, 22, 14, 17, 32, 1, 29, 35, 31, 34, 38];4131.0
[33, 34, 15, 23, 30, 31, 29, 26, 18, 35, 2, 14, 16, 11, 8, 20, 21, 3, 10, 24, 28, 27, 4, 38, 25, 1, 32, 22, 12, 36, 13, 5, 17, 19, 37, 9, 0, 7, 6];4289.0
[28, 21, 27, 23, 24, 0, 14, 33, 15, 19, 26, 31, 38, 11, 36, 7, 5, 13, 10, 37, 9, 6, 8, 12, 25, 22, 29, 4, 3, 18, 2, 30, 1, 35, 32, 20, 17, 16, 34];4203.0
[23, 29, 28, 13, 15, 6, 14, 0, 9, 8, 5, 12, 17, 25, 31, 36, 20, 19, 27, 38, 34, 1, 4, 7, 37, 24, 26, 35, 3, 16, 33, 30, 2, 18, 11, 32, 21, 22, 10];4080.0
[38, 6, 33, 1, 29, 18, 24, 13, 4, 16, 15, 19, 20, 22, 21, 35, 5, 11, 36, 23, 30, 7, 0, 26, 3, 28, 2, 37, 17, 8, 9, 12, 14, 10, 27, 31, 32, 25, 34];4336.0
[15, 28, 7, 0, 27, 31, 33, 32, 30, 11, 17, 5, 9, 1, 18, 22, 23, 36, 13, 2, 14, 10, 37, 12, 35, 4, 16, 29, 8, 6, 3, 38, 34, 26, 25, 19, 24, 21, 20];4114.0
[10, 16, 15, 37, 5, 38, 13, 20, 30, 32, 6, 8, 28, 24, 2, 27, 1, 19, 29, 22, 25, 23, 26, 33, 18, 17, 3, 4, 31, 36, 34, 9, 7, 35, 0, 14, 12, 21, 11];4205.0
[5, 6, 38, 35, 24, 7, 14, 29, 1, 27, 36, 8, 9, 0, 37, 2, 30, 25, 32, 20, 19, 17, 21, 23, 18, 10, 12, 16, 28, 11, 31, 34, 3, 4, 26, 22, 13, 33, 15];4176.0
[4, 8, 37, 0, 6, 17, 22, 21, 24, 12, 1, 33, 5, 29, 9, 27, 23, 38, 35, 34, 19, 2, 3, 15, 16, 30, 31, 26, 32, 11, 28, 20, 25, 10, 18, 7, 14, 13, 36];4313.0
[1, 13, 31, 0, 38, 28, 21, 16, 17, 14, 24, 36, 25, 12, 10, 27, 23, 19, 18, 15, 37, 32, 26, 2, 35, 33, 22, 20, 11, 29, 34, 7, 6, 4, 5, 3, 9, 8, 30];4140.0
[18, 1, 35, 8, 3, 5, 37, 10, 7, 6, 4, 0, 17, 14, 15, 19, 31, 12, 34, 38, 33, 32, 25, 29, 2, 9, 27, 26, 21, 28, 36, 23, 22, 20, 24, 30, 16, 11, 13];3991.0
[5, 37, 11, 12, 8, 16, 31, 25, 13, 2, 28, 9, 27, 32, 4, 19, 23, 26, 22, 29, 33, 0, 1, 20, 3, 7, 21, 36, 17, 18, 14, 38, 10, 15, 24, 30, 34, 35, 6];4324.0
[33, 28, 35, 17, 23, 21, 2, 25, 32, 27, 34, 38, 26, 24, 15, 11, 12, 30, 22, 13, 36, 20, 4, 7, 5, 18, 31, 1, 16, 9, 0, 8, 19, 14, 6, 3, 37, 10, 29];4153.0
[30, 24, 33, 26, 21, 31, 32, 38, 3, 10, 9, 14, 37, 12, 34, 7, 6, 8, 1, 20, 16, 19, 4, 25, 23, 5, 27, 13, 36, 22, 0, 29, 35, 2, 17, 18, 11, 15, 28];3881.0
[4, 1, 21, 24, 8, 12, 7, 6, 15, 26, 16, 28, 23, 27, 5, 10, 3, 17, 34, 2, 33, 36, 22, 31, 32, 25, 30, 19, 18, 35, 37, 9, 0, 20, 29, 13, 14, 11, 38];4242.0
[1, 36, 11, 15, 9, 12, 29, 8, 22, 20, 13, 24, 23, 27, 25, 33, 17, 6, 4, 14, 37, 18, 21, 32, 16, 3, 34, 38, 35, 7, 5, 0, 10, 28, 31, 19, 30, 2, 26];4164.0
[4, 28, 24, 13, 7, 6, 37, 8, 32, 27, 22, 21, 33, 35, 11, 30, 17, 16, 10, 25, 34, 20, 23, 26, 31, 36, 12, 3, 1, 19, 9, 38, 0, 15, 5, 2, 14, 29, 18];4277.0
[28, 14, 12, 18, 31, 38, 0, 22, 25, 27, 20, 13, 11, 17, 10, 21, 6, 35, 36, 33, 1, 30, 32, 24, 19, 29, 23, 34, 9, 15, 5, 16, 37, 2, 3, 4, 7, 8, 26];4202.0
[10, 37, 6, 3, 23, 19, 8, 21, 26, 30, 34, 33, 35, 2, 18, 13, 12, 31, 20, 1, 0, 4, 36, 11, 14, 16, 38, 17, 25, 28, 24, 22, 27, 32, 5, 29, 9, 7, 15];4330.0
[32, 33, 15, 6, 38, 29, 36, 25, 18, 28, 30, 14, 16, 9, 34, 2, 12, 37, 21, 22, 13, 8, 35, 11, 26, 23, 24, 20, 10, 5, 1, 3, 19, 27, 7, 4, 0, 17, 31];4056.0
[30, 2, 29, 33, 16, 6, 12, 7, 0, 10, 9, 3, 1, 17, 22, 24, 28, 27, 13, 25, 23, 19, 38, 8, 18, 4, 31, 32, 35, 20, 11, 37, 14, 36, 21, 15, 5, 26, 34];4157.0
[24, 14, 13, 20, 11, 18, 7, 25, 30, 33, 31, 32, 35, 2, 9, 12, 37, 28, 23, 29, 27, 6, 1, 0, 17, 34, 38, 4, 15, 19, 3, 26, 8, 5, 16, 10, 22, 21, 36];4068.0
[7, 5, 28, 32, 2, 22, 23, 38, 4, 1, 20, 9, 10, 29, 18, 16, 15, 8, 35, 31, 0, 19, 33, 14, 11, 13, 12, 34, 26, 30, 17, 3, 25, 27, 24, 21, 6, 37, 36];4199.0
