ftv33
[4, 13, 8, 24, 16, 22, 27, 28, 25, 30, 9, 10, 20, 11, 18, 31, 19, 17, 23, 2, 32, 7, 12, 14, 15, 26, 21, 29, 1, 33, 0, 6, 5, 3];3172.0;3504.6308724832215;674399.4496644295;758.0;1.0;149.0
[22, 0, 3, 21, 17, 18, 6, 7, 8, 1, 16, 29, 2, 5, 30, 28, 27, 26, 19, 31, 10, 32, 15, 33, 23, 4, 12, 14, 25, 20, 24, 9, 13, 11];3373.0
[6, 32, 25, 16, 15, 13, 9, 5, 3, 29, 14, 12, 7, 8, 24, 26, 11, 19, 20, 0, 4, 23, 31, 21, 17, 1, 18, 22, 33, 10, 30, 28, 27, 2];3457.0
[26, 27, 8, 23, 17, 18, 28, 25, 15, 33, 12, 13, 2, 32, 5, 3, 9, 19, 16, 4, 24, 11, 31, 30, 14, 7, 6, 10, 0, 29, 1, 22, 21, 20];3645.0
[7, 13, 16, 20, 21, 23, 28, 3, 2, 33, 24, 11, 10, 9, 15, 14, 12, 19, 17, 1, 27, 22, 32, 5, 4, 6, 0, 8, 29, 18, 30, 25, 26, 31];3382.0
[2, 5, 26, 27, 6, 33, 30, 22, 21, 24, 29, 0, 1, 16, 15, 12, 13, 17, 18, 19, 25, 28, 32, 4, 23, 7, 11, 3, 14, 8, 10, 20, 31, 9];3509.0
[24, 17, 20, 6, 5, 16, 14, 13, 10, 7, 9, 28, 25, 11, 31, 18, 26, 19, 29, 3, 32, 8, 2, 23, 4, 15, 0, 27, 21, 22, 1, 30, 33, 12];3421.0
[32, 31, 21, 2, 0, 12, 14, 10, 6, 17, 18, 4, 33, 3, 11, 19, 27, 5, 30, 29, 26, 16, 13, 24, 20, 22, 23, 28, 15, 25, 9, 1, 8, 7];3477.0
[23, 16, 14, 15, 1, 17, 8, 32, 25, 28, 4, 7, 5, 33, 2, 11, 21, 31, 20, 26, 10, 30, 22, 27, 12, 0, 6, 9, 13, 18, 24, 19, 29, 3];3545.0
[12, 3, 0, 7, 5, 4, 28, 27, 14, 13, 10, 32, 33, 6, 11, 19, 1, 30, 18, 17, 20, 31, 26, 15, 2, 16, 23, 21, 24, 8, 22, 29, 25, 9];3563.0
[28, 20, 21, 18, 0, 16, 13, 4, 30, 14, 10, 33, 12, 27, 1, 2, 5, 24, 9, 11, 31, 17, 32, 6, 8, 15, 7, 23, 22, 19, 3, 26, 29, 25];3504.0
[1, 8, 0, 20, 23, 33, 29, 28, 3, 11, 13, 32, 6, 14, 15, 2, 7, 30, 25, 16, 9, 10, 17, 19, 12, 4, 5, 27, 21, 22, 31, 24, 18, 26];3604.0
[5, 26, 28, 22, 4, 7, 8, 1, 33, 15, 24, 32, 13, 16, 0, 29, 14, 2, 9, 10, 11, 31, 17, 6, 12, 20, 30, 23, 27, 3, 18, 25, 21, 19];3607.0
[14, 16, 25, 33, 6, 3, 20, 4, 7, 11, 31, 2, 12, 27, 21, 26, 29, 1, 5, 28, 15, 0, 32, 10, 24, 30, 23, 17, 9, 8, 19, 22, 18, 13];3621.0
[25, 26, 29, 17, 13, 27, 23, 12, 14, 9, 8, 10, 21, 11, 18, 20, 24, 19, 16, 6, 0, 28, 15, 22, 2, 31, 32, 4, 5, 33, 3, 30, 7, 1];3584.0
[0, 1, 21, 22, 20, 27, 25, 30, 23, 11, 14, 3, 26, 33, 18, 10, 13, 7, 4, 15, 5, 24, 29, 9, 32, 6, 28, 2, 12, 16, 8, 31, 19, 17];3590.0
[24, 9, 10, 8, 31, 20, 3, 1, 29, 26, 33, 6, 30, 15, 21, 27, 22, 17, 7, 16, 14, 19, 18, 2, 0, 12, 23, 25, 11, 32, 5, 4, 28, 13];3528.0
[24, 15, 13, 20, 18, 11, 17, 9, 10, 21, 0, 31, 22, 23, 27, 5, 1, 19, 3, 16, 2, 4, 6, 32, 14, 33, 30, 25, 7, 8, 12, 28, 29, 26];3498.0
[32, 3, 5, 12, 33, 2, 13, 14, 7, 1, 9, 8, 6, 23, 16, 15, 28, 0, 25, 17, 10, 20, 22, 27, 4, 30, 24, 21, 19, 18, 29, 26, 11, 31];3572.0
[21, 20, 25, 2, 1, 24, 17, 13, 10, 4, 5, 28, 26, 15, 12, 9, 32, 0, 27, 30, 29, 19, 23, 7, 31, 11, 18, 22, 14, 6, 3, 8, 16, 33];3486.0
[26, 27, 21, 29, 10, 17, 18, 13, 33, 2, 4, 23, 7, 9, 5, 6, 11, 8, 30, 31, 32, 0, 12, 14, 15, 19, 16, 24, 3, 28, 1, 20, 22, 25];3527.0
[29, 30, 5, 1, 13, 12, 16, 3, 2, 10, 24, 20, 23, 26, 15, 19, 4, 33, 25, 7, 14, 31, 18, 17, 21, 22, 6, 0, 8, 32, 9, 11, 27, 28];3538.0
[33, 14, 15, 21, 2, 23, 10, 8, 7, 17, 22, 19, 11, 6, 5, 30, 32, 24, 20, 31, 18, 4, 12, 0, 29, 26, 9, 3, 16, 25, 28, 1, 13, 27];3487.0
[27, 12, 16, 0, 14, 15, 30, 31, 26, 20, 21, 10, 25, 6, 3, 9, 24, 28, 19, 18, 11, 17, 1, 8, 4, 5, 32, 7, 22, 33, 13, 2, 29, 23];3530.0
[13, 27, 21, 7, 0, 9, 16, 15, 25, 31, 22, 14, 1, 19, 4, 18, 12, 6, 30, 28, 29, 3, 2, 10, 11, 8, 20, 17, 32, 5, 26, 24, 23, 33];3586.0
[2, 32, 10, 15, 13, 16, 3, 24, 19, 22, 17, 9, 14, 1, 18, 31, 12, 25, 21, 33, 28, 29, 30, 6, 11, 0, 7, 8, 4, 5, 27, 20, 23, 26];3275.0
[1, 6, 28, 25, 33, 3, 13, 4, 18, 19, 27, 21, 22, 20, 7, 17, 9, 0, 14, 16, 15, 24, 31, 11, 12, 32, 8, 30, 23, 26, 10, 2, 5, 29];3344.0
[25, 29, 21, 20, 11, 3, 19, 17, 9, 1, 16, 8, 2, 5, 4, 6, 32, 0, 12, 24, 23, 31, 7, 27, 22, 33, 10, 15, 14, 13, 30, 28, 26, 18];3405.0
[29, 5, 7, 15, 12, 16, 3, 11, 21, 20, 1, 25, 27, 13, 32, 8, 6, 19, 26, 28, 4, 9, 0, 17, 10, 30, 2, 31, 14, 24, 23, 18, 22, 33];3638.0
[29, 13, 6, 4, 9, 11, 12, 15, 7, 8, 14, 27, 25, 32, 3, 0, 30, 5, 22, 20, 18, 16, 26, 1, 2, 23, 33, 31, 17, 21, 19, 10, 24, 28];3509.0
[9, 2, 31, 17, 27, 28, 30, 29, 33, 26, 20, 21, 24, 22, 25, 14, 16, 0, 1, 7, 6, 8, 4, 5, 3, 12, 32, 18, 23, 15, 13, 10, 19, 11];3191.0
[26, 22, 17, 8, 1, 6, 14, 32, 4, 15, 9, 16, 0, 28, 19, 18, 11, 31, 21, 12, 7, 33, 25, 20, 2, 13, 23, 10, 27, 29, 30, 5, 3, 24];3476.0
[32, 8, 12, 23, 10, 4, 25, 15, 13, 11, 22, 31, 17, 20, 19, 7, 28, 26, 29, 0, 27, 33, 3, 24, 6, 9, 5, 2, 1, 16, 14, 18, 21, 30];3581.0
[15, 2, 27, 7, 21, 31, 26, 28, 8, 16, 25, 23, 17, 0, 1, 24, 11, 30, 14, 10, 18, 9, 12, 5, 6, 4, 32, 33, 20, 19, 22, 29, 3, 13];3495.0
[11, 10, 30, 29, 27, 7, 8, 23, 26, 16, 21, 18, 17, 6, 5, 12, 1, 33, 0, 15, 2, 20, 19, 4, 31, 22, 28, 3, 24, 32, 25, 14, 13, 9];3444.0
[0, 5, 33, 14, 2, 26, 27, 15, 22, 21, 12, 1, 4, 13, 3, 31, 18, 19, 20, 30, 29, 25, 28, 9, 6, 32, 10, 23, 17, 24, 11, 8, 7, 16];3417.0
[3, 28, 6, 11, 9, 8, 33, 2, 30, 5, 14, 12, 13, 10, 32, 16, 1, 25, 0, 31, 17, 18, 19, 27, 15, 24, 7, 4, 29, 26, 21, 23, 20, 22];3320.0
[27, 0, 3, 13, 4, 6, 29, 25, 33, 17, 14, 16, 1, 30, 15, 9, 23, 28, 26, 2, 8, 5, 22, 21, 20, 18, 12, 7, 32, 10, 11, 31, 24, 19];3229.0
[8, 7, 28, 27, 0, 13, 5, 4, 9, 32, 15, 20, 29, 33, 30, 22, 6, 18, 19, 17, 23, 21, 31, 24, 10, 11, 12, 2, 26, 16, 1, 25, 14, 3];3440.0
[16, 30, 19, 21, 10, 5, 9, 1, 7, 6, 2, 3, 28, 11, 22, 27, 17, 8, 18, 20, 24, 23, 26, 25, 33, 0, 13, 31, 4, 32, 14, 29, 12, 15];3566.0
[12, 11, 18, 20, 26, 30, 3, 10, 21, 27, 8, 19, 24, 17, 2, 13, 25, 23, 22, 29, 1, 16, 15, 32, 5, 28, 33, 0, 9, 31, 14, 4, 7, 6];3481.0
[26, 0, 12, 33, 29, 7, 5, 8, 13, 3, 9, 20, 22, 25, 1, 6, 4, 30, 27, 28, 23, 17, 14, 18, 16, 24, 2, 15, 10, 31, 21, 19, 11, 32];3440.0
[21, 23, 1, 15, 30, 29, 25, 8, 9, 4, 24, 19, 13, 14, 16, 27, 26, 20, 31, 32, 6, 5, 11, 10, 12, 17, 33, 3, 0, 28, 2, 18, 7, 22];3422.0
[23, 7, 21, 19, 12, 16, 15, 13, 33, 22, 1, 20, 31, 9, 26, 5, 6, 18, 17, 32, 8, 11, 10, 14, 28, 4, 2, 3, 24, 27, 0, 30, 29, 25];3479.0
[27, 33, 2, 1, 3, 32, 13, 0, 4, 10, 25, 19, 14, 23, 8, 24, 29, 16, 7, 5, 30, 17, 18, 11, 20, 15, 26, 22, 21, 28, 31, 6, 9, 12];3533.0
[0, 1, 30, 22, 2, 33, 16, 26, 29, 13, 3, 25, 5, 14, 11, 10, 18, 15, 24, 23, 17, 32, 7, 31, 21, 8, 27, 28, 19, 20, 4, 9, 12, 6];3450.0
[17, 16, 20, 27, 2, 9, 0, 29, 30, 33, 4, 6, 32, 14, 3, 13, 26, 22, 23, 18, 12, 15, 21, 31, 24, 28, 25, 5, 7, 11, 1, 10, 19, 8];3511.0
[18, 17, 8, 7, 21, 27, 23, 19, 24, 20, 0, 29, 22, 28, 15, 30, 12, 2, 4, 5, 6, 25, 10, 3, 9, 13, 31, 14, 16, 26, 1, 33, 11, 32];3609.0
[17, 20, 22, 4, 32, 5, 6, 3, 16, 2, 30, 0, 1, 9, 33, 25, 24, 28, 31, 19, 29, 26, 12, 7, 27, 21, 18, 23, 8, 11, 10, 15, 13, 14];3421.0
[13, 11, 32, 7, 19, 16, 15, 2, 17, 12, 23, 28, 0, 29, 3, 1, 5, 6, 4, 14, 9, 10, 33, 22, 20, 31, 30, 27, 26, 25, 24, 21, 18, 8];3362.0
[5, 11, 21, 25, 16, 0, 28, 31, 22, 17, 18, 6, 4, 10, 8, 9, 14, 2, 30, 33, 26, 29, 15, 7, 3, 13, 12, 23, 32, 20, 1, 24, 19, 27];3613.0
[15, 0, 27, 29, 7, 8, 10, 23, 22, 18, 19, 5, 28, 11, 13, 6, 12, 25, 33, 30, 2, 26, 31, 1, 3, 16, 20, 21, 4, 24, 17, 32, 9, 14];3408.0
[31, 19, 20, 15, 17, 12, 27, 18, 21, 14, 3, 1, 4, 26, 30, 33, 7, 8, 9, 32, 2, 0, 5, 16, 6, 13, 22, 28, 29, 25, 24, 11, 10, 23];3637.0
[15, 4, 10, 12, 6, 3, 9, 27, 28, 8, 22, 23, 19, 29, 16, 0, 33, 25, 24, 21, 17, 18, 31, 1, 20, 14, 11, 26, 30, 2, 13, 7, 32, 5];3588.0
[0, 20, 3, 15, 19, 17, 16, 22, 11, 4, 25, 1, 23, 24, 18, 12, 9, 6, 29, 2, 13, 27, 28, 30, 5, 26, 21, 31, 7, 14, 33, 32, 8, 10];3511.0
[21, 26, 13, 10, 32, 4, 5, 11, 0, 7, 3, 28, 29, 25, 16, 2, 30, 24, 23, 27, 33, 1, 15, 6, 17, 9, 12, 22, 18, 20, 31, 8, 14, 19];3445.0
[6, 11, 21, 33, 17, 32, 5, 4, 12, 9, 19, 18, 31, 25, 0, 8, 7, 23, 30, 3, 2, 13, 10, 24, 1, 16, 14, 15, 26, 29, 28, 22, 27, 20];3572.0
[16, 1, 17, 19, 18, 20, 30, 29, 25, 2, 14, 0, 22, 15, 7, 4, 21, 23, 32, 9, 13, 24, 26, 3, 11, 31, 10, 6, 5, 27, 28, 12, 8, 33];3336.0
[4, 13, 30, 12, 21, 18, 32, 7, 5, 0, 20, 28, 27, 29, 26, 25, 15, 11, 10, 6, 3, 16, 19, 17, 33, 22, 2, 14, 9, 8, 1, 23, 24, 31];3456.0
[22, 26, 27, 1, 33, 3, 15, 4, 2, 0, 32, 17, 11, 16, 25, 24, 21, 20, 23, 28, 9, 5, 8, 13, 12, 14, 29, 31, 18, 6, 10, 30, 7, 19];3361.0
[15, 33, 4, 27, 28, 25, 14, 3, 12, 7, 1, 9, 23, 18, 24, 8, 6, 22, 21, 19, 11, 32, 16, 2, 13, 0, 20, 26, 30, 5, 29, 31, 10, 17];3641.0
[0, 4, 7, 13, 25, 16, 10, 1, 32, 26, 29, 24, 3, 15, 9, 27, 22, 14, 6, 11, 20, 23, 21, 18, 19, 31, 12, 17, 33, 28, 2, 30, 5, 8];3614.0
[16, 21, 20, 33, 5, 4, 1, 3, 32, 0, 26, 29, 15, 8, 12, 18, 31, 11, 2, 6, 28, 22, 27, 30, 19, 14, 24, 25, 23, 10, 13, 17, 9, 7];3515.0
[7, 13, 11, 21, 24, 20, 22, 29, 17, 1, 14, 33, 27, 31, 16, 0, 12, 18, 8, 3, 9, 25, 4, 6, 28, 26, 15, 23, 10, 2, 5, 30, 19, 32];3565.0
[6, 7, 12, 25, 11, 31, 20, 21, 29, 4, 3, 8, 5, 9, 24, 13, 15, 32, 14, 27, 26, 22, 17, 19, 23, 18, 0, 30, 28, 1, 16, 2, 33, 10];3504.0
[14, 24, 25, 0, 33, 19, 15, 22, 21, 10, 7, 28, 20, 23, 11, 31, 12, 32, 8, 26, 17, 9, 18, 5, 4, 6, 30, 1, 29, 13, 27, 16, 3, 2];3579.0
[12, 6, 21, 19, 8, 1, 33, 15, 11, 25, 29, 28, 24, 27, 22, 14, 2, 5, 26, 31, 20, 17, 18, 0, 23, 30, 3, 9, 16, 7, 13, 32, 10, 4];3713.0
[32, 8, 10, 9, 31, 18, 23, 17, 1, 28, 20, 25, 19, 21, 4, 0, 14, 3, 2, 6, 13, 7, 5, 29, 30, 33, 16, 22, 27, 11, 24, 26, 15, 12];3436.0
[17, 11, 21, 26, 1, 33, 4, 0, 6, 3, 14, 15, 22, 7, 8, 5, 12, 29, 10, 31, 24, 27, 28, 20, 13, 2, 23, 19, 32, 9, 16, 30, 25, 18];3506.0
[13, 19, 26, 1, 2, 16, 15, 31, 0, 10, 11, 5, 7, 25, 33, 30, 22, 14, 29, 20, 23, 28, 17, 8, 32, 18, 21, 27, 24, 6, 3, 4, 12, 9];3623.0
[1, 30, 2, 23, 19, 27, 28, 26, 33, 17, 0, 13, 16, 3, 7, 10, 22, 29, 4, 12, 24, 11, 8, 5, 32, 20, 31, 15, 25, 21, 18, 9, 14, 6];3488.0
[8, 9, 16, 27, 30, 33, 23, 19, 31, 32, 10, 18, 14, 26, 13, 24, 20, 22, 29, 7, 6, 2, 1, 4, 11, 5, 28, 3, 0, 17, 21, 15, 12, 25];3529.0
[17, 21, 19, 32, 26, 24, 9, 10, 2, 31, 7, 1, 33, 3, 5, 16, 0, 30, 14, 12, 4, 6, 8, 23, 20, 28, 15, 22, 27, 29, 13, 25, 11, 18];3466.0
[6, 13, 11, 31, 19, 18, 22, 20, 4, 7, 32, 2, 5, 27, 8, 16, 30, 33, 0, 25, 21, 26, 24, 10, 9, 28, 29, 12, 1, 23, 17, 3, 15, 14];3408.0
[15, 2, 26, 23, 13, 10, 30, 9, 8, 24, 27, 16, 22, 14, 25, 3, 0, 33, 28, 29, 18, 20, 21, 31, 1, 4, 12, 7, 19, 17, 6, 5, 32, 11];3594.0
[1, 5, 3, 30, 6, 7, 26, 33, 21, 17, 11, 2, 23, 31, 8, 14, 15, 29, 24, 28, 22, 13, 27, 16, 25, 0, 20, 32, 12, 9, 10, 18, 19, 4];3676.0
[26, 25, 12, 32, 7, 10, 22, 33, 18, 19, 31, 11, 14, 4, 0, 8, 30, 3, 2, 9, 13, 29, 6, 16, 1, 20, 27, 28, 21, 17, 15, 5, 23, 24];3655.0
[6, 23, 1, 7, 10, 15, 33, 12, 5, 30, 27, 4, 14, 13, 9, 28, 26, 29, 19, 18, 11, 17, 20, 31, 21, 22, 3, 32, 8, 0, 25, 16, 24, 2];3461.0
[24, 27, 4, 12, 2, 1, 13, 16, 32, 7, 19, 31, 10, 9, 20, 17, 11, 18, 28, 21, 29, 5, 15, 25, 22, 26, 23, 14, 6, 8, 33, 30, 3, 0];3576.0
[15, 28, 0, 1, 14, 30, 29, 26, 21, 23, 8, 22, 19, 32, 13, 16, 12, 31, 4, 5, 2, 11, 20, 24, 18, 27, 17, 6, 7, 10, 9, 25, 33, 3];3464.0
[21, 19, 7, 16, 20, 18, 31, 14, 15, 4, 30, 28, 13, 23, 17, 3, 12, 6, 33, 10, 1, 26, 24, 27, 22, 11, 8, 9, 32, 2, 5, 0, 29, 25];3543.0
[10, 8, 33, 12, 0, 15, 25, 30, 24, 16, 2, 3, 7, 31, 19, 26, 23, 11, 9, 1, 6, 5, 29, 4, 32, 13, 28, 14, 22, 18, 21, 27, 20, 17];3498.0
[27, 26, 21, 18, 4, 9, 14, 15, 30, 16, 3, 29, 20, 19, 2, 31, 28, 22, 24, 23, 25, 17, 8, 6, 13, 0, 11, 32, 10, 7, 5, 33, 1, 12];3576.0
[27, 7, 16, 15, 31, 26, 22, 23, 29, 0, 17, 10, 11, 8, 30, 2, 13, 20, 25, 14, 32, 4, 6, 9, 12, 24, 18, 21, 28, 33, 3, 19, 1, 5];3411.0
[5, 29, 26, 20, 23, 21, 32, 16, 9, 7, 31, 17, 3, 12, 14, 25, 13, 1, 30, 2, 19, 22, 11, 10, 18, 24, 28, 8, 4, 6, 33, 0, 15, 27];3419.0
[0, 11, 14, 6, 3, 29, 2, 23, 18, 17, 20, 24, 19, 26, 1, 8, 32, 10, 7, 5, 25, 33, 21, 27, 28, 30, 4, 12, 13, 9, 22, 31, 15, 16];3437.0
[14, 30, 16, 11, 31, 0, 8, 6, 9, 29, 7, 18, 21, 20, 17, 23, 24, 10, 12, 32, 3, 25, 15, 13, 1, 4, 5, 27, 26, 28, 19, 22, 33, 2];3490.0
[26, 29, 25, 20, 23, 31, 15, 1, 14, 6, 5, 30, 19, 4, 13, 27, 28, 8, 7, 11, 21, 22, 0, 2, 10, 3, 24, 17, 32, 9, 12, 33, 16, 18];3483.0
[5, 28, 13, 32, 30, 1, 27, 22, 31, 0, 6, 33, 16, 2, 3, 19, 17, 14, 8, 25, 15, 24, 10, 9, 21, 20, 23, 26, 29, 7, 11, 18, 12, 4];3514.0
[5, 30, 3, 16, 12, 13, 29, 11, 10, 24, 1, 33, 2, 21, 8, 6, 4, 28, 27, 31, 19, 9, 25, 18, 20, 0, 14, 15, 26, 32, 7, 22, 23, 17];3433.0
[30, 2, 17, 25, 10, 1, 32, 7, 8, 13, 33, 0, 15, 31, 9, 22, 12, 6, 5, 4, 23, 26, 3, 18, 11, 19, 20, 28, 21, 27, 14, 16, 29, 24];3550.0
[30, 19, 18, 31, 22, 12, 14, 16, 15, 21, 9, 13, 1, 0, 24, 33, 6, 20, 27, 26, 2, 3, 10, 29, 28, 23, 25, 4, 5, 32, 8, 11, 17, 7];3494.0
[1, 9, 32, 7, 8, 16, 10, 18, 15, 12, 24, 30, 28, 2, 5, 22, 4, 0, 13, 6, 33, 3, 21, 17, 23, 11, 31, 27, 25, 19, 20, 29, 26, 14];3446.0
[27, 28, 16, 20, 25, 30, 17, 18, 21, 12, 5, 32, 15, 14, 2, 6, 4, 3, 0, 9, 26, 7, 13, 23, 31, 19, 10, 33, 29, 1, 11, 8, 24, 22];3466.0
[13, 9, 24, 21, 28, 8, 7, 2, 22, 26, 29, 27, 14, 10, 11, 18, 33, 3, 15, 20, 31, 23, 12, 0, 16, 17, 32, 4, 5, 25, 30, 1, 19, 6];3549.0
[33, 30, 24, 14, 7, 8, 11, 22, 21, 29, 31, 19, 9, 25, 20, 12, 0, 15, 18, 10, 2, 1, 3, 27, 28, 6, 4, 17, 5, 16, 23, 32, 13, 26];3675.0
[7, 32, 5, 18, 0, 1, 2, 27, 21, 23, 33, 29, 6, 4, 15, 10, 17, 11, 22, 24, 19, 26, 9, 8, 31, 12, 13, 25, 3, 16, 30, 20, 28, 14];3562.0
[6, 14, 22, 17, 18, 27, 20, 19, 33, 0, 2, 32, 7, 8, 15, 16, 26, 9, 12, 30, 31, 21, 11, 1, 28, 29, 3, 5, 10, 24, 23, 25, 13, 4];3538.0
[7, 26, 27, 21, 28, 18, 19, 10, 2, 5, 4, 0, 16, 1, 25, 17, 11, 6, 3, 29, 22, 24, 31, 15, 14, 13, 33, 12, 8, 23, 32, 9, 30, 20];3512.0
[21, 11, 8, 32, 13, 1, 14, 15, 29, 2, 5, 4, 26, 25, 30, 28, 0, 24, 23, 18, 10, 17, 27, 31, 12, 7, 33, 9, 6, 22, 19, 3, 16, 20];3480.0
[9, 13, 3, 15, 6, 12, 7, 20, 27, 29, 28, 26, 17, 2, 19, 33, 0, 25, 21, 14, 8, 32, 5, 30, 22, 18, 10, 11, 31, 24, 23, 4, 16, 1];3639.0
[22, 24, 31, 12, 25, 3, 9, 7, 10, 16, 13, 30, 5, 4, 6, 27, 15, 33, 0, 18, 8, 32, 28, 2, 19, 17, 14, 21, 20, 23, 1, 11, 29, 26];3572.0
[23, 17, 18, 14, 13, 7, 19, 28, 25, 24, 26, 27, 30, 33, 9, 11, 22, 1, 16, 0, 4, 6, 2, 32, 15, 20, 29, 3, 21, 31, 5, 10, 8, 12];3467.0
[32, 0, 21, 20, 22, 19, 18, 9, 8, 24, 23, 17, 7, 4, 6, 29, 15, 26, 33, 25, 30, 12, 1, 16, 5, 10, 28, 3, 27, 11, 31, 14, 13, 2];3456.0
[27, 12, 15, 19, 30, 6, 33, 0, 14, 13, 10, 4, 5, 3, 31, 26, 28, 29, 25, 1, 8, 23, 11, 22, 20, 32, 7, 2, 16, 24, 21, 18, 17, 9];3427.0
[14, 26, 5, 6, 18, 21, 17, 7, 9, 30, 27, 28, 33, 2, 3, 23, 31, 8, 13, 29, 10, 20, 22, 19, 15, 25, 12, 0, 1, 11, 16, 24, 32, 4];3435.0
[2, 12, 1, 33, 8, 16, 31, 18, 3, 6, 4, 9, 11, 22, 26, 28, 24, 20, 23, 27, 30, 10, 15, 5, 25, 17, 21, 19, 29, 14, 7, 32, 13, 0];3485.0
[2, 1, 14, 15, 26, 28, 25, 32, 30, 7, 8, 11, 10, 9, 13, 20, 27, 19, 21, 16, 33, 17, 4, 6, 5, 29, 18, 31, 22, 12, 3, 23, 0, 24];3567.0
[30, 7, 6, 10, 0, 24, 17, 28, 2, 1, 25, 9, 11, 20, 33, 3, 32, 16, 13, 31, 18, 19, 22, 4, 29, 23, 26, 21, 27, 5, 8, 12, 15, 14];3548.0
[19, 6, 16, 24, 22, 25, 3, 23, 26, 18, 17, 11, 31, 9, 28, 0, 15, 33, 4, 8, 13, 1, 5, 21, 27, 30, 32, 10, 7, 2, 20, 29, 12, 14];3652.0
[9, 17, 25, 26, 22, 20, 11, 24, 16, 10, 32, 15, 14, 1, 30, 12, 6, 18, 2, 5, 7, 23, 4, 19, 31, 21, 27, 28, 29, 3, 13, 33, 0, 8];3627.0
[18, 1, 33, 3, 2, 4, 7, 5, 11, 17, 12, 13, 32, 6, 25, 30, 15, 16, 28, 24, 10, 20, 23, 26, 19, 8, 29, 27, 21, 22, 14, 9, 0, 31];3346.0
[21, 26, 19, 4, 6, 12, 13, 1, 15, 16, 7, 14, 11, 31, 8, 2, 23, 27, 22, 25, 24, 32, 33, 10, 9, 5, 17, 18, 20, 30, 0, 28, 29, 3];3629.0
[5, 6, 1, 3, 2, 4, 11, 17, 13, 7, 15, 20, 21, 26, 31, 12, 14, 33, 27, 25, 9, 8, 10, 32, 0, 29, 23, 30, 24, 19, 22, 28, 16, 18];3369.0
[18, 19, 20, 31, 32, 10, 4, 6, 2, 21, 11, 8, 14, 26, 16, 12, 3, 28, 0, 7, 5, 25, 15, 33, 29, 9, 1, 13, 17, 30, 27, 24, 23, 22];3411.0
[15, 22, 10, 8, 0, 11, 18, 12, 7, 1, 6, 32, 9, 20, 24, 23, 27, 3, 26, 16, 28, 14, 4, 5, 21, 25, 19, 31, 17, 29, 33, 2, 13, 30];3673.0
[24, 21, 19, 17, 7, 32, 0, 15, 11, 30, 6, 33, 27, 26, 28, 4, 9, 2, 10, 1, 23, 31, 5, 18, 14, 29, 8, 13, 12, 3, 16, 25, 22, 20];3635.0
[17, 29, 25, 5, 11, 0, 31, 4, 8, 14, 15, 28, 10, 32, 7, 16, 23, 19, 20, 2, 3, 9, 12, 1, 22, 24, 21, 18, 6, 30, 13, 33, 27, 26];3668.0
[11, 17, 4, 7, 33, 13, 30, 9, 20, 26, 27, 28, 25, 0, 1, 32, 5, 31, 8, 10, 21, 24, 19, 22, 14, 12, 6, 2, 15, 3, 29, 16, 23, 18];3430.0
[4, 7, 13, 25, 0, 18, 12, 14, 3, 15, 2, 8, 32, 22, 19, 24, 16, 31, 21, 20, 26, 23, 27, 33, 5, 6, 9, 30, 10, 11, 28, 29, 1, 17];3526.0
[8, 28, 25, 1, 33, 29, 24, 26, 31, 17, 18, 9, 16, 5, 7, 32, 0, 23, 3, 13, 2, 19, 20, 15, 22, 21, 10, 11, 6, 4, 30, 27, 12, 14];3437.0
[20, 11, 14, 25, 8, 32, 30, 16, 2, 33, 4, 26, 27, 0, 19, 22, 24, 10, 15, 12, 18, 23, 31, 3, 7, 9, 13, 1, 6, 5, 29, 28, 17, 21];3597.0
[10, 11, 5, 16, 28, 29, 26, 22, 18, 17, 30, 23, 21, 20, 13, 8, 4, 6, 32, 2, 27, 31, 24, 15, 14, 33, 3, 1, 12, 25, 0, 7, 9, 19];3472.0
[30, 15, 8, 10, 1, 6, 4, 23, 29, 9, 27, 20, 21, 24, 3, 2, 5, 13, 32, 7, 18, 19, 33, 12, 0, 26, 22, 11, 17, 16, 14, 25, 31, 28];3584.0
[24, 7, 31, 18, 16, 15, 12, 0, 4, 10, 14, 17, 30, 23, 11, 8, 13, 25, 19, 9, 1, 21, 3, 29, 26, 33, 2, 28, 27, 32, 5, 6, 22, 20];3508.0
[21, 31, 13, 14, 32, 4, 5, 0, 7, 12, 18, 26, 27, 25, 22, 19, 33, 30, 29, 11, 16, 15, 17, 6, 24, 28, 8, 1, 2, 23, 10, 9, 3, 20];3502.0
[19, 8, 17, 7, 6, 30, 2, 25, 10, 9, 32, 4, 27, 12, 11, 18, 1, 28, 24, 23, 20, 0, 33, 13, 3, 29, 14, 16, 22, 21, 5, 15, 26, 31];3587.0
[22, 33, 12, 14, 30, 4, 5, 1, 2, 3, 15, 19, 26, 23, 18, 21, 20, 32, 27, 25, 0, 24, 31, 28, 29, 7, 11, 8, 10, 17, 9, 16, 6, 13];3397.0
[7, 15, 29, 25, 1, 27, 12, 2, 14, 10, 26, 4, 6, 28, 19, 23, 20, 0, 22, 3, 13, 9, 32, 11, 31, 18, 21, 8, 33, 30, 5, 16, 24, 17];3610.0
[28, 9, 31, 18, 12, 5, 30, 3, 33, 29, 1, 25, 4, 13, 23, 20, 32, 0, 7, 16, 14, 2, 15, 17, 10, 6, 11, 21, 27, 26, 8, 24, 22, 19];3658.0
[10, 31, 21, 11, 18, 17, 0, 14, 6, 4, 22, 26, 29, 28, 24, 2, 15, 1, 20, 16, 7, 25, 13, 30, 9, 19, 12, 23, 27, 33, 5, 32, 8, 3];3610.0
[10, 5, 30, 16, 19, 32, 4, 31, 21, 11, 18, 17, 8, 0, 13, 29, 27, 22, 20, 2, 14, 12, 7, 24, 3, 1, 26, 23, 28, 33, 25, 9, 6, 15];3473.0
[26, 22, 21, 17, 32, 9, 10, 20, 30, 28, 15, 12, 5, 2, 0, 14, 33, 16, 4, 27, 3, 7, 29, 6, 8, 13, 11, 18, 31, 19, 24, 23, 1, 25];3429.0
[4, 13, 8, 24, 16, 22, 27, 28, 25, 30, 9, 10, 20, 11, 18, 31, 19, 17, 23, 2, 32, 7, 12, 14, 15, 26, 21, 29, 1, 33, 0, 6, 5, 3];3172.0
[8, 32, 9, 24, 23, 31, 15, 12, 5, 22, 28, 25, 13, 33, 6, 14, 27, 21, 20, 29, 18, 11, 1, 17, 19, 26, 30, 10, 4, 0, 16, 3, 2, 7];3478.0
[20, 24, 23, 15, 12, 22, 28, 30, 6, 4, 8, 18, 32, 14, 1, 25, 26, 27, 9, 2, 10, 5, 29, 13, 19, 0, 3, 16, 11, 31, 17, 33, 7, 21];3517.0
[14, 23, 13, 21, 9, 31, 6, 4, 16, 15, 25, 20, 28, 27, 18, 19, 26, 30, 22, 17, 11, 1, 29, 33, 12, 0, 7, 8, 5, 2, 10, 3, 24, 32];3618.0
[25, 29, 15, 0, 23, 26, 28, 30, 6, 22, 11, 8, 13, 33, 10, 14, 2, 4, 5, 27, 20, 21, 31, 32, 12, 24, 18, 19, 9, 1, 7, 3, 16, 17];3311.0
[2, 0, 19, 9, 11, 18, 12, 23, 20, 21, 27, 22, 14, 28, 1, 25, 6, 3, 30, 29, 17, 10, 15, 26, 33, 16, 24, 31, 5, 4, 32, 13, 7, 8];3328.0
[19, 32, 23, 31, 22, 10, 27, 9, 5, 14, 12, 18, 30, 7, 11, 8, 17, 3, 6, 4, 15, 25, 16, 0, 24, 1, 2, 13, 33, 28, 29, 26, 20, 21];3549.0
[7, 5, 28, 16, 2, 13, 25, 4, 1, 0, 30, 21, 31, 9, 17, 8, 11, 10, 23, 18, 6, 33, 22, 20, 26, 27, 3, 24, 29, 15, 32, 14, 12, 19];3568.0
[28, 16, 10, 4, 20, 21, 26, 22, 3, 27, 25, 17, 31, 18, 7, 32, 29, 14, 15, 23, 33, 11, 8, 13, 24, 19, 0, 12, 9, 5, 1, 30, 2, 6];3431.0
[32, 9, 13, 3, 33, 30, 2, 24, 6, 4, 8, 1, 17, 0, 18, 11, 10, 14, 21, 28, 23, 31, 5, 16, 25, 12, 7, 26, 29, 15, 22, 27, 20, 19];3442.0
[22, 11, 18, 1, 2, 16, 12, 14, 8, 10, 7, 6, 15, 24, 21, 33, 25, 26, 30, 23, 3, 9, 5, 17, 19, 31, 20, 29, 32, 4, 13, 0, 27, 28];3346.0
[27, 21, 29, 3, 25, 23, 0, 13, 14, 30, 28, 9, 24, 17, 33, 4, 5, 31, 19, 20, 16, 7, 6, 1, 2, 8, 10, 11, 15, 32, 12, 22, 26, 18];3592.0
[22, 19, 18, 21, 12, 11, 8, 14, 3, 2, 15, 32, 25, 9, 17, 31, 26, 5, 6, 4, 33, 23, 29, 20, 10, 13, 24, 27, 28, 7, 30, 16, 0, 1];3556.0
[14, 15, 26, 21, 22, 23, 18, 5, 9, 6, 7, 30, 33, 13, 2, 0, 25, 11, 8, 16, 3, 32, 4, 12, 31, 10, 28, 20, 19, 27, 29, 1, 17, 24];3493.0
[31, 26, 13, 16, 29, 17, 11, 20, 21, 19, 7, 15, 12, 18, 23, 1, 2, 14, 8, 5, 4, 10, 24, 6, 9, 3, 33, 0, 32, 25, 22, 30, 28, 27];3547.0
[21, 25, 1, 29, 0, 3, 9, 32, 5, 13, 18, 17, 23, 22, 8, 30, 4, 6, 28, 27, 11, 10, 7, 31, 12, 14, 16, 20, 33, 2, 26, 24, 19, 15];3586.0
[32, 24, 23, 31, 29, 30, 5, 12, 33, 3, 8, 10, 1, 4, 7, 14, 0, 15, 28, 27, 13, 2, 26, 16, 9, 21, 22, 25, 11, 19, 18, 20, 17, 6];3542.0
