ftv44
[30, 11, 32, 28, 2, 0, 9, 8, 7, 43, 13, 16, 38, 44, 41, 6, 22, 17, 24, 35, 20, 37, 40, 31, 33, 27, 4, 1, 3, 18, 42, 23, 26, 19, 15, 5, 29, 25, 14, 21, 36, 34, 12, 10, 39];4806.0;5027.714285714285;1590979.603174603;1914.0;1.0;63.0
[6, 8, 44, 4, 25, 1, 12, 0, 22, 14, 21, 26, 42, 23, 24, 28, 30, 16, 11, 10, 3, 38, 35, 32, 39, 31, 36, 20, 2, 29, 15, 17, 40, 9, 34, 19, 37, 41, 33, 18, 43, 27, 5, 13, 7];5100.0
[35, 10, 31, 44, 33, 27, 34, 13, 30, 3, 20, 8, 7, 11, 4, 15, 22, 21, 43, 16, 23, 24, 26, 25, 42, 0, 28, 1, 5, 19, 38, 39, 18, 37, 6, 9, 14, 2, 41, 29, 32, 17, 12, 36, 40];4936.0
[23, 5, 40, 8, 35, 25, 28, 22, 16, 6, 38, 3, 41, 4, 0, 39, 7, 32, 17, 14, 13, 29, 43, 10, 24, 15, 2, 44, 33, 30, 19, 1, 18, 42, 27, 21, 37, 26, 34, 36, 31, 11, 12, 20, 9];4992.0
[34, 4, 27, 44, 10, 14, 32, 22, 1, 3, 20, 13, 7, 38, 37, 31, 12, 2, 8, 6, 16, 19, 18, 43, 17, 42, 23, 24, 5, 41, 36, 11, 9, 30, 26, 33, 0, 21, 15, 35, 40, 39, 28, 29, 25];5077.0
[44, 40, 8, 26, 35, 28, 30, 25, 33, 34, 31, 42, 17, 0, 38, 41, 2, 6, 19, 27, 22, 11, 12, 5, 20, 43, 32, 18, 16, 9, 23, 13, 4, 37, 3, 39, 7, 15, 29, 10, 1, 36, 24, 21, 14];4977.0
[28, 13, 14, 34, 9, 10, 12, 43, 17, 11, 27, 2, 6, 31, 39, 38, 4, 8, 35, 1, 19, 20, 21, 37, 40, 36, 25, 30, 26, 15, 0, 18, 23, 32, 24, 22, 16, 42, 44, 41, 3, 5, 7, 29, 33];4927.0
[36, 6, 40, 5, 29, 31, 3, 37, 30, 8, 13, 14, 20, 10, 16, 42, 1, 39, 41, 2, 19, 21, 24, 35, 34, 38, 27, 26, 28, 0, 9, 33, 43, 22, 18, 25, 23, 12, 44, 32, 4, 7, 11, 15, 17];4998.0
[12, 11, 29, 22, 9, 39, 6, 4, 16, 0, 2, 7, 21, 37, 41, 28, 30, 13, 36, 3, 35, 38, 40, 34, 1, 24, 43, 44, 26, 42, 15, 20, 8, 10, 32, 19, 14, 17, 5, 25, 33, 27, 18, 31, 23];4983.0
[3, 8, 32, 26, 23, 20, 15, 24, 13, 18, 42, 17, 9, 1, 19, 25, 33, 7, 4, 39, 41, 6, 22, 11, 14, 35, 16, 0, 29, 36, 21, 43, 10, 12, 30, 27, 37, 38, 34, 2, 31, 44, 28, 40, 5];4979.0
[35, 40, 8, 13, 6, 29, 1, 43, 12, 44, 36, 39, 37, 33, 2, 3, 41, 11, 9, 15, 21, 10, 18, 16, 19, 23, 26, 22, 17, 42, 30, 4, 24, 28, 20, 7, 25, 14, 0, 5, 34, 32, 38, 27, 31];5133.0
[25, 42, 17, 27, 30, 37, 0, 23, 9, 16, 20, 10, 14, 18, 33, 28, 22, 13, 19, 34, 29, 24, 43, 5, 31, 21, 32, 38, 11, 15, 4, 35, 40, 36, 8, 12, 2, 6, 41, 3, 7, 39, 44, 1, 26];5019.0
[29, 17, 44, 40, 19, 12, 16, 43, 21, 14, 24, 25, 27, 33, 35, 36, 31, 13, 20, 6, 28, 22, 32, 37, 7, 11, 41, 30, 2, 8, 3, 9, 15, 23, 18, 10, 39, 0, 42, 26, 5, 34, 38, 4, 1];5039.0
[26, 20, 2, 42, 25, 28, 38, 27, 44, 0, 32, 22, 29, 24, 6, 33, 7, 30, 13, 10, 8, 9, 21, 39, 40, 11, 16, 23, 18, 36, 34, 14, 31, 5, 43, 12, 17, 15, 1, 3, 4, 37, 35, 41, 19];5092.0
[33, 38, 32, 34, 26, 5, 40, 43, 4, 39, 21, 44, 3, 7, 35, 36, 22, 23, 30, 14, 17, 6, 9, 41, 11, 20, 18, 10, 15, 12, 29, 42, 28, 31, 0, 16, 19, 13, 8, 1, 2, 37, 27, 24, 25];5060.0
[29, 16, 19, 32, 2, 26, 24, 35, 18, 15, 14, 41, 44, 0, 7, 5, 25, 36, 4, 21, 9, 23, 33, 34, 40, 38, 3, 6, 11, 8, 17, 13, 28, 37, 39, 1, 31, 22, 42, 43, 12, 20, 10, 27, 30];4872.0
[10, 3, 14, 17, 42, 44, 4, 1, 19, 7, 15, 12, 36, 33, 35, 2, 43, 8, 9, 13, 16, 37, 23, 24, 11, 40, 38, 25, 34, 21, 18, 27, 41, 39, 31, 28, 30, 5, 29, 32, 0, 6, 26, 22, 20];5084.0
[15, 2, 3, 19, 18, 32, 20, 43, 33, 4, 14, 13, 31, 38, 12, 5, 44, 9, 6, 8, 35, 28, 26, 21, 41, 40, 39, 7, 10, 17, 37, 16, 23, 0, 11, 29, 27, 42, 22, 24, 25, 36, 34, 1, 30];4969.0
[36, 6, 11, 12, 28, 26, 22, 10, 21, 1, 35, 40, 14, 39, 8, 9, 43, 20, 31, 5, 27, 33, 2, 19, 29, 44, 34, 18, 16, 17, 3, 42, 24, 13, 15, 4, 0, 23, 25, 41, 30, 7, 38, 32, 37];5046.0
[15, 21, 6, 27, 33, 37, 36, 31, 3, 11, 40, 38, 34, 0, 35, 42, 4, 19, 10, 43, 41, 7, 8, 39, 22, 32, 20, 13, 16, 44, 5, 1, 2, 30, 17, 9, 12, 23, 14, 29, 28, 18, 26, 25, 24];4910.0
[38, 21, 27, 42, 26, 13, 30, 23, 10, 31, 44, 35, 1, 25, 9, 8, 11, 5, 4, 32, 40, 19, 12, 14, 15, 2, 7, 36, 39, 3, 6, 16, 43, 22, 24, 29, 20, 17, 0, 18, 28, 37, 41, 33, 34];5180.0
[19, 20, 40, 27, 3, 36, 35, 34, 25, 22, 42, 17, 16, 2, 9, 13, 14, 21, 1, 24, 28, 5, 4, 43, 11, 7, 8, 0, 6, 41, 44, 31, 26, 18, 15, 32, 33, 39, 37, 10, 29, 30, 38, 12, 23];4872.0
[33, 37, 5, 4, 42, 21, 12, 17, 18, 8, 3, 31, 7, 16, 41, 40, 6, 10, 19, 20, 43, 26, 23, 25, 36, 44, 0, 15, 13, 2, 30, 11, 39, 1, 28, 38, 35, 34, 9, 22, 14, 24, 27, 29, 32];4867.0
[10, 38, 41, 5, 44, 19, 12, 1, 18, 14, 16, 7, 0, 28, 35, 29, 21, 17, 27, 4, 6, 32, 25, 26, 36, 2, 20, 22, 13, 15, 9, 39, 40, 37, 3, 24, 42, 33, 8, 31, 30, 23, 34, 43, 11];5006.0
[23, 19, 1, 31, 38, 35, 0, 21, 26, 12, 3, 34, 37, 6, 7, 8, 10, 22, 24, 11, 40, 33, 39, 14, 32, 30, 43, 9, 20, 15, 13, 2, 36, 4, 29, 25, 28, 42, 17, 18, 41, 44, 27, 5, 16];4992.0
[7, 4, 41, 19, 17, 2, 32, 36, 33, 0, 34, 44, 31, 39, 43, 24, 16, 20, 11, 35, 18, 26, 27, 25, 13, 23, 10, 38, 29, 28, 30, 22, 40, 1, 12, 15, 42, 21, 37, 3, 5, 14, 6, 8, 9];5108.0
[32, 35, 44, 13, 16, 1, 4, 38, 36, 17, 39, 34, 25, 29, 0, 40, 41, 6, 30, 12, 21, 14, 8, 15, 20, 28, 42, 2, 31, 19, 11, 43, 33, 27, 18, 5, 24, 23, 22, 10, 7, 9, 26, 37, 3];5059.0
[12, 1, 25, 31, 21, 0, 30, 42, 22, 19, 28, 29, 32, 35, 40, 37, 5, 27, 24, 26, 15, 14, 44, 33, 10, 7, 13, 17, 23, 36, 18, 4, 9, 3, 38, 41, 6, 20, 2, 43, 11, 39, 34, 16, 8];5006.0
[17, 42, 33, 22, 7, 21, 10, 8, 36, 40, 5, 13, 11, 12, 23, 26, 27, 3, 32, 28, 35, 34, 1, 2, 29, 30, 37, 44, 0, 9, 6, 41, 20, 15, 38, 43, 19, 24, 14, 25, 39, 31, 16, 4, 18];5003.0
[2, 44, 6, 14, 21, 41, 10, 30, 37, 31, 39, 38, 32, 17, 18, 26, 25, 22, 8, 0, 12, 11, 20, 43, 13, 34, 33, 27, 35, 28, 24, 1, 23, 19, 36, 9, 42, 16, 29, 5, 40, 15, 7, 3, 4];5091.0
[31, 16, 13, 42, 40, 37, 38, 6, 19, 7, 33, 35, 15, 18, 28, 27, 25, 41, 9, 14, 20, 21, 29, 22, 23, 2, 43, 17, 0, 44, 4, 11, 12, 32, 26, 30, 1, 5, 39, 36, 8, 24, 10, 3, 34];5149.0
[43, 2, 39, 17, 13, 23, 15, 11, 36, 3, 7, 0, 8, 38, 27, 35, 31, 19, 41, 4, 30, 6, 10, 37, 40, 1, 5, 9, 20, 16, 14, 44, 25, 24, 26, 42, 32, 28, 18, 21, 33, 34, 29, 22, 12];4975.0
[44, 40, 34, 24, 22, 12, 18, 9, 39, 32, 29, 38, 37, 6, 41, 30, 1, 16, 5, 4, 42, 3, 8, 33, 19, 25, 27, 28, 2, 35, 14, 20, 7, 23, 31, 11, 10, 21, 0, 43, 13, 15, 26, 17, 36];5090.0
[14, 43, 26, 34, 21, 10, 13, 4, 44, 7, 28, 29, 39, 5, 8, 41, 40, 27, 25, 2, 6, 42, 16, 11, 0, 1, 3, 20, 17, 22, 23, 31, 37, 33, 32, 36, 38, 30, 35, 19, 9, 12, 24, 18, 15];4926.0
[44, 5, 32, 9, 19, 41, 7, 13, 39, 27, 31, 40, 2, 35, 3, 18, 16, 37, 6, 11, 0, 8, 25, 42, 4, 24, 29, 33, 26, 28, 38, 30, 22, 12, 15, 17, 34, 36, 14, 21, 20, 23, 43, 10, 1];5193.0
[38, 33, 9, 32, 25, 37, 34, 27, 26, 28, 24, 17, 18, 7, 40, 29, 15, 11, 13, 42, 16, 1, 23, 3, 4, 20, 12, 36, 31, 10, 30, 43, 19, 0, 22, 14, 44, 2, 8, 6, 39, 21, 35, 5, 41];5095.0
[7, 14, 23, 37, 44, 0, 6, 4, 41, 1, 35, 40, 30, 42, 5, 33, 26, 24, 12, 31, 21, 28, 10, 9, 36, 34, 27, 39, 13, 11, 16, 8, 19, 15, 20, 43, 25, 32, 38, 2, 29, 18, 22, 17, 3];5063.0
[39, 5, 2, 19, 18, 33, 31, 41, 34, 4, 8, 10, 32, 28, 29, 21, 13, 20, 43, 44, 11, 7, 37, 27, 30, 36, 40, 35, 22, 24, 26, 15, 12, 3, 0, 17, 42, 23, 25, 6, 9, 14, 38, 1, 16];5048.0
[23, 8, 10, 19, 14, 1, 18, 42, 12, 21, 16, 4, 44, 25, 27, 34, 28, 15, 9, 36, 7, 13, 17, 5, 0, 32, 2, 6, 26, 37, 11, 43, 41, 39, 30, 20, 40, 3, 24, 29, 38, 33, 35, 31, 22];5122.0
[28, 22, 15, 43, 23, 33, 34, 4, 5, 1, 39, 40, 29, 21, 11, 12, 10, 0, 14, 20, 25, 9, 8, 37, 6, 31, 7, 19, 2, 41, 32, 24, 3, 44, 18, 42, 13, 17, 26, 30, 36, 27, 35, 38, 16];5024.0
[15, 14, 17, 33, 27, 2, 41, 9, 6, 35, 39, 1, 28, 30, 37, 4, 18, 29, 24, 32, 36, 34, 16, 5, 20, 44, 31, 25, 23, 22, 26, 38, 42, 11, 10, 0, 21, 12, 19, 3, 13, 43, 7, 40, 8];4924.0
[6, 13, 16, 42, 25, 3, 4, 41, 34, 0, 27, 29, 24, 31, 19, 33, 23, 32, 11, 14, 43, 20, 12, 8, 10, 17, 2, 35, 30, 36, 15, 9, 40, 39, 1, 38, 44, 5, 28, 18, 21, 26, 22, 37, 7];5007.0
[34, 26, 7, 16, 23, 43, 10, 4, 41, 38, 17, 24, 18, 11, 2, 5, 30, 35, 32, 27, 21, 15, 12, 25, 33, 40, 42, 20, 14, 0, 37, 19, 22, 1, 36, 39, 44, 9, 8, 3, 6, 29, 28, 13, 31];5106.0
[26, 39, 1, 12, 24, 14, 42, 0, 2, 38, 17, 5, 21, 11, 43, 7, 8, 31, 40, 9, 41, 20, 23, 22, 16, 18, 36, 4, 10, 13, 19, 30, 35, 15, 37, 6, 25, 27, 28, 33, 3, 44, 29, 34, 32];5043.0
[22, 26, 40, 39, 6, 4, 10, 5, 36, 34, 33, 2, 23, 14, 25, 38, 27, 44, 3, 8, 9, 17, 42, 12, 28, 43, 41, 21, 20, 30, 37, 32, 18, 13, 35, 0, 15, 7, 1, 11, 16, 19, 31, 29, 24];5083.0
[37, 25, 42, 26, 23, 21, 31, 38, 40, 3, 10, 0, 20, 14, 8, 33, 30, 39, 6, 18, 13, 34, 11, 43, 5, 32, 7, 15, 28, 12, 16, 17, 1, 4, 29, 24, 22, 41, 44, 27, 35, 2, 9, 19, 36];5052.0
[28, 35, 23, 42, 27, 26, 33, 36, 38, 8, 12, 16, 9, 44, 31, 25, 0, 1, 3, 21, 19, 30, 29, 14, 43, 41, 20, 32, 4, 24, 34, 18, 17, 10, 7, 39, 6, 22, 2, 15, 13, 11, 5, 40, 37];4835.0
[30, 11, 32, 28, 2, 0, 9, 8, 7, 43, 13, 16, 38, 44, 41, 6, 22, 17, 24, 35, 20, 37, 40, 31, 33, 27, 4, 1, 3, 18, 42, 23, 26, 19, 15, 5, 29, 25, 14, 21, 36, 34, 12, 10, 39];4806.0
[10, 36, 25, 23, 28, 42, 33, 1, 5, 18, 27, 40, 34, 35, 8, 9, 4, 2, 20, 31, 19, 38, 21, 39, 7, 32, 29, 15, 13, 22, 17, 43, 26, 0, 30, 24, 3, 41, 44, 37, 11, 12, 16, 14, 6];5096.0
[16, 17, 12, 28, 44, 37, 19, 15, 13, 18, 0, 27, 35, 6, 5, 3, 41, 2, 40, 32, 38, 29, 20, 39, 36, 33, 25, 4, 9, 8, 21, 43, 7, 11, 14, 26, 34, 10, 31, 22, 23, 24, 30, 1, 42];4930.0
[5, 12, 8, 10, 11, 22, 24, 42, 26, 14, 37, 15, 17, 38, 9, 19, 36, 44, 41, 20, 21, 0, 40, 39, 27, 25, 6, 13, 16, 23, 18, 28, 29, 4, 30, 34, 35, 2, 32, 43, 7, 1, 33, 3, 31];4948.0
[18, 5, 10, 7, 6, 44, 14, 0, 36, 31, 29, 37, 34, 30, 25, 27, 33, 8, 38, 4, 3, 20, 43, 17, 9, 41, 40, 35, 13, 2, 1, 32, 24, 11, 16, 23, 19, 28, 21, 39, 12, 42, 22, 15, 26];4954.0
[31, 29, 0, 3, 39, 34, 36, 14, 8, 21, 16, 9, 10, 12, 4, 37, 27, 6, 17, 18, 15, 20, 11, 43, 19, 1, 32, 30, 13, 41, 35, 2, 5, 28, 26, 38, 44, 24, 22, 25, 33, 40, 23, 42, 7];5090.0
[21, 37, 3, 38, 24, 1, 30, 16, 23, 35, 25, 27, 33, 39, 32, 17, 34, 26, 28, 42, 14, 44, 41, 22, 31, 43, 18, 19, 20, 15, 0, 13, 9, 10, 11, 12, 8, 4, 6, 36, 5, 40, 29, 7, 2];5159.0
[8, 7, 10, 0, 6, 11, 36, 29, 35, 1, 31, 30, 34, 40, 37, 39, 27, 38, 32, 44, 18, 43, 13, 19, 12, 16, 26, 22, 15, 28, 20, 17, 9, 41, 3, 21, 2, 25, 33, 4, 23, 5, 14, 24, 42];5048.0
[14, 0, 43, 10, 36, 39, 25, 26, 37, 28, 3, 6, 4, 9, 8, 34, 15, 40, 33, 30, 20, 5, 12, 17, 24, 42, 16, 23, 19, 29, 11, 2, 21, 7, 35, 32, 31, 27, 18, 13, 38, 44, 1, 41, 22];5025.0
[20, 30, 33, 35, 13, 15, 12, 43, 28, 26, 11, 10, 14, 22, 5, 44, 41, 40, 37, 32, 1, 19, 17, 4, 23, 29, 31, 42, 25, 38, 21, 18, 16, 9, 34, 7, 27, 24, 8, 6, 2, 36, 39, 3, 0];5128.0
[13, 39, 8, 2, 30, 23, 42, 32, 29, 5, 18, 44, 28, 21, 36, 4, 7, 43, 20, 14, 22, 15, 6, 12, 17, 16, 10, 24, 41, 9, 11, 19, 40, 0, 33, 37, 38, 1, 31, 3, 34, 35, 25, 26, 27];5134.0
[21, 0, 19, 34, 10, 5, 40, 36, 18, 1, 32, 33, 22, 12, 35, 24, 42, 25, 4, 41, 8, 2, 20, 7, 39, 6, 3, 29, 28, 23, 44, 37, 27, 26, 17, 43, 16, 9, 38, 31, 13, 15, 11, 30, 14];5143.0
[20, 19, 40, 38, 4, 43, 16, 15, 6, 34, 27, 11, 39, 35, 29, 33, 14, 12, 1, 28, 26, 37, 42, 18, 25, 0, 5, 31, 30, 41, 3, 13, 10, 44, 17, 32, 36, 2, 8, 9, 7, 24, 23, 22, 21];5049.0
[6, 7, 25, 29, 28, 40, 12, 10, 38, 4, 32, 37, 1, 16, 23, 43, 30, 26, 19, 34, 36, 33, 27, 11, 15, 14, 35, 41, 39, 0, 5, 21, 31, 24, 17, 44, 42, 22, 20, 9, 8, 2, 13, 18, 3];5056.0
[0, 32, 31, 2, 40, 5, 36, 22, 23, 43, 11, 17, 44, 34, 39, 41, 37, 26, 33, 1, 6, 16, 35, 28, 15, 21, 27, 42, 12, 24, 19, 20, 10, 4, 13, 18, 25, 38, 3, 30, 14, 29, 8, 7, 9];5079.0
[9, 0, 40, 32, 43, 41, 5, 25, 27, 28, 24, 7, 6, 20, 10, 12, 19, 30, 44, 34, 26, 37, 39, 8, 18, 16, 2, 36, 3, 4, 1, 31, 21, 35, 38, 14, 17, 15, 42, 29, 13, 11, 23, 22, 33];4978.0
[31, 40, 27, 26, 34, 14, 13, 17, 22, 15, 7, 8, 4, 2, 18, 19, 38, 12, 9, 41, 6, 37, 39, 36, 16, 23, 20, 3, 28, 33, 21, 43, 0, 11, 42, 10, 30, 29, 25, 24, 5, 1, 35, 44, 32];5011.0
