ftv55
[10, 30, 2, 3, 46, 26, 20, 19, 22, 18, 48, 35, 37, 13, 47, 27, 43, 8, 51, 0, 49, 42, 24, 29, 41, 45, 14, 15, 53, 28, 16, 4, 52, 50, 5, 17, 54, 44, 55, 1, 31, 7, 6, 32, 36, 9, 21, 23, 33, 25, 40, 12, 39, 34, 11, 38];5793.0;6027.0;3532205.9655172415;3485.0;1.0;29.0
[50, 53, 45, 14, 44, 15, 55, 17, 21, 27, 6, 25, 19, 40, 41, 34, 33, 47, 0, 48, 1, 2, 13, 52, 37, 7, 23, 54, 16, 36, 10, 8, 46, 3, 38, 9, 43, 29, 28, 51, 12, 11, 32, 49, 4, 26, 30, 31, 20, 39, 18, 5, 35, 24, 22, 42];5991.0
[6, 21, 53, 14, 33, 26, 36, 8, 48, 15, 12, 20, 22, 43, 29, 2, 47, 44, 55, 35, 10, 51, 41, 24, 37, 46, 31, 27, 54, 49, 19, 30, 23, 17, 16, 52, 3, 7, 28, 0, 42, 9, 1, 18, 13, 25, 50, 34, 32, 38, 11, 40, 39, 45, 4, 5];6230.0
[10, 30, 2, 3, 46, 26, 20, 19, 22, 18, 48, 35, 37, 13, 47, 27, 43, 8, 51, 0, 49, 42, 24, 29, 41, 45, 14, 15, 53, 28, 16, 4, 52, 50, 5, 17, 54, 44, 55, 1, 31, 7, 6, 32, 36, 9, 21, 23, 33, 25, 40, 12, 39, 34, 11, 38];5793.0
[35, 33, 54, 9, 32, 5, 55, 29, 51, 4, 20, 42, 22, 53, 30, 36, 43, 24, 2, 48, 25, 27, 18, 1, 15, 10, 52, 44, 16, 3, 23, 34, 14, 31, 47, 19, 41, 0, 12, 45, 28, 26, 40, 49, 17, 39, 38, 11, 7, 13, 6, 46, 21, 50, 37, 8];6120.0
[13, 35, 37, 0, 28, 3, 7, 17, 38, 29, 51, 10, 1, 20, 39, 2, 9, 36, 50, 41, 23, 48, 4, 12, 26, 27, 11, 54, 24, 16, 47, 46, 19, 22, 5, 8, 32, 14, 15, 52, 34, 49, 33, 55, 31, 18, 42, 30, 6, 25, 45, 40, 21, 53, 43, 44];6081.0
[16, 47, 25, 51, 46, 3, 37, 55, 0, 29, 26, 6, 7, 53, 19, 42, 23, 14, 5, 31, 36, 17, 32, 8, 43, 1, 13, 9, 4, 40, 27, 45, 20, 11, 33, 34, 48, 49, 54, 30, 52, 24, 2, 15, 12, 44, 28, 21, 39, 18, 10, 35, 38, 41, 22, 50];6146.0
[12, 0, 45, 7, 8, 4, 17, 42, 26, 38, 37, 10, 18, 20, 3, 48, 2, 13, 40, 25, 54, 46, 43, 29, 14, 34, 19, 21, 44, 41, 51, 35, 22, 39, 15, 16, 5, 33, 11, 30, 55, 1, 50, 24, 52, 31, 49, 53, 28, 9, 36, 32, 6, 47, 23, 27];6127.0
[33, 30, 47, 29, 13, 4, 26, 25, 10, 8, 52, 51, 6, 12, 38, 23, 42, 41, 46, 9, 15, 21, 45, 20, 37, 39, 36, 1, 19, 22, 40, 11, 18, 0, 31, 28, 55, 54, 49, 48, 34, 50, 27, 17, 2, 5, 53, 43, 32, 35, 7, 14, 24, 44, 16, 3];5962.0
[36, 50, 21, 33, 19, 23, 47, 8, 10, 0, 27, 29, 26, 4, 39, 37, 49, 22, 18, 25, 30, 38, 51, 5, 44, 24, 40, 1, 48, 3, 6, 14, 28, 42, 54, 41, 15, 52, 43, 46, 17, 16, 7, 34, 2, 13, 35, 32, 9, 31, 45, 53, 12, 55, 11, 20];6161.0
[51, 18, 35, 14, 46, 12, 6, 11, 19, 54, 55, 0, 17, 25, 43, 29, 38, 22, 23, 20, 40, 47, 45, 28, 7, 32, 36, 8, 9, 15, 24, 41, 53, 16, 4, 5, 33, 49, 31, 44, 10, 42, 2, 1, 39, 50, 48, 27, 30, 34, 13, 52, 26, 21, 37, 3];6086.0
[18, 40, 42, 23, 26, 22, 27, 10, 31, 45, 50, 43, 3, 9, 7, 24, 2, 6, 48, 39, 41, 49, 44, 47, 21, 53, 20, 52, 30, 55, 28, 37, 15, 14, 46, 29, 54, 25, 11, 38, 8, 51, 0, 17, 33, 34, 12, 32, 5, 19, 13, 4, 1, 35, 36, 16];6008.0
[2, 38, 19, 1, 34, 50, 54, 22, 51, 10, 9, 35, 6, 3, 31, 55, 17, 16, 28, 43, 25, 40, 44, 8, 12, 11, 26, 13, 18, 33, 23, 24, 42, 47, 14, 36, 0, 15, 7, 21, 45, 30, 53, 29, 20, 39, 41, 27, 5, 4, 46, 48, 49, 52, 32, 37];5997.0
[31, 26, 44, 35, 9, 36, 27, 53, 43, 1, 2, 32, 11, 40, 19, 33, 37, 45, 50, 10, 52, 46, 28, 55, 38, 34, 20, 21, 13, 8, 7, 15, 17, 49, 54, 39, 14, 30, 48, 23, 0, 42, 22, 41, 3, 12, 25, 18, 51, 29, 24, 4, 5, 47, 6, 16];6035.0
[8, 35, 13, 34, 31, 50, 23, 30, 53, 25, 3, 6, 38, 2, 24, 7, 45, 44, 52, 17, 46, 41, 18, 42, 40, 21, 37, 9, 0, 47, 1, 43, 5, 14, 11, 12, 51, 29, 15, 26, 39, 4, 16, 55, 27, 54, 48, 28, 33, 20, 19, 22, 49, 32, 36, 10];5927.0
[9, 48, 6, 5, 21, 22, 40, 7, 19, 41, 24, 13, 14, 32, 15, 25, 49, 12, 51, 29, 16, 23, 50, 20, 38, 30, 4, 8, 17, 45, 27, 18, 39, 43, 44, 53, 55, 0, 42, 28, 10, 34, 36, 54, 33, 31, 47, 1, 11, 35, 37, 46, 2, 3, 52, 26];5903.0
[38, 50, 16, 47, 4, 33, 5, 48, 29, 53, 3, 55, 43, 31, 52, 24, 27, 34, 8, 40, 19, 41, 9, 11, 22, 23, 28, 54, 30, 45, 12, 13, 37, 6, 46, 15, 17, 36, 1, 0, 39, 20, 2, 14, 51, 26, 21, 42, 49, 44, 18, 32, 10, 35, 7, 25];6048.0
[6, 47, 28, 30, 21, 22, 19, 36, 34, 40, 38, 42, 37, 5, 53, 29, 49, 17, 14, 15, 27, 25, 1, 31, 26, 20, 41, 9, 4, 16, 7, 33, 8, 24, 50, 3, 44, 51, 10, 12, 45, 52, 55, 48, 39, 11, 2, 0, 54, 46, 13, 32, 35, 43, 23, 18];6033.0
[11, 46, 1, 24, 23, 28, 53, 15, 4, 36, 26, 54, 25, 31, 47, 6, 48, 21, 27, 41, 13, 40, 20, 5, 45, 55, 3, 22, 43, 51, 35, 7, 2, 9, 37, 19, 50, 17, 14, 30, 52, 0, 29, 34, 49, 38, 39, 18, 16, 12, 10, 8, 32, 42, 44, 33];6112.0
[49, 44, 29, 4, 55, 48, 20, 38, 37, 47, 30, 3, 27, 7, 2, 34, 23, 46, 22, 50, 31, 9, 0, 40, 15, 51, 25, 42, 52, 14, 18, 39, 11, 8, 6, 13, 35, 36, 10, 17, 33, 24, 12, 28, 53, 43, 41, 21, 54, 32, 19, 45, 26, 1, 16, 5];5924.0
[47, 23, 45, 1, 54, 8, 35, 27, 22, 18, 16, 13, 12, 38, 11, 49, 42, 15, 0, 37, 51, 25, 21, 44, 46, 30, 34, 26, 55, 29, 53, 43, 48, 36, 39, 7, 24, 28, 33, 14, 2, 17, 40, 50, 41, 19, 3, 6, 10, 32, 5, 31, 4, 20, 9, 52];5893.0
[41, 40, 19, 39, 33, 17, 35, 3, 16, 37, 7, 8, 31, 6, 4, 25, 2, 48, 1, 52, 20, 43, 0, 13, 36, 47, 34, 22, 30, 26, 29, 55, 28, 27, 42, 51, 11, 12, 24, 23, 46, 14, 21, 15, 9, 54, 49, 18, 38, 32, 5, 53, 10, 45, 44, 50];6141.0
[16, 0, 29, 27, 45, 47, 48, 32, 34, 30, 31, 55, 9, 19, 4, 11, 25, 3, 1, 35, 5, 2, 53, 8, 6, 46, 22, 26, 39, 52, 44, 21, 18, 43, 41, 49, 42, 20, 40, 38, 24, 23, 54, 7, 15, 14, 50, 51, 12, 36, 37, 13, 10, 17, 28, 33];6080.0
[9, 14, 12, 6, 50, 19, 37, 5, 55, 29, 26, 16, 1, 30, 49, 41, 22, 27, 4, 39, 38, 13, 15, 48, 33, 52, 45, 44, 53, 31, 47, 43, 0, 42, 24, 7, 8, 10, 32, 11, 36, 3, 17, 54, 20, 28, 40, 21, 51, 35, 23, 25, 34, 2, 46, 18];5895.0
[19, 0, 3, 36, 25, 6, 8, 31, 53, 9, 13, 7, 16, 42, 46, 34, 1, 26, 33, 38, 51, 14, 18, 4, 5, 32, 52, 49, 39, 37, 15, 20, 30, 12, 35, 23, 24, 45, 55, 29, 10, 21, 27, 40, 50, 22, 28, 48, 2, 17, 44, 47, 43, 41, 54, 11];6011.0
[2, 46, 17, 55, 0, 43, 27, 33, 21, 37, 34, 28, 18, 13, 11, 41, 8, 32, 35, 6, 3, 30, 15, 51, 36, 38, 10, 4, 5, 48, 25, 47, 50, 49, 24, 26, 45, 54, 52, 9, 16, 1, 44, 42, 12, 7, 39, 40, 22, 19, 20, 23, 29, 14, 31, 53];6140.0
[46, 24, 40, 4, 35, 34, 10, 16, 11, 8, 12, 2, 7, 14, 5, 6, 19, 54, 27, 3, 47, 53, 44, 42, 45, 28, 13, 17, 52, 23, 50, 25, 55, 33, 15, 51, 20, 18, 32, 29, 41, 21, 22, 48, 39, 26, 9, 1, 49, 0, 31, 30, 38, 37, 36, 43];5906.0
[54, 49, 28, 23, 20, 36, 0, 14, 3, 18, 41, 24, 17, 30, 44, 46, 50, 22, 39, 4, 33, 13, 5, 19, 37, 43, 45, 25, 47, 34, 8, 2, 15, 31, 16, 48, 1, 9, 7, 10, 11, 27, 55, 29, 12, 32, 51, 52, 26, 35, 6, 53, 42, 21, 38, 40];6044.0
[30, 24, 10, 53, 44, 21, 27, 23, 40, 29, 26, 51, 34, 49, 1, 25, 54, 20, 42, 39, 6, 31, 48, 2, 11, 38, 3, 32, 46, 37, 7, 28, 47, 33, 36, 12, 8, 0, 14, 4, 16, 55, 52, 35, 18, 19, 43, 17, 13, 5, 9, 15, 50, 41, 22, 45];6007.0
[9, 15, 40, 18, 33, 39, 36, 51, 1, 30, 46, 42, 44, 29, 10, 11, 35, 25, 43, 20, 41, 50, 21, 19, 54, 22, 12, 26, 31, 4, 47, 5, 55, 52, 34, 32, 37, 14, 27, 23, 0, 7, 49, 3, 48, 6, 16, 38, 45, 17, 13, 53, 24, 28, 2, 8];5982.0
