p43
[11, 27, 15, 19, 31, 1, 33, 6, 14, 16, 30, 8, 37, 17, 20, 5, 28, 21, 39, 41, 38, 42, 34, 10, 23, 18, 12, 26, 32, 40, 4, 36, 9, 7, 0, 3, 25, 22, 13, 2, 29, 24, 35];11800.0;16360.875;1579431.015625;2077.0;1.0;64.0
[14, 27, 33, 19, 31, 15, 8, 3, 25, 7, 13, 26, 10, 16, 34, 36, 9, 37, 42, 38, 41, 35, 40, 11, 12, 39, 6, 21, 28, 23, 20, 30, 0, 5, 29, 2, 22, 24, 4, 1, 32, 18, 17];17275.0
[3, 23, 25, 22, 42, 39, 40, 28, 26, 8, 15, 10, 1, 41, 17, 11, 2, 6, 34, 13, 0, 4, 14, 20, 33, 27, 7, 16, 5, 38, 35, 9, 12, 31, 18, 30, 36, 21, 37, 24, 29, 32, 19];17055.0
[30, 31, 16, 26, 38, 42, 39, 32, 11, 37, 35, 8, 2, 28, 22, 1, 20, 5, 18, 33, 0, 25, 3, 9, 12, 19, 17, 27, 41, 21, 40, 10, 4, 7, 14, 23, 24, 13, 15, 29, 6, 36, 34];17245.0
[26, 36, 13, 18, 41, 38, 42, 30, 23, 29, 12, 35, 6, 24, 2, 10, 0, 9, 27, 25, 11, 40, 39, 14, 22, 21, 17, 4, 19, 32, 34, 8, 16, 3, 5, 31, 28, 15, 33, 20, 37, 1, 7];12117.0
[35, 26, 38, 41, 25, 6, 4, 34, 3, 8, 29, 16, 30, 19, 14, 5, 37, 24, 0, 1, 27, 15, 22, 17, 9, 7, 32, 23, 2, 20, 31, 18, 13, 40, 39, 21, 28, 10, 36, 33, 42, 12, 11];17287.0
[38, 42, 39, 40, 16, 9, 21, 30, 11, 6, 13, 2, 22, 37, 1, 15, 12, 0, 36, 25, 8, 4, 33, 41, 17, 7, 28, 35, 5, 3, 29, 24, 34, 20, 23, 27, 14, 26, 32, 18, 10, 31, 19];11896.0
[7, 33, 26, 6, 37, 23, 3, 31, 22, 4, 2, 17, 27, 30, 0, 11, 5, 25, 35, 36, 15, 8, 21, 13, 29, 20, 9, 32, 42, 38, 34, 12, 19, 28, 10, 18, 41, 16, 24, 40, 39, 1, 14];17160.0
[38, 13, 28, 20, 15, 27, 36, 35, 7, 9, 31, 22, 30, 37, 19, 10, 34, 6, 26, 42, 29, 8, 1, 5, 12, 32, 18, 3, 16, 11, 33, 4, 2, 24, 0, 14, 23, 25, 17, 21, 40, 39, 41];12175.0
[26, 20, 2, 33, 31, 10, 39, 22, 25, 40, 38, 42, 37, 24, 17, 23, 0, 35, 19, 32, 5, 3, 8, 4, 36, 30, 7, 28, 21, 9, 1, 27, 29, 34, 14, 16, 12, 11, 13, 6, 41, 18, 15];17091.0
[41, 38, 42, 39, 4, 30, 21, 29, 17, 27, 32, 7, 15, 12, 8, 22, 5, 2, 36, 28, 33, 31, 13, 34, 9, 24, 16, 40, 10, 18, 3, 37, 6, 25, 14, 19, 11, 35, 26, 23, 1, 20, 0];12177.0
[27, 10, 26, 38, 18, 15, 4, 37, 9, 35, 31, 3, 36, 40, 32, 34, 14, 28, 2, 30, 8, 20, 42, 39, 41, 33, 24, 22, 16, 12, 19, 25, 29, 23, 13, 5, 1, 0, 21, 17, 7, 11, 6];17354.0
[39, 20, 14, 29, 4, 13, 21, 1, 15, 40, 33, 7, 32, 10, 5, 34, 3, 18, 17, 8, 36, 16, 9, 19, 12, 31, 25, 23, 30, 27, 11, 2, 6, 28, 24, 38, 42, 35, 37, 0, 22, 26, 41];17169.0
[22, 19, 8, 4, 33, 25, 32, 20, 14, 9, 30, 0, 13, 7, 10, 16, 35, 24, 29, 12, 34, 26, 6, 23, 1, 17, 27, 3, 38, 42, 39, 41, 36, 37, 11, 21, 5, 18, 28, 2, 40, 31, 15];12113.0
[35, 1, 17, 34, 6, 30, 3, 8, 5, 10, 19, 29, 15, 40, 38, 42, 0, 39, 41, 7, 37, 27, 36, 28, 12, 2, 23, 31, 26, 4, 22, 13, 16, 18, 9, 21, 20, 33, 14, 11, 24, 32, 25];11943.0
[6, 0, 22, 3, 11, 25, 28, 4, 35, 23, 21, 2, 40, 39, 7, 42, 38, 24, 26, 5, 33, 17, 18, 15, 31, 13, 9, 1, 34, 14, 30, 10, 12, 27, 37, 19, 41, 8, 16, 36, 29, 20, 32];16922.0
[11, 33, 5, 15, 37, 26, 9, 2, 8, 19, 40, 39, 41, 34, 28, 38, 16, 42, 6, 20, 29, 23, 30, 36, 22, 7, 25, 1, 17, 13, 10, 18, 14, 4, 3, 35, 12, 32, 0, 24, 27, 31, 21];17176.0
[37, 28, 7, 10, 25, 18, 15, 13, 24, 17, 4, 33, 30, 20, 32, 19, 26, 16, 6, 14, 8, 27, 31, 40, 9, 39, 42, 38, 2, 22, 34, 36, 5, 29, 41, 3, 11, 1, 21, 23, 0, 35, 12];17059.0
[5, 14, 27, 6, 36, 26, 10, 30, 28, 35, 42, 38, 13, 23, 1, 29, 3, 21, 0, 32, 25, 17, 18, 22, 19, 11, 33, 12, 37, 31, 8, 15, 39, 40, 34, 20, 16, 7, 4, 2, 24, 9, 41];17304.0
[28, 33, 35, 39, 21, 10, 36, 12, 20, 17, 8, 14, 24, 18, 1, 5, 26, 19, 32, 7, 13, 31, 27, 3, 9, 25, 16, 0, 37, 11, 22, 4, 15, 30, 40, 38, 41, 6, 34, 29, 23, 2, 42];17302.0
[36, 16, 19, 33, 1, 4, 25, 23, 12, 8, 0, 10, 28, 5, 30, 20, 9, 24, 15, 41, 13, 6, 11, 3, 21, 34, 2, 29, 14, 27, 35, 17, 31, 37, 38, 40, 18, 42, 39, 26, 7, 32, 22];17154.0
[20, 17, 11, 13, 27, 3, 37, 36, 10, 31, 6, 33, 14, 15, 34, 25, 21, 42, 39, 40, 35, 4, 16, 24, 26, 5, 32, 12, 19, 23, 0, 2, 30, 18, 9, 22, 41, 8, 7, 38, 1, 29, 28];17246.0
[9, 32, 13, 3, 25, 14, 7, 42, 38, 40, 12, 16, 20, 22, 27, 34, 10, 4, 0, 6, 30, 19, 33, 5, 23, 39, 29, 41, 18, 28, 11, 31, 21, 1, 26, 37, 17, 35, 2, 36, 8, 24, 15];17231.0
[21, 0, 32, 17, 36, 14, 26, 9, 18, 10, 4, 30, 24, 41, 19, 3, 8, 33, 35, 22, 31, 13, 1, 37, 15, 20, 29, 7, 16, 40, 39, 6, 28, 12, 27, 5, 23, 38, 42, 34, 2, 11, 25];17124.0
[21, 24, 22, 29, 35, 38, 37, 32, 25, 7, 8, 12, 31, 11, 19, 2, 9, 4, 27, 18, 26, 34, 13, 28, 14, 36, 40, 33, 30, 15, 5, 16, 1, 0, 6, 10, 41, 39, 42, 20, 17, 3, 23];17037.0
[11, 28, 15, 12, 17, 7, 33, 21, 1, 25, 22, 37, 14, 24, 23, 0, 8, 18, 9, 20, 32, 36, 6, 30, 26, 29, 34, 5, 41, 39, 13, 10, 38, 42, 3, 40, 27, 16, 4, 35, 2, 19, 31];17029.0
[31, 37, 33, 38, 41, 19, 16, 3, 24, 14, 25, 39, 42, 5, 9, 18, 26, 34, 20, 13, 21, 22, 12, 30, 35, 0, 7, 29, 1, 15, 4, 27, 17, 32, 11, 28, 40, 6, 10, 23, 36, 8, 2];17090.0
[25, 16, 5, 9, 18, 42, 6, 37, 30, 21, 12, 33, 36, 10, 32, 11, 17, 26, 41, 39, 27, 7, 15, 14, 2, 40, 38, 31, 13, 34, 1, 0, 28, 23, 19, 29, 24, 35, 22, 8, 3, 20, 4];17241.0
[5, 30, 40, 37, 34, 35, 22, 0, 1, 38, 41, 29, 26, 24, 16, 20, 11, 21, 33, 28, 4, 17, 27, 3, 13, 18, 14, 19, 15, 6, 31, 25, 2, 7, 32, 42, 39, 10, 36, 8, 12, 23, 9];17100.0
[40, 38, 42, 2, 28, 21, 22, 17, 9, 23, 35, 11, 18, 31, 16, 27, 25, 5, 8, 39, 14, 7, 1, 0, 4, 41, 10, 6, 30, 3, 29, 20, 24, 32, 26, 34, 15, 13, 19, 37, 36, 12, 33];17111.0
[37, 23, 29, 20, 2, 35, 3, 7, 28, 41, 32, 8, 18, 9, 15, 12, 30, 0, 24, 11, 13, 22, 27, 16, 10, 21, 38, 40, 34, 14, 5, 17, 36, 6, 19, 42, 39, 4, 1, 33, 26, 31, 25];17136.0
[11, 27, 16, 13, 18, 5, 20, 6, 29, 35, 37, 1, 19, 41, 12, 30, 3, 24, 4, 26, 42, 38, 40, 28, 25, 31, 2, 9, 14, 36, 33, 17, 34, 7, 15, 10, 39, 23, 21, 22, 8, 0, 32];17057.0
[41, 39, 9, 12, 22, 7, 38, 42, 35, 36, 14, 11, 17, 10, 16, 1, 30, 18, 40, 25, 2, 13, 4, 37, 5, 20, 29, 34, 8, 33, 0, 27, 24, 3, 32, 28, 23, 21, 26, 19, 6, 31, 15];17139.0
[10, 37, 16, 24, 26, 23, 3, 41, 38, 11, 30, 20, 4, 34, 12, 25, 21, 32, 29, 40, 6, 9, 31, 7, 35, 36, 33, 39, 42, 8, 15, 13, 27, 1, 14, 2, 0, 22, 5, 28, 19, 17, 18];17085.0
[3, 4, 23, 29, 32, 19, 27, 35, 6, 0, 10, 13, 31, 33, 16, 42, 1, 21, 22, 8, 5, 30, 20, 24, 39, 17, 26, 2, 12, 25, 37, 18, 11, 15, 7, 36, 40, 38, 41, 9, 14, 34, 28];17257.0
[6, 19, 15, 2, 21, 36, 37, 14, 27, 9, 39, 41, 4, 35, 32, 38, 42, 17, 8, 23, 34, 40, 3, 10, 24, 26, 7, 29, 12, 31, 1, 5, 28, 30, 18, 16, 33, 25, 20, 13, 22, 0, 11];17179.0
[42, 19, 0, 34, 27, 37, 33, 30, 9, 12, 10, 3, 29, 39, 4, 36, 14, 35, 23, 1, 8, 41, 7, 16, 20, 26, 5, 18, 15, 2, 6, 21, 22, 17, 28, 11, 13, 32, 25, 24, 31, 40, 38];17205.0
[19, 42, 17, 34, 7, 15, 5, 27, 4, 2, 41, 39, 16, 28, 35, 22, 13, 8, 3, 11, 36, 33, 0, 23, 24, 26, 21, 30, 18, 32, 40, 38, 31, 14, 20, 29, 37, 25, 10, 12, 9, 1, 6];17057.0
[32, 30, 17, 20, 41, 38, 42, 34, 28, 0, 21, 33, 6, 27, 4, 12, 22, 8, 16, 10, 39, 11, 29, 19, 5, 3, 36, 40, 13, 9, 31, 15, 14, 18, 24, 2, 7, 35, 23, 26, 37, 25, 1];17140.0
[22, 6, 21, 42, 38, 40, 12, 1, 4, 26, 7, 16, 5, 8, 2, 18, 14, 11, 29, 3, 24, 23, 13, 36, 17, 20, 35, 0, 30, 10, 28, 31, 39, 19, 33, 15, 32, 9, 37, 34, 41, 27, 25];17324.0
[28, 17, 39, 40, 9, 18, 42, 38, 15, 3, 21, 23, 33, 41, 2, 0, 11, 13, 7, 19, 6, 37, 10, 14, 35, 1, 16, 27, 36, 22, 29, 25, 26, 34, 4, 24, 30, 5, 31, 8, 20, 12, 32];17045.0
[8, 18, 33, 31, 28, 14, 29, 27, 22, 24, 16, 0, 37, 30, 9, 36, 21, 12, 6, 42, 2, 25, 35, 5, 19, 13, 3, 41, 39, 40, 32, 38, 17, 34, 23, 7, 11, 1, 10, 20, 15, 26, 4];17132.0
[23, 5, 10, 32, 8, 26, 16, 3, 28, 20, 22, 39, 41, 24, 21, 4, 34, 30, 36, 6, 29, 12, 17, 9, 25, 14, 31, 42, 38, 40, 37, 15, 2, 7, 19, 13, 1, 11, 33, 27, 0, 35, 18];11984.0
[11, 27, 15, 19, 31, 1, 33, 6, 14, 16, 30, 8, 37, 17, 20, 5, 28, 21, 39, 41, 38, 42, 34, 10, 23, 18, 12, 26, 32, 40, 4, 36, 9, 7, 0, 3, 25, 22, 13, 2, 29, 24, 35];11800.0
[33, 10, 37, 21, 4, 23, 28, 34, 36, 3, 17, 9, 7, 16, 11, 26, 25, 29, 0, 31, 19, 35, 22, 38, 42, 13, 30, 12, 24, 39, 40, 18, 32, 20, 6, 27, 1, 8, 15, 14, 5, 2, 41];17061.0
[40, 19, 30, 8, 21, 11, 2, 24, 10, 17, 41, 12, 3, 23, 6, 27, 26, 18, 35, 7, 25, 34, 1, 31, 42, 39, 32, 22, 15, 13, 5, 9, 36, 4, 14, 33, 37, 0, 28, 16, 20, 29, 38];17274.0
[18, 42, 39, 32, 37, 22, 40, 38, 27, 13, 3, 15, 36, 12, 19, 34, 23, 21, 14, 8, 28, 4, 24, 11, 2, 5, 25, 6, 0, 31, 16, 41, 33, 10, 29, 9, 17, 7, 35, 1, 26, 20, 30];17169.0
[32, 12, 0, 27, 9, 25, 29, 20, 22, 4, 30, 31, 1, 8, 2, 26, 7, 17, 19, 10, 36, 35, 39, 40, 18, 33, 28, 24, 13, 15, 34, 16, 41, 38, 3, 21, 11, 5, 14, 42, 6, 23, 37];17134.0
[18, 9, 38, 42, 23, 0, 4, 12, 10, 20, 11, 19, 15, 7, 1, 40, 39, 27, 34, 14, 6, 17, 25, 22, 35, 28, 33, 41, 37, 3, 29, 32, 13, 36, 26, 30, 31, 21, 24, 2, 16, 8, 5];16883.0
[23, 2, 5, 19, 0, 22, 30, 17, 42, 16, 9, 32, 7, 18, 14, 1, 13, 29, 28, 40, 36, 34, 8, 39, 41, 38, 3, 31, 21, 11, 37, 10, 4, 20, 27, 6, 15, 12, 25, 35, 33, 26, 24];17272.0
[42, 26, 18, 37, 24, 17, 6, 15, 32, 28, 23, 34, 10, 7, 13, 19, 9, 1, 39, 33, 25, 29, 0, 21, 8, 14, 35, 22, 27, 30, 16, 36, 4, 31, 3, 41, 2, 12, 20, 11, 5, 40, 38];17140.0
[33, 10, 36, 12, 30, 42, 38, 28, 11, 15, 8, 22, 21, 27, 4, 19, 37, 5, 25, 31, 29, 26, 1, 34, 13, 39, 41, 14, 20, 9, 6, 32, 2, 35, 24, 0, 23, 7, 16, 40, 17, 18, 3];17128.0
[31, 27, 12, 5, 17, 9, 25, 1, 0, 26, 23, 4, 24, 3, 22, 34, 37, 41, 7, 21, 6, 8, 36, 10, 28, 35, 18, 33, 29, 13, 16, 20, 30, 32, 15, 40, 39, 2, 19, 14, 42, 38, 11];17324.0
[18, 17, 28, 14, 24, 0, 36, 13, 20, 10, 32, 12, 19, 9, 26, 33, 8, 15, 42, 39, 40, 1, 30, 16, 41, 5, 2, 34, 27, 23, 11, 35, 7, 29, 3, 25, 31, 4, 37, 22, 6, 21, 38];17152.0
[6, 1, 41, 39, 40, 33, 8, 26, 20, 13, 2, 10, 30, 34, 35, 11, 4, 12, 18, 25, 27, 37, 38, 14, 7, 17, 3, 5, 32, 42, 31, 24, 22, 19, 16, 29, 28, 15, 36, 9, 23, 21, 0];17216.0
[10, 2, 27, 29, 32, 23, 14, 15, 36, 12, 35, 21, 40, 39, 22, 3, 13, 6, 41, 38, 42, 16, 19, 8, 17, 0, 5, 37, 9, 24, 20, 33, 18, 4, 28, 25, 31, 34, 7, 1, 11, 30, 26];12025.0
[7, 41, 33, 3, 5, 10, 16, 26, 19, 0, 21, 29, 18, 11, 1, 14, 6, 12, 34, 13, 38, 42, 4, 23, 27, 39, 40, 15, 30, 32, 20, 28, 17, 2, 35, 31, 37, 24, 8, 25, 9, 22, 36];17192.0
[4, 12, 41, 39, 15, 3, 34, 14, 18, 7, 36, 10, 21, 37, 29, 32, 38, 42, 13, 30, 27, 16, 11, 5, 2, 6, 20, 40, 1, 28, 33, 19, 31, 23, 35, 8, 25, 9, 24, 17, 26, 0, 22];17108.0
[5, 42, 28, 0, 8, 20, 15, 40, 33, 23, 21, 29, 31, 16, 12, 2, 7, 17, 18, 1, 25, 4, 27, 34, 36, 37, 32, 26, 19, 38, 41, 39, 13, 30, 3, 10, 24, 9, 6, 35, 11, 22, 14];17295.0
[15, 8, 31, 1, 0, 24, 28, 2, 27, 26, 23, 6, 18, 12, 33, 13, 5, 40, 7, 3, 32, 37, 10, 41, 29, 34, 38, 42, 39, 25, 35, 19, 36, 9, 14, 16, 11, 21, 4, 22, 20, 17, 30];17299.0
[36, 7, 17, 3, 39, 40, 22, 8, 18, 31, 9, 15, 29, 2, 6, 23, 16, 34, 11, 26, 35, 25, 4, 28, 19, 30, 37, 32, 14, 27, 12, 10, 20, 0, 42, 38, 41, 13, 24, 21, 5, 1, 33];12144.0
[42, 20, 3, 26, 11, 25, 36, 29, 37, 0, 6, 9, 16, 34, 12, 24, 23, 21, 5, 8, 22, 4, 28, 15, 14, 40, 1, 13, 19, 35, 27, 7, 30, 31, 2, 18, 41, 38, 33, 32, 17, 10, 39];17216.0
[35, 14, 29, 6, 1, 27, 26, 34, 19, 8, 15, 39, 40, 20, 7, 12, 28, 36, 13, 2, 22, 4, 23, 0, 37, 18, 32, 24, 21, 10, 16, 31, 38, 41, 3, 17, 33, 25, 30, 9, 42, 11, 5];17072.0
[23, 11, 0, 38, 42, 6, 35, 25, 22, 30, 13, 31, 27, 40, 28, 2, 34, 1, 36, 9, 4, 7, 19, 8, 20, 29, 33, 16, 14, 15, 3, 41, 39, 32, 26, 18, 10, 24, 12, 5, 17, 37, 21];17009.0
[29, 34, 20, 15, 27, 6, 23, 18, 42, 5, 19, 1, 26, 35, 7, 10, 16, 8, 31, 22, 0, 28, 38, 2, 24, 41, 39, 40, 17, 32, 9, 4, 13, 30, 11, 37, 25, 3, 21, 12, 33, 36, 14];17260.0
