p43
[22, 25, 24, 26, 30, 7, 40, 38, 41, 39, 42, 12, 34, 13, 33, 14, 10, 29, 6, 20, 15, 18, 16, 19, 17, 11, 31, 9, 37, 4, 0, 35, 1, 5, 8, 32, 28, 2, 36, 3, 27, 23, 21];5798.0;9046.70987654321;6205930.135802469;71.0;47516.0;162.0
[11, 32, 9, 33, 12, 10, 29, 3, 6, 30, 27, 23, 21, 22, 24, 25, 40, 38, 42, 39, 41, 16, 19, 26, 15, 18, 17, 20, 13, 34, 14, 31, 8, 5, 37, 35, 1, 36, 28, 2, 0, 4, 7];5845.0
[22, 24, 15, 18, 40, 39, 37, 36, 3, 4, 0, 1, 16, 20, 17, 19, 26, 25, 23, 35, 2, 27, 13, 33, 12, 34, 41, 38, 42, 14, 31, 9, 5, 32, 10, 7, 29, 11, 30, 6, 8, 28, 21];11204.0
[4, 0, 3, 27, 1, 6, 16, 18, 17, 36, 2, 9, 31, 10, 20, 15, 19, 32, 11, 30, 12, 26, 25, 37, 5, 8, 29, 28, 23, 21, 24, 22, 35, 39, 40, 34, 14, 33, 41, 38, 42, 13, 7];11214.0
[15, 18, 31, 11, 7, 2, 27, 3, 8, 32, 9, 14, 34, 40, 38, 42, 26, 30, 12, 33, 13, 16, 20, 17, 28, 1, 4, 0, 22, 24, 21, 25, 23, 35, 36, 37, 39, 41, 6, 29, 10, 5, 19];11182.0
[18, 15, 36, 2, 24, 22, 21, 35, 1, 8, 32, 10, 5, 29, 7, 27, 3, 28, 30, 16, 20, 17, 40, 39, 42, 33, 13, 4, 0, 23, 25, 26, 41, 38, 37, 6, 11, 31, 9, 19, 14, 34, 12];11187.0
[7, 29, 6, 37, 4, 0, 35, 36, 15, 20, 12, 33, 14, 34, 13, 16, 18, 40, 39, 41, 38, 42, 25, 21, 23, 2, 8, 31, 10, 5, 11, 32, 9, 3, 22, 28, 1, 30, 27, 24, 26, 17, 19];5882.0
[28, 24, 22, 35, 1, 16, 18, 11, 5, 30, 7, 41, 38, 42, 26, 13, 33, 12, 9, 32, 8, 3, 27, 25, 21, 23, 0, 4, 29, 34, 14, 17, 19, 6, 37, 39, 40, 15, 20, 31, 10, 2, 36];11210.0
[11, 32, 10, 30, 6, 29, 25, 26, 28, 3, 37, 35, 2, 36, 1, 5, 8, 7, 4, 0, 23, 21, 24, 22, 27, 31, 9, 12, 34, 14, 33, 13, 19, 17, 20, 15, 42, 39, 40, 38, 41, 16, 18];5851.0
[42, 2, 28, 21, 23, 35, 3, 7, 11, 31, 10, 29, 6, 26, 25, 17, 19, 15, 37, 4, 0, 27, 34, 14, 16, 20, 8, 32, 9, 1, 36, 5, 30, 13, 33, 18, 12, 41, 38, 22, 24, 40, 39];11260.0
[22, 2, 7, 16, 19, 15, 20, 17, 18, 40, 39, 41, 14, 34, 8, 5, 26, 42, 38, 6, 29, 4, 0, 35, 37, 12, 33, 13, 10, 32, 11, 31, 9, 3, 36, 28, 1, 30, 27, 24, 23, 25, 21];11167.0
[29, 6, 2, 27, 17, 19, 9, 37, 25, 24, 26, 41, 38, 42, 39, 40, 18, 16, 20, 15, 12, 11, 4, 0, 22, 21, 23, 35, 36, 3, 28, 1, 5, 10, 31, 30, 33, 14, 34, 13, 32, 8, 7];5820.0
[6, 19, 16, 20, 40, 38, 42, 12, 34, 29, 14, 33, 13, 26, 25, 22, 24, 1, 36, 2, 21, 23, 35, 37, 5, 4, 0, 28, 3, 27, 11, 31, 8, 30, 39, 41, 17, 18, 15, 7, 10, 32, 9];11182.0
[22, 24, 28, 30, 33, 26, 25, 23, 2, 35, 1, 36, 3, 27, 7, 29, 10, 32, 8, 6, 4, 0, 39, 41, 13, 11, 31, 9, 5, 40, 38, 42, 19, 17, 20, 12, 34, 14, 15, 18, 16, 37, 21];11203.0
[17, 18, 15, 19, 41, 38, 37, 25, 21, 23, 35, 0, 4, 6, 29, 28, 1, 36, 2, 27, 7, 11, 30, 32, 8, 31, 10, 3, 22, 24, 26, 42, 39, 40, 5, 14, 33, 13, 34, 12, 9, 16, 20];11133.0
[32, 10, 18, 15, 20, 16, 36, 1, 27, 2, 5, 30, 28, 22, 21, 23, 24, 3, 8, 31, 9, 37, 35, 0, 4, 39, 42, 17, 19, 40, 38, 41, 25, 26, 34, 14, 33, 12, 7, 29, 6, 13, 11];11172.0
[14, 34, 13, 6, 1, 30, 11, 18, 16, 40, 39, 21, 23, 24, 29, 5, 8, 32, 10, 31, 9, 7, 19, 15, 20, 17, 42, 38, 41, 26, 25, 22, 35, 3, 27, 36, 2, 28, 0, 4, 37, 12, 33];11158.0
[13, 20, 15, 28, 1, 27, 22, 21, 35, 36, 39, 42, 17, 19, 31, 8, 2, 23, 24, 6, 10, 30, 26, 25, 37, 4, 0, 3, 11, 32, 9, 5, 40, 38, 41, 7, 29, 16, 18, 14, 34, 12, 33];11245.0
[37, 4, 0, 22, 24, 26, 33, 14, 27, 21, 25, 5, 9, 32, 8, 19, 17, 20, 15, 18, 16, 12, 40, 39, 23, 35, 1, 10, 31, 30, 7, 11, 29, 28, 2, 41, 38, 42, 34, 13, 6, 3, 36];11218.0
[31, 11, 19, 16, 20, 15, 40, 38, 42, 39, 41, 34, 13, 7, 29, 12, 33, 14, 6, 10, 5, 3, 35, 0, 4, 37, 25, 23, 21, 27, 2, 36, 1, 17, 18, 26, 24, 22, 28, 30, 8, 32, 9];5840.0
[32, 8, 14, 33, 13, 30, 34, 12, 26, 25, 6, 9, 31, 10, 3, 28, 2, 15, 18, 7, 36, 35, 23, 21, 22, 24, 42, 39, 41, 38, 40, 37, 4, 0, 5, 19, 16, 20, 17, 1, 27, 29, 11];5898.0
[39, 42, 20, 17, 19, 15, 29, 11, 30, 6, 34, 14, 33, 13, 40, 38, 41, 12, 9, 7, 2, 27, 32, 8, 31, 10, 5, 36, 3, 24, 23, 35, 1, 28, 16, 18, 26, 25, 21, 22, 0, 4, 37];11172.0
[42, 38, 41, 14, 30, 6, 9, 31, 10, 29, 27, 3, 7, 8, 32, 11, 40, 39, 25, 37, 15, 19, 17, 20, 34, 13, 33, 18, 16, 26, 24, 22, 21, 23, 35, 2, 28, 4, 0, 36, 1, 5, 12];11182.0
[12, 7, 10, 32, 9, 31, 11, 29, 20, 15, 18, 16, 27, 1, 0, 4, 30, 6, 8, 5, 19, 17, 40, 39, 41, 38, 42, 37, 21, 25, 23, 35, 36, 3, 28, 26, 24, 22, 2, 13, 33, 14, 34];5864.0
[8, 25, 23, 36, 35, 21, 22, 1, 5, 40, 39, 42, 38, 41, 12, 26, 24, 3, 27, 2, 6, 29, 17, 18, 15, 20, 16, 19, 13, 33, 14, 34, 9, 7, 30, 28, 0, 4, 37, 10, 32, 11, 31];5868.0
[28, 3, 36, 35, 0, 23, 21, 25, 26, 13, 33, 12, 34, 14, 37, 4, 15, 20, 17, 19, 16, 41, 38, 42, 39, 40, 18, 8, 5, 2, 27, 22, 24, 1, 29, 6, 30, 9, 31, 11, 32, 10, 7];5873.0
[28, 8, 30, 6, 33, 12, 20, 17, 14, 34, 13, 2, 0, 4, 7, 29, 5, 15, 18, 41, 38, 40, 26, 24, 42, 39, 25, 22, 37, 11, 32, 19, 16, 3, 27, 9, 31, 10, 1, 36, 35, 21, 23];11245.0
[33, 13, 34, 12, 31, 10, 17, 18, 40, 39, 41, 38, 42, 7, 4, 0, 27, 29, 8, 5, 2, 35, 36, 37, 25, 23, 21, 22, 1, 28, 30, 9, 32, 11, 6, 3, 24, 26, 19, 16, 20, 15, 14];5855.0
[17, 30, 7, 8, 32, 11, 5, 1, 28, 2, 29, 6, 36, 22, 21, 23, 35, 3, 27, 33, 12, 34, 13, 37, 4, 0, 39, 40, 14, 26, 42, 38, 41, 25, 24, 16, 18, 10, 31, 9, 19, 15, 20];11204.0
[17, 5, 37, 36, 35, 0, 4, 34, 13, 42, 39, 30, 7, 29, 6, 8, 32, 10, 40, 38, 41, 33, 12, 11, 2, 27, 1, 28, 3, 23, 24, 21, 22, 25, 26, 14, 9, 31, 18, 16, 20, 15, 19];11154.0
[19, 17, 41, 39, 42, 38, 40, 14, 34, 13, 33, 12, 9, 32, 11, 30, 27, 3, 36, 26, 25, 21, 22, 24, 23, 35, 2, 0, 4, 37, 1, 28, 7, 29, 5, 18, 15, 20, 8, 31, 10, 6, 16];5800.0
[40, 38, 42, 16, 20, 17, 18, 15, 26, 24, 23, 35, 36, 14, 10, 4, 0, 3, 27, 2, 28, 1, 7, 29, 12, 33, 41, 39, 21, 22, 25, 37, 6, 13, 34, 11, 31, 5, 8, 30, 32, 9, 19];11183.0
[29, 6, 20, 15, 18, 16, 19, 17, 28, 2, 27, 5, 1, 36, 35, 37, 3, 4, 0, 23, 24, 21, 22, 25, 26, 14, 34, 12, 33, 8, 31, 11, 40, 39, 41, 38, 42, 13, 10, 32, 30, 9, 7];5810.0
[7, 36, 1, 4, 0, 35, 3, 38, 40, 17, 19, 14, 33, 13, 34, 9, 5, 20, 15, 18, 16, 6, 29, 2, 28, 24, 23, 21, 22, 27, 30, 42, 39, 41, 8, 31, 10, 32, 11, 37, 25, 26, 12];11188.0
[39, 29, 11, 32, 9, 24, 22, 35, 21, 23, 36, 17, 18, 16, 20, 26, 25, 6, 37, 4, 0, 3, 5, 13, 41, 38, 42, 33, 12, 34, 14, 7, 30, 28, 2, 27, 1, 10, 31, 8, 19, 15, 40];11223.0
[8, 31, 10, 6, 40, 39, 41, 34, 11, 32, 30, 27, 3, 13, 33, 14, 9, 1, 28, 29, 5, 26, 25, 21, 0, 4, 37, 42, 38, 22, 24, 23, 36, 35, 2, 15, 18, 12, 16, 20, 7, 17, 19];11239.0
[25, 24, 22, 21, 23, 35, 36, 2, 8, 1, 28, 3, 7, 11, 32, 30, 9, 31, 10, 5, 37, 39, 42, 26, 33, 14, 17, 19, 15, 40, 38, 41, 34, 12, 20, 16, 18, 13, 4, 0, 27, 29, 6];11174.0
[37, 1, 41, 39, 40, 38, 42, 13, 8, 31, 10, 7, 14, 33, 12, 34, 5, 30, 20, 16, 26, 24, 23, 0, 4, 25, 21, 22, 35, 3, 27, 15, 18, 17, 19, 9, 32, 11, 6, 29, 28, 2, 36];5835.0
[15, 19, 17, 20, 14, 16, 18, 42, 38, 41, 34, 1, 28, 2, 27, 24, 26, 12, 33, 13, 40, 39, 35, 22, 21, 25, 23, 0, 4, 37, 7, 9, 32, 10, 5, 30, 6, 8, 31, 11, 29, 3, 36];11184.0
[42, 39, 40, 38, 41, 13, 30, 28, 3, 5, 15, 20, 16, 12, 33, 9, 31, 10, 18, 17, 19, 26, 25, 21, 22, 35, 37, 4, 0, 23, 24, 2, 6, 8, 32, 11, 7, 36, 1, 27, 29, 14, 34];5838.0
[22, 21, 27, 17, 20, 42, 38, 40, 18, 15, 19, 16, 11, 32, 10, 1, 36, 3, 29, 31, 8, 6, 30, 26, 24, 23, 25, 37, 9, 7, 34, 14, 5, 4, 0, 35, 2, 28, 13, 33, 12, 41, 39];11213.0
[29, 27, 1, 36, 3, 22, 35, 2, 28, 30, 7, 42, 38, 40, 39, 41, 33, 12, 8, 4, 0, 5, 20, 16, 37, 21, 23, 24, 25, 26, 18, 15, 19, 17, 13, 11, 32, 10, 31, 9, 6, 14, 34];5885.0
[32, 11, 30, 28, 2, 5, 14, 10, 7, 29, 6, 42, 39, 41, 26, 12, 34, 13, 33, 16, 19, 17, 18, 15, 20, 40, 38, 4, 0, 3, 27, 24, 25, 23, 21, 22, 35, 36, 1, 37, 9, 31, 8];11136.0
[29, 6, 36, 35, 2, 27, 17, 20, 16, 37, 4, 0, 22, 24, 41, 38, 40, 39, 42, 34, 13, 33, 12, 9, 32, 11, 31, 8, 5, 18, 15, 19, 26, 25, 21, 23, 3, 7, 14, 10, 30, 1, 28];5849.0
[30, 14, 34, 6, 36, 37, 4, 0, 35, 23, 24, 2, 28, 3, 15, 20, 16, 13, 19, 17, 39, 41, 25, 21, 22, 27, 1, 42, 38, 40, 26, 18, 8, 31, 10, 5, 9, 32, 11, 7, 29, 12, 33];11210.0
[9, 30, 5, 8, 32, 10, 14, 42, 39, 40, 38, 41, 2, 36, 1, 29, 6, 15, 18, 17, 20, 16, 19, 33, 13, 27, 22, 24, 25, 26, 34, 12, 7, 37, 4, 0, 23, 21, 35, 3, 28, 11, 31];5845.0
[17, 42, 38, 41, 39, 40, 12, 9, 7, 30, 5, 26, 24, 22, 21, 35, 0, 4, 37, 15, 19, 16, 20, 10, 32, 11, 29, 6, 27, 3, 36, 28, 2, 14, 34, 13, 33, 25, 23, 1, 8, 31, 18];5860.0
[32, 11, 7, 13, 34, 17, 18, 9, 31, 8, 30, 41, 38, 42, 39, 40, 24, 23, 1, 27, 3, 28, 2, 0, 4, 29, 5, 15, 19, 16, 20, 26, 25, 22, 21, 35, 36, 37, 6, 14, 33, 12, 10];5846.0
[16, 20, 17, 12, 19, 15, 18, 10, 6, 30, 2, 35, 36, 1, 28, 29, 7, 11, 32, 9, 5, 31, 8, 38, 41, 25, 21, 24, 23, 27, 33, 13, 34, 14, 3, 22, 0, 4, 37, 42, 39, 40, 26];11208.0
[32, 10, 40, 39, 41, 29, 6, 2, 21, 23, 35, 3, 27, 0, 4, 37, 38, 42, 13, 33, 9, 1, 36, 8, 5, 15, 19, 17, 18, 14, 34, 12, 26, 24, 25, 22, 28, 31, 11, 7, 30, 16, 20];11212.0
[2, 36, 3, 22, 25, 21, 0, 4, 16, 18, 17, 19, 15, 20, 26, 24, 23, 35, 37, 41, 39, 40, 38, 42, 13, 33, 6, 29, 5, 8, 31, 10, 7, 14, 34, 12, 11, 32, 9, 30, 27, 1, 28];5822.0
[23, 35, 36, 2, 7, 16, 19, 17, 18, 12, 33, 13, 34, 14, 6, 40, 38, 41, 39, 42, 15, 20, 10, 32, 11, 4, 0, 3, 30, 5, 1, 28, 22, 21, 37, 8, 31, 9, 29, 27, 24, 26, 25];5856.0
[34, 14, 8, 4, 0, 23, 24, 26, 33, 13, 10, 5, 29, 16, 20, 17, 18, 12, 15, 19, 32, 9, 31, 11, 3, 35, 36, 7, 30, 6, 27, 2, 37, 39, 42, 25, 21, 22, 1, 28, 40, 38, 41];11202.0
[20, 15, 41, 38, 42, 28, 3, 27, 2, 7, 30, 5, 11, 32, 10, 6, 4, 0, 1, 13, 34, 14, 33, 8, 31, 9, 29, 26, 25, 21, 22, 24, 23, 36, 35, 37, 39, 40, 18, 12, 16, 19, 17];11160.0
[10, 31, 11, 6, 37, 4, 0, 1, 36, 27, 12, 41, 39, 42, 20, 16, 18, 15, 3, 28, 2, 13, 33, 14, 34, 40, 38, 35, 23, 21, 22, 25, 24, 26, 17, 19, 9, 32, 8, 5, 29, 7, 30];11153.0
[9, 5, 41, 39, 37, 4, 0, 35, 2, 28, 3, 27, 30, 10, 15, 20, 26, 24, 22, 21, 23, 25, 42, 38, 40, 36, 1, 6, 29, 31, 8, 7, 14, 34, 12, 33, 13, 19, 17, 18, 16, 11, 32];11150.0
[4, 0, 35, 23, 25, 21, 22, 1, 27, 34, 12, 33, 8, 31, 9, 32, 40, 38, 41, 13, 39, 42, 26, 24, 36, 2, 28, 3, 7, 30, 11, 19, 15, 20, 16, 5, 29, 6, 17, 18, 14, 10, 37];11175.0
[1, 15, 18, 16, 20, 8, 7, 40, 39, 4, 0, 22, 21, 23, 35, 37, 6, 12, 42, 38, 41, 33, 14, 34, 13, 31, 10, 29, 27, 2, 28, 24, 25, 26, 17, 19, 9, 32, 11, 30, 5, 3, 36];11169.0
[1, 17, 19, 15, 40, 39, 42, 12, 33, 13, 8, 31, 20, 16, 18, 32, 10, 7, 26, 25, 21, 23, 24, 2, 9, 29, 28, 3, 6, 30, 27, 0, 4, 38, 41, 14, 34, 11, 5, 37, 22, 35, 36];11202.0
[27, 1, 36, 2, 28, 42, 38, 40, 26, 25, 21, 24, 23, 39, 41, 16, 19, 15, 4, 0, 35, 22, 37, 8, 18, 17, 20, 13, 10, 32, 9, 31, 11, 6, 34, 14, 33, 12, 30, 7, 29, 5, 3];11157.0
[42, 38, 41, 39, 40, 25, 21, 23, 28, 29, 5, 11, 3, 27, 2, 35, 36, 16, 20, 15, 19, 17, 18, 32, 10, 1, 37, 4, 0, 22, 24, 26, 13, 6, 30, 8, 31, 9, 7, 12, 34, 14, 33];5834.0
[3, 36, 1, 28, 32, 10, 5, 30, 27, 24, 22, 25, 26, 14, 33, 13, 17, 18, 41, 39, 42, 16, 19, 15, 20, 40, 38, 29, 34, 12, 11, 7, 37, 4, 0, 21, 23, 35, 2, 8, 31, 9, 6];11177.0
[39, 42, 38, 40, 9, 31, 10, 19, 16, 18, 17, 20, 15, 5, 28, 1, 35, 23, 24, 22, 2, 36, 37, 3, 27, 29, 12, 34, 26, 25, 21, 0, 4, 11, 7, 13, 33, 14, 32, 8, 6, 30, 41];5843.0
[18, 16, 19, 17, 6, 10, 32, 9, 31, 11, 4, 0, 23, 25, 26, 34, 14, 29, 28, 2, 24, 21, 22, 1, 7, 37, 35, 36, 3, 27, 42, 39, 40, 38, 41, 15, 20, 13, 33, 12, 30, 5, 8];5846.0
[30, 6, 11, 20, 15, 18, 41, 38, 36, 37, 5, 13, 33, 40, 39, 42, 34, 14, 26, 24, 22, 21, 25, 10, 32, 8, 31, 9, 29, 3, 28, 12, 17, 19, 16, 2, 27, 1, 35, 23, 0, 4, 7];11200.0
[17, 19, 9, 5, 30, 41, 39, 27, 2, 11, 31, 10, 32, 8, 29, 6, 14, 33, 18, 16, 36, 1, 35, 37, 42, 38, 40, 20, 15, 4, 0, 3, 13, 34, 12, 7, 28, 23, 24, 21, 22, 25, 26];11204.0
[11, 32, 10, 16, 19, 26, 24, 22, 0, 4, 15, 20, 14, 17, 18, 13, 33, 12, 6, 37, 35, 2, 27, 30, 7, 28, 3, 36, 5, 29, 8, 31, 9, 34, 42, 38, 41, 39, 40, 25, 21, 23, 1];5883.0
[14, 33, 12, 7, 30, 24, 23, 35, 36, 10, 31, 11, 19, 17, 18, 15, 20, 16, 1, 21, 22, 0, 4, 37, 2, 27, 3, 28, 32, 9, 29, 6, 42, 39, 40, 38, 41, 25, 26, 34, 13, 8, 5];5857.0
[39, 42, 19, 17, 30, 6, 36, 35, 24, 23, 21, 22, 25, 26, 18, 16, 4, 0, 37, 10, 31, 5, 8, 20, 15, 12, 29, 34, 13, 7, 33, 14, 11, 2, 28, 3, 27, 1, 32, 9, 40, 38, 41];5875.0
[31, 11, 14, 33, 15, 18, 16, 19, 7, 30, 6, 2, 36, 35, 0, 4, 37, 1, 28, 29, 5, 25, 23, 21, 22, 24, 10, 32, 9, 20, 17, 26, 41, 38, 40, 27, 3, 39, 42, 12, 34, 13, 8];11169.0
[23, 21, 28, 2, 40, 39, 42, 38, 41, 26, 25, 37, 14, 34, 12, 10, 7, 29, 17, 19, 16, 18, 15, 20, 31, 8, 3, 27, 30, 5, 4, 0, 22, 24, 1, 13, 33, 9, 32, 6, 11, 36, 35];5863.0
[39, 42, 26, 3, 28, 8, 32, 9, 31, 10, 6, 27, 2, 38, 41, 34, 14, 30, 5, 29, 7, 11, 37, 35, 4, 0, 23, 25, 21, 22, 24, 36, 1, 13, 33, 12, 17, 19, 15, 20, 16, 18, 40];11160.0
[16, 18, 17, 12, 34, 29, 6, 30, 5, 25, 26, 40, 38, 37, 2, 27, 3, 28, 1, 13, 33, 14, 11, 4, 0, 23, 21, 24, 22, 35, 36, 8, 32, 9, 31, 10, 7, 42, 39, 41, 19, 15, 20];11144.0
[28, 3, 36, 2, 23, 21, 24, 22, 37, 10, 32, 5, 9, 31, 11, 6, 34, 14, 17, 20, 15, 41, 39, 42, 18, 16, 12, 19, 8, 4, 0, 35, 1, 27, 7, 30, 13, 33, 29, 38, 40, 25, 26];11229.0
[37, 16, 18, 15, 19, 40, 38, 42, 33, 12, 34, 14, 9, 30, 31, 11, 4, 0, 35, 23, 24, 28, 1, 36, 2, 29, 7, 20, 17, 8, 32, 10, 6, 27, 3, 5, 13, 26, 41, 39, 21, 25, 22];11198.0
[33, 14, 8, 32, 10, 31, 9, 30, 7, 11, 6, 40, 38, 42, 39, 41, 34, 13, 37, 4, 0, 35, 22, 25, 26, 20, 17, 5, 29, 28, 36, 1, 21, 23, 24, 3, 27, 2, 16, 18, 15, 19, 12];5834.0
[18, 16, 19, 17, 20, 15, 42, 38, 25, 26, 13, 11, 31, 10, 7, 41, 39, 40, 33, 29, 3, 28, 1, 30, 6, 4, 0, 23, 21, 24, 22, 27, 32, 8, 5, 37, 35, 36, 2, 14, 34, 12, 9];11184.0
[29, 8, 7, 4, 0, 35, 21, 22, 25, 37, 39, 42, 20, 15, 18, 16, 1, 27, 3, 36, 2, 10, 32, 11, 31, 9, 6, 19, 17, 40, 38, 41, 5, 30, 12, 33, 13, 34, 14, 26, 24, 23, 28];11172.0
[22, 25, 24, 26, 30, 7, 40, 38, 41, 39, 42, 12, 34, 13, 33, 14, 10, 29, 6, 20, 15, 18, 16, 19, 17, 11, 31, 9, 37, 4, 0, 35, 1, 5, 8, 32, 28, 2, 36, 3, 27, 23, 21];5798.0
[21, 22, 24, 26, 2, 28, 29, 10, 32, 8, 19, 16, 6, 37, 36, 3, 27, 1, 0, 4, 5, 12, 34, 14, 33, 13, 18, 17, 11, 31, 9, 7, 30, 40, 39, 41, 15, 20, 42, 38, 35, 23, 25];11171.0
[18, 17, 13, 33, 26, 41, 39, 42, 38, 40, 3, 28, 30, 6, 11, 31, 10, 27, 1, 35, 36, 12, 34, 14, 15, 20, 16, 19, 8, 5, 29, 7, 37, 4, 0, 21, 22, 25, 24, 23, 2, 9, 32];5845.0
[8, 37, 22, 24, 21, 25, 26, 40, 39, 42, 20, 17, 19, 15, 11, 5, 34, 14, 18, 16, 13, 33, 12, 7, 27, 3, 4, 0, 35, 23, 38, 41, 29, 28, 1, 36, 2, 6, 30, 10, 31, 9, 32];11173.0
[4, 0, 35, 36, 37, 3, 16, 18, 10, 32, 11, 30, 6, 14, 34, 13, 33, 12, 9, 31, 8, 5, 42, 39, 41, 38, 40, 1, 27, 29, 19, 15, 28, 2, 22, 25, 21, 23, 24, 26, 17, 20, 7];5842.0
[11, 32, 10, 12, 34, 13, 9, 36, 35, 0, 4, 37, 16, 18, 15, 20, 17, 26, 25, 30, 7, 42, 39, 40, 19, 5, 2, 22, 21, 38, 41, 14, 33, 8, 31, 27, 1, 24, 23, 3, 28, 29, 6];11229.0
[41, 24, 22, 21, 25, 26, 42, 38, 35, 23, 28, 17, 20, 14, 10, 29, 32, 8, 30, 7, 2, 27, 3, 36, 12, 34, 18, 16, 1, 0, 4, 37, 5, 11, 6, 13, 33, 9, 31, 19, 15, 40, 39];11215.0
[1, 0, 4, 25, 22, 24, 23, 21, 35, 3, 15, 20, 17, 18, 13, 33, 12, 7, 10, 32, 8, 19, 16, 11, 31, 9, 29, 26, 40, 39, 41, 34, 14, 6, 30, 5, 37, 38, 42, 28, 2, 27, 36];11173.0
[11, 30, 7, 8, 5, 33, 13, 38, 40, 16, 20, 31, 10, 36, 35, 0, 4, 12, 6, 29, 3, 27, 1, 24, 26, 18, 17, 42, 39, 41, 15, 19, 34, 14, 37, 25, 22, 21, 23, 2, 28, 9, 32];11211.0
[29, 26, 40, 39, 41, 34, 13, 11, 31, 20, 17, 19, 15, 18, 16, 37, 4, 0, 38, 42, 25, 21, 23, 27, 2, 6, 30, 5, 9, 32, 10, 7, 12, 33, 14, 8, 1, 36, 35, 22, 24, 28, 3];11177.0
[10, 31, 11, 29, 34, 12, 6, 36, 1, 27, 3, 9, 7, 13, 33, 4, 0, 37, 26, 25, 22, 21, 35, 2, 23, 24, 28, 5, 30, 17, 18, 15, 20, 16, 19, 42, 39, 40, 38, 41, 14, 8, 32];5855.0
[9, 42, 38, 40, 12, 34, 14, 26, 25, 22, 35, 0, 4, 7, 29, 19, 17, 18, 15, 20, 16, 36, 3, 21, 23, 24, 28, 13, 33, 41, 39, 37, 2, 27, 1, 30, 5, 10, 31, 8, 6, 11, 32];11166.0
[31, 8, 30, 28, 2, 0, 4, 21, 23, 24, 41, 39, 42, 38, 40, 26, 33, 14, 9, 32, 11, 7, 36, 37, 25, 22, 35, 3, 6, 29, 5, 12, 34, 13, 20, 17, 18, 15, 27, 1, 16, 19, 10];5855.0
[13, 42, 39, 40, 38, 41, 30, 6, 14, 33, 27, 3, 21, 23, 24, 26, 18, 15, 12, 34, 29, 28, 2, 36, 1, 37, 7, 10, 31, 8, 5, 11, 32, 9, 19, 17, 4, 0, 35, 22, 25, 16, 20];5870.0
[33, 13, 29, 6, 14, 8, 32, 1, 27, 24, 22, 21, 25, 23, 28, 3, 7, 10, 30, 31, 11, 5, 16, 18, 15, 20, 17, 19, 42, 39, 41, 34, 12, 9, 37, 4, 0, 35, 36, 2, 38, 40, 26];11162.0
[42, 20, 16, 19, 17, 34, 13, 33, 14, 10, 31, 8, 30, 27, 22, 24, 21, 25, 26, 5, 1, 28, 23, 35, 2, 36, 7, 29, 9, 32, 11, 18, 15, 40, 39, 41, 12, 6, 3, 0, 4, 37, 38];11186.0
[13, 33, 17, 18, 8, 5, 29, 11, 31, 9, 7, 4, 0, 35, 23, 24, 26, 15, 19, 41, 38, 40, 12, 34, 16, 20, 6, 28, 2, 14, 42, 39, 25, 21, 22, 3, 36, 37, 1, 27, 10, 32, 30];11195.0
[10, 14, 33, 12, 42, 38, 37, 36, 3, 30, 5, 11, 7, 2, 23, 24, 26, 15, 18, 16, 19, 17, 20, 13, 34, 8, 32, 28, 21, 22, 25, 4, 0, 35, 27, 1, 6, 29, 40, 39, 41, 9, 31];11183.0
[10, 6, 17, 19, 5, 30, 12, 33, 13, 20, 16, 18, 15, 41, 39, 40, 38, 42, 29, 7, 11, 32, 9, 31, 8, 3, 21, 23, 35, 36, 37, 4, 0, 1, 28, 2, 27, 24, 22, 25, 26, 34, 14];5832.0
[10, 29, 7, 30, 6, 8, 32, 9, 38, 41, 33, 14, 34, 13, 4, 0, 3, 28, 2, 5, 11, 31, 18, 16, 19, 15, 36, 1, 27, 42, 39, 40, 37, 35, 23, 21, 22, 24, 26, 25, 17, 20, 12];11182.0
[2, 17, 18, 26, 25, 23, 27, 30, 5, 16, 20, 15, 19, 12, 8, 6, 29, 33, 13, 34, 14, 9, 31, 10, 32, 11, 3, 36, 1, 42, 38, 40, 39, 41, 7, 37, 4, 0, 35, 21, 22, 24, 28];5845.0
[17, 26, 33, 14, 29, 6, 37, 21, 22, 24, 41, 39, 42, 38, 40, 25, 23, 35, 36, 1, 5, 9, 32, 11, 7, 2, 27, 3, 12, 34, 13, 8, 30, 28, 0, 4, 16, 19, 15, 20, 31, 10, 18];5881.0
[11, 29, 33, 14, 34, 13, 27, 1, 21, 23, 25, 15, 20, 17, 18, 8, 32, 10, 31, 9, 5, 4, 0, 36, 3, 28, 30, 6, 16, 19, 42, 39, 41, 26, 24, 22, 35, 2, 7, 37, 38, 40, 12];11176.0
[1, 16, 20, 15, 19, 30, 5, 36, 37, 38, 40, 24, 22, 3, 12, 33, 13, 4, 0, 21, 23, 35, 2, 27, 7, 10, 32, 8, 25, 26, 14, 34, 42, 39, 41, 17, 18, 9, 31, 11, 6, 29, 28];11223.0
[4, 10, 32, 8, 31, 30, 11, 5, 40, 39, 41, 38, 42, 26, 24, 25, 23, 21, 22, 35, 36, 1, 28, 2, 9, 7, 29, 6, 12, 33, 14, 18, 15, 13, 34, 19, 16, 20, 17, 37, 3, 27, 0];5803.0
[15, 2, 27, 29, 7, 30, 3, 35, 36, 14, 17, 19, 40, 39, 41, 33, 13, 10, 32, 11, 18, 42, 38, 37, 6, 8, 5, 4, 0, 23, 21, 22, 28, 34, 12, 31, 9, 1, 24, 25, 26, 16, 20];11217.0
[29, 6, 27, 3, 16, 18, 15, 19, 17, 20, 9, 31, 30, 26, 24, 25, 38, 42, 5, 10, 32, 8, 36, 2, 28, 7, 14, 34, 12, 37, 35, 4, 0, 23, 21, 22, 1, 40, 39, 41, 33, 13, 11];11192.0
[41, 39, 42, 38, 40, 26, 15, 18, 16, 20, 33, 14, 30, 5, 8, 29, 6, 9, 19, 17, 12, 34, 13, 32, 10, 31, 11, 7, 1, 27, 2, 28, 0, 4, 25, 24, 23, 21, 22, 35, 36, 3, 37];5804.0
[2, 28, 39, 41, 18, 15, 33, 12, 20, 17, 40, 38, 42, 14, 7, 25, 21, 22, 0, 4, 10, 31, 8, 19, 16, 5, 11, 37, 35, 23, 3, 6, 30, 13, 34, 26, 24, 27, 29, 32, 9, 1, 36];11246.0
[14, 16, 18, 8, 5, 2, 35, 0, 4, 13, 34, 30, 7, 29, 6, 15, 19, 10, 31, 9, 17, 20, 32, 11, 41, 39, 40, 38, 42, 3, 36, 28, 24, 26, 12, 37, 25, 23, 21, 22, 1, 27, 33];5896.0
[35, 23, 24, 3, 27, 7, 8, 20, 17, 29, 6, 14, 33, 13, 9, 28, 1, 36, 2, 22, 21, 25, 26, 40, 39, 42, 38, 41, 5, 30, 15, 18, 16, 19, 34, 12, 31, 11, 32, 10, 37, 4, 0];5825.0
[1, 30, 5, 29, 7, 12, 42, 39, 41, 19, 15, 34, 14, 11, 28, 0, 4, 37, 38, 40, 26, 25, 22, 21, 23, 24, 36, 3, 9, 6, 17, 18, 32, 8, 20, 16, 33, 13, 31, 10, 27, 2, 35];11176.0
[3, 36, 2, 35, 22, 21, 25, 26, 14, 34, 12, 33, 29, 5, 37, 38, 42, 17, 20, 6, 0, 4, 27, 41, 39, 40, 13, 10, 7, 30, 16, 19, 15, 18, 11, 31, 9, 32, 8, 1, 24, 23, 28];11218.0
[36, 2, 16, 18, 11, 32, 30, 8, 31, 9, 6, 28, 1, 22, 21, 23, 25, 7, 10, 29, 5, 12, 33, 41, 38, 40, 34, 14, 20, 15, 19, 17, 27, 3, 24, 26, 13, 42, 39, 37, 4, 0, 35];11187.0
[7, 30, 19, 16, 14, 33, 12, 34, 20, 17, 27, 24, 23, 21, 22, 35, 0, 4, 37, 11, 32, 8, 3, 28, 29, 6, 2, 36, 1, 41, 38, 42, 39, 40, 26, 25, 15, 18, 13, 5, 10, 31, 9];5844.0
[39, 40, 38, 41, 27, 3, 28, 6, 29, 5, 30, 14, 34, 13, 16, 18, 31, 11, 20, 17, 19, 15, 10, 32, 9, 7, 2, 36, 12, 33, 8, 37, 4, 0, 1, 35, 23, 21, 22, 24, 25, 26, 42];5808.0
[18, 16, 20, 17, 12, 11, 29, 14, 33, 41, 39, 37, 35, 36, 2, 28, 3, 27, 1, 6, 30, 7, 8, 5, 15, 19, 42, 38, 40, 34, 13, 26, 25, 21, 23, 24, 22, 0, 4, 9, 31, 10, 32];11147.0
[31, 8, 5, 28, 1, 22, 24, 21, 23, 39, 40, 15, 19, 14, 34, 13, 42, 38, 41, 25, 26, 12, 33, 6, 30, 7, 29, 11, 20, 16, 18, 17, 37, 4, 0, 35, 36, 2, 27, 3, 10, 32, 9];11162.0
[12, 33, 14, 31, 8, 32, 9, 4, 0, 22, 24, 21, 28, 6, 29, 7, 37, 40, 38, 41, 39, 42, 30, 5, 10, 20, 15, 19, 17, 18, 11, 1, 27, 2, 36, 3, 35, 23, 25, 26, 16, 13, 34];5842.0
[27, 2, 28, 1, 29, 6, 17, 18, 15, 19, 31, 11, 32, 9, 40, 39, 41, 38, 42, 26, 24, 3, 7, 10, 30, 34, 13, 36, 22, 25, 21, 35, 23, 0, 4, 37, 8, 5, 20, 16, 12, 33, 14];5871.0
[11, 5, 29, 33, 14, 9, 32, 19, 16, 36, 22, 21, 35, 23, 25, 24, 26, 28, 3, 27, 2, 30, 7, 41, 38, 42, 39, 40, 12, 34, 10, 31, 8, 6, 37, 4, 0, 1, 17, 18, 15, 20, 13];5864.0
[19, 16, 18, 34, 12, 40, 38, 41, 14, 31, 11, 6, 30, 10, 7, 13, 33, 15, 20, 42, 39, 28, 9, 32, 8, 5, 29, 26, 25, 24, 1, 36, 37, 4, 0, 23, 21, 22, 35, 3, 27, 2, 17];11181.0
[34, 29, 12, 33, 42, 39, 37, 35, 36, 2, 10, 32, 8, 31, 9, 18, 15, 19, 17, 13, 25, 26, 16, 20, 11, 5, 3, 23, 24, 21, 22, 28, 30, 7, 4, 0, 27, 1, 41, 38, 40, 14, 6];11215.0
[20, 17, 18, 16, 26, 25, 21, 22, 27, 15, 19, 12, 34, 13, 11, 32, 2, 36, 1, 5, 8, 31, 41, 38, 40, 33, 14, 9, 30, 28, 24, 23, 0, 4, 6, 10, 29, 7, 3, 35, 37, 39, 42];11201.0
[33, 12, 31, 9, 20, 17, 18, 41, 39, 40, 26, 13, 7, 30, 28, 1, 10, 32, 8, 37, 4, 0, 35, 2, 36, 3, 27, 42, 38, 23, 21, 22, 25, 24, 14, 34, 16, 19, 15, 6, 29, 11, 5];11179.0
[17, 20, 16, 19, 15, 40, 38, 41, 39, 42, 12, 33, 13, 8, 32, 11, 31, 10, 7, 2, 36, 3, 6, 34, 14, 18, 26, 24, 22, 27, 29, 1, 35, 23, 25, 21, 28, 30, 9, 5, 4, 0, 37];5867.0
[39, 40, 12, 29, 7, 30, 13, 26, 24, 22, 3, 27, 32, 11, 31, 10, 5, 42, 38, 25, 23, 21, 35, 36, 16, 20, 15, 34, 14, 33, 28, 2, 6, 9, 37, 4, 0, 1, 8, 19, 17, 18, 41];11211.0
[1, 36, 35, 2, 27, 24, 23, 21, 0, 4, 37, 39, 41, 29, 7, 30, 6, 28, 42, 38, 40, 26, 25, 22, 3, 16, 18, 8, 31, 10, 17, 19, 15, 20, 11, 32, 9, 13, 33, 12, 34, 14, 5];11176.0
[20, 16, 29, 5, 8, 32, 11, 18, 17, 19, 13, 34, 12, 10, 31, 9, 28, 1, 41, 38, 40, 26, 30, 6, 33, 14, 7, 3, 22, 24, 23, 35, 36, 37, 39, 42, 25, 21, 0, 4, 27, 2, 15];11205.0
[26, 40, 38, 41, 39, 42, 5, 9, 31, 8, 28, 2, 36, 35, 22, 0, 4, 37, 15, 18, 16, 20, 12, 33, 14, 25, 21, 23, 27, 3, 30, 7, 29, 6, 34, 13, 17, 19, 10, 32, 11, 1, 24];5852.0
[16, 19, 15, 20, 12, 33, 13, 30, 5, 2, 27, 26, 25, 23, 24, 21, 22, 36, 35, 0, 4, 37, 9, 31, 8, 6, 17, 18, 11, 32, 10, 29, 7, 14, 34, 41, 39, 40, 38, 42, 3, 28, 1];5825.0
[36, 3, 28, 2, 27, 40, 38, 42, 39, 41, 18, 16, 20, 15, 33, 14, 19, 17, 26, 24, 22, 21, 23, 25, 12, 34, 13, 6, 4, 0, 35, 37, 10, 31, 9, 32, 8, 30, 7, 11, 29, 5, 1];5815.0
[5, 16, 18, 15, 20, 31, 9, 27, 2, 35, 3, 36, 1, 42, 38, 22, 21, 23, 0, 4, 37, 7, 30, 17, 19, 34, 12, 10, 6, 29, 13, 33, 14, 26, 40, 39, 41, 8, 32, 11, 25, 24, 28];11207.0
[31, 11, 32, 10, 25, 21, 23, 28, 30, 7, 16, 18, 15, 20, 41, 39, 42, 12, 33, 14, 19, 17, 5, 2, 27, 36, 1, 22, 24, 26, 29, 8, 6, 3, 35, 0, 4, 37, 38, 40, 13, 34, 9];11187.0
[9, 30, 32, 8, 27, 2, 28, 1, 36, 35, 21, 23, 3, 11, 31, 10, 6, 13, 33, 20, 17, 19, 16, 42, 39, 41, 15, 18, 7, 12, 34, 14, 26, 24, 25, 22, 0, 4, 37, 38, 40, 29, 5];11175.0
[20, 14, 34, 13, 7, 28, 1, 24, 26, 16, 19, 30, 27, 2, 0, 4, 37, 6, 29, 10, 31, 8, 32, 5, 9, 36, 3, 15, 18, 17, 41, 39, 42, 25, 23, 21, 22, 35, 38, 40, 33, 12, 11];11203.0
[14, 34, 13, 41, 38, 42, 33, 12, 37, 35, 36, 3, 17, 19, 16, 1, 27, 21, 23, 25, 39, 40, 26, 15, 18, 9, 32, 11, 31, 8, 5, 30, 6, 4, 0, 22, 24, 2, 28, 29, 7, 10, 20];11194.0
[9, 31, 8, 32, 11, 19, 17, 20, 10, 6, 29, 41, 38, 42, 25, 26, 34, 13, 37, 4, 0, 39, 40, 5, 30, 15, 18, 16, 2, 36, 35, 23, 24, 21, 22, 27, 1, 7, 14, 33, 12, 3, 28];11204.0
[5, 41, 39, 42, 6, 37, 4, 0, 2, 28, 7, 30, 10, 31, 11, 32, 8, 1, 35, 36, 3, 16, 20, 33, 12, 26, 25, 22, 24, 17, 18, 15, 19, 40, 38, 21, 23, 27, 29, 14, 34, 13, 9];11205.0
[12, 34, 13, 33, 18, 17, 19, 5, 4, 0, 1, 36, 35, 23, 25, 37, 38, 42, 26, 24, 21, 22, 27, 3, 8, 31, 10, 7, 2, 28, 30, 11, 32, 9, 29, 6, 14, 40, 39, 41, 16, 20, 15];11154.0
[35, 23, 25, 26, 14, 9, 31, 11, 20, 17, 6, 36, 1, 21, 22, 24, 27, 32, 8, 7, 41, 39, 40, 38, 42, 19, 15, 37, 4, 0, 2, 28, 30, 33, 12, 34, 13, 29, 5, 10, 18, 16, 3];5876.0
[3, 6, 30, 15, 20, 10, 32, 11, 5, 12, 34, 13, 28, 22, 35, 1, 7, 14, 33, 8, 31, 9, 16, 19, 26, 40, 38, 42, 39, 41, 17, 18, 29, 27, 24, 23, 21, 25, 37, 4, 0, 2, 36];5866.0
[19, 42, 39, 30, 13, 34, 14, 9, 36, 3, 27, 17, 18, 40, 38, 41, 15, 20, 16, 4, 0, 22, 21, 25, 37, 2, 28, 6, 29, 5, 8, 31, 11, 32, 10, 7, 1, 35, 23, 24, 26, 12, 33];11197.0
[39, 41, 38, 42, 26, 16, 20, 31, 10, 25, 21, 22, 24, 11, 32, 8, 19, 15, 1, 36, 3, 6, 9, 30, 5, 29, 12, 33, 28, 23, 35, 37, 7, 17, 18, 14, 34, 13, 4, 0, 2, 27, 40];5895.0
[29, 5, 40, 39, 42, 38, 41, 33, 14, 6, 36, 3, 30, 34, 12, 11, 37, 4, 0, 35, 22, 21, 24, 23, 2, 28, 1, 27, 26, 25, 31, 9, 19, 17, 13, 10, 32, 8, 20, 16, 18, 15, 7];5858.0
[7, 30, 26, 24, 23, 21, 25, 40, 38, 42, 15, 19, 17, 20, 11, 6, 3, 0, 4, 37, 39, 41, 33, 12, 34, 14, 27, 22, 35, 36, 16, 18, 13, 10, 31, 8, 29, 32, 9, 5, 1, 28, 2];11189.0
[39, 5, 9, 3, 35, 36, 37, 4, 0, 22, 21, 23, 24, 25, 26, 10, 32, 11, 29, 6, 30, 27, 1, 28, 2, 7, 14, 33, 8, 31, 19, 16, 20, 17, 42, 38, 40, 15, 18, 13, 34, 12, 41];11150.0
[8, 32, 9, 6, 15, 18, 17, 19, 16, 20, 10, 7, 13, 34, 12, 33, 14, 1, 27, 29, 5, 30, 42, 39, 41, 38, 40, 26, 3, 28, 35, 22, 24, 25, 21, 23, 0, 4, 37, 36, 2, 11, 31];5802.0
[7, 24, 23, 28, 29, 11, 32, 8, 31, 10, 5, 26, 25, 22, 21, 35, 37, 38, 42, 20, 16, 34, 12, 1, 36, 2, 27, 40, 39, 41, 30, 3, 0, 4, 6, 9, 19, 17, 18, 15, 14, 33, 13];11211.0
[18, 17, 20, 15, 37, 35, 0, 4, 29, 5, 42, 39, 25, 22, 24, 26, 30, 27, 2, 28, 7, 9, 32, 10, 31, 11, 14, 33, 13, 41, 38, 40, 12, 34, 3, 21, 23, 36, 1, 6, 8, 19, 16];11184.0
[13, 34, 40, 39, 41, 38, 42, 14, 8, 31, 10, 29, 7, 9, 6, 30, 5, 4, 0, 23, 21, 35, 36, 2, 28, 22, 24, 3, 11, 32, 27, 1, 37, 12, 33, 18, 15, 19, 16, 25, 26, 17, 20];5877.0
[8, 20, 16, 19, 17, 18, 15, 7, 10, 32, 11, 5, 1, 35, 3, 0, 4, 37, 36, 6, 30, 27, 2, 23, 21, 22, 25, 40, 38, 41, 39, 42, 12, 33, 29, 28, 24, 26, 14, 34, 13, 9, 31];5831.0
[17, 19, 11, 6, 30, 13, 33, 12, 34, 14, 1, 36, 35, 37, 15, 18, 16, 2, 28, 8, 31, 10, 32, 9, 7, 26, 24, 23, 21, 25, 22, 4, 0, 3, 27, 29, 5, 42, 38, 41, 39, 40, 20];5844.0
[10, 5, 15, 19, 17, 1, 28, 3, 27, 8, 32, 9, 7, 37, 25, 23, 0, 4, 12, 33, 13, 2, 36, 35, 21, 22, 24, 26, 42, 38, 40, 34, 14, 31, 11, 30, 39, 41, 20, 16, 18, 6, 29];11182.0
[33, 13, 10, 31, 11, 6, 8, 32, 9, 30, 40, 39, 41, 38, 42, 37, 4, 0, 23, 21, 22, 35, 36, 2, 27, 1, 28, 15, 20, 17, 19, 5, 29, 7, 3, 25, 24, 26, 18, 16, 12, 34, 14];5823.0
[14, 26, 25, 22, 35, 36, 1, 24, 21, 23, 27, 31, 10, 6, 13, 34, 11, 5, 29, 2, 28, 12, 33, 3, 0, 4, 37, 7, 17, 19, 16, 20, 15, 18, 9, 32, 8, 30, 41, 39, 40, 38, 42];5851.0
[37, 2, 36, 22, 21, 23, 1, 27, 29, 5, 14, 33, 42, 39, 41, 16, 20, 15, 26, 25, 24, 28, 32, 9, 7, 30, 10, 18, 17, 19, 34, 13, 31, 11, 3, 35, 0, 4, 6, 8, 12, 40, 38];11194.0
[3, 37, 39, 40, 14, 9, 28, 23, 21, 22, 25, 24, 26, 16, 20, 17, 19, 34, 41, 38, 42, 12, 33, 13, 6, 2, 35, 0, 4, 29, 5, 11, 32, 8, 30, 7, 10, 31, 18, 15, 1, 36, 27];11167.0
[32, 8, 42, 38, 40, 39, 41, 24, 22, 21, 35, 36, 3, 28, 2, 15, 20, 17, 18, 14, 37, 4, 0, 23, 25, 26, 16, 19, 11, 6, 30, 1, 27, 7, 29, 33, 12, 34, 13, 9, 5, 31, 10];5841.0
[35, 37, 21, 22, 0, 4, 1, 27, 2, 29, 7, 13, 33, 14, 34, 28, 3, 24, 23, 25, 26, 11, 31, 9, 32, 8, 19, 17, 20, 42, 38, 40, 39, 41, 6, 30, 5, 16, 18, 15, 12, 10, 36];5853.0
[28, 22, 24, 26, 42, 38, 40, 39, 41, 15, 20, 8, 7, 14, 34, 13, 11, 31, 10, 37, 4, 0, 35, 1, 5, 9, 32, 18, 16, 29, 6, 17, 19, 12, 33, 30, 25, 23, 21, 27, 2, 36, 3];5845.0
[34, 12, 32, 8, 6, 30, 28, 24, 23, 1, 27, 29, 31, 11, 7, 38, 42, 3, 35, 36, 40, 39, 41, 26, 25, 37, 15, 18, 16, 19, 33, 17, 20, 9, 2, 21, 22, 0, 4, 13, 10, 5, 14];11237.0
[22, 1, 36, 2, 35, 23, 24, 26, 12, 7, 28, 29, 8, 31, 6, 9, 32, 11, 19, 16, 18, 30, 5, 27, 3, 0, 4, 17, 20, 15, 14, 33, 13, 34, 10, 37, 40, 38, 42, 39, 41, 25, 21];5862.0
[30, 27, 1, 24, 23, 21, 22, 35, 36, 15, 20, 16, 18, 26, 25, 37, 0, 4, 5, 13, 33, 42, 39, 40, 7, 38, 41, 19, 17, 12, 11, 2, 28, 3, 6, 29, 14, 34, 9, 32, 8, 31, 10];11193.0
[20, 17, 3, 36, 1, 12, 34, 41, 39, 37, 8, 19, 40, 38, 42, 26, 25, 23, 21, 35, 0, 4, 15, 18, 16, 27, 2, 24, 22, 28, 6, 30, 5, 13, 33, 14, 10, 32, 11, 31, 9, 7, 29];11192.0
