ftv70
[64, 17, 66, 14, 13, 27, 25, 6, 7, 12, 15, 20, 23, 33, 35, 37, 63, 62, 54, 55, 70, 56, 52, 1, 5, 0, 45, 53, 43, 69, 41, 42, 32, 26, 9, 11, 10, 58, 51, 67, 49, 47, 48, 50, 18, 21, 22, 19, 16, 28, 44, 46, 39, 38, 60, 34, 36, 40, 68, 65, 2, 3, 8, 59, 57, 61, 4, 31, 29, 30, 24];3141.0;3497.3214285714284;3.677119810714286E7;128.0;209845.0;28.0
[15, 0, 44, 53, 43, 47, 39, 23, 20, 21, 17, 64, 18, 19, 16, 25, 27, 6, 33, 32, 22, 5, 2, 4, 8, 59, 41, 37, 63, 42, 69, 68, 62, 49, 51, 50, 52, 1, 57, 58, 61, 56, 38, 36, 40, 46, 54, 7, 11, 9, 10, 13, 14, 65, 45, 48, 67, 55, 70, 3, 35, 34, 60, 26, 28, 31, 30, 29, 24, 66, 12];3783.0
[38, 36, 63, 68, 29, 24, 66, 14, 13, 64, 28, 0, 1, 70, 59, 8, 7, 15, 16, 12, 11, 10, 61, 58, 57, 53, 44, 30, 31, 2, 3, 4, 5, 42, 35, 34, 60, 23, 20, 21, 65, 45, 62, 54, 55, 56, 52, 43, 69, 41, 37, 39, 48, 51, 50, 33, 26, 22, 17, 25, 27, 6, 9, 46, 40, 32, 18, 19, 49, 67, 47];3473.0
[53, 28, 64, 27, 25, 6, 1, 2, 70, 3, 59, 4, 5, 0, 65, 31, 30, 29, 24, 26, 66, 15, 16, 33, 35, 69, 41, 39, 48, 51, 52, 44, 43, 68, 49, 50, 67, 47, 34, 60, 32, 10, 8, 7, 9, 13, 17, 45, 62, 54, 55, 58, 57, 56, 42, 23, 20, 21, 22, 18, 19, 14, 12, 11, 61, 37, 38, 36, 63, 40, 46];3421.0
[59, 8, 13, 64, 24, 29, 30, 35, 60, 32, 33, 25, 27, 15, 16, 6, 7, 9, 11, 10, 4, 31, 37, 39, 68, 56, 57, 52, 45, 53, 65, 28, 26, 18, 21, 17, 0, 62, 49, 51, 67, 50, 44, 43, 41, 63, 40, 46, 47, 48, 55, 3, 66, 14, 12, 20, 22, 23, 19, 1, 5, 2, 42, 69, 38, 34, 36, 54, 70, 58, 61];3677.0
[36, 34, 60, 33, 22, 21, 13, 17, 24, 29, 31, 30, 42, 35, 32, 26, 1, 7, 11, 51, 50, 54, 5, 2, 45, 44, 65, 0, 64, 18, 20, 23, 19, 57, 56, 43, 41, 63, 68, 47, 40, 69, 37, 55, 70, 3, 28, 25, 27, 6, 66, 12, 15, 16, 14, 9, 10, 59, 58, 61, 46, 62, 49, 48, 52, 53, 4, 8, 67, 39, 38];3794.0
[9, 13, 65, 34, 35, 32, 19, 15, 16, 14, 12, 20, 23, 60, 36, 63, 1, 2, 43, 42, 37, 40, 68, 62, 67, 49, 47, 48, 50, 52, 45, 53, 44, 30, 29, 31, 70, 57, 58, 51, 39, 69, 41, 38, 33, 26, 66, 27, 17, 28, 24, 18, 21, 22, 64, 25, 6, 11, 10, 61, 59, 5, 4, 0, 46, 54, 55, 56, 3, 8, 7];3300.0
[40, 68, 46, 49, 48, 50, 0, 24, 28, 4, 8, 7, 13, 18, 33, 36, 65, 29, 30, 31, 43, 69, 37, 63, 54, 55, 56, 70, 5, 42, 41, 60, 26, 17, 64, 27, 25, 6, 10, 58, 52, 53, 44, 62, 51, 67, 38, 34, 35, 32, 66, 14, 15, 12, 9, 11, 61, 59, 57, 3, 22, 23, 20, 21, 19, 16, 1, 2, 45, 47, 39];3653.0
[64, 17, 66, 14, 13, 27, 25, 6, 7, 12, 15, 20, 23, 33, 35, 37, 63, 62, 54, 55, 70, 56, 52, 1, 5, 0, 45, 53, 43, 69, 41, 42, 32, 26, 9, 11, 10, 58, 51, 67, 49, 47, 48, 50, 18, 21, 22, 19, 16, 28, 44, 46, 39, 38, 60, 34, 36, 40, 68, 65, 2, 3, 8, 59, 57, 61, 4, 31, 29, 30, 24];3141.0
[37, 63, 62, 55, 8, 7, 11, 10, 58, 61, 9, 24, 29, 45, 56, 3, 59, 4, 5, 2, 44, 65, 43, 35, 32, 23, 60, 68, 52, 53, 12, 15, 16, 30, 31, 1, 70, 57, 50, 54, 51, 67, 47, 39, 38, 26, 25, 27, 6, 13, 17, 33, 34, 36, 40, 42, 18, 19, 20, 21, 22, 66, 14, 64, 28, 0, 46, 49, 48, 69, 41];3469.0
[24, 64, 66, 13, 27, 9, 11, 10, 61, 59, 4, 5, 0, 28, 43, 41, 39, 47, 42, 46, 31, 65, 1, 2, 25, 6, 7, 14, 12, 15, 16, 17, 19, 18, 21, 8, 57, 58, 67, 48, 51, 53, 44, 45, 49, 50, 54, 70, 3, 34, 35, 32, 26, 29, 30, 69, 37, 63, 40, 68, 62, 55, 56, 52, 38, 36, 60, 33, 23, 20, 22];3360.0
[50, 67, 47, 39, 54, 3, 4, 8, 18, 21, 33, 34, 60, 35, 69, 38, 32, 12, 13, 27, 6, 9, 10, 61, 59, 7, 15, 20, 23, 36, 63, 53, 29, 24, 26, 22, 19, 16, 25, 11, 58, 57, 56, 31, 30, 65, 1, 43, 41, 37, 40, 68, 62, 52, 0, 64, 17, 66, 14, 28, 42, 49, 48, 55, 70, 5, 2, 44, 45, 46, 51];3522.0
[40, 69, 41, 38, 35, 22, 29, 30, 1, 58, 54, 51, 67, 52, 46, 68, 62, 55, 3, 11, 10, 61, 57, 59, 4, 5, 0, 28, 64, 17, 20, 23, 60, 34, 36, 63, 32, 26, 25, 27, 6, 49, 48, 50, 53, 44, 2, 8, 7, 9, 13, 66, 14, 12, 15, 24, 31, 45, 56, 70, 65, 43, 42, 19, 16, 18, 21, 33, 37, 39, 47];3490.0
[62, 48, 51, 57, 58, 61, 67, 47, 39, 37, 40, 29, 30, 31, 45, 53, 42, 69, 41, 26, 25, 9, 10, 11, 59, 70, 3, 8, 7, 13, 64, 24, 0, 65, 4, 5, 44, 54, 55, 56, 52, 46, 49, 50, 28, 17, 66, 12, 19, 20, 21, 22, 18, 23, 38, 60, 33, 32, 27, 6, 14, 15, 16, 1, 2, 43, 35, 34, 36, 63, 68];3473.0
[41, 60, 32, 26, 22, 66, 27, 11, 10, 59, 8, 7, 9, 64, 0, 1, 2, 57, 58, 61, 47, 39, 48, 52, 42, 23, 20, 21, 28, 62, 67, 49, 18, 19, 16, 14, 13, 45, 53, 70, 51, 50, 54, 55, 56, 3, 4, 5, 31, 44, 65, 43, 63, 40, 68, 46, 25, 6, 17, 24, 29, 30, 12, 15, 33, 35, 34, 36, 37, 38, 69];3501.0
[17, 6, 9, 10, 58, 59, 4, 31, 30, 29, 45, 46, 62, 44, 25, 27, 11, 61, 57, 53, 1, 2, 8, 7, 13, 64, 28, 65, 43, 42, 41, 38, 60, 32, 26, 22, 23, 15, 16, 70, 3, 5, 69, 37, 39, 47, 48, 66, 14, 12, 24, 54, 55, 56, 52, 0, 21, 18, 19, 20, 68, 51, 67, 50, 49, 36, 63, 40, 35, 34, 33];3817.0
[26, 18, 22, 66, 12, 65, 51, 50, 67, 49, 47, 36, 60, 32, 17, 28, 64, 24, 23, 20, 21, 19, 15, 16, 0, 1, 57, 56, 54, 55, 5, 25, 6, 13, 14, 27, 11, 58, 48, 39, 68, 46, 38, 35, 69, 37, 62, 52, 45, 53, 2, 70, 3, 4, 8, 7, 9, 10, 61, 59, 44, 43, 42, 41, 63, 40, 30, 29, 31, 34, 33];3544.0
[29, 30, 25, 27, 6, 13, 0, 65, 69, 40, 52, 44, 42, 41, 37, 38, 63, 68, 54, 58, 61, 11, 10, 7, 9, 35, 36, 39, 47, 48, 50, 46, 62, 3, 28, 66, 14, 15, 12, 16, 19, 20, 21, 22, 23, 34, 60, 33, 17, 31, 45, 53, 1, 70, 57, 51, 67, 49, 55, 56, 8, 59, 4, 5, 2, 43, 32, 26, 18, 64, 24];3380.0
[34, 36, 37, 38, 9, 11, 10, 58, 61, 57, 59, 8, 7, 12, 15, 16, 2, 70, 56, 52, 53, 44, 29, 30, 31, 65, 68, 49, 48, 43, 42, 32, 26, 22, 41, 63, 1, 5, 0, 45, 47, 39, 40, 35, 69, 55, 3, 4, 18, 19, 20, 21, 64, 17, 28, 46, 62, 54, 50, 67, 51, 25, 27, 6, 66, 14, 13, 24, 23, 60, 33];3497.0
[66, 14, 12, 15, 16, 25, 27, 11, 10, 19, 20, 18, 21, 22, 23, 60, 33, 26, 28, 2, 67, 49, 51, 54, 55, 56, 46, 37, 38, 39, 47, 48, 50, 52, 31, 30, 44, 45, 53, 43, 42, 32, 6, 7, 9, 0, 65, 41, 36, 63, 40, 70, 57, 3, 4, 35, 34, 69, 68, 62, 58, 61, 59, 5, 29, 24, 64, 13, 17, 1, 8];3572.0
[67, 55, 4, 5, 0, 1, 57, 56, 58, 11, 9, 24, 29, 30, 46, 62, 40, 42, 35, 34, 23, 20, 64, 2, 70, 3, 17, 18, 21, 26, 22, 28, 43, 41, 63, 68, 54, 8, 59, 12, 15, 33, 69, 37, 38, 36, 60, 32, 19, 16, 66, 14, 13, 25, 27, 6, 7, 10, 61, 52, 44, 53, 65, 31, 45, 49, 39, 47, 48, 51, 50];3541.0
[31, 29, 30, 65, 35, 34, 36, 63, 68, 28, 66, 12, 16, 19, 0, 44, 43, 32, 26, 45, 62, 48, 51, 52, 46, 47, 39, 40, 42, 33, 69, 41, 37, 38, 60, 23, 20, 21, 2, 70, 8, 7, 14, 15, 18, 22, 1, 50, 67, 49, 53, 56, 57, 58, 61, 54, 55, 3, 4, 25, 27, 6, 17, 24, 64, 13, 9, 11, 10, 59, 5];3418.0
[32, 22, 25, 11, 10, 58, 61, 59, 9, 66, 14, 12, 20, 21, 1, 46, 62, 54, 55, 52, 43, 69, 63, 40, 44, 45, 53, 57, 56, 51, 67, 49, 39, 47, 36, 38, 34, 33, 35, 68, 48, 50, 31, 29, 30, 23, 60, 26, 19, 15, 16, 70, 3, 4, 5, 2, 8, 7, 27, 6, 13, 17, 18, 64, 24, 28, 0, 65, 42, 41, 37];3488.0
[41, 38, 60, 25, 27, 6, 7, 21, 33, 34, 36, 63, 62, 53, 2, 70, 57, 61, 8, 15, 16, 54, 51, 50, 66, 14, 12, 13, 9, 11, 10, 58, 55, 3, 4, 59, 56, 48, 67, 49, 52, 43, 42, 32, 26, 23, 20, 22, 45, 46, 47, 39, 37, 40, 68, 44, 28, 17, 18, 19, 64, 1, 5, 24, 29, 30, 31, 0, 65, 35, 69];3591.0
[33, 35, 69, 46, 62, 31, 29, 18, 19, 20, 21, 0, 70, 57, 52, 53, 1, 2, 58, 54, 55, 56, 43, 42, 32, 26, 22, 25, 27, 6, 9, 66, 14, 13, 17, 44, 45, 47, 39, 40, 68, 37, 38, 36, 34, 64, 28, 49, 51, 67, 3, 59, 4, 8, 7, 15, 16, 12, 11, 10, 61, 5, 65, 41, 63, 48, 50, 30, 24, 23, 60];3631.0
[12, 15, 16, 13, 17, 64, 21, 22, 18, 23, 19, 20, 33, 35, 69, 63, 68, 53, 44, 45, 54, 55, 56, 70, 57, 52, 30, 29, 24, 25, 6, 7, 9, 0, 31, 43, 62, 49, 48, 39, 47, 38, 34, 60, 46, 50, 67, 51, 58, 11, 27, 28, 65, 1, 3, 4, 8, 10, 61, 59, 5, 2, 41, 37, 36, 40, 42, 32, 26, 66, 14];3345.0
[37, 63, 62, 58, 61, 57, 3, 4, 8, 59, 52, 46, 49, 48, 55, 7, 12, 15, 16, 17, 18, 32, 26, 22, 1, 2, 5, 25, 27, 6, 9, 13, 64, 66, 14, 10, 11, 24, 30, 29, 31, 0, 28, 19, 20, 21, 23, 60, 33, 34, 35, 69, 54, 56, 70, 65, 44, 45, 43, 42, 68, 50, 67, 51, 53, 41, 39, 47, 40, 38, 36];3245.0
[12, 15, 16, 28, 0, 2, 45, 62, 54, 52, 65, 43, 42, 68, 55, 4, 5, 70, 56, 57, 58, 61, 53, 44, 39, 38, 60, 66, 13, 10, 11, 9, 64, 1, 3, 59, 8, 7, 69, 41, 37, 36, 63, 40, 32, 26, 24, 29, 31, 30, 46, 47, 48, 67, 49, 51, 50, 25, 27, 6, 33, 35, 34, 23, 20, 21, 22, 17, 18, 19, 14];3487.0
[58, 61, 53, 65, 31, 30, 29, 66, 12, 16, 24, 44, 43, 69, 41, 37, 63, 40, 32, 17, 11, 10, 59, 56, 3, 8, 13, 6, 7, 9, 18, 19, 20, 21, 64, 28, 2, 5, 52, 54, 55, 4, 25, 27, 14, 15, 23, 60, 33, 36, 68, 46, 42, 26, 22, 45, 62, 48, 51, 50, 67, 49, 47, 39, 38, 34, 35, 0, 1, 70, 57];3312.0
