ftv33
[13, 32, 7, 8, 4, 6, 5, 30, 29, 26, 22, 20, 21, 27, 28, 25, 1, 33, 2, 3, 0, 24, 23, 19, 31, 18, 17, 11, 10, 9, 12, 14, 15, 16];1430.0;1699.3682432432433;3386163.368243243;83.0;25439.0;296.0
[19, 31, 21, 20, 22, 26, 29, 27, 28, 25, 16, 15, 14, 12, 9, 13, 0, 1, 33, 2, 3, 10, 11, 8, 7, 32, 4, 5, 6, 30, 24, 23, 17, 18];1632.0
[20, 21, 31, 18, 10, 9, 12, 13, 32, 7, 4, 6, 5, 30, 29, 25, 24, 23, 19, 17, 11, 8, 1, 27, 28, 33, 2, 3, 0, 14, 15, 16, 26, 22];1635.0
[5, 30, 33, 1, 2, 3, 0, 13, 12, 9, 10, 32, 7, 8, 14, 15, 16, 25, 24, 23, 19, 31, 20, 21, 22, 26, 27, 28, 29, 18, 17, 11, 6, 4];1722.0
[28, 29, 24, 23, 26, 22, 20, 21, 31, 18, 11, 8, 10, 9, 12, 14, 15, 16, 0, 25, 19, 17, 32, 7, 4, 13, 1, 33, 30, 6, 5, 2, 3, 27];1687.0
[17, 11, 8, 32, 7, 4, 5, 6, 22, 26, 27, 28, 29, 25, 13, 10, 9, 12, 14, 15, 16, 0, 1, 33, 30, 2, 3, 24, 23, 19, 20, 21, 31, 18];1567.0
[27, 28, 25, 16, 15, 14, 12, 0, 1, 3, 33, 30, 29, 24, 23, 2, 5, 6, 4, 32, 7, 8, 9, 10, 11, 31, 20, 22, 21, 19, 17, 18, 13, 26];1780.0
[8, 1, 33, 30, 2, 4, 6, 5, 3, 0, 24, 26, 22, 23, 19, 20, 21, 31, 17, 18, 11, 10, 12, 14, 15, 16, 27, 28, 29, 25, 13, 9, 32, 7];1661.0
[26, 27, 28, 33, 2, 30, 29, 22, 17, 11, 8, 10, 18, 20, 21, 31, 0, 1, 3, 25, 24, 23, 19, 13, 12, 9, 32, 7, 4, 5, 6, 15, 14, 16];1909.0
[13, 0, 1, 3, 30, 26, 22, 20, 21, 31, 11, 10, 27, 28, 29, 33, 2, 5, 6, 4, 7, 8, 12, 15, 14, 16, 25, 24, 23, 18, 19, 17, 9, 32];1763.0
[32, 9, 12, 13, 0, 16, 15, 14, 1, 33, 30, 6, 5, 2, 3, 24, 20, 21, 22, 23, 26, 27, 28, 29, 25, 19, 31, 18, 17, 10, 11, 8, 7, 4];1627.0
[22, 26, 27, 28, 29, 25, 16, 1, 30, 33, 2, 3, 13, 32, 4, 7, 8, 9, 0, 24, 23, 19, 12, 14, 15, 5, 6, 10, 18, 17, 11, 31, 20, 21];1812.0
[29, 26, 22, 21, 31, 18, 20, 27, 28, 33, 5, 6, 4, 32, 7, 8, 9, 12, 14, 15, 16, 25, 24, 23, 19, 17, 11, 10, 13, 2, 3, 0, 1, 30];1629.0
[15, 16, 0, 1, 25, 24, 23, 31, 18, 19, 17, 11, 10, 9, 4, 6, 5, 30, 26, 22, 20, 21, 27, 28, 29, 33, 2, 3, 13, 32, 7, 8, 12, 14];1510.0
[10, 11, 22, 26, 27, 28, 33, 2, 3, 5, 30, 29, 1, 0, 25, 24, 23, 20, 21, 19, 31, 18, 17, 32, 7, 4, 6, 8, 13, 14, 16, 15, 12, 9];1805.0
[2, 30, 5, 6, 4, 10, 11, 31, 18, 17, 9, 32, 7, 8, 19, 21, 20, 22, 25, 1, 3, 0, 13, 12, 14, 15, 16, 24, 23, 26, 27, 28, 29, 33];1670.0
[11, 8, 4, 5, 6, 33, 30, 22, 24, 23, 19, 31, 18, 17, 1, 2, 3, 20, 21, 27, 28, 26, 29, 25, 16, 14, 15, 12, 32, 7, 9, 0, 13, 10];1834.0
[0, 13, 10, 18, 19, 20, 21, 31, 17, 11, 8, 9, 32, 7, 12, 15, 14, 16, 25, 24, 23, 22, 26, 27, 28, 29, 1, 33, 30, 4, 5, 6, 2, 3];1535.0
[7, 6, 4, 9, 10, 11, 8, 13, 24, 26, 27, 28, 29, 25, 16, 14, 15, 12, 0, 1, 3, 33, 2, 5, 30, 22, 23, 21, 20, 31, 18, 19, 17, 32];1764.0
[16, 27, 28, 33, 4, 6, 5, 30, 2, 0, 24, 23, 17, 13, 12, 9, 10, 11, 31, 18, 19, 20, 21, 22, 26, 29, 25, 1, 3, 32, 7, 8, 14, 15];1712.0
[2, 3, 0, 16, 14, 15, 12, 4, 5, 6, 13, 23, 19, 18, 17, 32, 7, 8, 10, 9, 33, 30, 24, 11, 31, 21, 20, 22, 26, 27, 28, 29, 25, 1];1733.0
[20, 21, 27, 28, 29, 26, 22, 32, 7, 4, 5, 6, 9, 13, 24, 23, 17, 11, 8, 12, 14, 15, 16, 0, 25, 1, 3, 33, 30, 2, 10, 31, 18, 19];1718.0
[18, 4, 6, 5, 30, 29, 26, 22, 27, 28, 33, 2, 3, 0, 1, 25, 19, 17, 11, 31, 10, 9, 32, 7, 8, 12, 13, 14, 15, 16, 24, 23, 20, 21];1680.0
[12, 32, 7, 8, 10, 11, 31, 18, 17, 19, 9, 13, 0, 25, 24, 23, 20, 22, 21, 27, 28, 29, 26, 1, 33, 30, 2, 4, 6, 5, 3, 16, 14, 15];1576.0
[29, 26, 21, 20, 22, 24, 23, 18, 19, 31, 17, 33, 30, 28, 27, 2, 4, 5, 6, 9, 12, 13, 1, 3, 32, 7, 10, 11, 8, 14, 15, 16, 0, 25];1960.0
[6, 5, 30, 26, 27, 28, 29, 25, 1, 3, 33, 2, 24, 23, 17, 11, 31, 18, 19, 20, 21, 22, 0, 16, 15, 14, 12, 13, 32, 7, 8, 10, 9, 4];1556.0
[25, 24, 23, 20, 21, 31, 18, 17, 9, 1, 33, 2, 3, 0, 16, 15, 14, 13, 12, 11, 10, 4, 5, 6, 30, 26, 27, 28, 29, 22, 19, 32, 7, 8];1702.0
[17, 9, 13, 0, 25, 26, 22, 20, 21, 27, 28, 29, 1, 33, 30, 2, 3, 10, 11, 8, 7, 5, 6, 4, 32, 12, 15, 14, 16, 24, 23, 31, 18, 19];1641.0
[12, 14, 15, 16, 0, 13, 1, 4, 6, 5, 2, 3, 33, 30, 29, 26, 27, 28, 32, 7, 8, 10, 11, 31, 18, 19, 21, 20, 22, 25, 24, 23, 17, 9];1584.0
[6, 5, 2, 3, 0, 13, 1, 25, 16, 14, 15, 12, 9, 32, 7, 8, 10, 11, 27, 28, 33, 30, 29, 24, 23, 26, 22, 20, 21, 31, 19, 18, 17, 4];1652.0
[5, 6, 12, 14, 15, 24, 23, 20, 21, 19, 17, 11, 31, 18, 22, 27, 28, 26, 29, 25, 16, 1, 30, 33, 2, 3, 0, 13, 7, 8, 10, 9, 32, 4];1603.0
[31, 18, 19, 17, 8, 10, 13, 9, 32, 7, 1, 2, 4, 6, 5, 30, 33, 3, 0, 25, 24, 23, 27, 28, 21, 20, 22, 26, 29, 16, 14, 15, 12, 11];1701.0
[31, 18, 17, 10, 11, 8, 9, 0, 25, 24, 23, 27, 28, 29, 20, 21, 22, 26, 30, 4, 6, 5, 16, 15, 14, 12, 32, 7, 13, 1, 33, 2, 3, 19];1798.0
[9, 32, 8, 7, 5, 6, 4, 12, 13, 0, 25, 26, 22, 21, 20, 27, 28, 29, 1, 30, 33, 2, 3, 15, 14, 16, 24, 23, 19, 17, 11, 31, 18, 10];1572.0
[7, 8, 4, 6, 5, 30, 33, 12, 9, 13, 1, 2, 3, 0, 25, 24, 23, 22, 26, 27, 28, 29, 16, 14, 15, 20, 21, 31, 18, 19, 17, 11, 10, 32];1600.0
[15, 13, 9, 4, 6, 5, 2, 33, 30, 26, 27, 28, 29, 25, 24, 23, 20, 22, 21, 31, 17, 11, 8, 1, 3, 0, 32, 7, 10, 18, 19, 12, 14, 16];1722.0
[26, 27, 28, 25, 1, 33, 30, 29, 17, 32, 7, 8, 10, 11, 31, 4, 6, 5, 2, 3, 0, 9, 12, 13, 15, 14, 16, 24, 23, 20, 21, 19, 18, 22];1719.0
[6, 4, 5, 30, 29, 25, 26, 27, 28, 22, 20, 21, 31, 18, 17, 11, 8, 10, 13, 1, 3, 0, 24, 23, 19, 33, 2, 16, 14, 15, 12, 9, 7, 32];1737.0
[10, 9, 12, 13, 1, 33, 30, 26, 27, 28, 29, 16, 14, 15, 24, 23, 19, 11, 8, 7, 32, 4, 6, 5, 2, 3, 0, 25, 22, 21, 20, 31, 18, 17];1619.0
[32, 7, 6, 5, 30, 26, 22, 21, 20, 27, 28, 24, 23, 18, 19, 31, 17, 12, 15, 14, 16, 1, 33, 2, 4, 9, 13, 10, 11, 8, 0, 3, 29, 25];1921.0
[23, 21, 20, 22, 26, 29, 14, 15, 16, 25, 27, 28, 13, 12, 32, 7, 8, 1, 33, 2, 3, 0, 19, 31, 18, 17, 11, 10, 9, 4, 5, 6, 30, 24];1782.0
[19, 11, 31, 18, 17, 10, 9, 13, 12, 4, 5, 6, 32, 7, 8, 25, 24, 27, 28, 26, 29, 1, 30, 33, 2, 3, 0, 16, 15, 14, 23, 20, 22, 21];1688.0
[8, 10, 11, 31, 17, 9, 2, 3, 4, 5, 6, 7, 13, 0, 16, 1, 33, 30, 29, 26, 24, 23, 12, 14, 15, 20, 21, 18, 19, 22, 27, 28, 25, 32];1987.0
[19, 17, 11, 31, 18, 10, 9, 4, 6, 5, 30, 33, 2, 3, 13, 12, 14, 15, 16, 1, 25, 20, 21, 27, 28, 29, 32, 7, 8, 0, 26, 22, 24, 23];1661.0
[33, 2, 3, 0, 15, 16, 25, 1, 26, 22, 19, 20, 21, 31, 18, 17, 11, 8, 10, 9, 12, 14, 13, 32, 7, 4, 5, 6, 30, 29, 24, 23, 27, 28];1595.0
[15, 12, 10, 11, 31, 18, 17, 8, 9, 32, 7, 4, 6, 5, 30, 33, 2, 1, 3, 25, 27, 28, 29, 24, 23, 26, 22, 20, 21, 19, 13, 0, 16, 14];1571.0
[27, 28, 26, 29, 25, 1, 13, 12, 9, 32, 7, 10, 18, 19, 20, 21, 31, 17, 11, 8, 4, 6, 5, 33, 30, 2, 3, 0, 14, 15, 16, 24, 23, 22];1630.0
[32, 7, 8, 12, 15, 14, 16, 25, 24, 23, 19, 11, 31, 18, 17, 10, 13, 0, 20, 21, 22, 27, 28, 26, 33, 30, 29, 1, 2, 3, 5, 6, 4, 9];1695.0
[12, 9, 32, 7, 4, 6, 5, 30, 27, 28, 29, 25, 24, 23, 26, 33, 2, 3, 1, 22, 20, 21, 31, 18, 17, 19, 10, 11, 8, 13, 0, 16, 15, 14];1609.0
[5, 2, 3, 24, 23, 20, 21, 31, 18, 19, 17, 11, 10, 32, 7, 8, 9, 12, 13, 22, 26, 27, 28, 29, 25, 16, 15, 14, 0, 1, 33, 30, 4, 6];1480.0
[20, 21, 31, 18, 11, 10, 13, 27, 28, 30, 4, 5, 6, 7, 32, 8, 25, 29, 26, 22, 23, 19, 17, 9, 12, 14, 16, 15, 0, 1, 33, 2, 3, 24];1814.0
[29, 1, 2, 4, 5, 6, 30, 33, 3, 0, 16, 15, 14, 12, 9, 10, 11, 31, 18, 19, 17, 32, 8, 7, 13, 25, 24, 23, 26, 22, 20, 21, 27, 28];1549.0
[28, 22, 23, 17, 11, 8, 10, 9, 12, 14, 24, 21, 20, 31, 19, 18, 13, 1, 33, 30, 29, 32, 7, 4, 6, 5, 2, 3, 0, 16, 15, 25, 26, 27];1773.0
[28, 29, 24, 23, 17, 11, 8, 10, 12, 13, 9, 32, 7, 4, 6, 5, 2, 3, 0, 15, 14, 16, 25, 26, 22, 20, 21, 19, 31, 18, 1, 33, 30, 27];1566.0
[5, 30, 33, 2, 3, 1, 24, 22, 23, 20, 21, 31, 18, 19, 17, 10, 11, 8, 9, 12, 15, 14, 16, 26, 27, 28, 29, 25, 0, 13, 32, 7, 4, 6];1509.0
[24, 20, 21, 31, 9, 6, 4, 5, 30, 33, 1, 2, 3, 25, 26, 27, 28, 29, 22, 23, 19, 18, 17, 11, 10, 16, 15, 14, 12, 32, 7, 8, 13, 0];1721.0
[31, 19, 17, 18, 11, 8, 7, 32, 4, 6, 5, 30, 33, 1, 2, 3, 0, 16, 15, 14, 12, 9, 10, 13, 25, 24, 27, 28, 29, 26, 22, 23, 20, 21];1562.0
[11, 31, 18, 10, 4, 5, 6, 33, 2, 3, 25, 24, 20, 21, 19, 13, 0, 16, 15, 14, 12, 9, 32, 7, 8, 1, 30, 27, 28, 29, 26, 22, 23, 17];1743.0
[1, 0, 25, 24, 23, 21, 20, 22, 27, 28, 29, 26, 4, 6, 5, 30, 33, 2, 3, 13, 10, 31, 18, 19, 17, 11, 8, 9, 32, 7, 12, 14, 15, 16];1616.0
[25, 24, 23, 19, 9, 12, 13, 10, 17, 11, 8, 7, 4, 6, 28, 29, 27, 16, 14, 15, 1, 33, 30, 26, 22, 20, 21, 31, 18, 32, 5, 2, 3, 0];1928.0
[14, 1, 3, 16, 15, 11, 10, 13, 0, 25, 24, 20, 21, 31, 6, 5, 2, 33, 30, 27, 28, 29, 26, 22, 23, 19, 18, 17, 9, 32, 4, 7, 8, 12];1844.0
[21, 22, 26, 27, 28, 33, 30, 29, 1, 2, 3, 25, 18, 19, 31, 17, 11, 8, 10, 32, 7, 9, 0, 13, 4, 5, 6, 12, 14, 15, 16, 24, 23, 20];1685.0
[3, 0, 16, 14, 15, 24, 23, 20, 21, 22, 26, 33, 2, 30, 29, 27, 28, 25, 13, 9, 12, 4, 5, 6, 32, 7, 8, 11, 31, 19, 18, 17, 10, 1];1762.0
[18, 9, 12, 14, 15, 16, 32, 7, 8, 10, 13, 24, 23, 20, 21, 4, 5, 6, 30, 33, 29, 1, 2, 3, 0, 25, 27, 28, 26, 22, 19, 17, 11, 31];1828.0
[6, 4, 32, 7, 8, 24, 23, 17, 9, 13, 25, 27, 28, 29, 0, 10, 11, 31, 20, 26, 22, 21, 19, 18, 12, 14, 15, 16, 1, 2, 3, 33, 30, 5];1824.0
[8, 10, 11, 31, 18, 19, 17, 20, 21, 22, 26, 29, 5, 6, 4, 12, 15, 14, 16, 0, 1, 33, 30, 2, 3, 27, 28, 25, 24, 23, 9, 13, 7, 32];1824.0
[1, 30, 33, 2, 3, 0, 13, 9, 32, 7, 4, 5, 6, 8, 10, 11, 31, 18, 17, 12, 14, 15, 16, 25, 24, 23, 19, 20, 21, 22, 29, 26, 27, 28];1460.0
[19, 17, 11, 10, 12, 13, 14, 15, 16, 24, 23, 26, 22, 20, 21, 31, 18, 9, 32, 8, 7, 4, 6, 5, 30, 27, 28, 29, 25, 1, 3, 33, 2, 0];1602.0
[13, 32, 8, 9, 12, 14, 15, 16, 19, 21, 31, 18, 17, 11, 10, 7, 4, 6, 5, 30, 29, 20, 22, 26, 33, 2, 3, 24, 23, 27, 28, 25, 1, 0];1729.0
[12, 14, 15, 16, 24, 21, 20, 22, 26, 30, 33, 2, 4, 5, 6, 9, 13, 1, 3, 0, 27, 28, 29, 25, 23, 19, 18, 17, 11, 31, 10, 32, 7, 8];1700.0
[17, 4, 5, 6, 30, 29, 22, 23, 26, 27, 28, 16, 15, 14, 12, 9, 10, 32, 7, 8, 1, 33, 2, 3, 0, 13, 25, 24, 20, 21, 19, 11, 31, 18];1666.0
[27, 28, 30, 33, 5, 6, 4, 32, 7, 9, 12, 10, 11, 8, 13, 1, 2, 3, 0, 25, 21, 20, 22, 29, 24, 23, 19, 31, 18, 17, 14, 15, 16, 26];1771.0
[31, 18, 17, 32, 8, 9, 12, 14, 15, 16, 0, 7, 4, 6, 5, 30, 24, 23, 19, 11, 10, 13, 25, 1, 33, 2, 3, 29, 26, 27, 28, 22, 20, 21];1628.0
[1, 3, 0, 13, 32, 7, 4, 6, 5, 30, 33, 2, 25, 24, 27, 28, 29, 26, 22, 23, 11, 8, 10, 18, 19, 20, 21, 31, 17, 9, 12, 14, 15, 16];1525.0
[25, 24, 23, 26, 29, 16, 0, 1, 33, 30, 22, 20, 21, 19, 17, 8, 10, 11, 31, 18, 13, 2, 3, 32, 7, 5, 6, 4, 9, 12, 14, 15, 27, 28];1817.0
[4, 5, 30, 33, 2, 3, 0, 16, 14, 15, 12, 11, 10, 32, 7, 8, 9, 13, 1, 25, 24, 23, 17, 18, 19, 27, 28, 29, 26, 22, 20, 21, 31, 6];1609.0
[21, 22, 27, 28, 29, 26, 13, 12, 11, 31, 18, 19, 17, 10, 8, 9, 32, 7, 4, 6, 5, 30, 33, 2, 3, 0, 14, 15, 16, 1, 25, 24, 23, 20];1498.0
[12, 14, 15, 16, 24, 26, 27, 28, 29, 22, 23, 19, 17, 11, 8, 10, 9, 32, 7, 4, 6, 5, 2, 0, 25, 1, 3, 33, 30, 20, 21, 31, 18, 13];1588.0
[19, 22, 23, 17, 11, 10, 13, 0, 1, 30, 29, 26, 27, 28, 25, 16, 15, 14, 12, 9, 32, 8, 7, 4, 6, 5, 33, 2, 3, 24, 20, 21, 31, 18];1559.0
[0, 13, 24, 23, 27, 28, 22, 21, 20, 31, 11, 8, 10, 18, 19, 17, 32, 7, 4, 5, 6, 9, 12, 14, 15, 16, 26, 29, 25, 1, 33, 30, 2, 3];1659.0
[25, 1, 3, 0, 24, 23, 19, 31, 18, 17, 16, 15, 14, 12, 4, 6, 5, 30, 29, 26, 33, 2, 13, 9, 32, 7, 8, 10, 11, 20, 21, 22, 27, 28];1675.0
[11, 8, 9, 32, 7, 0, 24, 23, 12, 13, 14, 15, 16, 1, 33, 30, 22, 26, 27, 28, 29, 25, 3, 2, 4, 5, 6, 10, 18, 17, 19, 20, 21, 31];1754.0
[13, 16, 1, 25, 26, 27, 28, 29, 22, 23, 19, 9, 7, 32, 6, 4, 5, 30, 3, 33, 2, 0, 10, 11, 8, 12, 14, 15, 24, 20, 21, 31, 18, 17];1815.0
[13, 16, 24, 23, 26, 29, 1, 33, 30, 2, 3, 0, 25, 22, 20, 21, 19, 31, 18, 17, 11, 4, 6, 5, 27, 28, 15, 14, 12, 9, 32, 7, 8, 10];1724.0
[0, 27, 28, 20, 21, 31, 19, 22, 26, 29, 1, 25, 24, 23, 17, 18, 11, 8, 9, 10, 32, 7, 6, 4, 5, 30, 33, 2, 3, 13, 12, 14, 15, 16];1659.0
[21, 22, 24, 23, 17, 11, 8, 12, 15, 14, 16, 19, 31, 18, 10, 9, 32, 7, 4, 6, 5, 30, 29, 26, 27, 28, 1, 33, 2, 3, 0, 13, 25, 20];1605.0
[15, 14, 16, 24, 23, 20, 21, 22, 33, 2, 5, 30, 27, 28, 29, 26, 1, 3, 13, 12, 11, 31, 18, 32, 7, 4, 6, 8, 10, 9, 0, 25, 19, 17];1978.0
[25, 24, 27, 28, 33, 2, 3, 0, 13, 12, 5, 6, 4, 32, 7, 8, 9, 10, 11, 31, 18, 1, 30, 29, 26, 22, 23, 20, 21, 19, 17, 15, 14, 16];1703.0
[20, 21, 22, 25, 1, 33, 30, 26, 27, 28, 29, 3, 0, 13, 16, 24, 23, 12, 14, 15, 2, 5, 6, 4, 10, 11, 31, 18, 17, 9, 7, 32, 8, 19];1901.0
[1, 33, 30, 2, 3, 0, 24, 23, 26, 22, 21, 20, 27, 28, 29, 25, 19, 31, 18, 17, 11, 10, 32, 7, 4, 5, 6, 8, 13, 9, 12, 15, 14, 16];1552.0
[33, 2, 24, 23, 20, 22, 26, 16, 15, 14, 12, 31, 18, 19, 21, 27, 28, 29, 25, 1, 3, 0, 13, 9, 10, 17, 11, 8, 32, 7, 4, 6, 5, 30];1665.0
[15, 12, 4, 5, 6, 30, 19, 17, 16, 25, 24, 23, 20, 21, 31, 18, 11, 8, 10, 1, 29, 26, 22, 27, 28, 33, 2, 3, 0, 13, 9, 32, 7, 14];1860.0
[24, 23, 26, 27, 28, 33, 4, 5, 6, 10, 11, 8, 9, 2, 3, 0, 16, 1, 30, 29, 15, 14, 12, 32, 7, 20, 22, 21, 31, 18, 19, 17, 13, 25];1910.0
[28, 15, 16, 14, 12, 32, 7, 8, 10, 11, 31, 18, 19, 17, 9, 13, 0, 33, 30, 29, 25, 1, 4, 6, 5, 2, 3, 24, 23, 21, 20, 22, 26, 27];1557.0
[24, 23, 17, 11, 10, 13, 0, 1, 33, 2, 3, 32, 7, 8, 4, 6, 5, 30, 29, 25, 26, 22, 20, 21, 19, 31, 18, 9, 12, 14, 15, 16, 27, 28];1633.0
[18, 17, 11, 10, 9, 32, 7, 8, 12, 13, 0, 16, 15, 14, 1, 29, 26, 27, 28, 33, 30, 6, 4, 5, 2, 3, 25, 24, 23, 20, 22, 21, 19, 31];1511.0
[18, 17, 14, 15, 16, 25, 26, 27, 28, 29, 22, 24, 23, 20, 21, 19, 4, 6, 5, 30, 33, 2, 3, 1, 0, 13, 12, 9, 32, 7, 8, 10, 11, 31];1539.0
[1, 2, 3, 30, 29, 22, 17, 32, 7, 13, 0, 25, 26, 27, 28, 33, 4, 6, 5, 24, 23, 20, 21, 19, 31, 18, 11, 8, 10, 9, 12, 14, 15, 16];1761.0
[6, 5, 30, 27, 28, 25, 13, 10, 11, 31, 18, 19, 17, 21, 20, 22, 33, 3, 9, 32, 8, 24, 23, 26, 29, 16, 14, 15, 12, 0, 1, 2, 4, 7];1952.0
[24, 23, 19, 21, 20, 27, 28, 29, 0, 12, 8, 10, 11, 31, 18, 17, 13, 1, 30, 33, 2, 3, 25, 26, 22, 9, 32, 7, 4, 5, 6, 14, 15, 16];1778.0
[1, 33, 2, 3, 25, 31, 18, 19, 17, 10, 9, 32, 12, 13, 0, 20, 21, 22, 26, 27, 28, 29, 16, 14, 15, 24, 23, 11, 8, 7, 4, 6, 5, 30];1766.0
[18, 17, 11, 10, 12, 14, 15, 16, 26, 29, 25, 1, 33, 30, 4, 5, 6, 2, 3, 0, 13, 9, 32, 7, 8, 24, 23, 27, 28, 22, 20, 21, 19, 31];1594.0
[25, 24, 23, 20, 22, 26, 33, 30, 6, 4, 5, 2, 3, 0, 16, 15, 14, 12, 10, 11, 31, 17, 18, 19, 21, 27, 28, 29, 1, 32, 7, 8, 9, 13];1647.0
[2, 4, 6, 5, 3, 33, 30, 29, 26, 22, 20, 24, 23, 17, 8, 9, 10, 11, 31, 18, 19, 21, 27, 28, 25, 16, 14, 15, 12, 32, 7, 13, 0, 1];1638.0
[25, 24, 23, 18, 19, 22, 20, 21, 31, 17, 6, 5, 30, 33, 2, 1, 3, 16, 14, 15, 12, 32, 7, 4, 9, 10, 11, 8, 26, 27, 28, 29, 13, 0];1763.0
[22, 21, 20, 30, 33, 2, 3, 0, 1, 5, 6, 4, 32, 7, 12, 14, 15, 16, 24, 23, 19, 31, 18, 17, 10, 11, 8, 9, 13, 25, 26, 27, 28, 29];1655.0
[15, 12, 13, 25, 26, 27, 28, 22, 24, 23, 19, 20, 21, 31, 18, 17, 11, 10, 9, 32, 7, 8, 4, 6, 5, 30, 29, 1, 33, 2, 3, 0, 16, 14];1436.0
[12, 18, 19, 17, 11, 10, 1, 30, 29, 22, 20, 21, 31, 4, 5, 6, 14, 15, 16, 27, 28, 25, 13, 9, 32, 8, 7, 0, 24, 23, 26, 33, 2, 3];2031.0
[24, 23, 19, 20, 22, 26, 1, 30, 33, 29, 27, 28, 21, 31, 18, 17, 11, 10, 9, 12, 32, 8, 7, 6, 4, 5, 2, 3, 0, 13, 14, 15, 16, 25];1650.0
[23, 19, 17, 4, 6, 5, 30, 33, 2, 13, 9, 32, 7, 8, 10, 11, 21, 27, 28, 29, 26, 22, 20, 31, 18, 12, 15, 14, 16, 1, 3, 0, 25, 24];1620.0
[25, 24, 23, 17, 11, 10, 9, 13, 0, 1, 33, 30, 29, 2, 4, 5, 6, 3, 15, 14, 12, 32, 7, 8, 16, 26, 27, 28, 22, 20, 21, 19, 31, 18];1797.0
[9, 12, 14, 15, 16, 0, 25, 1, 2, 3, 30, 29, 26, 22, 23, 20, 21, 19, 17, 10, 13, 24, 27, 28, 33, 4, 5, 6, 32, 7, 8, 11, 31, 18];1718.0
[15, 14, 16, 25, 24, 23, 33, 30, 26, 27, 28, 29, 0, 9, 10, 11, 31, 18, 20, 22, 21, 19, 17, 32, 7, 4, 5, 6, 8, 1, 2, 3, 13, 12];1723.0
[20, 22, 26, 33, 2, 4, 5, 6, 32, 7, 8, 1, 3, 30, 27, 28, 29, 23, 11, 10, 9, 13, 0, 25, 24, 19, 31, 18, 17, 12, 14, 15, 16, 21];1800.0
[10, 9, 4, 6, 5, 30, 29, 26, 13, 32, 7, 8, 1, 33, 2, 3, 0, 12, 15, 14, 16, 25, 24, 23, 20, 21, 27, 28, 22, 19, 31, 18, 17, 11];1634.0
[18, 19, 20, 21, 22, 29, 1, 2, 4, 6, 5, 30, 33, 3, 0, 9, 10, 11, 31, 17, 16, 15, 14, 12, 32, 7, 8, 13, 26, 27, 28, 25, 24, 23];1697.0
[16, 25, 24, 23, 26, 29, 15, 14, 12, 5, 6, 4, 9, 10, 11, 31, 18, 19, 17, 32, 7, 8, 13, 1, 20, 21, 22, 27, 28, 30, 33, 2, 3, 0];1703.0
[10, 9, 12, 14, 15, 16, 1, 3, 24, 23, 19, 20, 21, 31, 18, 17, 32, 7, 8, 13, 0, 25, 26, 27, 28, 33, 30, 2, 4, 6, 5, 29, 22, 11];1650.0
[6, 29, 26, 22, 23, 27, 28, 16, 15, 14, 12, 11, 8, 10, 9, 13, 1, 33, 30, 4, 5, 2, 3, 0, 25, 24, 20, 21, 19, 31, 18, 17, 32, 7];1761.0
[23, 19, 20, 21, 31, 18, 32, 7, 4, 6, 5, 2, 3, 0, 1, 33, 30, 29, 26, 27, 28, 17, 11, 8, 10, 9, 12, 13, 14, 15, 16, 25, 22, 24];1554.0
[21, 9, 12, 14, 16, 15, 3, 30, 33, 27, 28, 29, 25, 24, 23, 19, 31, 18, 17, 11, 8, 10, 13, 0, 1, 2, 4, 5, 6, 32, 7, 26, 22, 20];1776.0
[1, 30, 27, 28, 29, 33, 2, 3, 0, 13, 9, 4, 5, 6, 32, 7, 8, 16, 25, 24, 23, 19, 17, 18, 20, 22, 26, 21, 31, 11, 10, 12, 14, 15];1700.0
[17, 9, 32, 12, 13, 0, 23, 24, 26, 25, 14, 15, 16, 2, 5, 6, 4, 7, 8, 10, 11, 31, 20, 27, 28, 1, 3, 33, 30, 29, 22, 21, 19, 18];1856.0
[31, 19, 18, 17, 11, 8, 10, 9, 7, 32, 6, 4, 5, 30, 33, 2, 3, 0, 16, 15, 14, 12, 13, 25, 1, 29, 26, 27, 28, 24, 23, 22, 20, 21];1513.0
[25, 24, 23, 20, 21, 18, 19, 22, 33, 30, 2, 15, 16, 14, 12, 5, 6, 4, 32, 7, 8, 10, 11, 31, 17, 9, 13, 26, 27, 28, 29, 1, 3, 0];1687.0
[21, 27, 28, 29, 26, 22, 24, 23, 20, 16, 14, 15, 1, 3, 0, 25, 19, 18, 17, 32, 7, 8, 12, 13, 30, 33, 2, 5, 6, 4, 9, 10, 11, 31];1784.0
[14, 12, 32, 7, 8, 10, 18, 19, 17, 9, 4, 6, 5, 30, 33, 2, 3, 24, 23, 20, 22, 26, 29, 1, 0, 13, 11, 31, 21, 27, 28, 25, 15, 16];1690.0
[30, 33, 10, 11, 31, 18, 19, 17, 9, 4, 6, 5, 2, 3, 16, 15, 14, 12, 32, 7, 8, 13, 0, 24, 23, 21, 20, 22, 26, 27, 28, 29, 25, 1];1553.0
[2, 4, 6, 5, 30, 20, 21, 22, 26, 1, 3, 0, 13, 14, 16, 15, 12, 11, 31, 9, 32, 7, 8, 10, 18, 19, 17, 25, 24, 23, 27, 28, 29, 33];1763.0
[22, 26, 29, 25, 24, 23, 19, 18, 17, 9, 32, 4, 7, 8, 13, 27, 28, 16, 15, 14, 12, 10, 11, 31, 6, 5, 30, 33, 2, 3, 0, 1, 20, 21];1849.0
[26, 22, 17, 11, 10, 9, 27, 28, 29, 15, 14, 12, 32, 7, 8, 13, 0, 1, 33, 30, 4, 6, 5, 2, 3, 16, 25, 24, 23, 31, 18, 19, 21, 20];1685.0
[7, 8, 24, 23, 21, 20, 22, 26, 27, 28, 29, 25, 16, 14, 15, 0, 1, 33, 30, 6, 4, 5, 2, 3, 13, 12, 9, 10, 11, 31, 18, 19, 17, 32];1529.0
[19, 18, 17, 11, 31, 8, 10, 12, 14, 15, 13, 9, 32, 7, 4, 6, 5, 30, 22, 21, 20, 27, 28, 29, 26, 25, 0, 16, 1, 33, 2, 3, 24, 23];1642.0
[27, 28, 26, 29, 22, 21, 20, 31, 18, 4, 6, 5, 2, 3, 13, 12, 14, 15, 16, 25, 24, 23, 19, 17, 11, 8, 10, 32, 7, 9, 0, 1, 33, 30];1622.0
[27, 28, 25, 0, 13, 1, 2, 3, 20, 21, 19, 32, 7, 4, 5, 6, 8, 10, 11, 31, 18, 17, 9, 12, 14, 15, 16, 33, 30, 29, 26, 22, 24, 23];1678.0
[2, 33, 30, 29, 26, 22, 24, 23, 20, 21, 27, 28, 25, 1, 3, 0, 31, 18, 19, 17, 13, 16, 14, 15, 12, 9, 10, 11, 8, 7, 32, 4, 6, 5];1653.0
[30, 33, 2, 16, 15, 14, 12, 9, 13, 25, 24, 23, 19, 17, 4, 5, 6, 10, 11, 31, 18, 32, 7, 8, 1, 3, 0, 21, 20, 22, 26, 27, 28, 29];1744.0
[23, 14, 15, 16, 1, 33, 2, 3, 0, 13, 12, 9, 10, 18, 17, 11, 31, 19, 20, 21, 22, 29, 25, 26, 27, 28, 30, 5, 6, 4, 32, 7, 8, 24];1732.0
[23, 24, 26, 22, 20, 21, 19, 31, 18, 17, 11, 8, 32, 7, 4, 6, 5, 2, 3, 0, 13, 9, 10, 12, 14, 15, 1, 33, 30, 27, 28, 29, 25, 16];1555.0
[14, 15, 16, 24, 23, 19, 31, 18, 32, 7, 8, 0, 25, 29, 26, 22, 21, 20, 27, 28, 30, 5, 6, 4, 12, 17, 11, 10, 9, 13, 1, 33, 2, 3];1810.0
[27, 28, 33, 2, 3, 25, 24, 23, 17, 8, 10, 11, 18, 19, 31, 21, 20, 22, 26, 29, 16, 15, 14, 12, 9, 32, 7, 4, 5, 6, 13, 0, 1, 30];1665.0
[16, 1, 30, 33, 26, 27, 28, 29, 25, 24, 19, 31, 18, 20, 21, 22, 2, 3, 23, 17, 11, 10, 9, 12, 14, 15, 32, 8, 7, 5, 6, 4, 13, 0];1796.0
[17, 11, 10, 9, 4, 6, 5, 30, 29, 31, 18, 32, 7, 8, 12, 13, 0, 15, 14, 16, 1, 33, 2, 3, 25, 26, 22, 23, 19, 21, 20, 27, 28, 24];1752.0
[24, 23, 27, 28, 29, 1, 3, 0, 13, 16, 14, 15, 12, 11, 31, 17, 18, 19, 20, 21, 26, 22, 30, 33, 2, 4, 5, 6, 8, 10, 9, 32, 7, 25];1680.0
[29, 30, 33, 2, 3, 7, 8, 13, 16, 24, 23, 19, 18, 17, 9, 0, 1, 25, 20, 22, 26, 15, 14, 12, 32, 5, 6, 4, 10, 11, 31, 21, 27, 28];1881.0
[14, 16, 19, 18, 17, 11, 10, 9, 32, 7, 8, 12, 13, 1, 33, 2, 4, 6, 5, 30, 24, 23, 21, 31, 20, 22, 26, 27, 28, 29, 25, 3, 0, 15];1607.0
[15, 22, 20, 21, 27, 28, 29, 16, 25, 24, 23, 26, 2, 3, 0, 1, 33, 30, 4, 5, 6, 32, 7, 8, 9, 13, 10, 11, 31, 18, 19, 17, 12, 14];1668.0
[22, 27, 28, 32, 8, 7, 4, 5, 6, 11, 31, 18, 17, 19, 1, 30, 33, 2, 3, 16, 15, 14, 12, 10, 9, 13, 0, 25, 26, 29, 24, 23, 21, 20];1860.0
[2, 24, 23, 17, 9, 4, 5, 6, 12, 13, 14, 15, 16, 0, 1, 3, 32, 7, 8, 10, 11, 21, 20, 27, 28, 25, 19, 31, 18, 22, 26, 29, 30, 33];1841.0
[14, 15, 12, 32, 8, 10, 11, 31, 21, 19, 18, 17, 9, 7, 4, 6, 5, 30, 25, 24, 23, 20, 22, 26, 1, 33, 2, 3, 13, 27, 28, 29, 0, 16];1674.0
[13, 0, 25, 16, 15, 14, 12, 9, 32, 7, 6, 4, 5, 30, 27, 28, 29, 33, 2, 3, 1, 24, 23, 26, 22, 20, 21, 31, 18, 19, 17, 11, 8, 10];1503.0
[6, 4, 5, 32, 8, 7, 9, 12, 15, 14, 16, 1, 3, 24, 20, 21, 19, 31, 18, 22, 23, 26, 27, 28, 29, 25, 17, 11, 10, 13, 0, 30, 33, 2];1752.0
[9, 32, 7, 8, 10, 11, 21, 31, 18, 4, 6, 5, 2, 3, 0, 13, 12, 15, 14, 16, 1, 33, 30, 26, 20, 22, 27, 28, 29, 25, 24, 23, 19, 17];1576.0
[21, 27, 28, 29, 26, 30, 33, 2, 3, 16, 15, 14, 12, 32, 7, 8, 10, 9, 13, 0, 1, 25, 24, 17, 4, 5, 6, 11, 31, 19, 18, 22, 23, 20];1753.0
[4, 6, 5, 30, 33, 3, 0, 24, 23, 19, 20, 21, 18, 17, 11, 31, 10, 9, 32, 7, 8, 12, 13, 14, 15, 16, 27, 28, 29, 22, 26, 25, 1, 2];1600.0
[4, 6, 5, 30, 24, 23, 27, 28, 22, 20, 21, 31, 18, 19, 17, 11, 10, 9, 32, 7, 8, 12, 14, 15, 16, 26, 29, 25, 1, 3, 0, 13, 33, 2];1562.0
[0, 19, 31, 18, 17, 11, 8, 10, 9, 12, 32, 7, 4, 6, 5, 30, 29, 22, 20, 21, 25, 1, 3, 13, 14, 15, 16, 24, 23, 26, 27, 28, 33, 2];1653.0
[28, 29, 16, 15, 14, 12, 32, 7, 4, 6, 5, 30, 26, 22, 20, 21, 31, 17, 1, 33, 2, 3, 13, 9, 10, 18, 19, 11, 8, 0, 25, 24, 23, 27];1651.0
[7, 8, 10, 11, 31, 21, 20, 22, 27, 28, 29, 26, 16, 15, 14, 12, 1, 2, 6, 5, 30, 33, 3, 0, 13, 25, 24, 23, 19, 18, 17, 9, 32, 4];1613.0
[1, 30, 33, 2, 3, 0, 26, 22, 17, 32, 7, 8, 4, 5, 6, 29, 27, 28, 16, 15, 14, 25, 24, 23, 18, 19, 20, 21, 31, 11, 10, 9, 12, 13];1755.0
[17, 10, 11, 8, 4, 6, 5, 30, 33, 2, 3, 32, 7, 9, 13, 12, 14, 15, 16, 0, 1, 20, 21, 31, 18, 19, 22, 26, 27, 28, 29, 25, 24, 23];1542.0
[28, 22, 20, 21, 31, 13, 1, 2, 3, 0, 19, 18, 17, 11, 10, 12, 14, 15, 30, 33, 5, 6, 4, 9, 32, 7, 8, 16, 25, 24, 23, 29, 26, 27];1807.0
[0, 24, 23, 19, 17, 11, 10, 1, 33, 30, 4, 6, 5, 2, 3, 25, 26, 29, 27, 28, 22, 20, 21, 31, 18, 16, 15, 14, 12, 32, 7, 8, 9, 13];1647.0
[2, 3, 5, 6, 4, 12, 14, 15, 16, 25, 26, 27, 28, 33, 30, 29, 22, 17, 9, 13, 0, 24, 23, 20, 21, 31, 19, 18, 11, 8, 10, 32, 7, 1];1746.0
[10, 11, 31, 18, 19, 21, 20, 22, 26, 25, 16, 15, 14, 0, 24, 23, 17, 32, 8, 9, 12, 13, 1, 30, 29, 27, 28, 33, 4, 7, 6, 5, 2, 3];1769.0
[6, 12, 14, 15, 16, 1, 30, 24, 21, 31, 18, 19, 20, 22, 23, 26, 27, 28, 29, 33, 2, 3, 32, 8, 9, 13, 0, 25, 17, 11, 10, 7, 4, 5];1714.0
[15, 16, 25, 24, 23, 20, 21, 31, 11, 8, 10, 0, 1, 33, 2, 3, 30, 29, 26, 27, 28, 22, 19, 18, 17, 32, 7, 4, 5, 6, 9, 12, 13, 14];1569.0
[4, 5, 6, 10, 19, 31, 18, 21, 20, 27, 28, 26, 22, 16, 14, 15, 11, 8, 12, 0, 13, 9, 32, 7, 1, 30, 29, 33, 2, 3, 25, 24, 23, 17];1996.0
[14, 15, 16, 0, 1, 3, 33, 2, 25, 20, 21, 19, 31, 18, 17, 9, 32, 7, 4, 6, 5, 30, 29, 22, 26, 27, 28, 24, 23, 11, 8, 10, 12, 13];1587.0
[17, 11, 10, 9, 12, 14, 15, 33, 30, 4, 5, 6, 7, 32, 8, 13, 1, 2, 3, 0, 16, 25, 23, 21, 20, 22, 26, 27, 28, 29, 24, 19, 31, 18];1565.0
[19, 4, 6, 5, 30, 33, 2, 3, 1, 29, 25, 0, 16, 15, 14, 12, 9, 32, 7, 8, 13, 24, 23, 27, 28, 26, 22, 17, 10, 11, 31, 18, 20, 21];1670.0
[32, 7, 4, 5, 6, 33, 30, 2, 3, 0, 1, 24, 23, 27, 28, 29, 26, 22, 25, 16, 15, 14, 13, 12, 11, 31, 20, 21, 18, 19, 17, 8, 10, 9];1676.0
[6, 3, 0, 24, 23, 19, 17, 9, 32, 7, 8, 13, 14, 16, 15, 12, 10, 11, 31, 18, 20, 21, 22, 26, 29, 25, 1, 33, 30, 27, 28, 2, 4, 5];1672.0
[26, 27, 28, 29, 25, 24, 21, 20, 22, 23, 11, 8, 10, 18, 19, 31, 17, 32, 7, 4, 6, 5, 30, 33, 2, 1, 3, 0, 9, 13, 12, 14, 15, 16];1570.0
[24, 20, 21, 31, 18, 11, 8, 14, 15, 16, 23, 19, 17, 10, 32, 7, 9, 25, 29, 22, 26, 27, 28, 4, 5, 6, 12, 13, 0, 1, 30, 33, 2, 3];1849.0
[30, 4, 6, 5, 2, 3, 27, 28, 29, 25, 24, 23, 19, 9, 13, 26, 22, 20, 21, 31, 18, 17, 11, 10, 12, 14, 15, 16, 7, 32, 8, 0, 1, 33];1697.0
[23, 17, 16, 15, 14, 12, 11, 8, 10, 18, 19, 31, 21, 20, 22, 26, 0, 13, 9, 32, 7, 4, 6, 5, 33, 2, 3, 1, 30, 29, 27, 28, 25, 24];1695.0
[29, 1, 6, 4, 5, 30, 33, 2, 3, 0, 25, 24, 23, 31, 18, 19, 17, 9, 10, 11, 21, 20, 22, 16, 15, 14, 12, 32, 7, 8, 13, 26, 27, 28];1729.0
[3, 0, 1, 33, 30, 4, 5, 6, 32, 7, 9, 8, 10, 11, 20, 21, 22, 23, 17, 13, 25, 24, 19, 31, 18, 12, 14, 15, 16, 26, 27, 28, 29, 2];1765.0
[17, 11, 10, 6, 5, 2, 3, 0, 1, 30, 33, 29, 16, 14, 15, 12, 32, 4, 7, 8, 9, 13, 25, 31, 18, 19, 21, 27, 28, 26, 20, 22, 24, 23];1831.0
[6, 4, 32, 7, 8, 13, 1, 25, 24, 23, 17, 10, 18, 11, 31, 19, 20, 21, 22, 27, 28, 29, 26, 33, 30, 2, 3, 0, 16, 15, 14, 12, 9, 5];1596.0
[24, 23, 19, 11, 8, 13, 0, 26, 22, 20, 21, 31, 18, 17, 10, 12, 9, 7, 32, 4, 6, 5, 30, 33, 2, 3, 1, 27, 28, 29, 14, 15, 16, 25];1622.0
[10, 14, 15, 16, 1, 2, 3, 33, 30, 29, 26, 27, 28, 22, 24, 23, 20, 21, 31, 32, 4, 5, 6, 7, 8, 9, 12, 13, 0, 25, 19, 18, 17, 11];1617.0
[10, 9, 32, 7, 4, 6, 5, 2, 3, 24, 23, 26, 29, 22, 21, 20, 31, 19, 18, 17, 13, 0, 1, 33, 30, 27, 28, 25, 16, 15, 14, 12, 11, 8];1637.0
[26, 29, 25, 0, 1, 33, 2, 3, 13, 10, 17, 11, 8, 9, 32, 7, 4, 12, 15, 14, 16, 24, 23, 18, 19, 22, 20, 21, 31, 6, 5, 30, 27, 28];1832.0
[7, 27, 28, 25, 15, 16, 14, 12, 10, 18, 19, 11, 8, 13, 1, 30, 29, 26, 22, 24, 23, 21, 20, 31, 17, 9, 4, 6, 5, 33, 2, 3, 0, 32];1891.0
[15, 14, 16, 1, 33, 30, 24, 23, 19, 9, 4, 6, 5, 2, 3, 27, 28, 29, 25, 26, 22, 20, 21, 31, 18, 17, 11, 10, 0, 13, 32, 7, 8, 12];1645.0
[6, 5, 30, 33, 2, 13, 14, 12, 9, 8, 10, 11, 21, 20, 22, 27, 28, 26, 29, 16, 15, 1, 3, 0, 25, 24, 23, 19, 31, 18, 17, 32, 7, 4];1579.0
[22, 26, 16, 15, 14, 12, 13, 23, 27, 28, 29, 25, 0, 1, 2, 6, 5, 30, 33, 3, 31, 18, 19, 17, 32, 4, 7, 10, 11, 8, 9, 24, 20, 21];1962.0
[3, 30, 33, 29, 22, 23, 26, 27, 28, 5, 6, 4, 13, 0, 25, 24, 20, 21, 19, 32, 7, 8, 12, 9, 10, 11, 31, 18, 17, 14, 16, 15, 1, 2];1817.0
[16, 0, 1, 2, 3, 33, 4, 5, 6, 30, 29, 27, 28, 24, 23, 19, 20, 21, 18, 17, 13, 14, 15, 12, 9, 7, 32, 8, 10, 11, 31, 22, 26, 25];1753.0
[22, 29, 26, 27, 28, 25, 1, 3, 30, 33, 2, 0, 4, 5, 6, 32, 7, 8, 24, 23, 18, 19, 17, 10, 9, 13, 14, 16, 15, 12, 11, 31, 21, 20];1717.0
[10, 18, 19, 27, 28, 29, 25, 1, 0, 16, 26, 22, 23, 20, 21, 31, 11, 8, 32, 7, 4, 6, 5, 30, 33, 2, 3, 24, 17, 13, 14, 15, 12, 9];1692.0
[8, 12, 13, 33, 30, 22, 26, 3, 0, 25, 24, 23, 20, 21, 19, 31, 18, 17, 11, 10, 9, 27, 28, 29, 16, 15, 14, 1, 2, 4, 5, 6, 7, 32];1783.0
[27, 28, 33, 2, 3, 0, 13, 25, 1, 29, 26, 22, 20, 21, 19, 12, 14, 15, 16, 24, 23, 17, 9, 32, 7, 8, 10, 11, 31, 18, 4, 6, 5, 30];1655.0
[8, 10, 11, 31, 20, 22, 21, 19, 18, 17, 9, 12, 13, 1, 30, 33, 2, 3, 0, 23, 24, 26, 27, 28, 29, 25, 16, 15, 14, 4, 5, 6, 32, 7];1624.0
[17, 18, 19, 21, 20, 22, 26, 29, 16, 15, 14, 24, 23, 27, 28, 25, 1, 4, 6, 5, 30, 33, 2, 3, 0, 32, 7, 8, 9, 12, 13, 10, 11, 31];1568.0
[9, 32, 7, 13, 12, 14, 15, 16, 0, 25, 24, 23, 17, 11, 8, 10, 20, 21, 22, 26, 4, 6, 5, 27, 28, 29, 1, 30, 33, 2, 3, 19, 31, 18];1855.0
[23, 20, 21, 31, 11, 8, 10, 17, 18, 19, 22, 26, 27, 28, 1, 33, 30, 29, 0, 9, 32, 7, 4, 6, 5, 2, 3, 13, 12, 15, 14, 16, 25, 24];1544.0
[24, 23, 21, 20, 22, 26, 29, 1, 9, 10, 11, 31, 18, 19, 17, 32, 7, 8, 25, 27, 28, 33, 4, 6, 5, 30, 2, 3, 0, 13, 12, 15, 14, 16];1685.0
[1, 33, 30, 4, 6, 5, 2, 3, 0, 13, 32, 7, 8, 10, 11, 31, 21, 20, 22, 27, 28, 29, 26, 24, 23, 19, 18, 17, 9, 12, 14, 15, 16, 25];1449.0
[30, 1, 33, 2, 3, 19, 18, 17, 11, 10, 13, 0, 22, 27, 28, 26, 29, 14, 15, 16, 25, 24, 23, 20, 21, 31, 32, 7, 8, 9, 12, 4, 6, 5];1796.0
[6, 4, 7, 32, 10, 18, 17, 13, 30, 29, 26, 22, 23, 11, 8, 9, 12, 14, 16, 15, 0, 1, 3, 25, 24, 19, 31, 21, 20, 27, 28, 33, 2, 5];1839.0
[28, 29, 1, 30, 33, 2, 3, 0, 15, 14, 16, 25, 26, 22, 17, 32, 7, 4, 5, 6, 10, 11, 8, 9, 12, 13, 24, 23, 21, 31, 18, 19, 20, 27];1619.0
[22, 20, 21, 19, 31, 18, 17, 11, 10, 8, 9, 32, 7, 4, 6, 5, 2, 3, 0, 25, 1, 33, 30, 28, 29, 16, 15, 14, 12, 13, 24, 23, 26, 27];1486.0
[23, 19, 17, 32, 7, 8, 11, 31, 18, 21, 27, 28, 0, 10, 9, 12, 13, 1, 33, 30, 25, 24, 20, 22, 26, 29, 4, 6, 5, 2, 3, 15, 14, 16];1888.0
[25, 13, 12, 9, 32, 7, 8, 10, 14, 15, 16, 24, 23, 19, 31, 18, 17, 11, 4, 6, 5, 2, 3, 0, 1, 33, 30, 26, 22, 21, 20, 27, 28, 29];1563.0
[20, 22, 23, 33, 2, 6, 5, 30, 29, 26, 27, 28, 1, 3, 13, 32, 7, 4, 8, 10, 11, 19, 31, 18, 17, 9, 12, 14, 15, 16, 0, 25, 24, 21];1718.0
[14, 15, 16, 25, 26, 22, 20, 21, 19, 18, 17, 13, 0, 9, 32, 4, 7, 8, 10, 11, 31, 5, 6, 30, 33, 29, 27, 28, 1, 2, 3, 24, 23, 12];1891.0
[16, 14, 12, 32, 5, 6, 4, 9, 13, 0, 24, 23, 17, 7, 8, 10, 18, 11, 31, 21, 19, 20, 22, 26, 29, 25, 1, 33, 2, 3, 30, 27, 28, 15];1770.0
[3, 0, 25, 1, 30, 33, 5, 6, 4, 7, 8, 9, 32, 12, 13, 24, 23, 20, 21, 11, 31, 17, 10, 18, 19, 22, 26, 27, 28, 29, 14, 15, 16, 2];1729.0
[27, 28, 25, 1, 3, 2, 13, 0, 16, 14, 15, 12, 8, 10, 11, 31, 18, 21, 19, 17, 9, 26, 20, 22, 24, 23, 32, 7, 4, 6, 5, 33, 30, 29];1809.0
[19, 17, 9, 25, 26, 27, 28, 29, 32, 8, 10, 12, 1, 30, 33, 11, 31, 20, 22, 21, 18, 5, 6, 4, 7, 13, 0, 2, 3, 15, 14, 16, 24, 23];2093.0
[13, 16, 15, 14, 12, 9, 32, 7, 8, 25, 24, 23, 26, 27, 28, 29, 22, 20, 21, 19, 17, 11, 31, 18, 10, 1, 33, 30, 4, 6, 5, 2, 3, 0];1511.0
[13, 32, 8, 7, 4, 6, 5, 30, 29, 26, 27, 28, 33, 2, 3, 0, 16, 25, 1, 24, 23, 19, 20, 22, 21, 31, 18, 17, 11, 10, 9, 12, 14, 15];1466.0
[10, 18, 20, 27, 28, 26, 22, 21, 19, 31, 17, 11, 8, 14, 15, 16, 0, 1, 30, 33, 2, 3, 25, 24, 23, 29, 13, 32, 7, 4, 5, 6, 12, 9];1765.0
[14, 15, 16, 11, 10, 9, 13, 0, 26, 27, 28, 25, 1, 24, 23, 17, 18, 19, 31, 21, 20, 22, 29, 33, 30, 4, 6, 5, 2, 3, 32, 7, 8, 12];1696.0
[13, 32, 7, 8, 4, 6, 5, 30, 29, 26, 22, 20, 21, 27, 28, 25, 1, 33, 2, 3, 0, 24, 23, 19, 31, 18, 17, 11, 10, 9, 12, 14, 15, 16];1430.0
[1, 3, 14, 15, 16, 27, 28, 29, 25, 26, 22, 23, 11, 31, 18, 19, 21, 20, 33, 2, 4, 6, 5, 30, 24, 17, 10, 12, 13, 9, 7, 32, 8, 0];1860.0
[17, 11, 31, 9, 32, 7, 8, 25, 24, 23, 21, 19, 20, 22, 26, 27, 28, 29, 1, 30, 33, 2, 3, 0, 13, 16, 15, 14, 12, 5, 6, 4, 10, 18];1616.0
[18, 11, 10, 32, 8, 13, 9, 12, 14, 15, 16, 1, 30, 33, 4, 7, 6, 5, 2, 3, 0, 27, 28, 22, 23, 26, 29, 25, 24, 20, 21, 19, 31, 17];1758.0
[12, 13, 1, 33, 2, 3, 0, 16, 15, 14, 25, 24, 11, 10, 9, 32, 8, 7, 4, 6, 5, 30, 29, 27, 28, 26, 22, 23, 19, 20, 21, 31, 18, 17];1510.0
[11, 27, 28, 29, 26, 21, 31, 18, 19, 20, 22, 33, 30, 4, 6, 5, 2, 15, 14, 16, 25, 24, 23, 17, 13, 0, 1, 3, 12, 9, 32, 7, 8, 10];1746.0
[9, 13, 24, 21, 20, 22, 23, 29, 26, 27, 28, 25, 16, 15, 14, 12, 11, 31, 18, 19, 17, 0, 1, 3, 30, 33, 2, 4, 5, 6, 32, 7, 8, 10];1615.0
[3, 0, 14, 15, 16, 26, 22, 20, 21, 27, 28, 29, 25, 17, 32, 7, 5, 6, 4, 9, 12, 13, 24, 23, 19, 31, 18, 11, 8, 10, 1, 30, 33, 2];1653.0
[21, 31, 18, 1, 2, 3, 0, 13, 9, 32, 7, 4, 6, 5, 33, 30, 29, 27, 28, 24, 23, 19, 17, 11, 10, 8, 12, 15, 14, 16, 25, 26, 22, 20];1606.0
[18, 17, 9, 13, 1, 33, 2, 3, 7, 32, 4, 6, 5, 30, 25, 19, 11, 8, 10, 12, 14, 15, 16, 0, 24, 23, 26, 27, 28, 29, 22, 20, 21, 31];1636.0
[23, 20, 21, 31, 18, 19, 17, 11, 10, 13, 1, 3, 33, 30, 2, 5, 6, 4, 32, 8, 7, 9, 12, 14, 15, 16, 0, 25, 26, 27, 28, 29, 22, 24];1493.0
[23, 19, 9, 12, 14, 16, 15, 26, 29, 25, 1, 33, 30, 2, 4, 5, 6, 10, 18, 17, 11, 31, 21, 27, 28, 3, 32, 8, 7, 13, 0, 24, 20, 22];1914.0
[1, 3, 32, 7, 8, 12, 13, 0, 15, 14, 16, 23, 24, 17, 18, 19, 21, 20, 22, 26, 30, 33, 2, 4, 5, 6, 9, 10, 11, 31, 27, 28, 29, 25];1733.0
[4, 32, 7, 13, 30, 29, 27, 28, 16, 15, 24, 23, 21, 20, 22, 26, 25, 0, 10, 18, 19, 31, 17, 11, 8, 9, 12, 14, 1, 3, 33, 2, 5, 6];1810.0
[17, 10, 13, 12, 9, 32, 7, 4, 6, 5, 2, 3, 33, 30, 29, 27, 28, 24, 23, 20, 21, 31, 18, 11, 8, 14, 15, 16, 1, 0, 25, 26, 22, 19];1622.0
[6, 4, 5, 2, 3, 9, 32, 7, 13, 0, 25, 24, 23, 16, 14, 15, 12, 18, 19, 17, 10, 1, 30, 33, 29, 27, 28, 26, 22, 20, 21, 31, 11, 8];1870.0
[20, 19, 17, 0, 16, 15, 14, 12, 9, 10, 11, 31, 18, 6, 5, 2, 3, 25, 24, 23, 27, 28, 33, 30, 4, 32, 7, 8, 13, 1, 29, 26, 22, 21];1793.0
[4, 5, 6, 32, 7, 8, 10, 13, 26, 27, 28, 15, 14, 16, 25, 24, 23, 21, 19, 11, 31, 18, 17, 9, 12, 0, 1, 33, 30, 29, 20, 22, 2, 3];1803.0
[28, 29, 25, 26, 21, 31, 18, 19, 20, 22, 24, 23, 17, 11, 10, 0, 1, 3, 13, 32, 7, 8, 16, 15, 14, 12, 9, 4, 6, 5, 2, 33, 30, 27];1665.0
[21, 31, 18, 17, 19, 20, 22, 26, 27, 28, 29, 13, 12, 9, 10, 11, 8, 7, 32, 4, 5, 6, 30, 33, 2, 3, 0, 16, 15, 14, 1, 25, 24, 23];1502.0
[27, 28, 29, 22, 19, 18, 17, 11, 8, 10, 32, 7, 9, 12, 13, 0, 1, 24, 23, 20, 21, 31, 4, 6, 5, 30, 33, 2, 3, 14, 15, 16, 25, 26];1577.0
[1, 26, 27, 28, 33, 30, 29, 22, 23, 19, 17, 11, 10, 12, 14, 15, 16, 32, 8, 9, 13, 0, 25, 24, 20, 21, 31, 18, 7, 4, 6, 5, 2, 3];1664.0
[4, 5, 6, 30, 29, 24, 23, 20, 21, 22, 19, 18, 17, 9, 32, 7, 8, 10, 11, 31, 12, 13, 1, 33, 2, 3, 0, 16, 15, 14, 25, 26, 27, 28];1690.0
[4, 10, 31, 18, 17, 11, 8, 13, 14, 15, 12, 9, 32, 7, 6, 5, 2, 3, 0, 16, 1, 25, 24, 23, 19, 21, 20, 22, 27, 28, 26, 29, 33, 30];1651.0
[2, 4, 6, 5, 3, 24, 23, 19, 9, 16, 15, 14, 12, 32, 7, 8, 10, 17, 11, 31, 18, 13, 0, 1, 33, 30, 26, 22, 20, 21, 27, 28, 29, 25];1713.0
[5, 30, 29, 24, 23, 21, 20, 22, 11, 8, 25, 26, 27, 28, 1, 33, 2, 3, 0, 16, 15, 14, 13, 12, 10, 18, 19, 31, 17, 9, 32, 4, 7, 6];1765.0
[8, 12, 15, 14, 16, 33, 30, 4, 6, 5, 29, 26, 22, 21, 20, 27, 28, 10, 11, 31, 18, 13, 1, 2, 3, 0, 25, 24, 23, 19, 17, 9, 32, 7];1745.0
[21, 31, 19, 22, 29, 16, 15, 14, 32, 7, 8, 1, 3, 0, 25, 24, 23, 17, 11, 10, 18, 9, 12, 13, 26, 27, 28, 33, 2, 4, 6, 5, 30, 20];1857.0
[8, 13, 0, 1, 25, 24, 23, 32, 7, 5, 6, 4, 10, 11, 31, 17, 18, 19, 20, 21, 33, 30, 29, 22, 26, 27, 28, 2, 3, 16, 15, 14, 12, 9];1764.0
[10, 18, 19, 20, 22, 26, 27, 28, 17, 11, 31, 21, 24, 23, 29, 25, 1, 3, 0, 13, 9, 7, 6, 4, 5, 30, 33, 2, 16, 15, 14, 12, 32, 8];1734.0
[3, 0, 13, 12, 14, 15, 16, 33, 2, 6, 4, 5, 30, 26, 22, 11, 31, 18, 19, 17, 32, 7, 8, 10, 9, 24, 23, 20, 21, 27, 28, 29, 25, 1];1617.0
[28, 29, 33, 2, 3, 0, 1, 30, 4, 5, 6, 32, 7, 8, 10, 11, 31, 18, 19, 20, 21, 22, 23, 17, 9, 13, 12, 14, 15, 16, 25, 24, 26, 27];1458.0
[9, 10, 11, 31, 22, 27, 28, 29, 25, 1, 13, 32, 7, 8, 18, 20, 21, 19, 17, 4, 6, 5, 30, 24, 23, 26, 33, 2, 3, 0, 16, 14, 15, 12];1802.0
[20, 21, 31, 19, 18, 11, 8, 10, 9, 12, 15, 14, 16, 1, 3, 33, 2, 4, 32, 7, 6, 5, 30, 23, 17, 13, 0, 25, 24, 26, 27, 28, 29, 22];1672.0
[28, 29, 1, 33, 30, 4, 5, 6, 32, 7, 8, 10, 9, 13, 25, 24, 23, 17, 18, 19, 22, 26, 2, 3, 0, 16, 15, 14, 12, 11, 31, 21, 20, 27];1604.0
[32, 8, 0, 25, 24, 18, 19, 17, 9, 12, 15, 14, 16, 23, 20, 21, 22, 26, 29, 27, 28, 1, 33, 30, 4, 7, 5, 6, 2, 3, 13, 10, 11, 31];1888.0
[17, 32, 4, 5, 6, 9, 12, 14, 15, 16, 27, 28, 29, 30, 33, 2, 7, 8, 10, 11, 31, 18, 22, 26, 1, 3, 0, 13, 25, 24, 23, 20, 21, 19];1741.0
[20, 21, 11, 8, 10, 9, 24, 23, 19, 31, 18, 17, 33, 30, 2, 3, 0, 13, 12, 15, 14, 16, 25, 26, 27, 28, 29, 1, 32, 7, 6, 4, 5, 22];1844.0
[23, 19, 17, 11, 31, 18, 9, 13, 0, 25, 26, 22, 20, 21, 27, 28, 29, 1, 2, 3, 33, 30, 4, 5, 6, 7, 32, 8, 10, 12, 14, 15, 16, 24];1546.0
[13, 1, 3, 30, 33, 2, 5, 6, 4, 11, 31, 18, 19, 20, 22, 21, 26, 29, 24, 23, 27, 28, 25, 17, 10, 9, 32, 7, 8, 12, 14, 15, 16, 0];1721.0
[12, 9, 32, 8, 14, 15, 16, 25, 24, 23, 27, 28, 26, 21, 20, 22, 33, 2, 4, 7, 6, 5, 30, 29, 19, 17, 11, 31, 18, 10, 13, 0, 1, 3];1845.0
[15, 14, 12, 32, 8, 0, 1, 2, 3, 25, 17, 11, 10, 33, 30, 29, 26, 22, 24, 23, 19, 31, 18, 7, 4, 5, 6, 9, 13, 20, 21, 27, 28, 16];1902.0
[22, 20, 21, 19, 32, 7, 8, 10, 18, 17, 11, 31, 9, 1, 3, 30, 33, 4, 6, 5, 2, 0, 24, 23, 26, 29, 27, 28, 25, 16, 15, 14, 12, 13];1808.0
[18, 17, 4, 6, 5, 30, 33, 32, 7, 8, 13, 1, 2, 3, 0, 14, 12, 9, 10, 11, 31, 21, 20, 27, 28, 29, 25, 15, 16, 24, 26, 22, 23, 19];1727.0
[29, 20, 21, 31, 18, 13, 1, 2, 3, 0, 25, 24, 19, 17, 11, 8, 10, 9, 12, 15, 14, 16, 26, 22, 23, 32, 7, 6, 4, 5, 33, 30, 27, 28];1770.0
[32, 7, 8, 14, 15, 12, 11, 31, 18, 10, 9, 13, 0, 27, 28, 29, 23, 21, 20, 22, 26, 3, 16, 25, 24, 19, 17, 1, 33, 2, 30, 4, 5, 6];1912.0
[6, 5, 30, 27, 28, 33, 2, 3, 0, 14, 15, 16, 25, 24, 23, 32, 7, 8, 1, 29, 26, 22, 20, 21, 31, 19, 18, 17, 11, 10, 9, 13, 12, 4];1647.0
[30, 26, 27, 28, 29, 15, 16, 14, 12, 4, 5, 6, 9, 10, 11, 31, 22, 33, 2, 3, 0, 24, 20, 21, 18, 32, 7, 8, 13, 25, 23, 19, 17, 1];1946.0
[7, 8, 4, 6, 5, 2, 0, 27, 28, 29, 1, 3, 33, 30, 26, 22, 19, 12, 13, 14, 15, 16, 25, 24, 23, 20, 21, 31, 18, 17, 11, 10, 9, 32];1609.0
[9, 10, 11, 31, 18, 27, 28, 33, 30, 29, 26, 22, 25, 16, 24, 23, 20, 21, 19, 17, 7, 5, 6, 4, 14, 15, 13, 0, 1, 2, 3, 32, 8, 12];1848.0
[18, 9, 13, 0, 1, 26, 22, 27, 28, 29, 25, 24, 23, 20, 21, 19, 17, 4, 5, 6, 33, 30, 2, 3, 16, 15, 14, 12, 32, 7, 8, 10, 11, 31];1621.0
[12, 13, 1, 2, 6, 5, 30, 33, 3, 0, 25, 24, 23, 22, 26, 27, 28, 29, 16, 15, 14, 32, 7, 4, 8, 10, 11, 31, 18, 19, 20, 21, 17, 9];1624.0
[8, 9, 12, 24, 19, 20, 22, 23, 26, 29, 25, 16, 15, 14, 1, 33, 30, 2, 3, 0, 13, 4, 5, 6, 27, 28, 21, 31, 17, 18, 11, 10, 32, 7];1794.0
[32, 7, 27, 28, 25, 15, 16, 1, 2, 4, 6, 5, 3, 0, 13, 12, 14, 24, 23, 20, 21, 31, 9, 33, 30, 29, 26, 22, 19, 18, 17, 11, 8, 10];1825.0
[3, 16, 15, 14, 12, 32, 7, 5, 6, 4, 10, 11, 17, 9, 8, 13, 0, 25, 27, 28, 24, 23, 20, 22, 21, 19, 31, 18, 26, 29, 1, 33, 30, 2];1807.0
[25, 1, 33, 2, 3, 24, 23, 19, 17, 13, 0, 16, 15, 14, 12, 9, 7, 32, 4, 6, 5, 30, 26, 20, 22, 21, 31, 18, 11, 8, 10, 27, 28, 29];1684.0
[30, 29, 26, 22, 27, 28, 25, 1, 3, 4, 8, 10, 11, 31, 17, 9, 13, 0, 24, 23, 19, 20, 21, 18, 32, 7, 12, 14, 16, 15, 33, 2, 6, 5];1777.0
[32, 7, 6, 4, 5, 27, 28, 1, 33, 30, 2, 3, 13, 9, 12, 14, 15, 16, 0, 24, 23, 31, 18, 19, 21, 20, 22, 26, 29, 25, 17, 11, 8, 10];1673.0
[11, 31, 18, 1, 3, 25, 24, 23, 20, 21, 22, 33, 30, 2, 32, 7, 8, 10, 9, 4, 6, 5, 26, 27, 28, 29, 16, 15, 14, 12, 13, 0, 19, 17];1823.0
[26, 27, 28, 29, 25, 24, 23, 17, 11, 8, 10, 9, 12, 15, 14, 16, 1, 33, 2, 3, 0, 13, 32, 7, 4, 6, 5, 30, 21, 31, 18, 19, 20, 22];1449.0
[2, 3, 0, 26, 27, 28, 29, 22, 23, 19, 11, 8, 4, 5, 6, 12, 15, 14, 16, 25, 24, 20, 21, 31, 18, 17, 10, 9, 32, 7, 13, 1, 33, 30];1617.0
[3, 0, 24, 23, 21, 20, 22, 26, 27, 28, 29, 25, 17, 11, 31, 19, 18, 32, 7, 4, 8, 10, 9, 13, 12, 14, 15, 16, 1, 2, 6, 5, 30, 33];1624.0
[27, 28, 29, 33, 2, 3, 5, 6, 4, 32, 7, 8, 10, 11, 31, 18, 9, 12, 14, 16, 15, 0, 25, 24, 23, 26, 22, 20, 21, 19, 17, 13, 1, 30];1609.0
[19, 31, 21, 20, 22, 15, 14, 16, 25, 26, 27, 28, 1, 33, 2, 3, 0, 13, 12, 32, 7, 8, 10, 9, 4, 6, 5, 30, 29, 24, 23, 17, 11, 18];1625.0
[17, 18, 19, 31, 21, 20, 22, 26, 29, 32, 7, 4, 5, 6, 10, 11, 8, 9, 12, 14, 15, 16, 27, 28, 30, 33, 2, 3, 13, 0, 1, 25, 24, 23];1656.0
[16, 24, 23, 19, 21, 31, 17, 18, 9, 13, 2, 4, 5, 6, 32, 7, 1, 3, 33, 30, 26, 20, 22, 27, 28, 29, 25, 0, 10, 11, 8, 12, 15, 14];1818.0
[18, 11, 31, 19, 20, 21, 27, 28, 29, 32, 7, 8, 13, 12, 14, 16, 15, 0, 1, 33, 30, 6, 4, 5, 2, 3, 25, 26, 22, 23, 24, 17, 9, 10];1758.0
[24, 23, 19, 17, 11, 10, 1, 33, 30, 4, 6, 5, 2, 3, 0, 27, 28, 29, 26, 20, 22, 21, 31, 18, 32, 7, 8, 9, 12, 13, 14, 15, 16, 25];1577.0
[26, 27, 28, 29, 13, 32, 7, 4, 0, 1, 33, 2, 3, 24, 23, 20, 21, 31, 18, 6, 5, 30, 22, 19, 17, 12, 14, 16, 15, 10, 11, 8, 9, 25];1925.0
[29, 26, 22, 20, 21, 19, 17, 9, 1, 33, 30, 4, 5, 6, 7, 32, 8, 10, 11, 31, 18, 12, 14, 15, 16, 2, 3, 0, 13, 25, 24, 23, 27, 28];1580.0
[7, 8, 10, 9, 1, 33, 2, 3, 0, 16, 15, 25, 27, 28, 30, 5, 6, 4, 12, 14, 24, 23, 17, 11, 31, 18, 19, 21, 20, 22, 26, 29, 13, 32];1681.0
[25, 32, 9, 13, 0, 1, 2, 3, 33, 30, 5, 6, 4, 7, 8, 10, 11, 31, 18, 21, 19, 17, 12, 14, 15, 16, 26, 22, 20, 24, 23, 27, 28, 29];1717.0
[10, 18, 24, 23, 19, 17, 11, 31, 21, 20, 22, 29, 26, 27, 28, 30, 33, 5, 6, 4, 7, 9, 12, 14, 15, 16, 25, 1, 2, 3, 0, 13, 32, 8];1698.0
[21, 31, 17, 11, 8, 10, 13, 22, 27, 28, 26, 29, 25, 1, 0, 16, 14, 15, 12, 9, 32, 7, 4, 6, 5, 33, 30, 2, 3, 24, 23, 18, 19, 20];1638.0
[4, 5, 6, 12, 15, 14, 16, 24, 23, 10, 32, 7, 8, 13, 1, 30, 33, 2, 3, 0, 27, 28, 29, 25, 26, 22, 20, 21, 19, 17, 11, 31, 18, 9];1689.0
[19, 17, 6, 4, 5, 2, 3, 16, 15, 14, 12, 13, 0, 1, 33, 30, 29, 27, 28, 25, 9, 7, 32, 8, 10, 11, 31, 18, 22, 26, 24, 23, 20, 21];1705.0
[18, 17, 19, 22, 27, 28, 26, 11, 8, 10, 9, 13, 1, 33, 30, 29, 2, 3, 0, 32, 7, 4, 5, 6, 12, 14, 15, 16, 25, 24, 23, 20, 21, 31];1690.0
[27, 28, 14, 15, 16, 25, 24, 23, 17, 11, 8, 10, 1, 33, 2, 3, 0, 13, 7, 32, 4, 6, 5, 30, 29, 19, 31, 18, 9, 12, 26, 22, 20, 21];1771.0
[7, 4, 5, 6, 30, 1, 33, 2, 3, 0, 16, 15, 14, 12, 10, 18, 19, 22, 26, 27, 28, 29, 24, 17, 11, 8, 9, 13, 25, 23, 20, 21, 31, 32];1685.0
[29, 16, 15, 14, 1, 2, 3, 26, 20, 22, 24, 23, 19, 17, 32, 4, 5, 6, 7, 8, 9, 10, 11, 31, 18, 21, 27, 28, 25, 0, 12, 13, 33, 30];1776.0
