ftv35
[28, 31, 35, 32, 29, 30, 27, 23, 21, 33, 18, 19, 17, 10, 9, 5, 7, 6, 4, 2, 3, 12, 34, 8, 11, 13, 14, 15, 16, 0, 1, 26, 25, 24, 20, 22];1655.0;2059.854609929078;3551518.8971631206;64.0;28424.0;282.0
[31, 35, 32, 4, 5, 9, 12, 34, 8, 7, 6, 2, 1, 3, 26, 28, 29, 22, 21, 20, 27, 30, 0, 13, 11, 14, 15, 16, 17, 10, 33, 19, 18, 23, 25, 24];2076.0
[5, 6, 7, 34, 8, 9, 11, 13, 26, 25, 21, 20, 22, 28, 29, 30, 23, 27, 31, 35, 32, 24, 19, 17, 10, 33, 18, 14, 15, 16, 1, 2, 4, 3, 0, 12];1795.0
[18, 11, 14, 1, 35, 15, 16, 20, 21, 22, 34, 8, 9, 28, 29, 31, 4, 5, 6, 2, 3, 13, 0, 26, 25, 24, 27, 30, 12, 7, 32, 23, 17, 10, 33, 19];2405.0
[10, 18, 19, 33, 21, 20, 23, 24, 26, 0, 16, 1, 2, 3, 25, 31, 35, 4, 32, 30, 27, 29, 28, 22, 17, 34, 8, 9, 13, 15, 14, 11, 12, 5, 6, 7];2107.0
[10, 33, 18, 17, 1, 4, 2, 3, 0, 26, 16, 14, 15, 11, 34, 8, 9, 13, 12, 5, 7, 6, 31, 35, 32, 30, 25, 24, 27, 28, 29, 22, 23, 20, 21, 19];1775.0
[16, 15, 14, 11, 18, 19, 33, 21, 20, 22, 27, 23, 24, 10, 9, 0, 13, 32, 31, 35, 4, 2, 1, 3, 25, 17, 12, 6, 7, 5, 34, 8, 28, 29, 30, 26];2161.0
[21, 20, 22, 28, 31, 35, 4, 7, 6, 2, 3, 16, 0, 1, 32, 30, 29, 27, 23, 19, 18, 17, 14, 15, 12, 5, 34, 9, 8, 11, 10, 33, 13, 26, 25, 24];2058.0
[28, 29, 31, 25, 24, 20, 21, 33, 10, 9, 35, 32, 2, 4, 3, 0, 13, 34, 8, 12, 6, 7, 5, 11, 14, 16, 15, 26, 1, 30, 27, 17, 18, 19, 22, 23];1993.0
[5, 6, 7, 11, 14, 16, 15, 0, 26, 1, 35, 32, 17, 10, 33, 18, 19, 23, 30, 27, 25, 24, 20, 21, 22, 28, 29, 31, 3, 12, 34, 8, 9, 13, 2, 4];1886.0
[24, 17, 18, 12, 6, 7, 5, 10, 33, 21, 19, 20, 22, 23, 27, 31, 3, 35, 2, 4, 32, 30, 28, 29, 34, 8, 9, 11, 13, 14, 15, 16, 0, 1, 26, 25];1974.0
[26, 25, 24, 10, 33, 18, 34, 9, 8, 1, 32, 29, 31, 35, 3, 12, 7, 5, 6, 2, 4, 30, 27, 23, 28, 22, 21, 20, 19, 17, 11, 14, 15, 16, 13, 0];2001.0
[25, 24, 31, 32, 35, 3, 13, 12, 9, 10, 33, 21, 20, 27, 30, 2, 4, 6, 23, 17, 34, 8, 7, 5, 11, 18, 19, 22, 28, 29, 26, 1, 0, 14, 15, 16];2337.0
[30, 27, 28, 22, 23, 24, 17, 12, 5, 6, 7, 25, 20, 21, 19, 11, 14, 13, 34, 8, 9, 10, 33, 18, 0, 1, 35, 32, 29, 31, 2, 4, 3, 15, 16, 26];2101.0
[18, 19, 33, 17, 11, 12, 5, 7, 6, 29, 31, 4, 34, 8, 13, 0, 27, 28, 30, 26, 16, 1, 32, 35, 2, 3, 15, 14, 25, 24, 20, 22, 21, 23, 10, 9];2116.0
[25, 24, 27, 23, 20, 21, 17, 11, 0, 35, 32, 2, 4, 5, 10, 33, 18, 19, 22, 28, 29, 31, 30, 26, 16, 15, 14, 1, 3, 13, 12, 6, 7, 34, 8, 9];1929.0
[11, 14, 15, 16, 27, 30, 26, 24, 18, 19, 33, 10, 9, 0, 25, 20, 22, 21, 23, 17, 13, 12, 5, 34, 8, 28, 29, 31, 32, 35, 2, 3, 1, 4, 7, 6];2145.0
[24, 27, 23, 20, 22, 21, 33, 12, 5, 7, 6, 4, 32, 35, 2, 3, 34, 8, 11, 14, 28, 29, 31, 30, 26, 1, 0, 16, 15, 18, 19, 17, 10, 9, 13, 25];1978.0
[3, 30, 28, 29, 31, 32, 35, 16, 15, 14, 11, 12, 7, 5, 34, 8, 13, 0, 1, 26, 25, 24, 27, 21, 33, 18, 17, 19, 20, 22, 23, 10, 9, 6, 4, 2];1976.0
[33, 34, 8, 1, 24, 20, 23, 17, 14, 15, 16, 28, 29, 27, 31, 35, 3, 2, 4, 5, 7, 9, 13, 0, 11, 12, 6, 32, 30, 26, 25, 18, 19, 21, 22, 10];2319.0
[32, 27, 22, 28, 29, 30, 26, 16, 15, 14, 11, 10, 33, 19, 18, 17, 13, 0, 1, 25, 24, 31, 3, 12, 5, 9, 23, 20, 21, 34, 8, 2, 4, 7, 6, 35];2241.0
[35, 3, 0, 26, 25, 24, 17, 13, 12, 6, 2, 11, 10, 18, 33, 19, 21, 20, 22, 23, 30, 27, 34, 8, 9, 15, 14, 16, 1, 4, 5, 7, 28, 29, 31, 32];2224.0
[2, 4, 32, 30, 25, 21, 20, 23, 27, 29, 31, 35, 3, 15, 14, 12, 5, 6, 7, 34, 9, 8, 11, 18, 13, 0, 16, 26, 24, 19, 17, 10, 33, 22, 28, 1];2079.0
[18, 10, 9, 2, 4, 5, 7, 6, 3, 0, 26, 24, 20, 21, 33, 1, 35, 32, 30, 25, 19, 22, 23, 27, 31, 28, 29, 15, 16, 14, 12, 34, 8, 11, 13, 17];2239.0
[11, 12, 5, 13, 26, 24, 25, 19, 33, 18, 20, 29, 30, 16, 14, 15, 0, 1, 4, 7, 6, 3, 35, 32, 27, 23, 17, 10, 21, 22, 28, 31, 2, 34, 8, 9];2173.0
[28, 22, 20, 21, 33, 19, 18, 17, 2, 4, 32, 29, 30, 23, 24, 27, 31, 12, 6, 7, 5, 34, 8, 1, 35, 3, 16, 14, 15, 11, 10, 9, 13, 0, 26, 25];2081.0
[8, 9, 12, 13, 11, 18, 10, 33, 27, 31, 32, 4, 7, 5, 6, 2, 3, 25, 17, 1, 35, 0, 16, 15, 14, 26, 24, 19, 20, 21, 22, 23, 28, 29, 30, 34];2206.0
[8, 6, 32, 35, 3, 13, 0, 1, 2, 4, 20, 21, 22, 23, 27, 31, 30, 24, 10, 33, 18, 28, 29, 16, 15, 14, 26, 25, 19, 17, 11, 12, 7, 5, 34, 9];2147.0
[9, 13, 12, 34, 8, 11, 14, 15, 16, 1, 2, 3, 0, 26, 27, 28, 29, 31, 35, 5, 7, 6, 4, 32, 30, 25, 24, 21, 33, 18, 19, 20, 22, 23, 17, 10];1743.0
[33, 19, 18, 17, 34, 5, 8, 26, 25, 10, 9, 11, 14, 16, 15, 1, 2, 3, 13, 0, 12, 7, 6, 28, 29, 30, 23, 20, 22, 27, 31, 35, 4, 32, 24, 21];2135.0
[29, 32, 4, 5, 6, 7, 34, 8, 12, 0, 26, 25, 10, 9, 18, 33, 21, 20, 31, 35, 2, 3, 16, 15, 14, 11, 13, 1, 30, 27, 22, 23, 24, 17, 19, 28];2187.0
[5, 6, 7, 4, 2, 3, 0, 16, 14, 15, 11, 13, 1, 35, 32, 30, 27, 23, 21, 33, 10, 9, 12, 25, 24, 20, 22, 28, 29, 31, 26, 19, 18, 17, 34, 8];1875.0
[7, 6, 4, 5, 8, 34, 13, 27, 20, 23, 30, 26, 1, 35, 32, 2, 0, 11, 14, 16, 15, 25, 24, 17, 9, 10, 18, 19, 33, 21, 22, 28, 29, 31, 3, 12];2042.0
[19, 21, 20, 22, 23, 27, 28, 29, 31, 35, 3, 12, 34, 8, 5, 7, 6, 32, 4, 2, 1, 26, 25, 24, 30, 16, 15, 14, 11, 0, 13, 9, 10, 33, 17, 18];1807.0
[11, 12, 5, 34, 8, 7, 6, 2, 3, 16, 14, 15, 1, 35, 32, 4, 9, 10, 33, 17, 18, 19, 20, 21, 22, 28, 29, 31, 27, 23, 24, 25, 30, 26, 0, 13];1831.0
[21, 22, 33, 12, 7, 2, 4, 34, 8, 10, 9, 5, 6, 32, 30, 23, 27, 28, 29, 31, 35, 3, 0, 16, 14, 15, 11, 18, 19, 17, 13, 1, 26, 25, 24, 20];2151.0
[13, 15, 14, 16, 1, 26, 24, 27, 30, 23, 22, 28, 29, 12, 5, 6, 7, 2, 3, 11, 10, 33, 17, 0, 25, 19, 18, 21, 20, 31, 32, 35, 4, 34, 8, 9];2150.0
[30, 0, 13, 34, 8, 11, 14, 15, 10, 9, 25, 20, 21, 33, 18, 19, 23, 24, 17, 12, 5, 7, 6, 3, 1, 4, 32, 22, 28, 29, 31, 35, 2, 16, 26, 27];2076.0
[23, 24, 17, 10, 9, 13, 26, 25, 20, 21, 33, 19, 18, 0, 1, 3, 35, 32, 2, 4, 30, 16, 15, 12, 5, 6, 7, 8, 34, 11, 14, 28, 29, 31, 27, 22];2083.0
[32, 30, 23, 27, 28, 22, 29, 31, 35, 11, 10, 33, 18, 17, 9, 34, 8, 1, 2, 4, 3, 13, 0, 16, 15, 14, 26, 25, 24, 20, 21, 19, 12, 7, 5, 6];1995.0
[26, 25, 21, 22, 28, 29, 30, 27, 23, 24, 19, 18, 17, 10, 33, 20, 31, 35, 5, 8, 1, 32, 4, 7, 6, 2, 3, 0, 13, 12, 34, 9, 11, 14, 15, 16];1907.0
[2, 3, 12, 5, 6, 7, 4, 34, 8, 13, 25, 24, 23, 27, 28, 29, 30, 26, 1, 0, 11, 10, 9, 15, 14, 16, 20, 21, 33, 18, 17, 19, 22, 31, 35, 32];2008.0
[30, 26, 25, 24, 20, 21, 28, 22, 23, 12, 5, 6, 7, 34, 8, 18, 19, 33, 17, 10, 9, 11, 13, 14, 16, 15, 27, 31, 35, 4, 2, 0, 1, 3, 32, 29];2025.0
[32, 30, 20, 22, 23, 28, 29, 26, 25, 24, 27, 31, 2, 3, 0, 19, 17, 12, 7, 6, 4, 5, 13, 21, 33, 18, 10, 9, 34, 8, 11, 14, 15, 16, 1, 35];2022.0
[26, 25, 24, 19, 18, 20, 21, 22, 23, 27, 31, 35, 2, 32, 4, 34, 8, 9, 12, 6, 7, 5, 13, 11, 10, 33, 17, 0, 15, 14, 16, 28, 29, 30, 1, 3];1898.0
[13, 16, 15, 14, 10, 9, 7, 6, 4, 35, 32, 28, 29, 30, 20, 21, 33, 18, 2, 3, 1, 26, 27, 22, 23, 31, 12, 5, 8, 34, 0, 25, 24, 19, 17, 11];2301.0
[8, 9, 18, 19, 21, 22, 28, 29, 31, 35, 2, 4, 7, 6, 32, 30, 15, 14, 16, 26, 27, 20, 23, 25, 24, 17, 10, 33, 11, 1, 3, 0, 13, 12, 34, 5];1936.0
[34, 8, 14, 15, 16, 25, 24, 27, 22, 23, 19, 17, 12, 5, 6, 7, 11, 18, 20, 21, 33, 10, 9, 1, 4, 32, 31, 35, 2, 3, 28, 29, 30, 26, 13, 0];2128.0
[2, 3, 12, 7, 6, 32, 4, 5, 34, 8, 9, 11, 14, 16, 15, 25, 24, 20, 21, 23, 27, 31, 30, 26, 10, 33, 18, 22, 28, 29, 19, 17, 13, 0, 1, 35];1909.0
[29, 30, 25, 24, 17, 18, 19, 21, 33, 10, 9, 1, 2, 3, 16, 15, 14, 11, 12, 5, 7, 6, 31, 35, 32, 4, 34, 8, 13, 0, 26, 27, 23, 20, 22, 28];1766.0
[7, 25, 20, 21, 23, 35, 3, 11, 34, 8, 13, 0, 24, 17, 10, 9, 18, 33, 19, 22, 28, 29, 31, 32, 4, 2, 1, 26, 27, 30, 15, 16, 14, 12, 5, 6];2247.0
[16, 32, 31, 35, 4, 5, 9, 10, 33, 18, 19, 20, 30, 1, 2, 3, 27, 23, 21, 22, 28, 29, 26, 0, 34, 8, 25, 24, 17, 11, 13, 12, 6, 7, 14, 15];2186.0
[20, 21, 22, 23, 31, 35, 16, 15, 14, 11, 12, 34, 5, 8, 13, 26, 27, 28, 29, 30, 1, 3, 0, 25, 24, 19, 33, 18, 17, 10, 9, 2, 4, 7, 6, 32];1994.0
[26, 1, 3, 0, 12, 8, 9, 10, 19, 33, 18, 17, 11, 14, 15, 16, 25, 28, 29, 30, 24, 21, 20, 22, 23, 27, 31, 35, 32, 2, 4, 6, 7, 5, 34, 13];1906.0
[29, 30, 12, 34, 8, 5, 7, 6, 32, 4, 0, 15, 16, 25, 24, 17, 18, 19, 31, 35, 2, 3, 13, 14, 11, 10, 9, 1, 26, 27, 28, 22, 23, 20, 21, 33];2143.0
[26, 20, 21, 19, 33, 18, 2, 4, 5, 6, 7, 12, 34, 8, 0, 25, 24, 22, 23, 17, 10, 9, 28, 29, 30, 27, 31, 32, 35, 3, 16, 15, 14, 11, 13, 1];2129.0
[35, 2, 3, 25, 24, 19, 27, 23, 20, 21, 22, 28, 29, 31, 4, 7, 6, 34, 9, 8, 11, 12, 5, 10, 33, 18, 17, 13, 0, 15, 14, 16, 26, 1, 32, 30];1929.0
[14, 15, 25, 24, 20, 31, 2, 3, 16, 26, 30, 27, 29, 28, 22, 21, 18, 12, 7, 6, 23, 19, 17, 10, 33, 13, 0, 1, 35, 32, 4, 5, 8, 34, 9, 11];2190.0
[13, 1, 4, 5, 7, 6, 2, 3, 35, 32, 27, 28, 29, 31, 30, 24, 10, 9, 12, 34, 8, 11, 15, 14, 16, 0, 26, 25, 20, 22, 23, 21, 19, 33, 18, 17];1867.0
[32, 30, 26, 24, 23, 27, 4, 34, 8, 9, 1, 3, 35, 2, 14, 15, 16, 25, 19, 18, 17, 0, 13, 11, 12, 5, 6, 7, 10, 33, 21, 20, 22, 28, 29, 31];2077.0
[12, 7, 6, 29, 22, 23, 20, 21, 33, 18, 17, 10, 9, 13, 28, 31, 35, 32, 30, 27, 2, 4, 5, 34, 8, 11, 14, 15, 1, 3, 0, 16, 26, 25, 24, 19];1957.0
[15, 14, 16, 25, 27, 31, 32, 28, 29, 30, 13, 34, 8, 12, 6, 7, 19, 17, 0, 26, 1, 3, 35, 2, 4, 5, 24, 20, 22, 23, 21, 33, 18, 10, 9, 11];2223.0
[27, 31, 2, 4, 3, 24, 19, 21, 17, 12, 5, 6, 7, 10, 33, 18, 13, 0, 16, 26, 25, 20, 30, 15, 14, 11, 8, 34, 9, 1, 35, 32, 28, 29, 22, 23];2292.0
[21, 22, 28, 31, 35, 3, 26, 27, 29, 13, 11, 10, 19, 33, 18, 17, 12, 6, 7, 5, 34, 9, 8, 0, 1, 2, 4, 32, 30, 15, 14, 16, 25, 23, 24, 20];2058.0
[3, 11, 10, 33, 17, 13, 0, 16, 15, 14, 25, 19, 18, 20, 23, 27, 12, 5, 34, 8, 9, 24, 21, 22, 28, 29, 31, 2, 4, 6, 7, 30, 26, 1, 32, 35];2124.0
[35, 4, 7, 5, 6, 32, 26, 16, 15, 14, 11, 12, 10, 33, 18, 17, 9, 13, 1, 2, 3, 0, 25, 20, 21, 19, 34, 8, 28, 29, 30, 27, 22, 23, 24, 31];2143.0
[20, 22, 29, 28, 31, 35, 3, 0, 13, 34, 8, 9, 14, 15, 16, 1, 2, 4, 32, 26, 25, 24, 27, 23, 17, 10, 33, 18, 11, 12, 5, 7, 6, 30, 21, 19];1943.0
[35, 32, 4, 5, 7, 6, 20, 21, 22, 34, 8, 13, 0, 28, 29, 30, 25, 24, 10, 9, 11, 14, 16, 15, 18, 19, 33, 17, 12, 26, 27, 23, 31, 2, 3, 1];2312.0
[0, 19, 17, 7, 6, 30, 22, 28, 29, 26, 25, 24, 21, 33, 18, 20, 23, 10, 9, 1, 3, 15, 14, 16, 27, 31, 35, 32, 4, 2, 12, 5, 34, 8, 11, 13];2176.0
[6, 7, 13, 0, 26, 1, 30, 27, 28, 29, 31, 32, 35, 4, 2, 3, 25, 24, 20, 22, 23, 21, 33, 19, 18, 17, 10, 9, 16, 15, 14, 11, 12, 34, 8, 5];1762.0
[5, 34, 8, 14, 15, 16, 26, 25, 20, 22, 21, 33, 18, 10, 9, 11, 0, 1, 27, 28, 30, 23, 24, 19, 17, 6, 29, 31, 35, 32, 4, 2, 3, 13, 12, 7];2043.0
[24, 10, 33, 19, 18, 17, 13, 27, 22, 28, 29, 26, 16, 14, 15, 25, 21, 20, 31, 35, 2, 3, 0, 34, 8, 9, 11, 12, 7, 5, 6, 4, 1, 32, 30, 23];2067.0
[12, 6, 32, 27, 31, 35, 3, 13, 11, 14, 15, 16, 0, 1, 2, 4, 7, 5, 26, 25, 20, 21, 22, 28, 29, 30, 19, 18, 17, 34, 8, 9, 10, 33, 23, 24];2050.0
[15, 35, 32, 30, 28, 29, 31, 2, 12, 7, 6, 4, 5, 34, 8, 9, 1, 3, 0, 16, 26, 25, 24, 20, 21, 22, 23, 27, 10, 33, 18, 19, 17, 13, 11, 14];1834.0
[19, 17, 12, 6, 7, 5, 8, 14, 15, 11, 34, 9, 10, 33, 18, 13, 25, 24, 21, 20, 22, 28, 29, 31, 35, 32, 2, 4, 30, 23, 27, 1, 3, 0, 16, 26];2022.0
[4, 3, 15, 16, 20, 21, 18, 19, 31, 35, 2, 1, 28, 29, 22, 17, 10, 33, 34, 8, 9, 5, 13, 0, 27, 23, 25, 24, 30, 26, 14, 11, 12, 7, 6, 32];2346.0
[16, 15, 25, 24, 19, 18, 13, 0, 1, 3, 26, 31, 35, 32, 27, 28, 29, 30, 20, 21, 33, 10, 9, 2, 4, 5, 6, 7, 11, 22, 23, 17, 12, 34, 8, 14];2252.0
[30, 26, 25, 24, 19, 17, 12, 5, 7, 6, 27, 31, 35, 32, 2, 4, 3, 0, 16, 14, 15, 11, 34, 8, 9, 13, 1, 23, 21, 18, 10, 33, 20, 22, 28, 29];1888.0
[8, 13, 11, 12, 7, 6, 32, 30, 14, 15, 16, 1, 2, 3, 0, 21, 33, 10, 9, 26, 20, 23, 27, 29, 25, 24, 17, 18, 19, 22, 28, 31, 35, 4, 5, 34];2042.0
[31, 3, 0, 11, 10, 33, 18, 35, 29, 28, 22, 23, 20, 21, 19, 9, 13, 26, 25, 24, 17, 34, 8, 12, 5, 7, 6, 32, 4, 2, 15, 14, 16, 1, 30, 27];2131.0
[0, 26, 25, 27, 23, 24, 19, 20, 22, 21, 18, 12, 5, 6, 7, 4, 32, 30, 16, 14, 15, 13, 11, 10, 33, 17, 34, 8, 9, 28, 29, 31, 35, 2, 1, 3];1977.0
[35, 4, 5, 7, 10, 33, 19, 18, 25, 24, 21, 20, 22, 23, 31, 2, 3, 1, 26, 16, 15, 14, 17, 34, 8, 9, 13, 0, 11, 12, 6, 32, 27, 28, 29, 30];2145.0
[0, 14, 15, 16, 1, 32, 30, 27, 23, 22, 28, 29, 31, 25, 24, 20, 21, 33, 18, 17, 10, 9, 13, 26, 19, 34, 8, 11, 12, 5, 7, 6, 35, 2, 4, 3];1854.0
[15, 14, 11, 13, 0, 25, 24, 19, 21, 20, 23, 31, 35, 5, 10, 33, 18, 17, 1, 2, 4, 32, 30, 27, 26, 3, 12, 7, 6, 34, 8, 9, 22, 28, 29, 16];2137.0
[9, 13, 0, 26, 25, 24, 17, 10, 33, 18, 19, 20, 21, 23, 30, 35, 32, 4, 5, 11, 14, 27, 28, 22, 29, 31, 7, 6, 16, 15, 1, 2, 3, 12, 8, 34];2026.0
[9, 11, 26, 25, 20, 23, 29, 31, 32, 30, 27, 28, 22, 21, 33, 18, 17, 12, 7, 6, 4, 5, 34, 8, 13, 1, 35, 2, 3, 0, 14, 15, 16, 24, 19, 10];1891.0
[35, 32, 29, 31, 23, 20, 24, 19, 17, 10, 9, 13, 1, 3, 0, 15, 14, 16, 26, 25, 11, 12, 5, 7, 6, 4, 2, 30, 27, 28, 22, 21, 33, 18, 34, 8];2062.0
[8, 34, 35, 32, 30, 24, 20, 23, 27, 31, 2, 3, 0, 26, 28, 29, 22, 21, 19, 33, 18, 1, 4, 7, 6, 14, 15, 16, 25, 17, 10, 9, 13, 11, 12, 5];2196.0
[30, 25, 17, 10, 33, 20, 23, 16, 15, 14, 11, 13, 0, 26, 24, 19, 18, 12, 5, 6, 7, 34, 8, 9, 1, 2, 4, 32, 27, 31, 35, 3, 21, 22, 28, 29];2020.0
[6, 7, 5, 10, 33, 18, 17, 9, 34, 8, 13, 35, 2, 4, 32, 25, 27, 24, 19, 20, 23, 21, 22, 28, 29, 31, 30, 26, 0, 1, 3, 16, 14, 15, 11, 12];1932.0
[16, 27, 23, 20, 22, 28, 29, 25, 24, 21, 33, 17, 18, 19, 31, 35, 4, 5, 1, 2, 3, 12, 7, 6, 32, 30, 26, 0, 13, 34, 8, 10, 9, 11, 14, 15];2018.0
[21, 22, 28, 29, 30, 25, 24, 31, 35, 3, 0, 11, 14, 15, 16, 26, 19, 13, 1, 2, 4, 5, 9, 10, 33, 18, 17, 34, 8, 12, 6, 7, 32, 27, 23, 20];1964.0
[35, 32, 26, 25, 24, 29, 30, 15, 14, 16, 27, 23, 19, 18, 34, 8, 9, 11, 13, 12, 5, 6, 7, 0, 1, 4, 2, 3, 17, 10, 33, 21, 20, 22, 28, 31];2050.0
[19, 20, 31, 4, 5, 7, 2, 15, 14, 11, 12, 6, 29, 30, 21, 33, 18, 8, 34, 13, 0, 35, 32, 27, 28, 22, 23, 17, 10, 9, 16, 26, 1, 3, 25, 24];2300.0
[29, 28, 22, 20, 21, 23, 27, 30, 34, 8, 26, 25, 17, 13, 0, 1, 4, 5, 12, 7, 6, 32, 2, 3, 24, 18, 19, 33, 10, 9, 11, 14, 15, 16, 31, 35];2238.0
[25, 24, 19, 21, 20, 31, 2, 3, 0, 13, 10, 33, 18, 12, 5, 7, 11, 15, 14, 16, 27, 28, 22, 29, 35, 4, 6, 32, 30, 23, 17, 34, 8, 9, 1, 26];2203.0
[8, 13, 0, 25, 24, 17, 10, 9, 11, 19, 33, 18, 23, 31, 35, 3, 1, 32, 4, 2, 14, 15, 16, 27, 28, 29, 12, 5, 7, 6, 20, 21, 22, 30, 26, 34];2310.0
[32, 31, 2, 4, 5, 0, 26, 25, 24, 10, 9, 12, 34, 8, 7, 6, 29, 30, 27, 28, 22, 23, 20, 21, 33, 18, 19, 17, 13, 11, 15, 14, 16, 1, 3, 35];1837.0
[9, 13, 0, 24, 21, 20, 22, 28, 26, 25, 10, 33, 18, 11, 14, 15, 16, 27, 23, 19, 17, 1, 32, 29, 30, 31, 35, 4, 6, 2, 3, 12, 5, 7, 8, 34];2160.0
[4, 3, 0, 24, 21, 22, 28, 29, 16, 1, 32, 20, 23, 27, 30, 26, 25, 33, 18, 19, 31, 35, 2, 15, 14, 13, 34, 8, 11, 17, 10, 9, 12, 5, 6, 7];2219.0
[1, 2, 4, 5, 6, 7, 8, 9, 10, 17, 12, 34, 11, 13, 0, 16, 14, 15, 25, 27, 31, 35, 32, 30, 21, 33, 18, 23, 24, 19, 20, 22, 28, 29, 26, 3];2028.0
[23, 27, 28, 22, 29, 31, 30, 1, 3, 0, 12, 6, 2, 16, 15, 34, 8, 26, 25, 20, 21, 17, 9, 13, 35, 32, 4, 5, 7, 11, 14, 24, 10, 33, 18, 19];2233.0
[28, 22, 21, 33, 17, 10, 9, 12, 34, 8, 5, 6, 7, 11, 14, 25, 20, 27, 31, 13, 0, 24, 19, 18, 23, 30, 26, 16, 15, 2, 4, 3, 1, 35, 32, 29];2181.0
[17, 32, 4, 5, 7, 6, 28, 29, 30, 14, 11, 12, 34, 8, 9, 13, 1, 23, 20, 21, 22, 27, 31, 35, 2, 3, 0, 15, 16, 26, 25, 24, 10, 33, 18, 19];1973.0
[26, 25, 24, 31, 35, 4, 32, 30, 16, 15, 14, 1, 2, 3, 27, 23, 20, 21, 17, 34, 8, 9, 11, 10, 33, 18, 19, 22, 28, 29, 0, 13, 12, 5, 6, 7];1967.0
[24, 19, 20, 23, 27, 4, 5, 7, 34, 8, 9, 16, 14, 15, 12, 6, 2, 1, 3, 11, 10, 33, 18, 17, 13, 0, 26, 25, 21, 22, 28, 29, 31, 35, 32, 30];1989.0
[19, 20, 22, 21, 18, 17, 1, 2, 3, 26, 0, 16, 14, 15, 11, 13, 12, 6, 7, 5, 10, 33, 34, 8, 9, 25, 28, 29, 31, 35, 32, 4, 30, 27, 23, 24];2026.0
[10, 9, 11, 12, 5, 7, 6, 4, 35, 32, 23, 19, 33, 18, 17, 13, 26, 27, 22, 28, 29, 31, 30, 1, 2, 3, 16, 15, 14, 34, 8, 0, 25, 24, 20, 21];1962.0
[11, 14, 15, 13, 12, 7, 5, 34, 8, 0, 16, 1, 32, 31, 35, 30, 27, 28, 29, 25, 24, 22, 23, 20, 21, 33, 10, 9, 6, 4, 2, 3, 26, 19, 18, 17];2009.0
[3, 0, 13, 11, 10, 9, 15, 14, 16, 1, 30, 26, 12, 34, 8, 5, 7, 6, 25, 20, 21, 33, 22, 23, 24, 17, 18, 19, 27, 28, 29, 31, 2, 4, 32, 35];2028.0
[16, 15, 14, 26, 24, 25, 20, 21, 19, 10, 33, 18, 17, 34, 8, 1, 4, 32, 30, 23, 22, 28, 29, 12, 5, 6, 7, 9, 11, 13, 0, 27, 31, 35, 2, 3];2010.0
[31, 35, 32, 29, 30, 27, 28, 22, 20, 21, 33, 18, 19, 23, 25, 24, 17, 13, 0, 16, 15, 14, 26, 1, 3, 12, 11, 10, 9, 8, 34, 5, 6, 7, 2, 4];1898.0
[35, 2, 3, 16, 15, 26, 0, 13, 14, 11, 10, 33, 17, 6, 4, 32, 28, 29, 30, 1, 12, 5, 7, 34, 8, 9, 18, 19, 23, 20, 21, 22, 25, 24, 27, 31];2026.0
[11, 14, 15, 16, 1, 32, 4, 27, 22, 23, 30, 26, 25, 28, 29, 31, 35, 2, 3, 0, 34, 8, 9, 13, 24, 20, 21, 19, 12, 6, 7, 5, 10, 33, 18, 17];2044.0
[13, 12, 34, 8, 9, 11, 17, 18, 19, 20, 31, 32, 35, 3, 10, 33, 21, 22, 23, 26, 1, 2, 4, 7, 5, 6, 14, 15, 16, 25, 24, 27, 28, 29, 30, 0];2102.0
[14, 11, 0, 26, 19, 20, 22, 28, 29, 31, 35, 2, 4, 6, 3, 12, 5, 7, 25, 24, 27, 23, 21, 33, 18, 17, 10, 9, 8, 34, 13, 1, 32, 30, 16, 15];1936.0
[26, 22, 28, 29, 15, 14, 11, 12, 34, 8, 35, 32, 30, 24, 17, 18, 10, 9, 16, 25, 19, 33, 21, 20, 23, 27, 31, 4, 6, 7, 5, 13, 0, 1, 2, 3];2152.0
[7, 6, 32, 29, 30, 27, 28, 22, 21, 20, 23, 31, 35, 3, 0, 15, 16, 26, 1, 12, 8, 34, 9, 11, 14, 10, 19, 33, 18, 17, 13, 25, 24, 2, 4, 5];2029.0
[20, 21, 22, 28, 15, 16, 14, 11, 34, 8, 7, 6, 18, 17, 13, 0, 26, 1, 35, 2, 3, 4, 32, 29, 31, 24, 10, 9, 27, 30, 23, 19, 33, 12, 5, 25];2485.0
[15, 14, 16, 25, 24, 20, 23, 17, 10, 21, 33, 18, 19, 22, 31, 35, 3, 12, 5, 6, 7, 8, 34, 9, 13, 0, 26, 30, 27, 28, 29, 1, 4, 32, 2, 11];1999.0
[7, 6, 35, 32, 4, 5, 11, 14, 15, 16, 10, 33, 18, 20, 23, 30, 26, 25, 24, 29, 31, 34, 8, 9, 13, 0, 27, 28, 22, 21, 19, 17, 1, 2, 3, 12];2121.0
[8, 9, 10, 33, 18, 11, 12, 6, 7, 14, 15, 16, 26, 35, 32, 30, 27, 23, 24, 21, 19, 20, 22, 28, 29, 31, 3, 0, 1, 2, 4, 5, 13, 25, 17, 34];1984.0
[32, 29, 30, 34, 8, 0, 1, 3, 25, 20, 21, 33, 10, 9, 12, 5, 11, 14, 15, 16, 18, 19, 17, 13, 26, 24, 22, 28, 23, 27, 31, 7, 6, 2, 35, 4];2329.0
[25, 24, 20, 21, 22, 23, 27, 28, 29, 31, 12, 8, 34, 9, 13, 1, 3, 0, 14, 15, 16, 32, 35, 2, 5, 7, 6, 4, 30, 11, 10, 33, 19, 18, 17, 26];2003.0
[34, 8, 5, 7, 6, 29, 28, 31, 2, 35, 4, 32, 22, 23, 30, 1, 3, 0, 26, 25, 24, 27, 16, 14, 15, 11, 13, 10, 33, 18, 20, 21, 19, 17, 9, 12];2115.0
[1, 2, 3, 19, 33, 34, 8, 12, 7, 5, 6, 4, 28, 29, 27, 31, 35, 32, 18, 17, 10, 9, 25, 24, 11, 13, 0, 21, 20, 22, 23, 30, 26, 16, 14, 15];2354.0
[6, 7, 5, 34, 8, 1, 32, 27, 23, 30, 3, 0, 13, 11, 12, 9, 10, 33, 18, 17, 14, 15, 16, 26, 25, 24, 21, 19, 20, 22, 28, 29, 31, 35, 2, 4];1897.0
[9, 8, 10, 33, 18, 11, 14, 16, 15, 24, 19, 17, 13, 25, 20, 21, 22, 23, 30, 26, 1, 2, 3, 0, 27, 28, 29, 12, 6, 4, 32, 31, 35, 5, 7, 34];2199.0
[3, 25, 24, 20, 21, 33, 18, 19, 22, 28, 29, 31, 35, 16, 15, 14, 11, 13, 0, 26, 27, 23, 17, 10, 9, 12, 34, 8, 5, 7, 6, 2, 4, 32, 30, 1];1759.0
[12, 7, 6, 34, 8, 9, 13, 0, 1, 35, 2, 3, 26, 25, 24, 18, 19, 17, 10, 33, 20, 21, 22, 23, 31, 32, 4, 5, 11, 27, 28, 29, 30, 16, 15, 14];1854.0
[18, 19, 22, 28, 29, 26, 0, 15, 14, 16, 27, 31, 35, 4, 6, 32, 2, 3, 25, 24, 20, 23, 30, 1, 12, 5, 7, 34, 8, 21, 33, 10, 9, 11, 13, 17];2211.0
[6, 31, 28, 29, 26, 25, 20, 21, 22, 23, 24, 27, 30, 16, 14, 15, 1, 2, 4, 32, 35, 3, 0, 13, 11, 33, 18, 19, 17, 10, 9, 34, 8, 12, 5, 7];1860.0
[6, 4, 2, 5, 34, 8, 11, 12, 13, 0, 26, 24, 27, 1, 3, 15, 14, 16, 22, 23, 17, 10, 9, 28, 29, 31, 35, 32, 30, 25, 19, 18, 20, 21, 33, 7];2302.0
[34, 9, 8, 10, 33, 20, 27, 31, 35, 3, 30, 26, 16, 15, 14, 11, 13, 0, 1, 2, 4, 32, 29, 28, 22, 21, 18, 19, 23, 25, 24, 17, 12, 6, 7, 5];1984.0
[13, 11, 10, 9, 34, 8, 12, 5, 25, 24, 20, 22, 21, 33, 18, 14, 15, 16, 0, 1, 2, 4, 7, 6, 3, 26, 27, 28, 29, 31, 35, 32, 30, 23, 19, 17];2014.0
[25, 20, 21, 33, 18, 17, 19, 10, 9, 7, 6, 2, 4, 34, 8, 1, 3, 0, 13, 12, 5, 11, 15, 14, 16, 26, 35, 32, 30, 27, 28, 29, 31, 22, 23, 24];1971.0
[17, 0, 1, 35, 2, 3, 12, 5, 11, 14, 27, 31, 26, 25, 19, 34, 8, 9, 13, 24, 20, 23, 21, 33, 18, 22, 28, 29, 30, 15, 16, 32, 4, 7, 6, 10];2309.0
[5, 7, 6, 4, 35, 32, 30, 27, 31, 2, 3, 1, 25, 20, 21, 33, 10, 9, 13, 14, 16, 15, 11, 34, 8, 0, 26, 22, 23, 28, 29, 24, 19, 18, 17, 12];1966.0
[15, 16, 14, 11, 17, 10, 33, 18, 25, 24, 19, 20, 21, 22, 23, 26, 0, 13, 12, 5, 7, 6, 32, 27, 28, 29, 30, 31, 35, 4, 34, 8, 9, 1, 2, 3];1939.0
[3, 35, 30, 28, 29, 31, 2, 4, 5, 8, 26, 25, 24, 10, 33, 13, 14, 16, 15, 11, 12, 7, 6, 32, 27, 23, 20, 21, 22, 19, 18, 17, 34, 9, 0, 1];2029.0
[35, 2, 4, 5, 10, 33, 18, 19, 21, 20, 22, 27, 23, 25, 24, 17, 34, 8, 9, 1, 3, 0, 13, 11, 12, 7, 6, 32, 30, 28, 29, 31, 26, 16, 14, 15];1876.0
[34, 8, 13, 0, 35, 32, 31, 2, 4, 30, 27, 28, 29, 26, 1, 3, 25, 24, 20, 22, 21, 33, 18, 23, 19, 17, 10, 9, 11, 14, 15, 16, 12, 7, 5, 6];1949.0
[7, 9, 10, 33, 18, 22, 23, 20, 21, 19, 17, 13, 1, 3, 0, 16, 26, 28, 29, 30, 35, 32, 25, 24, 27, 31, 2, 4, 5, 34, 8, 14, 15, 11, 12, 6];1987.0
[31, 2, 3, 1, 35, 32, 4, 5, 12, 6, 7, 29, 30, 15, 16, 14, 25, 19, 11, 34, 8, 9, 13, 0, 26, 27, 28, 22, 23, 24, 17, 10, 33, 18, 21, 20];2066.0
[27, 23, 19, 34, 0, 1, 2, 3, 15, 16, 26, 25, 24, 28, 29, 30, 17, 10, 33, 18, 13, 14, 11, 12, 5, 6, 7, 31, 35, 32, 4, 8, 9, 20, 21, 22];2198.0
[0, 25, 24, 21, 20, 22, 23, 15, 14, 34, 8, 5, 6, 7, 30, 28, 29, 35, 32, 4, 2, 11, 10, 33, 18, 13, 16, 26, 27, 31, 3, 1, 12, 9, 19, 17];2419.0
[3, 0, 26, 25, 33, 18, 19, 20, 21, 12, 7, 29, 30, 28, 22, 23, 27, 24, 17, 10, 9, 8, 34, 11, 13, 15, 14, 16, 1, 31, 35, 32, 4, 5, 6, 2];2104.0
[9, 8, 10, 33, 18, 19, 21, 20, 22, 16, 15, 14, 11, 0, 13, 1, 26, 25, 28, 29, 31, 35, 4, 2, 3, 12, 7, 5, 6, 32, 30, 27, 23, 24, 17, 34];1947.0
[17, 10, 33, 18, 12, 6, 3, 1, 2, 4, 5, 7, 32, 30, 27, 28, 22, 23, 24, 31, 35, 34, 8, 9, 19, 20, 21, 29, 26, 0, 16, 15, 14, 13, 11, 25];2194.0
[4, 32, 30, 25, 19, 18, 20, 21, 22, 31, 35, 3, 0, 10, 33, 11, 14, 15, 16, 13, 8, 34, 9, 26, 28, 29, 27, 23, 24, 17, 12, 5, 6, 7, 1, 2];2196.0
[21, 10, 33, 18, 31, 2, 3, 13, 12, 7, 6, 34, 8, 9, 11, 15, 14, 16, 1, 35, 32, 30, 27, 23, 22, 28, 29, 4, 5, 24, 19, 17, 0, 26, 25, 20];2132.0
[19, 12, 5, 7, 6, 4, 32, 35, 2, 3, 34, 8, 9, 0, 25, 24, 17, 13, 11, 14, 15, 16, 1, 26, 28, 29, 31, 30, 27, 23, 10, 33, 18, 20, 22, 21];1909.0
[31, 35, 2, 3, 0, 16, 15, 10, 9, 13, 14, 11, 12, 5, 6, 7, 4, 32, 25, 24, 19, 20, 21, 23, 22, 28, 29, 30, 33, 18, 17, 34, 8, 26, 1, 27];2001.0
[4, 6, 2, 3, 32, 27, 30, 26, 24, 21, 20, 22, 28, 29, 16, 15, 14, 34, 8, 9, 11, 12, 7, 5, 13, 0, 1, 25, 17, 10, 33, 18, 19, 23, 31, 35];1979.0
[9, 18, 19, 21, 22, 28, 31, 35, 32, 30, 26, 25, 24, 20, 23, 27, 29, 16, 15, 14, 0, 1, 2, 3, 13, 11, 10, 33, 17, 12, 6, 4, 5, 7, 34, 8];1896.0
[11, 10, 9, 8, 34, 13, 12, 6, 2, 26, 23, 20, 22, 21, 33, 19, 18, 17, 35, 32, 30, 28, 29, 1, 3, 0, 16, 14, 15, 25, 24, 27, 31, 4, 5, 7];2171.0
[24, 20, 21, 19, 18, 17, 34, 8, 9, 1, 26, 27, 31, 35, 2, 3, 13, 0, 16, 15, 14, 12, 7, 5, 6, 32, 4, 11, 10, 33, 22, 23, 28, 29, 30, 25];1915.0
[28, 22, 27, 30, 26, 25, 24, 7, 6, 13, 14, 11, 12, 34, 8, 0, 16, 15, 2, 3, 1, 35, 32, 29, 31, 4, 5, 9, 17, 10, 33, 18, 19, 20, 23, 21];2187.0
[32, 35, 13, 34, 8, 24, 21, 20, 22, 28, 29, 0, 16, 26, 25, 17, 1, 30, 27, 23, 10, 9, 18, 33, 19, 31, 2, 3, 14, 15, 11, 12, 5, 6, 4, 7];2411.0
[7, 5, 11, 10, 33, 18, 23, 30, 35, 2, 3, 1, 24, 20, 21, 22, 27, 28, 29, 31, 32, 4, 34, 8, 9, 0, 26, 25, 19, 17, 13, 16, 15, 14, 12, 6];1991.0
[10, 9, 13, 11, 17, 18, 19, 20, 22, 23, 27, 28, 29, 30, 26, 14, 15, 16, 1, 35, 32, 31, 2, 4, 3, 12, 5, 6, 7, 8, 34, 0, 25, 24, 21, 33];1871.0
[18, 1, 2, 4, 32, 30, 17, 10, 33, 12, 5, 7, 6, 3, 0, 13, 25, 21, 22, 28, 29, 34, 8, 9, 11, 15, 14, 16, 26, 20, 23, 27, 31, 35, 24, 19];2227.0
[34, 8, 9, 12, 5, 6, 7, 0, 16, 1, 35, 2, 3, 4, 32, 30, 27, 28, 22, 23, 24, 29, 31, 26, 25, 19, 20, 21, 18, 17, 10, 33, 13, 15, 14, 11];1921.0
[35, 1, 3, 0, 20, 21, 23, 16, 15, 14, 11, 13, 26, 25, 24, 19, 17, 10, 33, 18, 34, 9, 8, 12, 5, 7, 6, 2, 4, 32, 22, 28, 29, 30, 27, 31];1939.0
[21, 20, 23, 31, 2, 35, 32, 30, 27, 22, 28, 29, 26, 0, 12, 6, 4, 7, 11, 10, 33, 17, 34, 5, 8, 9, 13, 14, 16, 15, 1, 3, 24, 25, 19, 18];2176.0
[27, 1, 3, 0, 8, 34, 6, 2, 21, 20, 22, 28, 29, 31, 35, 32, 23, 17, 10, 9, 11, 15, 14, 16, 26, 25, 24, 19, 33, 18, 13, 12, 5, 7, 4, 30];2150.0
[22, 21, 23, 30, 26, 1, 0, 16, 14, 15, 11, 18, 17, 34, 8, 9, 10, 33, 19, 20, 31, 35, 32, 2, 3, 12, 6, 4, 7, 5, 13, 25, 24, 27, 28, 29];2027.0
[22, 21, 28, 29, 31, 35, 2, 3, 15, 14, 16, 26, 25, 24, 27, 32, 4, 5, 34, 8, 12, 6, 7, 18, 19, 33, 17, 10, 9, 11, 0, 13, 1, 30, 23, 20];1975.0
[20, 21, 22, 28, 29, 30, 25, 24, 27, 31, 26, 1, 32, 35, 2, 4, 5, 34, 8, 9, 0, 13, 15, 14, 16, 3, 12, 6, 7, 11, 10, 33, 18, 19, 17, 23];1850.0
[31, 30, 28, 29, 26, 16, 25, 24, 19, 33, 21, 22, 20, 23, 1, 35, 32, 4, 5, 34, 8, 11, 15, 14, 13, 12, 7, 6, 2, 3, 0, 17, 18, 10, 9, 27];2094.0
[1, 3, 12, 6, 7, 2, 0, 13, 16, 15, 14, 11, 17, 10, 33, 18, 19, 23, 27, 31, 35, 4, 5, 8, 34, 9, 32, 29, 30, 26, 25, 24, 20, 21, 22, 28];1986.0
[11, 12, 6, 7, 29, 31, 35, 2, 3, 16, 15, 14, 34, 8, 9, 0, 28, 22, 23, 19, 10, 33, 18, 17, 13, 26, 25, 24, 21, 20, 27, 30, 1, 32, 4, 5];2039.0
[25, 19, 17, 12, 6, 28, 29, 23, 24, 20, 21, 22, 27, 31, 32, 30, 26, 35, 2, 4, 5, 7, 8, 34, 9, 13, 11, 10, 33, 18, 15, 14, 16, 1, 3, 0];2114.0
[26, 16, 14, 15, 11, 12, 34, 8, 7, 6, 32, 35, 2, 3, 24, 20, 21, 19, 18, 17, 10, 33, 22, 23, 27, 31, 4, 5, 9, 13, 0, 1, 25, 28, 29, 30];1902.0
[5, 8, 11, 14, 15, 16, 1, 32, 35, 27, 24, 10, 33, 19, 20, 23, 31, 2, 3, 25, 21, 22, 28, 29, 30, 26, 0, 13, 34, 9, 18, 17, 12, 7, 6, 4];2073.0
[12, 5, 11, 14, 13, 7, 6, 2, 3, 0, 1, 35, 32, 4, 23, 21, 33, 18, 27, 31, 30, 26, 19, 17, 10, 16, 15, 25, 24, 20, 22, 28, 29, 34, 8, 9];2257.0
[23, 24, 10, 9, 8, 7, 5, 34, 13, 27, 28, 29, 30, 1, 0, 16, 26, 21, 33, 17, 11, 15, 14, 25, 19, 18, 20, 22, 31, 35, 2, 3, 12, 6, 4, 32];2232.0
[17, 9, 13, 1, 26, 16, 15, 14, 11, 10, 33, 18, 19, 25, 24, 20, 23, 31, 35, 3, 0, 34, 8, 12, 5, 6, 7, 2, 4, 32, 30, 27, 29, 28, 22, 21];1999.0
[33, 18, 20, 22, 21, 19, 13, 12, 7, 6, 31, 35, 32, 2, 3, 1, 4, 5, 25, 24, 17, 9, 34, 8, 0, 23, 27, 28, 29, 30, 26, 16, 15, 14, 11, 10];2109.0
[7, 6, 4, 35, 2, 3, 0, 15, 16, 25, 20, 21, 22, 23, 17, 10, 33, 18, 19, 27, 28, 29, 31, 32, 30, 1, 12, 5, 11, 14, 26, 24, 9, 13, 34, 8];2028.0
[18, 23, 24, 17, 9, 10, 20, 21, 22, 28, 29, 30, 27, 16, 15, 14, 11, 1, 3, 13, 34, 8, 12, 5, 6, 7, 31, 35, 32, 4, 2, 0, 26, 25, 19, 33];2037.0
[21, 20, 26, 0, 12, 6, 7, 5, 11, 15, 14, 16, 1, 35, 2, 4, 3, 13, 8, 34, 9, 28, 22, 29, 31, 32, 30, 27, 23, 24, 25, 17, 10, 33, 18, 19];2051.0
[7, 6, 4, 30, 23, 20, 21, 11, 13, 0, 27, 31, 2, 16, 14, 15, 26, 25, 19, 17, 10, 33, 18, 1, 3, 35, 32, 29, 28, 22, 24, 34, 8, 9, 12, 5];2130.0
[22, 23, 27, 31, 35, 2, 4, 7, 5, 8, 34, 13, 26, 25, 24, 20, 21, 33, 18, 19, 17, 10, 9, 11, 14, 15, 16, 0, 1, 3, 12, 6, 32, 29, 30, 28];1719.0
[35, 2, 4, 34, 8, 9, 10, 21, 22, 28, 29, 1, 3, 0, 16, 14, 15, 25, 20, 23, 19, 33, 18, 17, 11, 12, 6, 7, 5, 13, 26, 24, 30, 27, 31, 32];1946.0
[22, 28, 29, 31, 2, 3, 12, 34, 8, 5, 7, 6, 4, 30, 26, 15, 16, 14, 11, 13, 0, 25, 24, 19, 17, 10, 9, 1, 35, 32, 27, 23, 21, 33, 18, 20];1779.0
[15, 16, 0, 1, 30, 27, 23, 22, 28, 29, 31, 35, 32, 4, 3, 12, 34, 9, 8, 7, 5, 6, 2, 13, 26, 25, 24, 20, 21, 33, 18, 19, 17, 10, 11, 14];1796.0
[13, 15, 14, 16, 25, 24, 19, 18, 34, 8, 0, 27, 28, 22, 23, 20, 21, 33, 12, 5, 6, 7, 3, 1, 29, 31, 35, 2, 4, 32, 30, 26, 17, 10, 9, 11];2055.0
[17, 12, 5, 11, 15, 14, 16, 26, 24, 22, 27, 28, 29, 31, 25, 19, 20, 23, 30, 1, 35, 32, 21, 33, 10, 9, 13, 0, 34, 8, 7, 6, 4, 2, 3, 18];2224.0
[28, 31, 32, 30, 27, 35, 3, 24, 23, 20, 22, 21, 33, 10, 9, 25, 19, 18, 17, 13, 11, 12, 7, 5, 26, 0, 16, 14, 15, 34, 8, 1, 2, 4, 6, 29];2300.0
[11, 14, 16, 15, 26, 19, 17, 9, 0, 13, 12, 5, 7, 6, 4, 32, 2, 3, 34, 8, 10, 33, 18, 1, 35, 27, 28, 22, 29, 31, 30, 25, 21, 20, 23, 24];2206.0
[32, 29, 28, 22, 21, 18, 19, 27, 31, 30, 26, 16, 14, 15, 11, 10, 33, 17, 13, 0, 3, 35, 2, 25, 24, 20, 23, 12, 7, 6, 4, 5, 34, 8, 9, 1];2150.0
[17, 10, 9, 0, 26, 24, 27, 22, 23, 20, 21, 19, 33, 18, 34, 8, 13, 12, 5, 7, 14, 11, 15, 16, 1, 4, 6, 30, 28, 29, 31, 32, 35, 2, 3, 25];2057.0
[19, 18, 17, 12, 11, 13, 0, 25, 24, 30, 1, 4, 7, 5, 6, 8, 34, 9, 14, 16, 15, 26, 27, 28, 22, 23, 20, 35, 32, 29, 31, 2, 3, 10, 33, 21];2219.0
[28, 31, 35, 32, 29, 30, 27, 23, 21, 33, 18, 19, 17, 10, 9, 5, 7, 6, 4, 2, 3, 12, 34, 8, 11, 13, 14, 15, 16, 0, 1, 26, 25, 24, 20, 22];1655.0
[22, 28, 29, 31, 2, 1, 3, 13, 11, 10, 17, 9, 12, 34, 8, 5, 7, 6, 32, 35, 4, 0, 15, 14, 16, 26, 25, 24, 30, 27, 23, 20, 21, 33, 18, 19];1878.0
[13, 0, 26, 25, 19, 10, 33, 18, 22, 28, 29, 30, 27, 1, 2, 3, 12, 7, 6, 32, 20, 21, 23, 31, 35, 4, 11, 14, 15, 16, 24, 17, 34, 8, 5, 9];2096.0
[20, 21, 19, 33, 10, 9, 6, 3, 25, 24, 12, 7, 5, 34, 8, 18, 17, 11, 14, 15, 16, 0, 13, 26, 1, 35, 31, 2, 4, 32, 30, 27, 23, 22, 28, 29];2201.0
[23, 30, 26, 1, 3, 13, 0, 16, 15, 25, 17, 10, 9, 6, 4, 32, 24, 20, 21, 33, 18, 19, 22, 28, 29, 31, 35, 2, 34, 8, 11, 14, 12, 5, 7, 27];2097.0
[28, 29, 30, 26, 27, 31, 32, 25, 24, 17, 10, 9, 13, 0, 21, 33, 18, 19, 20, 22, 23, 15, 16, 14, 1, 3, 35, 2, 4, 34, 8, 11, 12, 5, 7, 6];2027.0
[6, 9, 10, 33, 18, 19, 22, 28, 29, 15, 14, 11, 34, 8, 26, 25, 24, 27, 23, 20, 21, 17, 16, 31, 30, 35, 32, 2, 3, 0, 13, 12, 5, 1, 4, 7];2190.0
[15, 16, 28, 29, 30, 27, 23, 19, 33, 18, 17, 12, 0, 26, 20, 22, 21, 10, 9, 11, 13, 25, 24, 31, 3, 1, 35, 32, 2, 4, 6, 7, 5, 34, 8, 14];2093.0
[4, 5, 6, 7, 13, 19, 33, 18, 17, 10, 9, 11, 14, 15, 16, 12, 34, 8, 20, 21, 22, 28, 29, 31, 35, 32, 2, 3, 0, 26, 25, 24, 23, 27, 30, 1];1924.0
[29, 26, 16, 15, 14, 11, 13, 25, 24, 20, 23, 21, 22, 28, 31, 35, 4, 5, 34, 8, 9, 10, 33, 18, 19, 17, 12, 7, 6, 32, 30, 1, 2, 3, 0, 27];1839.0
[25, 21, 20, 33, 12, 7, 5, 6, 35, 2, 4, 32, 29, 28, 22, 23, 24, 27, 31, 30, 26, 15, 11, 18, 19, 17, 10, 9, 1, 3, 0, 34, 8, 13, 14, 16];2114.0
[9, 11, 14, 15, 16, 25, 24, 21, 20, 22, 28, 31, 35, 32, 2, 4, 3, 1, 19, 33, 18, 17, 34, 8, 12, 6, 7, 5, 13, 0, 26, 27, 29, 30, 23, 10];1951.0
[31, 32, 29, 30, 17, 10, 9, 1, 35, 2, 4, 7, 6, 3, 13, 34, 8, 12, 5, 11, 14, 16, 15, 0, 26, 25, 27, 23, 24, 21, 33, 18, 19, 20, 22, 28];1947.0
[11, 12, 5, 6, 7, 2, 3, 1, 32, 35, 4, 34, 8, 9, 13, 0, 25, 21, 22, 27, 28, 29, 31, 30, 24, 17, 10, 33, 18, 19, 20, 23, 26, 15, 16, 14];1868.0
[13, 26, 27, 28, 29, 30, 31, 35, 32, 4, 1, 2, 3, 0, 16, 15, 14, 11, 12, 5, 6, 7, 9, 10, 33, 21, 22, 23, 20, 25, 24, 19, 18, 17, 34, 8];1849.0
[13, 35, 32, 4, 6, 7, 5, 34, 8, 0, 1, 2, 3, 14, 15, 16, 25, 24, 20, 23, 30, 26, 12, 9, 10, 21, 22, 27, 28, 29, 31, 33, 18, 19, 17, 11];2150.0
[16, 25, 24, 31, 4, 6, 7, 5, 11, 14, 20, 21, 19, 17, 10, 33, 18, 34, 9, 13, 1, 35, 32, 30, 26, 12, 8, 0, 27, 23, 22, 28, 29, 2, 3, 15];2194.0
[22, 21, 33, 18, 20, 23, 27, 30, 25, 24, 19, 17, 10, 9, 0, 26, 31, 35, 2, 3, 12, 6, 7, 5, 34, 8, 13, 11, 15, 14, 16, 1, 4, 32, 29, 28];1816.0
[30, 27, 24, 20, 23, 29, 26, 1, 16, 14, 15, 25, 19, 17, 11, 10, 33, 18, 21, 22, 28, 31, 2, 3, 13, 0, 34, 8, 9, 12, 7, 5, 6, 4, 35, 32];2023.0
[12, 34, 8, 9, 15, 14, 16, 26, 25, 19, 17, 10, 33, 20, 21, 18, 7, 6, 4, 5, 1, 32, 30, 27, 28, 29, 22, 23, 24, 31, 35, 2, 3, 0, 13, 11];1977.0
[6, 30, 27, 23, 24, 19, 18, 17, 10, 9, 11, 15, 14, 16, 1, 2, 4, 32, 29, 31, 35, 3, 0, 26, 25, 28, 22, 20, 21, 33, 34, 8, 13, 12, 5, 7];1849.0
[15, 14, 11, 0, 13, 25, 24, 27, 30, 1, 32, 35, 4, 8, 9, 10, 33, 17, 34, 7, 6, 2, 3, 12, 5, 18, 19, 22, 28, 29, 31, 20, 21, 23, 26, 16];2181.0
[29, 13, 34, 8, 9, 11, 1, 35, 31, 2, 3, 0, 16, 25, 17, 12, 5, 7, 6, 4, 32, 30, 26, 24, 20, 21, 23, 27, 15, 14, 10, 33, 19, 18, 22, 28];2110.0
[25, 30, 1, 3, 35, 32, 4, 2, 34, 8, 9, 20, 23, 27, 31, 13, 11, 14, 15, 16, 24, 17, 10, 12, 5, 7, 6, 29, 28, 22, 21, 19, 33, 18, 0, 26];2245.0
[2, 3, 10, 33, 18, 21, 22, 28, 29, 27, 30, 26, 0, 16, 1, 35, 32, 4, 5, 8, 34, 9, 13, 25, 20, 23, 24, 19, 17, 14, 15, 11, 12, 6, 7, 31];2034.0
[29, 30, 25, 17, 10, 33, 19, 18, 23, 31, 35, 2, 3, 12, 5, 11, 15, 14, 1, 4, 6, 7, 32, 26, 16, 0, 13, 34, 8, 9, 24, 20, 21, 22, 27, 28];2035.0
[33, 10, 9, 0, 1, 3, 35, 2, 4, 32, 26, 25, 24, 27, 12, 5, 8, 34, 13, 11, 14, 15, 16, 17, 18, 19, 22, 28, 29, 31, 7, 6, 30, 23, 20, 21];2114.0
[2, 3, 26, 19, 17, 34, 5, 8, 9, 13, 25, 24, 20, 21, 23, 27, 22, 28, 31, 35, 12, 6, 7, 4, 32, 29, 30, 15, 10, 33, 18, 11, 14, 16, 0, 1];2134.0
[35, 31, 2, 4, 32, 30, 29, 28, 22, 17, 13, 0, 27, 23, 20, 21, 33, 18, 34, 8, 9, 16, 26, 25, 24, 19, 10, 7, 6, 3, 15, 14, 11, 12, 5, 1];2248.0
[32, 29, 31, 35, 2, 1, 3, 12, 34, 8, 7, 5, 11, 14, 15, 20, 21, 22, 28, 26, 16, 10, 33, 17, 9, 13, 0, 25, 24, 18, 19, 23, 27, 30, 4, 6];2244.0
[18, 17, 13, 26, 20, 21, 22, 23, 25, 24, 28, 29, 31, 2, 4, 5, 9, 12, 34, 8, 7, 6, 32, 35, 0, 16, 11, 10, 33, 19, 27, 30, 1, 3, 15, 14];2137.0
[21, 20, 22, 23, 19, 18, 17, 9, 11, 14, 15, 16, 1, 0, 13, 34, 8, 6, 2, 4, 32, 30, 27, 10, 33, 12, 5, 7, 28, 29, 31, 35, 3, 26, 25, 24];2113.0
[34, 9, 8, 7, 4, 2, 0, 13, 12, 6, 32, 35, 3, 1, 26, 27, 28, 29, 30, 25, 24, 19, 17, 10, 11, 14, 15, 16, 21, 33, 18, 20, 22, 23, 31, 5];2134.0
[34, 8, 9, 11, 10, 33, 13, 1, 2, 4, 32, 30, 26, 0, 25, 24, 20, 23, 21, 22, 28, 29, 27, 31, 35, 3, 12, 7, 5, 6, 14, 15, 16, 19, 18, 17];2004.0
[26, 16, 14, 15, 0, 13, 12, 34, 9, 8, 1, 24, 25, 17, 11, 10, 21, 33, 18, 19, 20, 22, 23, 31, 2, 4, 3, 35, 32, 7, 5, 6, 27, 28, 29, 30];2158.0
[31, 2, 4, 7, 5, 6, 27, 17, 10, 33, 18, 11, 12, 9, 13, 0, 1, 3, 35, 32, 30, 26, 16, 15, 14, 34, 8, 25, 24, 19, 20, 21, 22, 23, 28, 29];2026.0
[11, 13, 14, 15, 16, 1, 35, 32, 30, 28, 29, 22, 21, 20, 23, 27, 31, 26, 24, 17, 10, 9, 2, 4, 3, 12, 5, 6, 7, 34, 8, 0, 25, 19, 33, 18];1975.0
[14, 15, 12, 6, 7, 29, 30, 27, 28, 22, 23, 21, 17, 11, 13, 1, 35, 32, 26, 25, 24, 10, 33, 18, 19, 20, 31, 4, 5, 34, 9, 8, 2, 3, 0, 16];2104.0
[20, 21, 19, 9, 1, 4, 2, 3, 0, 13, 11, 12, 5, 34, 8, 6, 7, 10, 33, 17, 18, 22, 23, 31, 35, 32, 14, 15, 16, 27, 28, 29, 30, 26, 25, 24];2074.0
[12, 7, 6, 2, 3, 15, 16, 14, 34, 8, 11, 13, 0, 26, 23, 20, 22, 28, 29, 31, 32, 30, 27, 21, 33, 10, 9, 25, 24, 19, 17, 18, 1, 35, 4, 5];2050.0
[25, 33, 18, 19, 21, 20, 23, 31, 35, 0, 24, 17, 10, 9, 13, 11, 34, 8, 12, 5, 6, 7, 4, 32, 27, 22, 28, 29, 30, 26, 14, 15, 16, 1, 2, 3];1932.0
[0, 26, 1, 3, 16, 15, 11, 14, 34, 8, 18, 17, 10, 9, 12, 7, 6, 28, 29, 30, 27, 20, 21, 22, 31, 32, 25, 24, 19, 33, 23, 35, 2, 4, 5, 13];2198.0
[33, 18, 17, 34, 8, 9, 12, 6, 7, 32, 35, 2, 4, 5, 11, 14, 15, 16, 24, 20, 21, 22, 23, 31, 1, 3, 0, 13, 26, 27, 28, 29, 30, 25, 19, 10];1859.0
[27, 28, 29, 31, 35, 4, 7, 6, 2, 3, 0, 26, 25, 20, 21, 22, 23, 24, 19, 18, 17, 10, 33, 12, 5, 34, 8, 9, 11, 14, 15, 16, 13, 1, 32, 30];1697.0
[26, 1, 35, 2, 3, 24, 19, 20, 22, 28, 29, 23, 17, 14, 11, 13, 12, 7, 6, 4, 32, 21, 33, 18, 10, 9, 5, 34, 8, 0, 16, 15, 25, 27, 31, 30];2122.0
[22, 23, 19, 17, 10, 33, 18, 34, 8, 9, 25, 24, 27, 30, 26, 16, 0, 1, 35, 32, 29, 28, 31, 4, 7, 6, 2, 3, 13, 12, 5, 11, 14, 15, 20, 21];1965.0
[2, 0, 26, 1, 3, 32, 4, 5, 34, 8, 25, 24, 19, 20, 21, 33, 18, 17, 12, 7, 6, 16, 15, 14, 11, 10, 9, 13, 30, 23, 27, 22, 28, 29, 31, 35];1979.0
[11, 13, 24, 27, 28, 22, 29, 31, 15, 14, 16, 1, 2, 3, 35, 32, 30, 26, 0, 34, 8, 9, 25, 20, 21, 23, 19, 10, 33, 18, 17, 12, 7, 6, 4, 5];2064.0
[23, 24, 9, 10, 33, 17, 18, 19, 20, 31, 7, 6, 27, 28, 29, 30, 3, 12, 34, 8, 1, 32, 35, 2, 4, 5, 11, 13, 0, 15, 14, 16, 26, 25, 21, 22];2185.0
[6, 7, 2, 4, 29, 30, 19, 17, 10, 9, 8, 34, 1, 3, 35, 32, 27, 20, 21, 33, 18, 11, 12, 14, 15, 28, 22, 23, 31, 26, 0, 13, 16, 25, 24, 5];2408.0
[10, 9, 13, 2, 4, 31, 35, 32, 23, 20, 22, 28, 29, 27, 21, 33, 34, 5, 8, 11, 0, 26, 1, 3, 16, 15, 14, 12, 6, 7, 30, 25, 24, 18, 19, 17];2193.0
[15, 11, 10, 9, 34, 8, 13, 0, 1, 32, 29, 31, 35, 2, 3, 26, 27, 30, 28, 22, 23, 25, 24, 19, 20, 21, 33, 18, 17, 12, 7, 6, 4, 5, 14, 16];1844.0
[21, 33, 18, 17, 10, 9, 8, 13, 26, 25, 24, 19, 12, 5, 34, 7, 6, 29, 22, 28, 31, 3, 0, 11, 14, 16, 15, 1, 2, 4, 32, 35, 30, 27, 20, 23];2001.0
[9, 0, 1, 2, 3, 11, 10, 33, 18, 14, 15, 16, 28, 22, 23, 21, 20, 27, 25, 24, 19, 17, 8, 5, 13, 12, 7, 6, 4, 29, 31, 35, 32, 30, 26, 34];2195.0
[14, 15, 26, 29, 28, 22, 21, 33, 10, 9, 13, 32, 4, 5, 34, 8, 11, 12, 7, 6, 30, 27, 23, 19, 18, 17, 0, 1, 3, 25, 24, 20, 31, 35, 2, 16];2143.0
[1, 3, 0, 16, 26, 25, 24, 17, 13, 12, 34, 8, 9, 14, 15, 11, 10, 33, 18, 19, 23, 27, 31, 4, 5, 6, 7, 32, 35, 2, 20, 21, 22, 28, 29, 30];1881.0
[5, 34, 8, 7, 4, 2, 16, 15, 14, 11, 13, 0, 1, 3, 25, 24, 20, 21, 19, 33, 22, 23, 27, 28, 29, 12, 6, 32, 30, 17, 18, 10, 9, 26, 31, 35];2239.0
[10, 33, 18, 0, 26, 25, 17, 34, 9, 12, 8, 13, 35, 32, 29, 31, 4, 5, 7, 6, 2, 3, 1, 30, 27, 23, 24, 19, 21, 20, 22, 28, 15, 16, 14, 11];2099.0
[19, 20, 22, 28, 31, 35, 2, 4, 34, 8, 12, 5, 6, 7, 11, 14, 15, 1, 3, 0, 16, 26, 25, 24, 27, 23, 10, 9, 13, 32, 29, 30, 21, 33, 18, 17];1968.0
[20, 21, 33, 12, 6, 7, 2, 3, 0, 26, 29, 31, 30, 1, 35, 4, 32, 23, 17, 34, 8, 5, 11, 14, 15, 16, 19, 18, 10, 9, 13, 25, 24, 27, 28, 22];2229.0
[24, 17, 10, 9, 27, 31, 35, 32, 30, 1, 3, 13, 12, 34, 8, 11, 0, 20, 22, 28, 29, 23, 21, 19, 33, 18, 5, 7, 6, 4, 2, 16, 14, 15, 26, 25];2049.0
[26, 14, 15, 16, 1, 4, 6, 7, 5, 34, 12, 8, 9, 11, 13, 25, 24, 22, 28, 29, 30, 27, 31, 32, 35, 2, 3, 0, 18, 19, 17, 10, 33, 21, 20, 23];1934.0
[9, 11, 10, 33, 18, 19, 27, 31, 32, 35, 2, 16, 14, 15, 13, 12, 7, 6, 4, 3, 0, 1, 30, 26, 25, 20, 21, 22, 28, 29, 23, 24, 17, 34, 5, 8];1932.0
[25, 24, 20, 22, 23, 21, 19, 33, 10, 9, 28, 29, 30, 18, 17, 34, 8, 6, 7, 5, 13, 0, 1, 3, 16, 15, 14, 11, 12, 4, 32, 27, 31, 35, 2, 26];2121.0
[30, 2, 3, 1, 24, 27, 31, 35, 32, 4, 7, 5, 6, 18, 17, 16, 15, 14, 11, 12, 34, 8, 9, 10, 33, 13, 0, 26, 25, 19, 23, 20, 21, 22, 28, 29];2080.0
[3, 0, 12, 6, 4, 7, 5, 8, 9, 10, 33, 18, 17, 34, 11, 15, 14, 16, 27, 23, 21, 20, 22, 28, 29, 30, 26, 1, 32, 31, 35, 2, 25, 24, 19, 13];2014.0
[2, 4, 27, 22, 28, 29, 1, 3, 34, 8, 9, 13, 0, 16, 15, 14, 11, 12, 5, 25, 24, 20, 21, 19, 18, 7, 6, 30, 26, 17, 10, 33, 23, 31, 35, 32];2192.0
[19, 20, 21, 22, 23, 28, 29, 30, 26, 13, 0, 25, 24, 27, 31, 32, 4, 5, 6, 7, 34, 9, 10, 33, 18, 17, 11, 12, 8, 1, 35, 2, 3, 14, 15, 16];1896.0
[5, 6, 31, 35, 32, 30, 25, 24, 20, 21, 33, 18, 13, 11, 12, 34, 26, 27, 28, 29, 22, 23, 19, 17, 10, 9, 8, 7, 3, 0, 15, 14, 16, 1, 2, 4];2040.0
[11, 14, 15, 16, 0, 1, 35, 32, 29, 31, 30, 28, 22, 20, 23, 12, 5, 6, 4, 27, 21, 33, 18, 10, 9, 34, 8, 7, 2, 3, 13, 26, 25, 24, 19, 17];2093.0
[24, 20, 21, 22, 27, 28, 29, 31, 2, 4, 3, 16, 26, 25, 17, 10, 33, 19, 18, 13, 0, 34, 8, 9, 11, 12, 5, 6, 7, 14, 15, 1, 35, 32, 30, 23];1877.0
[28, 29, 16, 15, 14, 25, 24, 20, 21, 12, 5, 6, 4, 7, 32, 23, 27, 31, 30, 1, 35, 2, 3, 0, 19, 17, 10, 33, 18, 9, 11, 13, 34, 8, 26, 22];2262.0
[24, 17, 1, 2, 4, 5, 34, 8, 9, 0, 13, 16, 15, 14, 11, 10, 20, 21, 22, 23, 27, 30, 26, 28, 29, 31, 35, 3, 25, 19, 33, 18, 12, 7, 6, 32];2063.0
[12, 7, 5, 6, 32, 30, 27, 28, 22, 21, 20, 23, 24, 19, 17, 10, 33, 18, 16, 26, 25, 29, 31, 35, 2, 4, 8, 34, 9, 11, 14, 15, 1, 3, 0, 13];1845.0
[9, 8, 5, 7, 34, 13, 1, 30, 27, 23, 20, 21, 33, 18, 22, 24, 19, 17, 26, 25, 29, 28, 31, 35, 32, 4, 0, 16, 15, 12, 6, 2, 3, 14, 11, 10];2206.0
[14, 15, 11, 12, 5, 13, 26, 27, 28, 31, 35, 4, 6, 7, 32, 2, 3, 1, 25, 24, 29, 30, 17, 10, 33, 18, 20, 22, 23, 21, 19, 34, 8, 9, 0, 16];2040.0
[24, 19, 6, 7, 5, 9, 10, 33, 34, 8, 14, 15, 1, 4, 32, 31, 35, 2, 3, 16, 0, 25, 20, 21, 18, 17, 11, 12, 13, 27, 23, 22, 28, 29, 30, 26];2243.0
[1, 32, 35, 4, 7, 5, 13, 26, 25, 17, 10, 9, 11, 14, 24, 33, 18, 19, 22, 28, 29, 30, 27, 23, 21, 20, 31, 12, 34, 8, 6, 2, 3, 0, 15, 16];2072.0
[27, 23, 20, 22, 28, 29, 31, 4, 5, 8, 26, 25, 24, 35, 2, 7, 6, 32, 30, 1, 3, 12, 34, 9, 10, 33, 21, 19, 17, 18, 11, 15, 14, 16, 13, 0];2109.0
[22, 23, 20, 21, 10, 33, 18, 19, 17, 26, 27, 30, 28, 29, 31, 4, 6, 7, 5, 11, 13, 14, 15, 16, 1, 32, 35, 2, 3, 0, 12, 34, 8, 9, 25, 24];1902.0
[34, 8, 7, 5, 6, 4, 32, 30, 25, 24, 20, 22, 23, 27, 28, 29, 31, 35, 2, 3, 0, 1, 21, 33, 10, 9, 11, 13, 14, 15, 16, 26, 19, 18, 17, 12];1863.0
[29, 22, 23, 17, 10, 26, 25, 24, 21, 20, 27, 31, 35, 2, 4, 5, 13, 16, 1, 3, 19, 33, 18, 11, 14, 15, 12, 6, 7, 34, 8, 9, 0, 32, 30, 28];2171.0
[31, 30, 26, 16, 0, 13, 1, 32, 35, 2, 3, 4, 34, 8, 11, 14, 15, 25, 24, 33, 17, 10, 9, 12, 5, 6, 7, 18, 19, 21, 20, 22, 23, 27, 28, 29];1917.0
[20, 22, 21, 10, 9, 13, 28, 29, 30, 26, 15, 16, 14, 11, 0, 1, 3, 35, 32, 2, 4, 27, 23, 24, 17, 34, 8, 12, 7, 5, 6, 31, 25, 19, 33, 18];2149.0
[4, 7, 6, 3, 32, 29, 30, 16, 15, 11, 10, 8, 9, 26, 25, 19, 18, 22, 28, 0, 12, 5, 34, 13, 14, 24, 20, 31, 35, 27, 23, 21, 33, 17, 1, 2];2473.0
[14, 12, 34, 8, 9, 1, 3, 0, 26, 28, 29, 35, 32, 25, 24, 31, 4, 7, 5, 6, 2, 16, 15, 10, 33, 20, 23, 30, 27, 22, 21, 18, 19, 17, 11, 13];2209.0
[33, 11, 13, 0, 24, 17, 18, 19, 28, 29, 31, 35, 32, 30, 15, 14, 16, 26, 22, 23, 27, 1, 2, 3, 25, 20, 21, 12, 5, 7, 6, 4, 34, 8, 9, 10];2166.0
[12, 11, 10, 33, 18, 20, 21, 19, 17, 13, 0, 15, 14, 16, 26, 25, 24, 31, 35, 34, 9, 8, 5, 6, 7, 2, 4, 32, 27, 22, 23, 28, 29, 30, 1, 3];2011.0
[19, 33, 18, 11, 14, 26, 25, 24, 17, 10, 9, 13, 28, 29, 12, 34, 8, 35, 32, 31, 2, 4, 5, 7, 6, 3, 0, 16, 15, 1, 30, 27, 22, 23, 20, 21];2079.0
