ftv64
[13, 16, 2, 4, 34, 57, 6, 58, 56, 53, 55, 33, 64, 38, 3, 60, 10, 36, 8, 39, 5, 7, 42, 11, 45, 43, 44, 12, 35, 20, 21, 19, 46, 0, 1, 37, 28, 27, 26, 18, 17, 48, 22, 30, 31, 62, 52, 51, 24, 23, 49, 59, 25, 63, 29, 32, 50, 54, 61, 15, 14, 47, 40, 41, 9];2841.0;3173.15;2.541777795E7;116.0;161974.0;40.0
[27, 19, 46, 16, 17, 15, 41, 9, 36, 8, 40, 47, 5, 7, 13, 20, 48, 21, 49, 59, 25, 33, 2, 4, 56, 64, 32, 29, 63, 55, 31, 62, 30, 61, 1, 37, 52, 51, 24, 39, 6, 58, 34, 38, 3, 0, 18, 50, 26, 22, 23, 35, 12, 44, 11, 45, 42, 43, 60, 10, 14, 57, 53, 54, 28];3257.0
[61, 15, 13, 60, 10, 14, 47, 5, 57, 62, 51, 59, 63, 29, 32, 28, 21, 48, 20, 46, 45, 42, 43, 36, 8, 1, 3, 37, 2, 0, 17, 16, 18, 52, 30, 24, 25, 19, 12, 44, 11, 6, 58, 4, 39, 7, 40, 41, 9, 35, 23, 49, 22, 55, 33, 64, 38, 56, 34, 53, 31, 27, 26, 50, 54];3212.0
[4, 62, 51, 24, 23, 35, 20, 0, 50, 55, 33, 64, 3, 18, 16, 17, 36, 7, 5, 10, 60, 14, 47, 39, 6, 57, 58, 27, 22, 59, 21, 12, 43, 41, 9, 42, 11, 13, 15, 61, 28, 52, 30, 54, 1, 37, 26, 53, 31, 32, 29, 25, 19, 46, 45, 8, 40, 44, 48, 49, 63, 34, 56, 38, 2];3307.0
[20, 21, 19, 46, 45, 7, 60, 18, 17, 16, 13, 10, 42, 43, 41, 9, 52, 62, 30, 1, 37, 64, 2, 3, 14, 47, 5, 36, 8, 40, 44, 11, 61, 28, 50, 54, 27, 26, 23, 24, 51, 33, 57, 4, 39, 6, 58, 34, 56, 38, 0, 15, 12, 35, 49, 22, 59, 25, 63, 55, 53, 31, 32, 29, 48];2896.0
[1, 57, 58, 4, 36, 40, 41, 60, 64, 38, 2, 18, 16, 17, 37, 3, 15, 14, 47, 39, 5, 6, 8, 7, 27, 26, 33, 56, 34, 54, 19, 12, 44, 11, 42, 45, 35, 20, 21, 48, 49, 23, 22, 59, 25, 63, 29, 32, 0, 13, 46, 43, 9, 10, 50, 52, 31, 62, 24, 51, 30, 53, 55, 28, 61];2952.0
[31, 54, 15, 36, 8, 0, 1, 37, 2, 4, 6, 39, 40, 44, 11, 20, 19, 45, 12, 43, 41, 14, 47, 5, 7, 60, 50, 52, 30, 53, 28, 61, 64, 56, 38, 34, 57, 58, 32, 51, 24, 23, 59, 26, 63, 55, 33, 3, 46, 42, 9, 10, 13, 16, 17, 18, 21, 35, 48, 49, 22, 25, 27, 29, 62];3147.0
[53, 62, 24, 25, 23, 35, 20, 19, 45, 12, 44, 11, 10, 36, 8, 27, 59, 26, 46, 14, 47, 7, 60, 15, 61, 50, 29, 33, 56, 38, 3, 0, 52, 51, 30, 31, 32, 54, 28, 18, 16, 17, 13, 43, 41, 9, 40, 6, 58, 34, 1, 37, 64, 2, 4, 39, 5, 42, 21, 48, 49, 22, 63, 55, 57];2982.0
[13, 16, 2, 4, 34, 57, 6, 58, 56, 53, 55, 33, 64, 38, 3, 60, 10, 36, 8, 39, 5, 7, 42, 11, 45, 43, 44, 12, 35, 20, 21, 19, 46, 0, 1, 37, 28, 27, 26, 18, 17, 48, 22, 30, 31, 62, 52, 51, 24, 23, 49, 59, 25, 63, 29, 32, 50, 54, 61, 15, 14, 47, 40, 41, 9];2841.0
[27, 48, 49, 59, 24, 22, 23, 35, 20, 19, 13, 46, 11, 45, 12, 44, 42, 43, 60, 14, 47, 5, 6, 57, 58, 56, 32, 25, 26, 21, 36, 40, 41, 9, 10, 15, 52, 53, 62, 31, 28, 1, 37, 3, 17, 18, 16, 64, 34, 4, 39, 8, 7, 61, 63, 29, 54, 50, 51, 30, 55, 33, 38, 2, 0];2981.0
[34, 53, 62, 26, 46, 42, 11, 14, 47, 10, 60, 51, 24, 25, 29, 4, 39, 36, 8, 7, 40, 9, 13, 16, 17, 18, 61, 0, 28, 52, 30, 31, 55, 33, 56, 41, 44, 49, 22, 23, 59, 63, 32, 50, 54, 38, 5, 6, 57, 58, 2, 3, 1, 37, 27, 21, 48, 35, 20, 45, 19, 12, 43, 15, 64];3366.0
[7, 42, 43, 44, 12, 49, 59, 63, 54, 61, 28, 1, 37, 4, 34, 27, 26, 51, 24, 23, 21, 48, 19, 46, 57, 58, 53, 62, 52, 30, 31, 64, 38, 2, 3, 0, 50, 55, 33, 56, 32, 29, 25, 22, 35, 20, 8, 40, 6, 39, 41, 9, 11, 45, 10, 36, 60, 15, 16, 18, 17, 13, 14, 47, 5];2998.0
[6, 57, 58, 4, 39, 5, 15, 61, 22, 59, 25, 52, 62, 51, 24, 23, 49, 29, 37, 3, 36, 40, 41, 9, 28, 26, 35, 19, 1, 34, 64, 38, 2, 27, 63, 32, 54, 18, 16, 17, 14, 47, 42, 20, 21, 48, 46, 10, 60, 50, 30, 31, 55, 53, 33, 56, 0, 13, 45, 12, 44, 11, 43, 8, 7];3310.0
[13, 16, 17, 18, 50, 55, 33, 22, 35, 19, 6, 4, 56, 64, 42, 11, 45, 14, 47, 57, 58, 34, 32, 54, 3, 0, 61, 28, 29, 25, 63, 39, 7, 8, 60, 27, 26, 46, 15, 1, 37, 38, 2, 5, 36, 40, 41, 44, 20, 21, 49, 30, 53, 31, 62, 52, 51, 24, 59, 23, 48, 12, 43, 9, 10];3393.0
[41, 9, 5, 57, 53, 62, 24, 63, 52, 51, 30, 64, 4, 39, 6, 58, 34, 38, 2, 3, 14, 47, 60, 29, 55, 31, 32, 61, 1, 37, 10, 42, 49, 22, 23, 35, 46, 15, 0, 50, 54, 27, 26, 19, 12, 43, 44, 11, 18, 17, 16, 13, 20, 25, 59, 33, 56, 28, 21, 48, 45, 36, 8, 7, 40];3334.0
[37, 38, 4, 6, 57, 58, 2, 46, 45, 1, 3, 13, 12, 44, 14, 47, 27, 21, 48, 8, 7, 39, 5, 60, 16, 17, 18, 26, 49, 22, 23, 35, 20, 19, 42, 11, 50, 54, 56, 29, 25, 59, 63, 61, 0, 15, 43, 9, 10, 28, 53, 55, 33, 64, 34, 62, 52, 51, 24, 30, 31, 32, 36, 40, 41];3562.0
[20, 51, 30, 24, 35, 12, 43, 44, 45, 13, 16, 17, 1, 64, 38, 15, 60, 36, 41, 9, 18, 50, 32, 54, 14, 6, 39, 5, 0, 61, 28, 29, 53, 62, 52, 31, 2, 3, 37, 26, 49, 22, 23, 48, 21, 19, 46, 8, 40, 47, 7, 27, 59, 25, 63, 55, 33, 56, 34, 57, 58, 4, 10, 42, 11];3241.0
[8, 40, 5, 6, 55, 31, 62, 36, 44, 11, 15, 1, 64, 4, 39, 41, 42, 43, 9, 38, 2, 7, 10, 50, 54, 28, 61, 26, 29, 32, 25, 63, 52, 30, 53, 27, 21, 19, 12, 35, 46, 45, 60, 37, 3, 0, 17, 18, 16, 13, 20, 48, 49, 22, 23, 59, 24, 51, 57, 58, 34, 33, 56, 14, 47];3463.0
[33, 56, 34, 57, 58, 31, 62, 32, 4, 39, 5, 6, 3, 37, 0, 26, 21, 46, 45, 43, 9, 42, 11, 12, 35, 20, 19, 10, 60, 13, 15, 50, 54, 61, 28, 27, 22, 59, 29, 51, 24, 25, 52, 30, 53, 38, 2, 18, 16, 17, 1, 64, 14, 47, 36, 7, 8, 40, 41, 44, 48, 23, 49, 63, 55];2929.0
[53, 55, 33, 38, 3, 37, 50, 54, 1, 64, 34, 56, 2, 4, 6, 57, 58, 62, 51, 19, 46, 15, 26, 21, 35, 20, 42, 12, 44, 45, 10, 36, 40, 41, 8, 7, 39, 5, 13, 16, 18, 17, 43, 9, 11, 61, 28, 27, 59, 25, 22, 24, 23, 48, 49, 63, 52, 31, 32, 29, 0, 14, 47, 60, 30];3247.0
[44, 11, 45, 10, 7, 6, 5, 60, 15, 0, 61, 50, 29, 25, 23, 35, 20, 49, 63, 52, 62, 53, 18, 17, 16, 13, 14, 47, 1, 37, 28, 19, 36, 8, 40, 27, 26, 32, 54, 64, 57, 58, 34, 56, 22, 59, 30, 31, 55, 2, 3, 46, 12, 43, 9, 42, 21, 48, 24, 51, 33, 38, 4, 39, 41];3368.0
[9, 20, 21, 49, 22, 23, 48, 35, 12, 43, 41, 44, 11, 45, 42, 13, 16, 17, 18, 55, 33, 57, 53, 31, 56, 39, 10, 15, 0, 61, 1, 37, 34, 25, 63, 29, 32, 54, 27, 26, 19, 46, 60, 30, 62, 52, 51, 24, 59, 28, 50, 64, 38, 4, 5, 6, 58, 2, 3, 14, 47, 36, 7, 8, 40];3053.0
[9, 16, 17, 18, 63, 29, 64, 34, 57, 58, 56, 38, 2, 4, 31, 62, 52, 30, 53, 55, 33, 32, 28, 61, 50, 54, 27, 48, 20, 19, 46, 13, 15, 0, 3, 1, 37, 26, 21, 12, 44, 14, 5, 7, 60, 10, 36, 8, 40, 41, 47, 39, 6, 24, 51, 49, 59, 25, 22, 23, 35, 45, 11, 42, 43];2993.0
[13, 12, 44, 50, 54, 32, 52, 30, 53, 31, 62, 51, 24, 25, 22, 23, 49, 18, 16, 17, 47, 7, 36, 8, 40, 41, 42, 43, 9, 10, 0, 1, 64, 38, 2, 3, 14, 5, 60, 15, 61, 28, 27, 19, 46, 11, 45, 20, 21, 35, 48, 59, 29, 55, 4, 39, 6, 37, 26, 63, 33, 34, 56, 57, 58];3071.0
[15, 50, 30, 31, 32, 36, 8, 7, 40, 41, 9, 28, 27, 26, 63, 29, 62, 52, 53, 55, 33, 64, 38, 2, 18, 17, 16, 43, 44, 20, 19, 37, 3, 0, 61, 1, 57, 4, 39, 5, 6, 58, 34, 56, 54, 21, 49, 23, 48, 12, 35, 51, 24, 25, 22, 59, 46, 42, 11, 45, 60, 10, 13, 14, 47];3097.0
[62, 30, 33, 39, 7, 5, 6, 57, 58, 32, 54, 17, 46, 60, 15, 0, 1, 2, 4, 56, 29, 52, 51, 24, 27, 26, 21, 48, 49, 63, 50, 18, 16, 13, 14, 47, 8, 40, 44, 12, 35, 23, 55, 38, 3, 10, 36, 41, 45, 19, 43, 9, 42, 11, 20, 22, 59, 25, 28, 61, 37, 64, 34, 31, 53];3316.0
[12, 49, 29, 55, 33, 52, 51, 24, 22, 23, 35, 10, 7, 36, 8, 40, 41, 64, 56, 32, 26, 48, 59, 25, 46, 43, 9, 14, 39, 47, 5, 6, 4, 57, 58, 34, 38, 2, 3, 27, 19, 20, 21, 63, 31, 62, 30, 53, 54, 28, 1, 37, 50, 61, 0, 15, 16, 18, 17, 13, 60, 42, 44, 11, 45];3144.0
[62, 53, 32, 54, 18, 16, 17, 61, 25, 63, 55, 2, 0, 23, 49, 59, 33, 64, 38, 3, 27, 26, 22, 51, 30, 24, 19, 12, 44, 60, 15, 57, 58, 4, 39, 7, 8, 14, 47, 5, 6, 34, 56, 21, 48, 35, 20, 36, 40, 41, 43, 9, 42, 11, 10, 13, 46, 45, 1, 37, 28, 50, 29, 52, 31];3143.0
[37, 4, 39, 41, 9, 43, 50, 26, 21, 48, 49, 59, 25, 19, 10, 36, 7, 8, 40, 57, 33, 56, 54, 28, 27, 12, 44, 11, 35, 23, 22, 63, 55, 32, 29, 52, 24, 51, 61, 16, 17, 18, 0, 1, 64, 34, 62, 30, 53, 31, 38, 2, 15, 42, 45, 20, 46, 60, 13, 14, 47, 5, 6, 58, 3];3252.0
[59, 55, 38, 4, 6, 39, 5, 7, 13, 16, 18, 17, 30, 62, 53, 31, 33, 57, 58, 32, 54, 12, 44, 11, 60, 64, 34, 56, 50, 28, 27, 21, 35, 23, 29, 52, 24, 51, 25, 63, 26, 19, 46, 45, 10, 40, 41, 43, 9, 36, 8, 15, 0, 61, 1, 37, 2, 3, 14, 47, 42, 20, 48, 49, 22];3127.0
[37, 4, 36, 8, 40, 7, 47, 14, 39, 5, 6, 2, 19, 46, 45, 42, 11, 12, 44, 48, 35, 20, 21, 51, 24, 23, 49, 63, 55, 33, 34, 56, 64, 38, 57, 58, 3, 17, 16, 18, 0, 61, 27, 26, 52, 53, 32, 28, 50, 25, 22, 59, 29, 62, 30, 31, 54, 41, 43, 9, 10, 60, 13, 15, 1];2992.0
[49, 22, 59, 55, 33, 56, 53, 31, 64, 38, 3, 0, 27, 26, 46, 10, 50, 51, 30, 62, 52, 54, 28, 61, 2, 4, 39, 5, 6, 58, 24, 23, 35, 12, 44, 60, 15, 34, 57, 7, 36, 8, 11, 45, 20, 19, 13, 16, 17, 18, 29, 25, 63, 32, 1, 37, 14, 47, 40, 41, 43, 9, 42, 48, 21];3279.0
[36, 8, 40, 13, 16, 17, 18, 1, 37, 4, 34, 21, 35, 20, 46, 14, 47, 0, 61, 50, 51, 25, 26, 22, 23, 49, 59, 63, 29, 52, 53, 32, 54, 28, 15, 11, 12, 41, 9, 5, 6, 58, 39, 7, 64, 38, 2, 3, 27, 19, 45, 10, 60, 42, 43, 44, 48, 24, 30, 55, 33, 56, 57, 62, 31];3385.0
[46, 45, 42, 11, 1, 37, 2, 4, 39, 27, 26, 21, 19, 20, 14, 47, 5, 6, 57, 58, 32, 54, 61, 64, 34, 56, 38, 3, 28, 50, 29, 51, 24, 23, 35, 12, 44, 48, 49, 30, 62, 52, 25, 63, 55, 53, 31, 33, 22, 59, 36, 8, 40, 41, 9, 43, 0, 18, 17, 16, 15, 10, 7, 60, 13];3081.0
[17, 16, 13, 46, 45, 10, 42, 43, 41, 44, 11, 14, 47, 7, 8, 5, 6, 39, 1, 37, 51, 24, 30, 53, 33, 64, 34, 38, 2, 4, 57, 58, 3, 15, 12, 35, 49, 63, 55, 54, 61, 0, 36, 40, 9, 60, 50, 56, 32, 52, 31, 62, 25, 26, 21, 48, 20, 19, 28, 27, 22, 23, 59, 29, 18];3181.0
[0, 18, 61, 21, 48, 36, 40, 8, 41, 43, 9, 7, 10, 15, 63, 33, 32, 28, 50, 54, 1, 3, 37, 27, 59, 26, 19, 46, 45, 42, 12, 44, 11, 20, 49, 23, 35, 14, 47, 39, 5, 6, 57, 58, 34, 29, 22, 24, 30, 53, 55, 31, 62, 52, 51, 25, 60, 13, 17, 16, 4, 56, 64, 38, 2];3133.0
[14, 47, 7, 60, 0, 1, 57, 58, 5, 6, 56, 64, 34, 38, 2, 50, 55, 31, 32, 54, 28, 16, 13, 46, 45, 42, 11, 12, 44, 48, 49, 29, 18, 17, 61, 51, 24, 59, 25, 23, 22, 63, 30, 62, 52, 53, 33, 3, 36, 8, 40, 41, 10, 15, 27, 26, 21, 35, 20, 19, 37, 4, 39, 43, 9];3279.0
[54, 4, 39, 5, 13, 12, 35, 19, 46, 45, 60, 10, 40, 41, 44, 11, 0, 61, 18, 17, 16, 20, 21, 48, 59, 63, 32, 15, 42, 43, 9, 36, 8, 7, 27, 26, 23, 49, 22, 24, 30, 31, 55, 53, 33, 56, 38, 3, 14, 47, 6, 57, 62, 52, 51, 25, 29, 64, 34, 58, 2, 1, 37, 28, 50];2927.0
[11, 20, 21, 48, 35, 19, 6, 58, 62, 51, 24, 23, 49, 16, 17, 18, 50, 22, 59, 25, 28, 27, 26, 63, 29, 32, 1, 38, 2, 4, 39, 52, 30, 53, 14, 47, 7, 42, 43, 9, 5, 57, 31, 55, 33, 3, 0, 37, 64, 34, 56, 54, 61, 15, 60, 10, 13, 46, 12, 44, 45, 8, 36, 40, 41];3403.0
[19, 16, 17, 64, 34, 56, 54, 61, 18, 1, 37, 38, 4, 58, 2, 3, 0, 40, 41, 44, 11, 45, 15, 50, 55, 33, 32, 28, 27, 63, 29, 52, 24, 51, 25, 59, 26, 23, 49, 22, 35, 48, 21, 46, 10, 13, 60, 14, 47, 36, 7, 8, 39, 5, 6, 57, 62, 30, 53, 31, 43, 9, 42, 12, 20];3100.0
[24, 30, 53, 31, 62, 51, 35, 20, 8, 5, 6, 4, 39, 42, 48, 49, 21, 46, 45, 12, 9, 43, 44, 11, 36, 40, 41, 0, 38, 3, 16, 13, 60, 15, 52, 55, 33, 56, 64, 34, 57, 58, 2, 18, 17, 27, 26, 19, 10, 14, 47, 7, 50, 54, 28, 61, 1, 37, 32, 25, 63, 29, 22, 59, 23];3184.0
