ftv44
[43, 11, 12, 13, 15, 17, 4, 6, 41, 5, 0, 21, 19, 20, 10, 7, 9, 8, 40, 34, 35, 1, 2, 31, 30, 32, 36, 37, 44, 3, 39, 38, 33, 27, 28, 29, 24, 25, 26, 42, 23, 22, 18, 16, 14];1923.0;2270.1923076923076;9637794.461538462;106.0;64459.0;104.0
[19, 1, 2, 0, 21, 36, 34, 35, 31, 30, 29, 22, 14, 12, 13, 23, 24, 27, 33, 37, 38, 4, 6, 41, 39, 44, 3, 5, 20, 43, 11, 10, 7, 8, 9, 40, 32, 28, 25, 26, 42, 18, 16, 15, 17];2235.0
[44, 3, 4, 6, 8, 9, 40, 39, 38, 35, 28, 25, 27, 33, 34, 41, 11, 12, 16, 0, 1, 5, 2, 30, 29, 26, 24, 22, 18, 42, 23, 14, 19, 21, 43, 13, 15, 17, 20, 7, 10, 31, 32, 36, 37];2311.0
[28, 36, 37, 39, 38, 33, 27, 34, 44, 3, 20, 10, 43, 11, 7, 9, 8, 40, 6, 41, 4, 5, 1, 2, 29, 23, 24, 42, 22, 18, 16, 31, 32, 35, 12, 13, 15, 17, 14, 19, 21, 0, 30, 25, 26];2363.0
[40, 34, 35, 14, 43, 10, 11, 12, 13, 0, 4, 6, 7, 15, 23, 22, 1, 2, 5, 30, 29, 24, 20, 9, 8, 41, 39, 44, 3, 32, 28, 25, 26, 42, 18, 16, 17, 19, 21, 31, 33, 27, 36, 37, 38];2496.0
[14, 19, 33, 34, 44, 3, 4, 6, 7, 9, 40, 39, 38, 35, 1, 2, 0, 21, 43, 10, 11, 12, 13, 17, 20, 8, 41, 31, 30, 29, 36, 37, 5, 15, 16, 18, 27, 32, 28, 25, 26, 24, 42, 23, 22];2451.0
[39, 44, 3, 4, 6, 41, 31, 30, 22, 18, 16, 17, 19, 1, 35, 32, 36, 34, 37, 38, 2, 5, 0, 21, 43, 12, 11, 13, 15, 42, 23, 24, 26, 25, 27, 33, 28, 29, 14, 20, 10, 7, 9, 8, 40];2233.0
[13, 21, 0, 1, 44, 3, 4, 6, 41, 39, 38, 26, 42, 22, 23, 28, 30, 29, 24, 25, 27, 33, 34, 35, 2, 5, 31, 32, 36, 37, 40, 9, 8, 7, 10, 15, 18, 16, 17, 14, 19, 20, 43, 11, 12];2107.0
[32, 36, 37, 40, 41, 6, 7, 10, 43, 11, 12, 13, 15, 23, 14, 19, 2, 3, 4, 5, 0, 33, 27, 28, 29, 25, 26, 42, 20, 9, 8, 34, 31, 30, 24, 22, 18, 16, 17, 21, 1, 44, 39, 38, 35];2269.0
[29, 24, 25, 26, 27, 28, 32, 35, 19, 18, 42, 23, 22, 21, 0, 33, 34, 36, 37, 38, 44, 3, 4, 6, 41, 39, 43, 11, 12, 13, 14, 20, 8, 40, 9, 7, 10, 15, 16, 17, 1, 2, 5, 31, 30];2124.0
[1, 5, 15, 17, 23, 27, 33, 34, 30, 22, 18, 16, 14, 21, 19, 12, 13, 20, 9, 6, 41, 39, 38, 4, 2, 35, 32, 25, 26, 28, 36, 37, 44, 3, 10, 43, 11, 7, 8, 40, 29, 24, 42, 0, 31];2612.0
[42, 23, 22, 18, 16, 14, 19, 21, 32, 36, 37, 38, 4, 6, 41, 5, 0, 1, 2, 44, 3, 39, 40, 9, 8, 12, 13, 15, 17, 33, 34, 35, 43, 11, 10, 20, 7, 31, 30, 29, 27, 28, 25, 26, 24];2206.0
[12, 13, 15, 21, 19, 0, 33, 34, 35, 31, 30, 25, 27, 32, 28, 29, 22, 18, 16, 17, 24, 26, 42, 23, 14, 43, 11, 10, 7, 8, 41, 6, 39, 36, 37, 38, 1, 2, 5, 20, 9, 40, 44, 3, 4];2322.0
[0, 1, 44, 3, 4, 6, 10, 11, 12, 13, 14, 19, 20, 7, 8, 9, 40, 39, 41, 5, 2, 32, 36, 37, 38, 33, 34, 35, 21, 43, 16, 17, 31, 30, 29, 25, 27, 28, 26, 24, 23, 22, 15, 18, 42];2252.0
[23, 18, 16, 11, 12, 13, 31, 30, 29, 25, 26, 27, 33, 37, 38, 44, 3, 41, 39, 34, 35, 24, 42, 28, 32, 36, 4, 5, 43, 10, 0, 1, 2, 20, 9, 8, 40, 6, 7, 15, 17, 14, 21, 19, 22];2411.0
[30, 29, 15, 17, 23, 22, 18, 42, 24, 26, 25, 28, 32, 36, 34, 37, 38, 3, 6, 9, 8, 40, 33, 27, 35, 1, 2, 0, 21, 20, 7, 43, 11, 10, 12, 13, 16, 14, 19, 44, 39, 41, 4, 5, 31];2212.0
[6, 7, 10, 30, 29, 24, 18, 13, 20, 9, 8, 40, 27, 26, 25, 28, 36, 37, 38, 44, 3, 4, 15, 16, 17, 42, 23, 22, 19, 0, 21, 14, 43, 11, 12, 39, 41, 5, 1, 2, 31, 32, 33, 34, 35];2511.0
[6, 9, 8, 40, 39, 44, 3, 4, 5, 21, 19, 18, 16, 31, 29, 26, 25, 28, 37, 38, 35, 32, 20, 7, 43, 11, 12, 13, 15, 17, 23, 22, 14, 10, 0, 1, 2, 30, 24, 42, 27, 33, 34, 36, 41];2303.0
[16, 17, 19, 21, 0, 31, 30, 29, 24, 42, 23, 22, 43, 12, 13, 1, 5, 2, 44, 3, 4, 20, 7, 10, 11, 14, 35, 32, 36, 37, 38, 28, 25, 26, 27, 33, 34, 39, 40, 9, 8, 41, 6, 15, 18];2163.0
[29, 20, 7, 8, 9, 11, 10, 14, 1, 2, 5, 21, 43, 12, 15, 13, 31, 32, 36, 37, 44, 3, 41, 4, 6, 38, 33, 27, 26, 42, 23, 24, 22, 19, 0, 39, 40, 34, 35, 30, 18, 16, 17, 25, 28];2483.0
[28, 25, 26, 42, 9, 8, 40, 34, 36, 37, 31, 1, 2, 4, 6, 41, 24, 23, 22, 18, 16, 17, 15, 14, 0, 30, 29, 43, 11, 44, 39, 38, 3, 5, 21, 19, 20, 7, 10, 12, 13, 32, 35, 33, 27];2480.0
[14, 19, 21, 0, 1, 2, 31, 30, 29, 25, 26, 27, 28, 32, 36, 37, 38, 44, 3, 5, 22, 18, 16, 17, 42, 23, 24, 33, 34, 35, 20, 8, 9, 40, 39, 41, 4, 6, 7, 10, 43, 11, 12, 13, 15];2007.0
[35, 32, 28, 22, 18, 42, 23, 25, 26, 27, 15, 16, 17, 39, 38, 31, 30, 29, 24, 43, 11, 10, 14, 20, 19, 21, 0, 1, 2, 4, 5, 44, 3, 41, 6, 12, 13, 7, 9, 8, 40, 33, 34, 36, 37];2378.0
[9, 8, 40, 39, 41, 6, 7, 10, 43, 11, 12, 1, 2, 4, 5, 0, 31, 30, 29, 25, 26, 27, 28, 32, 37, 38, 44, 3, 19, 23, 24, 42, 22, 18, 16, 17, 15, 13, 14, 21, 33, 34, 36, 35, 20];2093.0
[4, 20, 9, 8, 0, 30, 29, 25, 28, 26, 27, 33, 34, 21, 11, 16, 18, 42, 24, 23, 22, 43, 12, 13, 19, 36, 37, 38, 32, 35, 31, 39, 40, 41, 6, 7, 10, 14, 15, 17, 1, 5, 2, 44, 3];2386.0
[4, 5, 0, 21, 20, 7, 9, 40, 34, 32, 36, 35, 19, 11, 12, 13, 1, 2, 26, 25, 27, 33, 37, 38, 44, 3, 39, 28, 18, 16, 14, 15, 17, 24, 42, 23, 22, 31, 30, 29, 43, 10, 8, 41, 6];2528.0
[9, 40, 41, 5, 20, 13, 15, 12, 16, 17, 14, 19, 21, 0, 31, 29, 24, 23, 22, 18, 42, 27, 33, 34, 37, 38, 39, 32, 35, 1, 44, 3, 2, 30, 26, 25, 28, 36, 4, 6, 43, 11, 10, 7, 8];2308.0
[24, 23, 22, 19, 31, 30, 29, 25, 26, 42, 18, 16, 43, 12, 13, 37, 38, 44, 3, 4, 6, 11, 10, 20, 7, 9, 8, 40, 39, 41, 15, 17, 14, 21, 0, 1, 2, 5, 35, 32, 27, 33, 36, 34, 28];2324.0
[17, 15, 13, 14, 19, 21, 0, 1, 2, 5, 20, 9, 7, 43, 10, 11, 12, 33, 27, 28, 26, 42, 23, 24, 25, 32, 36, 37, 44, 3, 4, 6, 8, 40, 38, 41, 39, 34, 35, 31, 30, 29, 22, 18, 16];2079.0
[7, 8, 9, 15, 17, 14, 21, 0, 19, 42, 22, 18, 16, 43, 12, 13, 23, 24, 26, 27, 33, 34, 31, 20, 10, 11, 1, 44, 3, 4, 5, 2, 30, 29, 25, 28, 37, 38, 35, 32, 36, 39, 40, 41, 6];2314.0
[28, 25, 26, 27, 33, 32, 34, 36, 37, 38, 44, 3, 5, 20, 10, 0, 1, 2, 4, 6, 13, 15, 12, 16, 17, 18, 42, 23, 22, 14, 19, 21, 43, 11, 7, 9, 8, 40, 41, 39, 35, 31, 30, 29, 24];2044.0
[34, 36, 37, 35, 1, 2, 44, 39, 27, 26, 42, 23, 24, 25, 28, 29, 15, 12, 13, 30, 22, 18, 16, 17, 43, 11, 10, 7, 14, 20, 9, 8, 40, 41, 6, 38, 3, 4, 5, 21, 19, 0, 31, 32, 33];2151.0
[24, 22, 18, 27, 33, 34, 43, 12, 13, 11, 10, 7, 9, 21, 19, 14, 15, 16, 17, 31, 32, 35, 1, 2, 5, 20, 8, 40, 6, 41, 39, 36, 37, 38, 44, 3, 4, 0, 30, 29, 28, 25, 26, 42, 23];2284.0
[33, 34, 31, 19, 20, 8, 40, 44, 3, 39, 38, 35, 32, 28, 30, 29, 36, 37, 4, 6, 41, 7, 9, 43, 11, 12, 13, 10, 15, 16, 18, 42, 23, 22, 14, 21, 0, 1, 2, 5, 17, 24, 26, 25, 27];2196.0
[3, 4, 30, 25, 26, 28, 32, 33, 27, 29, 23, 24, 42, 22, 14, 20, 7, 9, 8, 39, 40, 41, 6, 10, 43, 11, 12, 13, 19, 0, 1, 2, 5, 21, 15, 18, 16, 17, 31, 38, 35, 36, 34, 37, 44];2183.0
[29, 33, 27, 26, 42, 20, 7, 8, 41, 6, 39, 38, 3, 4, 5, 0, 19, 10, 43, 11, 12, 13, 14, 21, 1, 2, 31, 22, 23, 24, 25, 28, 34, 35, 32, 36, 37, 44, 40, 9, 15, 18, 16, 17, 30];2257.0
[7, 8, 9, 40, 6, 41, 39, 38, 30, 29, 24, 42, 28, 32, 36, 37, 10, 43, 11, 12, 13, 15, 23, 22, 21, 1, 2, 5, 44, 3, 4, 0, 31, 25, 26, 27, 33, 34, 35, 19, 18, 16, 17, 14, 20];2227.0
[23, 24, 18, 16, 43, 11, 9, 40, 39, 36, 37, 38, 35, 1, 44, 3, 4, 5, 2, 0, 19, 21, 20, 8, 41, 6, 7, 10, 33, 27, 34, 32, 28, 26, 25, 42, 22, 14, 31, 30, 29, 15, 12, 13, 17];2473.0
[38, 44, 3, 4, 5, 20, 9, 8, 39, 40, 34, 33, 27, 28, 41, 6, 7, 10, 11, 32, 36, 37, 35, 31, 0, 21, 30, 29, 25, 26, 24, 42, 18, 16, 43, 12, 13, 15, 17, 23, 22, 14, 19, 1, 2];2261.0
[19, 21, 0, 5, 1, 2, 4, 6, 41, 38, 44, 39, 35, 31, 30, 29, 24, 18, 16, 17, 20, 9, 8, 40, 34, 33, 27, 26, 42, 25, 28, 32, 36, 37, 3, 7, 43, 11, 10, 12, 13, 14, 15, 23, 22];2122.0
[16, 17, 15, 20, 10, 11, 1, 2, 5, 0, 19, 21, 31, 30, 25, 32, 35, 28, 24, 23, 14, 3, 4, 6, 41, 7, 8, 9, 43, 12, 13, 42, 26, 27, 33, 44, 39, 40, 36, 34, 37, 38, 29, 22, 18];2568.0
[43, 11, 12, 13, 15, 17, 4, 6, 41, 5, 0, 21, 19, 20, 10, 7, 9, 8, 40, 34, 35, 1, 2, 31, 30, 32, 36, 37, 44, 3, 39, 38, 33, 27, 28, 29, 24, 25, 26, 42, 23, 22, 18, 16, 14];1923.0
[27, 33, 37, 38, 3, 4, 20, 11, 10, 7, 9, 8, 40, 36, 34, 35, 21, 43, 12, 13, 15, 16, 17, 23, 24, 42, 25, 28, 32, 44, 6, 41, 39, 31, 30, 22, 18, 14, 19, 1, 2, 5, 0, 29, 26];2309.0
[1, 2, 5, 20, 8, 34, 35, 31, 30, 29, 24, 22, 14, 19, 3, 4, 6, 39, 40, 41, 7, 9, 10, 12, 13, 15, 17, 18, 16, 23, 25, 27, 33, 36, 37, 38, 44, 32, 28, 26, 42, 43, 11, 21, 0];2313.0
[3, 4, 0, 14, 15, 23, 24, 25, 36, 37, 38, 35, 32, 27, 33, 34, 6, 7, 10, 16, 17, 43, 11, 12, 13, 19, 21, 31, 30, 29, 22, 18, 42, 26, 28, 1, 2, 5, 20, 9, 8, 40, 41, 39, 44];2243.0
[10, 9, 8, 40, 41, 6, 7, 14, 15, 12, 13, 1, 2, 39, 38, 44, 3, 4, 5, 31, 30, 42, 23, 24, 26, 25, 27, 33, 34, 32, 36, 37, 35, 28, 29, 22, 18, 16, 17, 19, 0, 21, 20, 43, 11];1995.0
[0, 31, 1, 2, 44, 3, 4, 9, 8, 40, 34, 33, 36, 37, 38, 39, 41, 6, 7, 43, 11, 10, 12, 13, 23, 24, 26, 42, 25, 27, 28, 32, 35, 30, 29, 22, 18, 16, 17, 15, 14, 19, 20, 21, 5];2121.0
[23, 22, 24, 27, 33, 34, 35, 31, 30, 29, 36, 37, 39, 38, 32, 28, 25, 26, 42, 18, 13, 8, 41, 4, 6, 7, 10, 11, 43, 12, 14, 1, 2, 5, 15, 16, 17, 20, 9, 40, 44, 3, 0, 21, 19];2385.0
[1, 2, 39, 41, 6, 9, 8, 40, 38, 35, 30, 18, 42, 26, 27, 28, 29, 22, 15, 16, 17, 0, 31, 21, 19, 20, 7, 14, 10, 43, 11, 12, 13, 23, 24, 25, 32, 33, 34, 36, 37, 44, 3, 4, 5];2124.0
[14, 10, 43, 11, 7, 9, 8, 40, 39, 38, 35, 32, 27, 33, 34, 19, 18, 16, 17, 15, 24, 28, 36, 37, 44, 3, 4, 6, 41, 5, 20, 12, 13, 21, 0, 1, 2, 31, 30, 29, 25, 26, 42, 23, 22];2070.0
[3, 41, 7, 10, 14, 19, 21, 0, 1, 4, 6, 9, 13, 15, 17, 18, 31, 32, 28, 25, 26, 42, 27, 33, 37, 44, 39, 34, 36, 35, 2, 5, 20, 43, 11, 12, 16, 23, 24, 22, 8, 40, 38, 30, 29];2672.0
[29, 33, 34, 36, 37, 38, 5, 18, 42, 23, 4, 6, 12, 16, 17, 14, 19, 21, 0, 1, 2, 44, 3, 41, 9, 8, 40, 39, 35, 32, 28, 25, 27, 26, 24, 22, 15, 13, 43, 11, 10, 20, 7, 31, 30];2344.0
[24, 23, 22, 18, 16, 43, 11, 7, 8, 40, 9, 12, 13, 0, 1, 2, 39, 35, 32, 36, 37, 38, 44, 3, 41, 4, 6, 5, 20, 10, 14, 33, 34, 27, 28, 25, 26, 42, 15, 17, 19, 21, 31, 30, 29];2203.0
[24, 22, 1, 2, 4, 6, 41, 43, 11, 12, 13, 15, 42, 23, 18, 16, 17, 14, 10, 19, 21, 0, 5, 44, 39, 38, 3, 20, 7, 9, 8, 40, 34, 27, 33, 36, 37, 35, 31, 30, 29, 32, 28, 25, 26];2165.0
[20, 9, 8, 40, 33, 34, 35, 1, 2, 30, 29, 24, 42, 14, 43, 12, 13, 15, 23, 22, 18, 16, 17, 21, 0, 31, 26, 25, 27, 28, 32, 36, 37, 38, 44, 3, 39, 41, 4, 5, 6, 7, 10, 11, 19];2062.0
[37, 5, 0, 21, 31, 30, 29, 24, 42, 18, 12, 13, 15, 16, 17, 23, 25, 26, 27, 28, 22, 14, 19, 1, 2, 44, 3, 41, 4, 6, 7, 10, 43, 11, 20, 9, 8, 40, 39, 38, 35, 32, 33, 34, 36];2013.0
[34, 27, 25, 28, 29, 14, 20, 7, 9, 8, 41, 6, 43, 11, 12, 13, 31, 32, 33, 37, 38, 35, 36, 44, 3, 2, 4, 5, 30, 26, 42, 23, 24, 22, 18, 16, 17, 15, 10, 19, 21, 0, 1, 39, 40];2291.0
[27, 26, 24, 23, 22, 19, 20, 10, 30, 29, 14, 43, 11, 12, 13, 17, 15, 16, 18, 42, 25, 28, 36, 37, 3, 6, 7, 9, 8, 40, 41, 4, 5, 2, 21, 0, 31, 1, 44, 39, 38, 35, 32, 33, 34];2131.0
[21, 19, 18, 16, 17, 43, 11, 12, 13, 14, 20, 7, 8, 9, 10, 15, 22, 42, 23, 24, 25, 26, 32, 36, 34, 37, 44, 40, 39, 38, 35, 33, 27, 28, 30, 29, 31, 1, 2, 3, 6, 41, 4, 5, 0];2099.0
[43, 16, 18, 42, 32, 36, 6, 11, 12, 13, 30, 24, 23, 22, 14, 15, 17, 26, 27, 33, 34, 37, 40, 9, 8, 39, 38, 3, 41, 5, 20, 7, 10, 21, 0, 1, 44, 4, 2, 29, 25, 28, 35, 31, 19];2654.0
[2, 44, 39, 35, 32, 28, 25, 26, 42, 21, 0, 31, 33, 27, 34, 43, 11, 12, 13, 10, 30, 29, 24, 23, 22, 15, 17, 18, 16, 14, 19, 1, 3, 6, 40, 36, 37, 38, 20, 7, 8, 9, 41, 4, 5];2400.0
[36, 35, 0, 19, 43, 11, 10, 21, 32, 33, 34, 26, 42, 23, 22, 14, 20, 7, 9, 15, 17, 24, 25, 27, 28, 30, 29, 18, 16, 12, 13, 31, 37, 38, 44, 39, 3, 41, 4, 5, 1, 2, 6, 8, 40];2507.0
[32, 35, 33, 27, 28, 29, 24, 22, 18, 16, 17, 15, 13, 21, 0, 1, 44, 39, 36, 37, 38, 3, 4, 2, 25, 26, 42, 23, 20, 7, 8, 41, 6, 5, 19, 14, 43, 11, 12, 10, 9, 40, 34, 31, 30];2260.0
[18, 42, 23, 22, 43, 11, 9, 8, 33, 27, 30, 29, 32, 28, 25, 26, 24, 14, 20, 7, 10, 21, 1, 2, 39, 40, 34, 36, 37, 35, 31, 38, 44, 3, 4, 6, 41, 5, 0, 19, 12, 13, 15, 16, 17];2215.0
[22, 18, 16, 17, 43, 11, 12, 13, 0, 1, 2, 30, 29, 25, 26, 42, 23, 19, 31, 32, 36, 3, 6, 10, 7, 9, 8, 41, 4, 5, 21, 20, 14, 15, 24, 27, 33, 34, 37, 38, 44, 39, 40, 35, 28];2254.0
[18, 16, 20, 10, 19, 14, 43, 11, 21, 44, 3, 41, 4, 5, 2, 38, 35, 32, 28, 25, 26, 42, 23, 24, 27, 30, 29, 36, 37, 39, 40, 33, 34, 31, 22, 0, 1, 6, 7, 8, 9, 12, 13, 15, 17];2323.0
[4, 10, 43, 12, 16, 17, 14, 19, 0, 2, 39, 40, 41, 6, 11, 13, 20, 9, 7, 8, 35, 26, 27, 28, 1, 5, 31, 32, 33, 34, 36, 44, 3, 21, 15, 18, 42, 23, 22, 24, 25, 30, 29, 37, 38];2552.0
[15, 13, 19, 18, 42, 24, 28, 32, 37, 38, 44, 39, 40, 9, 23, 22, 14, 20, 10, 0, 1, 2, 35, 31, 30, 29, 25, 26, 27, 33, 34, 36, 3, 6, 7, 8, 41, 4, 5, 21, 43, 11, 12, 16, 17];2250.0
[39, 38, 32, 37, 3, 4, 10, 15, 17, 20, 7, 8, 9, 43, 11, 12, 13, 14, 30, 29, 24, 42, 28, 25, 26, 27, 33, 34, 36, 40, 41, 6, 35, 31, 1, 2, 5, 19, 18, 16, 23, 22, 21, 0, 44];2331.0
[28, 29, 22, 43, 10, 33, 34, 35, 32, 39, 6, 7, 9, 8, 40, 41, 5, 0, 31, 30, 26, 42, 24, 23, 18, 16, 17, 14, 36, 37, 38, 44, 3, 4, 19, 21, 1, 2, 20, 11, 12, 13, 15, 25, 27];2422.0
[29, 22, 11, 10, 15, 17, 23, 24, 34, 36, 37, 44, 3, 0, 21, 31, 32, 33, 27, 28, 25, 26, 42, 18, 16, 43, 12, 13, 14, 19, 20, 7, 9, 8, 40, 39, 6, 41, 4, 5, 1, 2, 38, 35, 30];2110.0
[33, 36, 34, 35, 32, 28, 26, 42, 20, 8, 9, 19, 18, 16, 17, 14, 43, 11, 12, 13, 15, 23, 24, 22, 21, 0, 1, 2, 39, 40, 37, 38, 4, 5, 44, 3, 41, 6, 7, 10, 31, 30, 29, 25, 27];2163.0
[20, 7, 43, 11, 10, 19, 1, 2, 3, 4, 6, 41, 9, 8, 40, 39, 38, 35, 33, 34, 36, 37, 44, 5, 21, 0, 31, 30, 29, 22, 18, 16, 32, 27, 28, 25, 26, 42, 24, 23, 14, 12, 13, 15, 17];2088.0
[10, 15, 18, 16, 17, 23, 24, 42, 43, 12, 13, 14, 31, 30, 29, 26, 25, 27, 33, 34, 36, 37, 40, 9, 8, 39, 44, 3, 41, 4, 6, 38, 35, 32, 28, 22, 0, 1, 2, 5, 21, 19, 20, 7, 11];2156.0
[37, 38, 35, 25, 26, 27, 28, 32, 33, 34, 19, 20, 7, 43, 10, 11, 12, 13, 44, 3, 5, 29, 24, 42, 23, 15, 17, 18, 16, 1, 2, 4, 6, 41, 9, 8, 40, 39, 30, 22, 14, 21, 0, 31, 36];2362.0
[38, 3, 4, 6, 7, 12, 13, 15, 25, 28, 18, 16, 17, 21, 1, 2, 35, 32, 27, 33, 34, 36, 5, 0, 43, 11, 10, 31, 30, 29, 26, 42, 24, 23, 22, 14, 19, 20, 9, 8, 41, 44, 39, 40, 37];2303.0
[12, 13, 31, 30, 25, 27, 33, 34, 28, 26, 24, 42, 23, 22, 20, 8, 9, 7, 10, 32, 36, 37, 6, 11, 15, 17, 14, 19, 21, 3, 41, 4, 5, 0, 1, 2, 44, 40, 39, 38, 35, 29, 18, 16, 43];2417.0
[43, 11, 12, 13, 31, 32, 36, 37, 38, 44, 3, 4, 6, 41, 5, 0, 21, 19, 20, 7, 9, 8, 40, 39, 28, 26, 42, 23, 24, 25, 27, 33, 34, 35, 30, 29, 22, 14, 15, 18, 16, 17, 1, 2, 10];2004.0
[43, 11, 12, 13, 21, 0, 1, 4, 5, 2, 3, 41, 32, 33, 34, 36, 37, 44, 39, 38, 35, 27, 28, 29, 24, 18, 16, 9, 8, 40, 25, 26, 42, 23, 22, 6, 7, 10, 19, 31, 30, 15, 17, 14, 20];2459.0
[40, 41, 39, 38, 44, 3, 4, 5, 1, 2, 30, 26, 27, 33, 34, 36, 37, 35, 0, 21, 43, 11, 12, 13, 15, 17, 42, 18, 16, 31, 32, 28, 29, 22, 14, 19, 20, 9, 8, 6, 7, 10, 23, 24, 25];2349.0
[41, 6, 39, 35, 32, 33, 34, 1, 2, 44, 3, 4, 7, 9, 10, 12, 13, 21, 31, 30, 29, 36, 37, 38, 27, 28, 24, 23, 25, 26, 42, 22, 19, 14, 43, 11, 15, 17, 18, 16, 0, 5, 20, 8, 40];2274.0
[38, 35, 33, 34, 20, 9, 8, 41, 4, 6, 7, 16, 17, 15, 12, 13, 43, 11, 10, 26, 25, 27, 28, 32, 36, 37, 3, 0, 31, 30, 29, 24, 22, 18, 42, 23, 14, 19, 21, 1, 5, 2, 44, 39, 40];2260.0
[21, 0, 44, 3, 39, 35, 33, 34, 31, 1, 2, 5, 30, 29, 25, 27, 28, 26, 24, 18, 42, 23, 22, 15, 12, 13, 32, 36, 37, 38, 4, 43, 11, 10, 14, 19, 20, 7, 9, 8, 40, 41, 6, 16, 17];2246.0
[19, 31, 30, 29, 22, 18, 16, 23, 24, 26, 42, 25, 36, 37, 20, 7, 10, 43, 11, 12, 13, 15, 17, 14, 9, 8, 40, 39, 34, 33, 27, 28, 32, 35, 1, 2, 4, 6, 41, 38, 44, 3, 5, 0, 21];2112.0
[31, 30, 29, 25, 26, 27, 33, 34, 35, 32, 28, 24, 42, 22, 23, 36, 37, 38, 44, 3, 5, 0, 19, 21, 20, 43, 11, 12, 13, 1, 2, 4, 6, 41, 39, 40, 8, 9, 7, 10, 14, 15, 18, 16, 17];2017.0
[1, 5, 2, 30, 25, 26, 42, 23, 24, 27, 28, 22, 18, 16, 17, 15, 12, 13, 31, 29, 36, 37, 44, 39, 32, 33, 34, 35, 14, 43, 11, 9, 8, 40, 41, 6, 38, 3, 4, 20, 7, 10, 19, 21, 0];2173.0
[22, 20, 8, 9, 40, 39, 38, 31, 1, 2, 32, 36, 35, 27, 33, 34, 37, 7, 10, 19, 30, 25, 28, 29, 18, 16, 21, 0, 44, 3, 6, 41, 4, 5, 14, 43, 11, 12, 13, 15, 17, 26, 42, 23, 24];2424.0
[19, 15, 17, 16, 18, 42, 23, 22, 24, 28, 37, 3, 6, 11, 10, 14, 21, 0, 2, 31, 1, 44, 39, 38, 30, 29, 26, 25, 27, 33, 34, 36, 35, 32, 43, 12, 13, 20, 9, 7, 8, 41, 40, 4, 5];2380.0
[17, 23, 24, 25, 26, 27, 33, 20, 10, 11, 16, 18, 42, 28, 32, 35, 3, 4, 5, 2, 0, 43, 12, 13, 21, 31, 30, 29, 22, 14, 19, 1, 44, 41, 6, 7, 8, 36, 34, 37, 38, 39, 40, 9, 15];2482.0
[12, 16, 17, 15, 13, 14, 21, 19, 20, 10, 7, 9, 8, 40, 39, 35, 32, 25, 28, 36, 37, 38, 44, 3, 4, 5, 0, 31, 1, 2, 30, 29, 24, 23, 22, 18, 42, 26, 27, 33, 34, 41, 6, 43, 11];1955.0
[11, 12, 13, 14, 19, 15, 17, 22, 18, 16, 21, 0, 30, 29, 24, 20, 7, 8, 9, 39, 40, 38, 25, 26, 42, 23, 1, 5, 2, 31, 33, 34, 27, 28, 35, 32, 36, 37, 44, 3, 41, 4, 6, 43, 10];2372.0
[28, 33, 27, 25, 26, 24, 22, 14, 20, 8, 9, 40, 39, 41, 4, 6, 7, 10, 11, 1, 5, 2, 44, 3, 34, 35, 36, 37, 38, 0, 21, 15, 13, 30, 29, 43, 12, 16, 17, 18, 42, 23, 19, 31, 32];2472.0
[40, 34, 33, 27, 28, 29, 24, 22, 18, 16, 43, 11, 12, 13, 36, 37, 4, 5, 21, 20, 9, 8, 41, 6, 7, 10, 15, 17, 31, 30, 25, 26, 42, 23, 14, 19, 0, 32, 35, 1, 2, 44, 3, 39, 38];2228.0
[27, 28, 26, 42, 15, 17, 2, 44, 3, 40, 34, 33, 35, 32, 36, 37, 7, 10, 11, 0, 1, 4, 5, 21, 19, 14, 43, 12, 16, 18, 13, 20, 9, 8, 6, 41, 39, 38, 31, 30, 29, 22, 23, 24, 25];2299.0
[37, 39, 38, 28, 24, 22, 15, 17, 23, 14, 1, 30, 29, 25, 27, 33, 40, 41, 4, 5, 2, 44, 3, 6, 7, 8, 9, 43, 13, 11, 12, 16, 18, 42, 26, 34, 35, 20, 10, 19, 21, 0, 31, 32, 36];2477.0
[20, 43, 11, 12, 13, 1, 2, 5, 35, 33, 34, 37, 38, 40, 9, 8, 39, 41, 6, 7, 10, 19, 30, 29, 18, 16, 17, 0, 31, 32, 28, 25, 27, 26, 42, 22, 14, 15, 23, 24, 36, 44, 3, 4, 21];2368.0
[14, 0, 30, 29, 26, 42, 22, 18, 16, 17, 23, 24, 25, 32, 36, 37, 39, 38, 44, 3, 4, 5, 21, 19, 43, 11, 12, 13, 15, 20, 9, 8, 40, 34, 33, 27, 28, 35, 31, 1, 2, 41, 6, 7, 10];2002.0
[24, 22, 18, 42, 28, 32, 36, 37, 41, 6, 12, 13, 15, 16, 17, 23, 14, 20, 7, 9, 8, 40, 34, 27, 33, 35, 1, 2, 39, 38, 44, 3, 4, 5, 0, 19, 43, 11, 10, 21, 31, 30, 29, 25, 26];2137.0
[39, 6, 7, 10, 11, 13, 30, 29, 28, 31, 1, 2, 32, 36, 37, 38, 40, 9, 14, 43, 12, 16, 18, 42, 24, 23, 22, 19, 20, 8, 34, 35, 33, 27, 26, 25, 3, 4, 5, 15, 17, 0, 21, 44, 41];2653.0
[23, 22, 15, 14, 31, 30, 29, 27, 33, 34, 35, 2, 5, 20, 8, 40, 32, 36, 37, 4, 0, 19, 21, 44, 3, 10, 43, 11, 12, 13, 17, 18, 16, 1, 39, 41, 6, 7, 9, 38, 28, 26, 25, 42, 24];2505.0
[26, 42, 23, 24, 18, 16, 22, 19, 31, 30, 29, 25, 27, 33, 34, 36, 37, 4, 43, 11, 12, 13, 15, 17, 0, 1, 44, 38, 3, 41, 6, 9, 7, 10, 14, 2, 5, 21, 20, 8, 40, 39, 35, 32, 28];2191.0
[15, 14, 21, 19, 20, 7, 8, 9, 40, 41, 5, 0, 36, 37, 4, 6, 10, 43, 11, 12, 13, 1, 2, 44, 3, 39, 38, 32, 28, 25, 26, 24, 42, 22, 23, 27, 33, 34, 35, 31, 30, 29, 18, 16, 17];2067.0
[6, 7, 10, 19, 14, 43, 11, 12, 13, 15, 24, 42, 23, 22, 18, 16, 17, 0, 39, 35, 31, 1, 2, 30, 29, 26, 25, 27, 33, 34, 32, 28, 36, 37, 38, 44, 3, 4, 5, 21, 20, 9, 8, 40, 41];1942.0
[7, 8, 6, 41, 32, 28, 29, 10, 43, 11, 12, 13, 15, 17, 14, 0, 1, 2, 31, 30, 25, 26, 23, 24, 22, 16, 18, 42, 27, 33, 36, 37, 3, 4, 5, 38, 44, 39, 40, 34, 35, 21, 19, 20, 9];2265.0
[43, 11, 12, 13, 19, 1, 2, 21, 0, 31, 30, 29, 24, 15, 17, 16, 18, 42, 25, 27, 33, 34, 36, 37, 38, 3, 4, 6, 41, 5, 44, 39, 40, 35, 32, 28, 26, 23, 22, 14, 20, 7, 8, 9, 10];2030.0
