ft53
[52, 50, 33, 30, 0, 3, 13, 14, 17, 16, 15, 23, 22, 19, 18, 11, 2, 41, 47, 46, 37, 35, 40, 45, 43, 42, 44, 34, 32, 31, 26, 25, 27, 29, 28, 24, 20, 21, 39, 38, 36, 10, 12, 4, 1, 9, 8, 7, 5, 6, 51, 48, 49];8650.0;10766.0;1.639406431147541E7;101.0;91285.0;61.0
[22, 21, 39, 36, 38, 4, 13, 12, 14, 41, 47, 46, 35, 40, 45, 44, 43, 42, 7, 51, 49, 52, 50, 48, 25, 27, 29, 28, 20, 6, 5, 33, 30, 0, 10, 11, 34, 32, 31, 26, 16, 15, 37, 18, 19, 3, 1, 9, 8, 2, 17, 24, 23];9782.0
[28, 25, 27, 7, 6, 5, 51, 49, 52, 50, 48, 29, 8, 9, 33, 30, 0, 4, 2, 11, 10, 38, 44, 43, 45, 3, 1, 41, 42, 46, 37, 40, 21, 39, 36, 35, 18, 23, 20, 24, 22, 47, 34, 32, 31, 26, 12, 14, 13, 17, 16, 15, 19];9479.0
[13, 45, 42, 47, 46, 37, 40, 39, 36, 10, 14, 24, 23, 22, 19, 18, 15, 21, 27, 29, 28, 52, 51, 50, 12, 38, 35, 4, 17, 16, 41, 34, 32, 30, 0, 3, 2, 1, 8, 9, 7, 6, 31, 33, 25, 26, 5, 48, 49, 44, 43, 20, 11];11494.0
[33, 30, 0, 4, 5, 50, 49, 48, 29, 28, 24, 22, 42, 46, 43, 41, 47, 44, 23, 39, 40, 21, 20, 11, 10, 12, 36, 35, 38, 37, 1, 9, 8, 7, 6, 3, 13, 14, 27, 25, 26, 2, 17, 15, 18, 19, 16, 34, 52, 51, 45, 32, 31];10570.0
[49, 51, 45, 24, 19, 1, 0, 4, 2, 11, 13, 34, 32, 29, 28, 52, 50, 30, 35, 37, 18, 17, 16, 23, 21, 20, 8, 3, 36, 40, 27, 25, 26, 6, 9, 41, 43, 47, 42, 46, 44, 22, 15, 39, 38, 10, 12, 14, 33, 31, 7, 5, 48];11797.0
[48, 49, 52, 51, 18, 19, 43, 41, 47, 3, 2, 0, 36, 38, 4, 22, 15, 35, 40, 17, 16, 11, 13, 33, 27, 29, 7, 6, 5, 28, 25, 26, 12, 14, 21, 23, 20, 24, 44, 32, 31, 30, 1, 9, 8, 10, 42, 46, 37, 39, 45, 34, 50];11565.0
[51, 49, 24, 19, 37, 35, 40, 27, 28, 50, 48, 29, 20, 21, 23, 22, 42, 47, 46, 43, 41, 45, 44, 34, 33, 31, 26, 25, 7, 5, 8, 3, 2, 11, 10, 14, 13, 12, 39, 6, 9, 1, 0, 18, 17, 16, 15, 38, 36, 32, 30, 4, 52];11135.0
[40, 38, 45, 41, 43, 42, 5, 51, 49, 48, 3, 2, 15, 37, 27, 29, 28, 25, 26, 7, 6, 8, 9, 0, 4, 19, 18, 33, 31, 30, 17, 16, 10, 11, 13, 34, 32, 21, 22, 47, 46, 44, 52, 50, 1, 12, 14, 20, 24, 23, 39, 36, 35];10897.0
[10, 48, 49, 52, 45, 42, 46, 5, 51, 50, 24, 23, 7, 6, 9, 8, 1, 36, 38, 4, 2, 17, 41, 43, 13, 12, 14, 47, 44, 20, 39, 35, 40, 37, 26, 25, 27, 29, 28, 21, 22, 19, 33, 31, 3, 34, 32, 30, 0, 16, 15, 18, 11];11816.0
[32, 31, 28, 25, 26, 17, 16, 15, 37, 4, 34, 30, 36, 35, 21, 20, 24, 19, 18, 11, 10, 12, 38, 1, 6, 9, 8, 3, 13, 14, 47, 42, 46, 44, 22, 39, 40, 27, 29, 52, 51, 45, 41, 49, 48, 50, 33, 43, 7, 5, 0, 2, 23];11676.0
[18, 41, 47, 46, 45, 44, 42, 43, 7, 5, 51, 48, 49, 52, 50, 24, 23, 22, 19, 16, 11, 34, 32, 30, 0, 4, 2, 1, 3, 6, 8, 9, 28, 25, 27, 29, 13, 10, 12, 14, 31, 33, 26, 36, 35, 40, 38, 21, 20, 39, 17, 15, 37];9939.0
[43, 49, 48, 24, 22, 18, 19, 28, 25, 27, 26, 7, 5, 8, 13, 14, 11, 10, 12, 4, 1, 41, 34, 32, 29, 50, 52, 51, 23, 39, 17, 33, 31, 30, 0, 3, 36, 35, 20, 21, 6, 9, 2, 16, 15, 37, 40, 38, 42, 47, 46, 45, 44];11004.0
[23, 9, 33, 31, 1, 8, 6, 3, 11, 10, 37, 18, 15, 40, 36, 32, 26, 50, 49, 24, 21, 20, 39, 38, 41, 43, 13, 12, 14, 27, 29, 28, 25, 7, 5, 0, 35, 4, 22, 42, 47, 46, 45, 44, 34, 30, 2, 52, 51, 48, 19, 17, 16];12369.0
[45, 13, 11, 2, 17, 16, 15, 37, 40, 44, 34, 50, 52, 51, 49, 48, 29, 33, 31, 21, 20, 39, 36, 32, 30, 14, 24, 23, 22, 19, 18, 10, 12, 38, 4, 7, 5, 6, 9, 8, 3, 0, 35, 27, 28, 25, 26, 1, 43, 41, 47, 42, 46];9889.0
[50, 49, 51, 45, 37, 39, 29, 28, 25, 27, 8, 9, 33, 30, 1, 41, 34, 52, 48, 26, 0, 36, 35, 40, 38, 4, 3, 12, 14, 13, 11, 10, 32, 31, 21, 47, 44, 42, 46, 43, 7, 6, 5, 2, 23, 22, 20, 24, 18, 19, 17, 16, 15];11572.0
[25, 47, 43, 42, 46, 45, 2, 0, 36, 35, 40, 37, 41, 44, 23, 27, 29, 26, 11, 10, 12, 38, 4, 1, 9, 8, 3, 13, 14, 17, 16, 20, 24, 22, 21, 39, 19, 18, 15, 32, 30, 34, 49, 52, 50, 33, 31, 7, 6, 5, 51, 48, 28];10792.0
[50, 48, 26, 35, 40, 21, 24, 20, 39, 38, 36, 10, 14, 27, 29, 28, 25, 47, 42, 46, 37, 1, 6, 9, 7, 5, 8, 3, 41, 43, 45, 44, 23, 22, 19, 18, 15, 32, 31, 33, 30, 17, 16, 11, 13, 12, 4, 2, 0, 34, 51, 49, 52];9905.0
[30, 41, 47, 44, 34, 32, 26, 7, 6, 5, 8, 9, 33, 25, 27, 29, 28, 20, 21, 39, 38, 36, 10, 12, 45, 42, 43, 46, 37, 40, 4, 1, 35, 18, 19, 16, 15, 52, 51, 50, 49, 48, 24, 22, 0, 3, 2, 23, 11, 14, 13, 17, 31];9991.0
[42, 46, 43, 45, 3, 11, 10, 14, 21, 23, 27, 28, 25, 13, 12, 20, 24, 22, 5, 51, 49, 48, 29, 39, 2, 17, 16, 47, 44, 34, 52, 50, 15, 37, 40, 38, 32, 31, 26, 7, 8, 6, 9, 0, 36, 35, 18, 19, 33, 30, 4, 1, 41];11477.0
[35, 45, 42, 19, 18, 15, 52, 48, 27, 29, 28, 25, 26, 3, 34, 32, 31, 7, 51, 49, 50, 33, 30, 17, 16, 39, 37, 40, 4, 1, 9, 8, 6, 5, 43, 41, 47, 46, 44, 23, 21, 20, 24, 22, 13, 12, 38, 36, 10, 14, 11, 2, 0];10903.0
[3, 2, 17, 15, 39, 4, 34, 32, 31, 21, 20, 11, 10, 14, 24, 22, 16, 23, 25, 27, 28, 52, 48, 49, 29, 26, 7, 6, 9, 8, 5, 50, 51, 45, 41, 47, 44, 42, 46, 43, 13, 12, 38, 36, 40, 33, 30, 35, 37, 18, 19, 1, 0];10387.0
[22, 47, 23, 11, 10, 48, 49, 52, 50, 51, 8, 9, 0, 35, 21, 39, 42, 46, 40, 38, 45, 41, 43, 3, 4, 2, 1, 7, 6, 5, 33, 30, 36, 37, 18, 19, 28, 25, 27, 29, 26, 13, 17, 16, 15, 44, 34, 32, 31, 12, 14, 20, 24];10955.0
[7, 5, 8, 2, 23, 22, 11, 14, 24, 17, 16, 15, 39, 4, 34, 32, 31, 30, 35, 21, 20, 29, 52, 50, 49, 48, 51, 45, 42, 46, 44, 43, 41, 47, 28, 25, 27, 13, 10, 12, 38, 19, 18, 33, 26, 3, 0, 36, 40, 37, 1, 6, 9];10236.0
[15, 18, 19, 16, 23, 20, 10, 14, 39, 40, 38, 4, 1, 3, 0, 36, 27, 26, 25, 29, 28, 52, 49, 50, 31, 33, 32, 30, 41, 43, 45, 44, 11, 13, 12, 35, 37, 8, 9, 7, 51, 48, 21, 24, 22, 47, 42, 46, 34, 6, 5, 2, 17];11061.0
[11, 10, 14, 39, 38, 45, 52, 50, 48, 25, 26, 3, 43, 41, 42, 46, 34, 32, 33, 31, 30, 35, 21, 8, 6, 9, 7, 5, 51, 49, 18, 17, 16, 15, 4, 2, 0, 36, 37, 40, 27, 29, 28, 20, 24, 47, 44, 23, 22, 19, 1, 13, 12];10550.0
[22, 19, 25, 27, 44, 43, 45, 34, 10, 14, 12, 13, 15, 37, 40, 18, 8, 6, 42, 46, 41, 47, 28, 50, 52, 51, 49, 48, 29, 26, 7, 5, 9, 33, 32, 31, 30, 36, 38, 4, 1, 2, 16, 11, 3, 0, 35, 21, 20, 39, 17, 23, 24];10429.0
[52, 51, 35, 40, 38, 45, 42, 46, 37, 21, 23, 22, 20, 9, 8, 7, 6, 15, 39, 36, 10, 12, 4, 3, 2, 43, 41, 47, 44, 30, 0, 17, 16, 11, 34, 32, 33, 31, 27, 28, 50, 29, 25, 26, 13, 14, 24, 19, 18, 1, 5, 48, 49];11275.0
[42, 46, 37, 35, 40, 8, 9, 2, 4, 34, 52, 50, 33, 31, 21, 24, 23, 32, 30, 0, 38, 45, 3, 13, 14, 20, 28, 25, 27, 26, 1, 7, 6, 5, 51, 49, 48, 29, 39, 36, 10, 11, 12, 18, 17, 16, 15, 19, 22, 44, 41, 43, 47];10894.0
[37, 18, 7, 5, 51, 50, 12, 14, 34, 32, 30, 35, 40, 17, 16, 27, 29, 28, 52, 49, 48, 24, 21, 39, 38, 36, 10, 11, 13, 45, 43, 42, 46, 41, 47, 44, 22, 19, 23, 20, 25, 26, 3, 2, 0, 4, 1, 8, 9, 6, 33, 31, 15];11178.0
[41, 42, 46, 43, 7, 9, 8, 6, 5, 51, 48, 49, 52, 50, 17, 16, 15, 18, 13, 34, 32, 14, 12, 37, 40, 27, 29, 28, 25, 26, 33, 31, 30, 36, 35, 21, 24, 19, 23, 20, 39, 38, 10, 11, 3, 2, 1, 0, 4, 22, 47, 45, 44];9812.0
[32, 33, 25, 28, 31, 30, 0, 11, 10, 14, 20, 24, 19, 15, 50, 49, 52, 51, 48, 18, 1, 41, 42, 43, 45, 2, 17, 16, 37, 39, 36, 40, 27, 29, 26, 23, 21, 22, 47, 46, 35, 4, 8, 9, 7, 6, 5, 3, 13, 12, 38, 44, 34];10392.0
[25, 27, 29, 28, 47, 46, 42, 7, 9, 8, 11, 10, 14, 21, 20, 39, 6, 5, 51, 49, 24, 23, 22, 19, 1, 3, 13, 12, 38, 4, 2, 0, 36, 35, 40, 37, 32, 31, 26, 16, 15, 52, 50, 48, 18, 17, 33, 30, 41, 43, 45, 44, 34];10817.0
[45, 44, 24, 21, 39, 40, 36, 35, 27, 28, 11, 10, 14, 32, 30, 0, 3, 13, 34, 52, 50, 49, 9, 8, 33, 31, 26, 1, 41, 7, 51, 48, 29, 25, 2, 22, 42, 47, 46, 43, 12, 38, 4, 19, 18, 17, 16, 23, 20, 6, 5, 15, 37];12320.0
[22, 20, 39, 32, 26, 10, 12, 14, 34, 52, 50, 33, 31, 30, 36, 38, 1, 8, 6, 9, 3, 13, 17, 11, 0, 4, 2, 16, 15, 37, 18, 19, 23, 27, 29, 28, 25, 7, 44, 41, 47, 42, 46, 43, 45, 35, 40, 21, 5, 51, 49, 48, 24];10810.0
[30, 36, 35, 4, 1, 0, 3, 13, 14, 24, 22, 18, 17, 11, 10, 12, 9, 7, 5, 51, 49, 52, 48, 29, 50, 33, 21, 19, 16, 23, 20, 38, 45, 42, 37, 40, 39, 6, 8, 2, 15, 28, 26, 25, 27, 47, 46, 43, 41, 44, 34, 32, 31];10472.0
[13, 10, 38, 36, 49, 48, 17, 41, 47, 43, 45, 42, 46, 44, 21, 27, 25, 29, 28, 24, 22, 19, 23, 20, 39, 40, 18, 1, 2, 16, 15, 37, 32, 31, 26, 7, 5, 8, 9, 6, 33, 30, 0, 35, 4, 34, 52, 51, 50, 12, 14, 11, 3];11160.0
[11, 3, 0, 35, 37, 40, 39, 42, 46, 21, 20, 24, 23, 22, 18, 19, 41, 47, 44, 34, 52, 48, 49, 29, 28, 25, 26, 27, 14, 12, 38, 4, 1, 6, 8, 32, 31, 43, 45, 13, 9, 7, 5, 51, 50, 33, 30, 2, 17, 16, 15, 36, 10];10562.0
[52, 50, 33, 30, 0, 3, 13, 14, 17, 16, 15, 23, 22, 19, 18, 11, 2, 41, 47, 46, 37, 35, 40, 45, 43, 42, 44, 34, 32, 31, 26, 25, 27, 29, 28, 24, 20, 21, 39, 38, 36, 10, 12, 4, 1, 9, 8, 7, 5, 6, 51, 48, 49];8650.0
[31, 33, 30, 35, 45, 44, 42, 46, 43, 37, 19, 18, 8, 6, 9, 13, 17, 16, 15, 40, 21, 23, 39, 10, 12, 11, 3, 36, 38, 1, 7, 5, 51, 48, 49, 29, 24, 22, 47, 28, 52, 50, 14, 20, 27, 25, 26, 0, 4, 2, 41, 34, 32];11165.0
[1, 5, 51, 49, 52, 50, 48, 24, 22, 20, 39, 40, 21, 12, 14, 13, 17, 23, 29, 28, 25, 27, 26, 34, 32, 31, 33, 30, 0, 36, 38, 45, 46, 37, 35, 44, 43, 7, 6, 9, 8, 3, 2, 41, 47, 42, 18, 16, 15, 19, 11, 10, 4];9799.0
[18, 32, 33, 31, 30, 0, 21, 27, 25, 47, 42, 46, 45, 2, 8, 9, 7, 6, 5, 51, 48, 49, 29, 28, 20, 24, 19, 16, 11, 13, 34, 52, 50, 26, 3, 10, 12, 14, 17, 15, 37, 39, 36, 35, 40, 38, 4, 1, 41, 43, 44, 23, 22];10229.0
[1, 7, 5, 6, 51, 49, 52, 50, 48, 18, 15, 37, 41, 47, 44, 22, 21, 20, 24, 32, 26, 29, 28, 25, 36, 35, 19, 8, 9, 13, 34, 30, 0, 4, 2, 17, 16, 23, 39, 40, 38, 10, 12, 14, 11, 33, 31, 27, 42, 46, 43, 45, 3];10613.0
[27, 26, 7, 6, 42, 46, 43, 45, 22, 18, 19, 1, 8, 9, 5, 3, 0, 35, 38, 36, 40, 29, 51, 48, 49, 52, 50, 33, 31, 21, 11, 10, 12, 14, 13, 17, 39, 4, 34, 32, 30, 2, 41, 47, 44, 23, 20, 24, 16, 15, 37, 28, 25];10108.0
[6, 5, 13, 12, 38, 42, 46, 43, 45, 3, 8, 9, 2, 16, 15, 19, 18, 17, 23, 21, 39, 44, 34, 26, 25, 29, 52, 50, 33, 32, 31, 30, 14, 11, 10, 37, 35, 40, 27, 28, 20, 4, 1, 0, 36, 49, 51, 48, 24, 22, 41, 47, 7];11553.0
[46, 43, 28, 52, 51, 45, 44, 42, 7, 6, 9, 8, 3, 14, 13, 33, 31, 21, 24, 22, 19, 17, 23, 5, 49, 50, 48, 29, 20, 34, 32, 30, 0, 4, 1, 2, 11, 10, 12, 38, 39, 36, 35, 40, 27, 26, 25, 16, 15, 37, 18, 41, 47];11222.0
[6, 9, 13, 12, 38, 36, 35, 32, 30, 0, 40, 29, 28, 25, 47, 42, 7, 5, 8, 2, 17, 10, 14, 16, 15, 33, 31, 39, 37, 18, 19, 41, 43, 46, 24, 22, 21, 27, 26, 3, 4, 34, 52, 50, 48, 49, 51, 45, 44, 23, 20, 11, 1];11095.0
[11, 3, 2, 10, 14, 13, 12, 45, 44, 46, 43, 42, 47, 28, 25, 5, 7, 6, 9, 33, 26, 27, 29, 34, 32, 31, 30, 0, 4, 1, 8, 35, 21, 20, 39, 38, 36, 40, 37, 15, 52, 51, 50, 48, 49, 24, 22, 19, 18, 17, 16, 41, 23];10201.0
[35, 37, 40, 19, 16, 15, 52, 50, 29, 28, 17, 33, 30, 4, 9, 8, 6, 7, 5, 51, 48, 49, 24, 0, 13, 12, 14, 34, 32, 31, 25, 26, 27, 3, 2, 1, 41, 47, 46, 43, 44, 20, 39, 38, 45, 42, 18, 23, 22, 21, 11, 10, 36];10752.0
[17, 16, 37, 36, 10, 12, 20, 39, 38, 40, 4, 7, 5, 6, 9, 8, 1, 41, 47, 44, 23, 21, 27, 26, 2, 33, 31, 25, 29, 28, 42, 46, 43, 45, 34, 32, 30, 0, 35, 49, 48, 24, 22, 18, 19, 15, 52, 51, 50, 14, 13, 11, 3];11298.0
[31, 29, 52, 51, 50, 33, 30, 8, 6, 9, 7, 5, 48, 49, 45, 44, 27, 28, 25, 26, 16, 23, 22, 20, 21, 10, 12, 39, 36, 35, 18, 11, 13, 38, 43, 42, 46, 3, 14, 24, 19, 15, 37, 40, 4, 1, 2, 0, 17, 41, 47, 34, 32];11550.0
[25, 34, 32, 30, 0, 35, 37, 33, 31, 26, 16, 15, 52, 50, 48, 49, 51, 45, 44, 41, 47, 46, 43, 42, 7, 5, 6, 9, 8, 14, 24, 22, 19, 1, 13, 12, 11, 10, 38, 36, 40, 39, 18, 17, 23, 20, 21, 3, 2, 4, 27, 29, 28];9948.0
[37, 39, 40, 21, 20, 27, 25, 29, 28, 26, 3, 10, 12, 14, 24, 23, 11, 0, 36, 35, 38, 46, 45, 41, 43, 6, 8, 9, 13, 34, 32, 30, 4, 22, 19, 18, 17, 16, 51, 48, 49, 52, 50, 33, 31, 1, 47, 44, 42, 7, 5, 2, 15];10045.0
[0, 36, 37, 19, 18, 17, 24, 47, 34, 50, 52, 33, 30, 4, 2, 16, 11, 10, 14, 27, 26, 25, 15, 39, 5, 51, 48, 49, 29, 13, 12, 35, 40, 45, 42, 7, 6, 9, 8, 3, 32, 31, 28, 20, 21, 38, 1, 41, 43, 46, 44, 23, 22];11600.0
[40, 27, 26, 25, 16, 15, 21, 22, 47, 44, 34, 52, 50, 49, 24, 19, 18, 1, 6, 8, 9, 7, 5, 3, 13, 12, 11, 10, 14, 41, 46, 43, 42, 37, 4, 0, 36, 35, 38, 45, 23, 32, 31, 33, 30, 2, 17, 51, 48, 29, 28, 20, 39];10825.0
[23, 20, 24, 22, 49, 48, 29, 27, 28, 25, 26, 7, 5, 17, 16, 15, 40, 38, 4, 34, 52, 51, 50, 33, 32, 31, 30, 36, 35, 21, 8, 9, 6, 44, 43, 41, 47, 11, 3, 13, 10, 12, 14, 39, 45, 42, 46, 37, 18, 19, 1, 0, 2];10351.0
[36, 32, 31, 30, 4, 20, 21, 24, 23, 39, 40, 38, 45, 44, 34, 52, 51, 29, 26, 15, 37, 35, 43, 42, 47, 46, 41, 28, 25, 27, 3, 13, 10, 48, 49, 50, 33, 22, 19, 18, 1, 2, 17, 16, 7, 5, 8, 6, 9, 14, 12, 11, 0];10946.0
[52, 51, 49, 48, 29, 28, 25, 27, 26, 35, 40, 37, 10, 11, 13, 12, 14, 38, 4, 2, 0, 3, 34, 30, 1, 41, 43, 42, 7, 5, 6, 9, 8, 23, 20, 39, 36, 32, 33, 31, 21, 24, 47, 46, 45, 44, 22, 18, 19, 17, 16, 15, 50];9355.0
[10, 11, 3, 2, 17, 16, 47, 44, 34, 32, 31, 30, 36, 40, 41, 43, 7, 5, 51, 49, 52, 33, 26, 23, 24, 22, 19, 15, 35, 4, 1, 8, 9, 6, 50, 48, 29, 25, 27, 28, 20, 21, 39, 38, 45, 42, 46, 37, 18, 0, 12, 14, 13];10105.0
[47, 42, 46, 18, 19, 28, 25, 26, 13, 14, 12, 45, 44, 39, 35, 40, 38, 36, 37, 17, 11, 10, 4, 34, 51, 49, 48, 24, 23, 20, 7, 5, 2, 16, 15, 21, 8, 6, 9, 0, 3, 1, 41, 43, 32, 33, 31, 27, 29, 52, 50, 30, 22];11646.0
[11, 6, 9, 7, 5, 8, 22, 19, 15, 37, 42, 46, 35, 4, 1, 41, 47, 23, 32, 25, 43, 45, 3, 2, 33, 31, 30, 0, 36, 24, 20, 39, 40, 21, 27, 29, 28, 52, 50, 48, 26, 10, 14, 13, 12, 38, 44, 34, 51, 49, 18, 17, 16];12036.0
[3, 2, 17, 16, 43, 41, 47, 45, 42, 46, 44, 23, 21, 20, 11, 10, 12, 14, 13, 38, 4, 1, 7, 5, 51, 50, 31, 33, 26, 15, 39, 6, 8, 9, 34, 32, 30, 0, 36, 40, 35, 37, 18, 19, 27, 28, 25, 29, 52, 48, 49, 24, 22];10272.0
