ft70
[24, 30, 37, 39, 42, 41, 40, 29, 55, 51, 50, 17, 56, 33, 31, 62, 57, 44, 49, 48, 16, 47, 53, 0, 1, 60, 7, 3, 28, 54, 52, 22, 25, 13, 10, 14, 5, 6, 20, 18, 19, 61, 59, 58, 2, 4, 23, 46, 45, 34, 32, 12, 9, 8, 11, 43, 65, 69, 67, 63, 64, 68, 66, 36, 38, 35, 15, 27, 21, 26];43377.0;45526.346153846156;3.9113432807692304E7;134.0;218063.0;26.0
[56, 53, 52, 21, 28, 54, 57, 4, 8, 20, 24, 33, 59, 58, 44, 48, 43, 34, 42, 69, 67, 63, 36, 39, 41, 40, 31, 62, 61, 16, 51, 50, 17, 2, 1, 3, 60, 27, 23, 55, 29, 26, 35, 38, 13, 49, 47, 19, 18, 7, 14, 10, 9, 22, 25, 30, 15, 5, 37, 65, 64, 68, 66, 32, 12, 11, 46, 45, 6, 0];46673.0
[37, 60, 44, 48, 43, 49, 6, 2, 1, 0, 26, 22, 25, 24, 27, 21, 33, 31, 30, 35, 36, 51, 50, 16, 15, 17, 19, 57, 58, 56, 54, 53, 52, 13, 14, 9, 11, 8, 7, 20, 18, 47, 55, 40, 38, 5, 4, 34, 32, 29, 23, 62, 61, 59, 10, 12, 3, 28, 69, 67, 65, 46, 45, 68, 63, 66, 64, 39, 42, 41];44756.0
[37, 4, 26, 13, 14, 10, 9, 66, 64, 36, 42, 24, 2, 1, 0, 55, 53, 27, 22, 25, 57, 44, 67, 63, 48, 49, 43, 6, 50, 33, 32, 41, 40, 29, 23, 54, 52, 38, 35, 3, 31, 30, 15, 7, 5, 59, 58, 21, 60, 34, 69, 65, 68, 17, 16, 28, 56, 12, 11, 8, 51, 46, 45, 62, 61, 20, 18, 19, 47, 39];47337.0
[10, 0, 1, 23, 26, 35, 36, 42, 41, 40, 62, 58, 27, 59, 57, 56, 50, 24, 30, 38, 39, 37, 60, 44, 48, 43, 6, 28, 54, 52, 53, 3, 5, 9, 49, 47, 55, 33, 32, 29, 21, 20, 17, 19, 51, 46, 45, 68, 69, 67, 63, 34, 31, 61, 66, 65, 64, 16, 18, 15, 11, 8, 2, 4, 22, 25, 7, 13, 12, 14];45316.0
[7, 3, 46, 45, 49, 14, 9, 5, 6, 16, 28, 26, 55, 51, 53, 2, 4, 56, 50, 17, 19, 25, 24, 60, 34, 31, 36, 42, 35, 13, 12, 10, 8, 30, 29, 33, 32, 27, 22, 21, 20, 18, 0, 1, 66, 64, 39, 37, 59, 58, 57, 44, 43, 67, 63, 48, 47, 62, 61, 41, 40, 38, 69, 65, 68, 54, 52, 23, 15, 11];46053.0
[17, 16, 47, 5, 10, 9, 8, 11, 7, 46, 45, 58, 2, 28, 59, 57, 31, 30, 39, 37, 36, 51, 62, 61, 54, 52, 25, 3, 26, 56, 53, 6, 0, 1, 18, 19, 50, 33, 15, 4, 22, 21, 65, 68, 69, 67, 35, 13, 14, 38, 42, 41, 40, 44, 27, 24, 23, 55, 29, 63, 66, 64, 48, 49, 43, 60, 34, 32, 12, 20];45512.0
[43, 6, 20, 18, 47, 49, 35, 36, 42, 41, 40, 34, 21, 24, 56, 53, 26, 2, 4, 33, 32, 27, 22, 25, 13, 12, 9, 7, 55, 29, 69, 64, 48, 16, 19, 57, 23, 3, 60, 44, 68, 66, 65, 67, 63, 0, 1, 59, 58, 28, 54, 52, 51, 50, 17, 8, 38, 39, 37, 15, 11, 10, 14, 5, 45, 62, 61, 31, 30, 46];45053.0
[14, 10, 9, 11, 43, 34, 0, 1, 59, 4, 2, 15, 7, 3, 31, 62, 61, 37, 63, 64, 21, 26, 23, 30, 46, 45, 68, 66, 36, 39, 38, 13, 18, 19, 47, 55, 50, 33, 32, 29, 28, 54, 52, 69, 65, 67, 48, 49, 35, 42, 41, 40, 20, 17, 16, 27, 24, 56, 53, 51, 58, 57, 44, 22, 25, 5, 6, 60, 8, 12];45889.0
[59, 57, 23, 55, 53, 18, 15, 2, 4, 31, 58, 28, 54, 52, 56, 9, 11, 5, 27, 22, 30, 37, 69, 64, 38, 35, 42, 40, 36, 0, 1, 6, 33, 34, 32, 39, 41, 24, 29, 21, 26, 46, 45, 68, 67, 63, 65, 66, 19, 25, 3, 8, 7, 13, 12, 10, 14, 20, 17, 16, 51, 50, 44, 48, 43, 49, 47, 62, 61, 60];44544.0
[0, 1, 38, 69, 67, 68, 58, 27, 21, 24, 28, 56, 50, 18, 19, 47, 55, 53, 5, 11, 8, 46, 45, 43, 29, 12, 20, 17, 22, 26, 13, 14, 63, 65, 66, 64, 48, 16, 51, 15, 23, 62, 61, 4, 54, 52, 25, 3, 60, 31, 30, 39, 37, 57, 44, 49, 35, 42, 41, 40, 36, 34, 32, 33, 59, 10, 9, 7, 6, 2];44633.0
[24, 30, 37, 39, 42, 41, 40, 29, 55, 51, 50, 17, 56, 33, 31, 62, 57, 44, 49, 48, 16, 47, 53, 0, 1, 60, 7, 3, 28, 54, 52, 22, 25, 13, 10, 14, 5, 6, 20, 18, 19, 61, 59, 58, 2, 4, 23, 46, 45, 34, 32, 12, 9, 8, 11, 43, 65, 69, 67, 63, 64, 68, 66, 36, 38, 35, 15, 27, 21, 26];43377.0
[28, 54, 52, 1, 0, 51, 50, 37, 69, 64, 21, 26, 6, 60, 57, 27, 9, 8, 7, 56, 33, 32, 29, 46, 45, 61, 23, 55, 53, 42, 41, 24, 20, 17, 19, 47, 16, 22, 25, 5, 4, 38, 39, 40, 36, 13, 12, 10, 14, 68, 67, 58, 44, 48, 43, 49, 35, 63, 66, 65, 11, 3, 18, 62, 59, 34, 31, 30, 15, 2];47049.0
[35, 15, 6, 16, 2, 4, 23, 31, 62, 61, 59, 57, 27, 24, 50, 18, 19, 22, 25, 7, 13, 46, 45, 58, 56, 55, 51, 33, 32, 12, 10, 14, 49, 47, 53, 11, 43, 29, 9, 8, 20, 17, 42, 41, 28, 54, 52, 0, 1, 38, 65, 69, 67, 63, 64, 21, 26, 5, 3, 60, 44, 48, 68, 66, 36, 39, 40, 34, 30, 37];45465.0
[60, 34, 32, 29, 12, 9, 7, 20, 17, 16, 69, 65, 66, 64, 48, 6, 2, 4, 59, 57, 31, 62, 61, 38, 36, 42, 41, 40, 44, 21, 24, 28, 54, 52, 18, 19, 47, 68, 67, 63, 43, 27, 22, 25, 23, 55, 51, 50, 10, 14, 5, 46, 45, 58, 26, 33, 30, 15, 56, 53, 11, 13, 8, 49, 35, 39, 37, 0, 1, 3];45183.0
[45, 49, 10, 9, 30, 37, 69, 64, 47, 53, 3, 26, 24, 27, 22, 25, 52, 13, 8, 7, 6, 0, 1, 56, 54, 57, 44, 48, 16, 19, 51, 50, 17, 12, 14, 5, 4, 2, 23, 55, 40, 36, 42, 41, 38, 35, 39, 65, 67, 63, 43, 29, 21, 20, 18, 31, 58, 28, 15, 11, 68, 66, 32, 33, 62, 61, 59, 60, 34, 46];45777.0
[38, 69, 64, 21, 24, 30, 34, 59, 31, 62, 61, 54, 57, 27, 26, 55, 51, 32, 12, 11, 41, 36, 39, 37, 17, 22, 25, 7, 20, 18, 19, 50, 53, 3, 5, 46, 45, 6, 60, 63, 66, 42, 40, 10, 14, 16, 47, 33, 29, 65, 68, 67, 58, 23, 52, 56, 9, 13, 8, 0, 1, 44, 49, 48, 43, 28, 15, 2, 4, 35];47859.0
[12, 10, 9, 5, 6, 16, 18, 19, 25, 13, 8, 7, 14, 11, 43, 49, 35, 38, 39, 37, 69, 67, 20, 17, 51, 50, 31, 58, 28, 15, 65, 68, 66, 36, 3, 60, 34, 32, 29, 2, 4, 23, 61, 44, 46, 45, 62, 59, 57, 27, 22, 24, 56, 53, 54, 52, 21, 26, 55, 42, 41, 40, 0, 1, 47, 33, 30, 63, 64, 48];45708.0
[39, 40, 0, 1, 15, 4, 27, 22, 21, 35, 37, 60, 34, 31, 16, 47, 33, 32, 12, 11, 2, 23, 26, 55, 30, 44, 49, 14, 8, 7, 3, 6, 20, 18, 19, 51, 50, 17, 25, 24, 29, 68, 64, 48, 43, 62, 59, 58, 28, 69, 65, 67, 63, 66, 46, 45, 61, 53, 54, 57, 56, 52, 42, 41, 38, 13, 10, 9, 5, 36];45632.0
[60, 63, 66, 64, 48, 49, 43, 6, 16, 18, 15, 28, 21, 27, 22, 24, 56, 54, 52, 30, 35, 38, 3, 46, 45, 31, 29, 23, 12, 10, 9, 11, 7, 58, 57, 44, 47, 5, 4, 26, 55, 53, 20, 17, 25, 13, 8, 14, 2, 33, 34, 32, 0, 1, 19, 51, 50, 40, 36, 39, 42, 41, 37, 69, 68, 67, 65, 62, 61, 59];45083.0
[24, 59, 10, 9, 7, 31, 62, 61, 58, 28, 54, 57, 22, 21, 26, 23, 12, 14, 5, 6, 0, 1, 69, 66, 63, 64, 42, 41, 36, 13, 8, 60, 44, 68, 65, 67, 48, 43, 34, 32, 29, 55, 16, 15, 2, 4, 30, 46, 45, 49, 47, 33, 20, 18, 37, 40, 56, 53, 51, 50, 17, 19, 25, 35, 38, 39, 52, 11, 3, 27];44938.0
[65, 46, 45, 43, 29, 23, 21, 24, 6, 28, 54, 44, 49, 14, 7, 18, 15, 4, 5, 3, 30, 36, 69, 67, 48, 16, 42, 40, 34, 32, 27, 22, 19, 47, 55, 53, 20, 17, 25, 35, 38, 39, 41, 37, 60, 59, 57, 2, 1, 0, 51, 50, 52, 56, 33, 31, 62, 61, 58, 26, 13, 8, 11, 10, 9, 12, 63, 66, 64, 68];44558.0
[7, 46, 45, 58, 28, 21, 26, 24, 23, 62, 57, 56, 33, 31, 30, 15, 11, 13, 12, 14, 16, 54, 52, 51, 50, 17, 25, 35, 38, 42, 40, 32, 29, 55, 53, 20, 18, 19, 41, 69, 65, 68, 34, 61, 59, 10, 9, 8, 39, 37, 6, 3, 60, 44, 47, 48, 49, 43, 67, 63, 64, 66, 36, 5, 4, 2, 1, 0, 27, 22];45390.0
[19, 25, 3, 5, 4, 39, 37, 69, 67, 65, 46, 45, 68, 64, 36, 40, 53, 52, 51, 50, 22, 21, 26, 6, 15, 27, 59, 10, 9, 7, 18, 62, 61, 60, 34, 32, 58, 57, 44, 48, 43, 49, 47, 55, 16, 2, 1, 0, 28, 54, 20, 17, 42, 41, 24, 56, 33, 29, 23, 31, 30, 35, 38, 13, 12, 11, 8, 14, 63, 66];44817.0
[16, 54, 52, 13, 60, 59, 57, 27, 22, 21, 37, 36, 42, 41, 46, 45, 67, 63, 66, 65, 69, 49, 14, 10, 12, 3, 6, 44, 50, 18, 19, 55, 51, 53, 4, 2, 23, 62, 58, 68, 64, 47, 29, 24, 5, 1, 0, 26, 25, 35, 38, 39, 40, 31, 30, 15, 28, 56, 33, 32, 48, 43, 34, 61, 9, 11, 8, 7, 20, 17];46055.0
[15, 11, 57, 44, 49, 47, 33, 34, 31, 50, 52, 51, 46, 45, 35, 36, 40, 32, 0, 1, 38, 39, 42, 55, 20, 17, 16, 18, 19, 65, 68, 66, 64, 37, 59, 10, 14, 9, 7, 28, 54, 69, 67, 63, 41, 24, 56, 53, 27, 22, 5, 6, 4, 21, 26, 13, 60, 48, 43, 62, 61, 58, 25, 3, 30, 29, 12, 8, 2, 23];46268.0
[51, 46, 45, 1, 0, 38, 36, 39, 37, 60, 34, 32, 58, 13, 12, 11, 8, 6, 27, 14, 10, 9, 7, 20, 18, 47, 49, 48, 43, 29, 2, 28, 15, 21, 26, 35, 42, 40, 62, 61, 53, 52, 56, 54, 59, 57, 44, 23, 3, 5, 4, 33, 31, 41, 69, 65, 67, 64, 63, 66, 68, 19, 50, 17, 16, 22, 25, 24, 55, 30];44760.0
