ftv38
[4, 2, 3, 0, 16, 14, 18, 17, 19, 1, 38, 35, 34, 33, 30, 26, 25, 31, 32, 29, 28, 27, 22, 23, 24, 36, 21, 20, 37, 9, 8, 12, 13, 10, 11, 15, 5, 7, 6];1696.0;1998.7541899441342;5613828.536312849;94.0;37544.0;179.0
[26, 24, 36, 13, 12, 11, 14, 21, 22, 20, 16, 1, 35, 34, 38, 2, 4, 37, 9, 10, 15, 5, 6, 7, 8, 30, 31, 32, 33, 3, 0, 19, 18, 17, 29, 28, 27, 23, 25];2039.0
[30, 25, 26, 23, 24, 36, 1, 2, 4, 37, 9, 28, 27, 22, 21, 20, 13, 10, 12, 15, 6, 7, 5, 8, 11, 35, 34, 38, 3, 0, 19, 18, 17, 14, 16, 29, 31, 32, 33];2089.0
[14, 18, 17, 19, 30, 34, 38, 2, 4, 35, 26, 23, 25, 31, 32, 16, 11, 37, 9, 0, 28, 27, 33, 29, 1, 3, 15, 6, 7, 5, 8, 12, 22, 24, 36, 21, 20, 13, 10];2031.0
[32, 34, 33, 29, 3, 28, 27, 23, 24, 22, 15, 7, 6, 2, 38, 4, 5, 8, 14, 17, 18, 19, 37, 9, 10, 11, 16, 12, 13, 36, 21, 30, 31, 25, 26, 20, 0, 1, 35];2249.0
[32, 34, 29, 28, 27, 22, 21, 20, 13, 12, 14, 17, 18, 19, 1, 3, 38, 2, 0, 16, 15, 9, 8, 5, 7, 6, 4, 35, 33, 30, 26, 24, 36, 11, 37, 10, 23, 25, 31];1954.0
[25, 26, 22, 36, 21, 20, 16, 1, 38, 35, 2, 4, 8, 11, 14, 17, 28, 27, 23, 24, 13, 10, 12, 37, 9, 15, 5, 7, 6, 33, 34, 3, 0, 19, 18, 29, 30, 31, 32];2085.0
[4, 3, 0, 28, 27, 22, 36, 21, 20, 17, 18, 19, 1, 38, 35, 26, 24, 23, 25, 31, 32, 33, 29, 30, 34, 2, 15, 8, 11, 16, 14, 12, 13, 10, 37, 9, 5, 7, 6];1926.0
[35, 33, 1, 29, 30, 26, 24, 36, 22, 21, 20, 13, 12, 10, 11, 16, 0, 28, 27, 23, 25, 31, 32, 34, 38, 2, 3, 19, 18, 17, 14, 15, 37, 9, 8, 5, 7, 6, 4];1749.0
[27, 24, 36, 13, 10, 11, 12, 21, 22, 23, 26, 33, 30, 31, 25, 20, 14, 18, 17, 19, 1, 2, 3, 15, 37, 9, 6, 35, 32, 34, 38, 4, 7, 5, 8, 16, 0, 29, 28];2063.0
[12, 13, 36, 21, 22, 23, 24, 20, 16, 11, 14, 17, 18, 19, 28, 27, 25, 31, 32, 34, 38, 3, 2, 4, 35, 33, 26, 30, 29, 0, 1, 15, 6, 7, 5, 8, 37, 9, 10];1850.0
[11, 15, 6, 7, 2, 3, 1, 4, 5, 12, 13, 36, 24, 25, 26, 27, 20, 21, 22, 23, 30, 31, 32, 33, 34, 38, 35, 37, 9, 10, 8, 16, 0, 14, 17, 18, 19, 29, 28];2088.0
[21, 13, 10, 11, 16, 0, 14, 15, 5, 6, 7, 29, 28, 27, 20, 1, 38, 35, 4, 2, 3, 18, 17, 19, 23, 25, 31, 32, 33, 30, 34, 26, 24, 22, 37, 9, 8, 12, 36];2156.0
[4, 3, 16, 15, 5, 6, 7, 12, 13, 36, 21, 37, 8, 9, 10, 30, 25, 31, 32, 0, 14, 17, 18, 19, 29, 28, 27, 26, 23, 24, 22, 20, 11, 1, 35, 33, 34, 38, 2];2103.0
[23, 25, 26, 24, 22, 20, 10, 11, 14, 16, 17, 18, 19, 0, 29, 1, 38, 2, 4, 5, 8, 12, 13, 36, 21, 15, 6, 7, 35, 33, 30, 31, 32, 34, 3, 37, 9, 28, 27];2020.0
[3, 28, 22, 20, 14, 15, 6, 7, 35, 23, 24, 25, 26, 27, 11, 37, 9, 10, 29, 30, 31, 32, 34, 33, 19, 18, 17, 1, 4, 5, 8, 12, 13, 36, 21, 16, 0, 38, 2];2218.0
[25, 31, 32, 15, 8, 5, 7, 6, 4, 35, 34, 38, 2, 3, 0, 16, 12, 13, 36, 21, 22, 26, 20, 11, 37, 9, 10, 14, 17, 18, 19, 29, 1, 30, 33, 28, 27, 23, 24];1899.0
[26, 24, 36, 21, 20, 13, 10, 37, 9, 16, 0, 1, 3, 38, 35, 2, 4, 5, 8, 11, 14, 17, 18, 15, 7, 6, 34, 27, 22, 12, 19, 29, 28, 23, 25, 31, 32, 33, 30];2018.0
[13, 10, 14, 16, 15, 6, 7, 2, 3, 0, 19, 17, 18, 29, 34, 38, 35, 30, 26, 23, 24, 25, 31, 32, 33, 28, 27, 22, 36, 21, 20, 1, 4, 5, 9, 8, 37, 11, 12];1926.0
[37, 9, 10, 0, 19, 33, 29, 30, 26, 22, 12, 11, 14, 17, 18, 28, 27, 25, 23, 24, 36, 21, 20, 13, 7, 6, 5, 8, 1, 35, 4, 32, 31, 34, 38, 2, 3, 16, 15];2254.0
[29, 28, 27, 23, 24, 25, 26, 33, 30, 31, 32, 34, 38, 4, 8, 12, 13, 36, 21, 22, 20, 19, 1, 2, 3, 0, 16, 11, 37, 9, 10, 17, 18, 14, 15, 5, 7, 6, 35];1824.0
[34, 35, 4, 7, 6, 33, 29, 19, 0, 1, 38, 2, 3, 18, 17, 14, 15, 5, 8, 12, 13, 36, 21, 23, 24, 25, 26, 30, 28, 27, 22, 20, 10, 11, 37, 9, 16, 31, 32];1994.0
[1, 4, 7, 6, 3, 0, 16, 15, 5, 9, 10, 12, 11, 14, 17, 18, 19, 29, 22, 24, 23, 25, 31, 34, 35, 38, 2, 28, 27, 30, 32, 33, 26, 20, 13, 36, 21, 37, 8];2070.0
[12, 21, 23, 25, 24, 26, 1, 2, 3, 22, 36, 20, 13, 10, 17, 18, 14, 15, 5, 8, 37, 9, 7, 6, 4, 35, 33, 31, 32, 19, 0, 29, 28, 27, 30, 34, 38, 16, 11];2185.0
[13, 36, 24, 23, 25, 26, 30, 34, 35, 4, 5, 7, 6, 2, 3, 18, 17, 19, 28, 27, 22, 21, 20, 37, 9, 10, 11, 14, 16, 31, 32, 33, 29, 0, 1, 38, 15, 8, 12];1914.0
[0, 19, 18, 1, 2, 4, 7, 5, 8, 11, 16, 17, 14, 15, 6, 35, 25, 26, 27, 22, 23, 24, 13, 12, 29, 28, 36, 21, 20, 37, 9, 10, 30, 31, 32, 33, 34, 38, 3];2159.0
[10, 13, 36, 21, 20, 22, 25, 32, 33, 17, 18, 19, 0, 29, 28, 27, 12, 11, 14, 16, 30, 26, 23, 24, 31, 34, 38, 35, 2, 4, 6, 7, 1, 3, 15, 5, 9, 8, 37];2100.0
[23, 24, 36, 14, 17, 19, 18, 29, 30, 34, 38, 2, 4, 35, 28, 27, 22, 13, 10, 12, 21, 20, 11, 1, 3, 0, 15, 5, 6, 7, 37, 9, 8, 16, 25, 31, 32, 33, 26];2075.0
[2, 3, 29, 28, 30, 26, 23, 24, 25, 31, 32, 34, 33, 27, 13, 36, 21, 22, 20, 11, 16, 0, 19, 17, 18, 14, 15, 5, 7, 6, 35, 4, 8, 37, 9, 10, 12, 1, 38];1783.0
[21, 20, 16, 30, 25, 26, 24, 23, 36, 13, 12, 15, 5, 6, 7, 8, 37, 10, 9, 11, 14, 17, 18, 19, 31, 32, 34, 38, 2, 4, 35, 33, 1, 3, 0, 29, 28, 27, 22];1942.0
[15, 5, 6, 7, 14, 16, 28, 36, 21, 22, 23, 24, 25, 30, 26, 27, 20, 13, 12, 37, 8, 9, 10, 11, 2, 4, 35, 33, 1, 3, 0, 18, 17, 19, 29, 31, 32, 34, 38];2011.0
[18, 19, 27, 23, 24, 36, 21, 22, 1, 3, 15, 5, 8, 37, 9, 11, 14, 17, 38, 2, 4, 6, 7, 12, 20, 13, 10, 16, 0, 29, 28, 25, 26, 30, 31, 32, 34, 35, 33];2105.0
[22, 16, 17, 19, 18, 14, 15, 5, 7, 6, 4, 35, 32, 33, 30, 31, 25, 24, 36, 21, 20, 13, 12, 11, 37, 8, 9, 10, 0, 1, 29, 34, 38, 2, 3, 28, 23, 26, 27];1896.0
[38, 2, 3, 16, 11, 12, 20, 13, 10, 0, 29, 28, 27, 26, 24, 36, 21, 22, 23, 25, 31, 32, 33, 30, 34, 35, 19, 18, 17, 14, 15, 5, 7, 6, 4, 37, 9, 8, 1];1910.0
[0, 19, 17, 18, 29, 1, 33, 25, 24, 36, 21, 22, 23, 26, 27, 20, 13, 12, 37, 9, 10, 14, 16, 28, 30, 31, 32, 34, 35, 38, 4, 5, 6, 7, 8, 11, 15, 2, 3];1961.0
[10, 11, 12, 21, 20, 13, 36, 26, 34, 35, 38, 33, 30, 29, 1, 4, 6, 2, 3, 0, 19, 18, 17, 14, 15, 5, 7, 8, 16, 28, 27, 22, 24, 23, 25, 31, 32, 37, 9];2093.0
[19, 28, 27, 22, 24, 23, 25, 31, 32, 34, 29, 15, 5, 7, 6, 3, 0, 16, 14, 11, 8, 37, 9, 10, 12, 1, 38, 2, 4, 35, 33, 30, 26, 13, 36, 21, 20, 18, 17];1931.0
[32, 33, 29, 1, 3, 0, 11, 37, 9, 10, 12, 16, 28, 23, 24, 25, 31, 34, 4, 6, 7, 5, 14, 17, 18, 35, 38, 2, 15, 8, 19, 30, 26, 27, 22, 20, 13, 36, 21];2175.0
[19, 1, 38, 35, 2, 3, 29, 30, 31, 32, 33, 28, 22, 36, 24, 25, 27, 20, 13, 10, 14, 15, 5, 6, 7, 11, 12, 21, 23, 26, 34, 4, 8, 37, 9, 16, 0, 17, 18];2056.0
[25, 24, 21, 11, 37, 10, 9, 8, 7, 5, 6, 2, 4, 35, 26, 27, 30, 34, 38, 15, 16, 31, 32, 33, 29, 1, 3, 0, 19, 28, 22, 20, 17, 18, 14, 12, 13, 36, 23];2263.0
[1, 38, 35, 26, 23, 24, 36, 13, 10, 12, 22, 21, 20, 16, 30, 25, 31, 32, 34, 33, 18, 17, 14, 15, 7, 6, 4, 2, 3, 0, 19, 29, 28, 27, 11, 37, 9, 5, 8];2097.0
[2, 3, 0, 19, 28, 27, 20, 12, 13, 36, 21, 22, 26, 23, 24, 25, 31, 32, 34, 35, 4, 8, 11, 16, 14, 15, 5, 6, 7, 37, 9, 10, 17, 18, 30, 33, 29, 1, 38];1811.0
[15, 5, 7, 6, 35, 32, 34, 38, 2, 4, 33, 26, 30, 31, 25, 23, 24, 36, 13, 12, 16, 0, 29, 28, 27, 22, 21, 20, 1, 3, 19, 18, 17, 14, 8, 37, 9, 10, 11];1885.0
[31, 34, 38, 2, 3, 15, 8, 5, 7, 6, 4, 35, 1, 0, 12, 13, 36, 24, 22, 21, 20, 11, 16, 37, 9, 10, 14, 18, 17, 19, 29, 28, 27, 32, 33, 30, 26, 23, 25];1938.0
[35, 4, 2, 3, 11, 8, 37, 9, 28, 23, 24, 25, 31, 32, 33, 19, 18, 17, 14, 15, 5, 7, 6, 34, 30, 26, 27, 21, 22, 36, 20, 13, 10, 12, 16, 0, 1, 29, 38];1987.0
[8, 26, 23, 24, 36, 15, 7, 6, 35, 33, 30, 34, 38, 2, 3, 4, 5, 19, 28, 27, 20, 21, 22, 25, 31, 32, 29, 1, 0, 16, 11, 12, 13, 10, 17, 18, 14, 37, 9];2165.0
[34, 38, 2, 4, 5, 7, 6, 35, 30, 26, 24, 36, 21, 20, 22, 13, 12, 11, 37, 9, 10, 16, 28, 27, 23, 25, 31, 32, 33, 15, 8, 14, 17, 18, 19, 1, 3, 0, 29];1888.0
[5, 14, 17, 18, 19, 1, 2, 4, 35, 38, 3, 0, 15, 8, 11, 37, 9, 29, 28, 27, 22, 23, 24, 36, 21, 20, 12, 16, 32, 34, 33, 30, 31, 25, 26, 13, 10, 6, 7];2059.0
[2, 4, 5, 7, 6, 35, 33, 29, 17, 14, 15, 8, 12, 13, 26, 27, 20, 37, 9, 10, 11, 16, 28, 23, 24, 36, 21, 22, 25, 31, 32, 30, 34, 38, 3, 0, 18, 19, 1];1976.0
[32, 29, 19, 17, 18, 14, 0, 28, 30, 34, 2, 4, 3, 15, 8, 37, 9, 6, 7, 5, 12, 22, 36, 21, 11, 1, 38, 35, 33, 24, 23, 25, 26, 27, 20, 13, 10, 16, 31];2189.0
[27, 22, 20, 13, 23, 25, 31, 32, 33, 26, 24, 36, 21, 30, 34, 38, 35, 4, 9, 16, 0, 1, 2, 3, 15, 6, 7, 5, 8, 14, 17, 18, 19, 11, 37, 10, 12, 29, 28];2024.0
[32, 34, 38, 2, 3, 1, 28, 22, 26, 30, 33, 35, 4, 19, 18, 17, 14, 15, 8, 5, 6, 7, 12, 13, 36, 21, 20, 10, 11, 0, 16, 37, 9, 29, 27, 23, 24, 25, 31];2050.0
[29, 28, 27, 22, 20, 13, 10, 37, 9, 8, 11, 14, 17, 18, 19, 30, 23, 26, 24, 36, 21, 12, 15, 5, 7, 6, 4, 38, 35, 33, 31, 25, 32, 34, 2, 3, 16, 0, 1];1906.0
[22, 20, 13, 12, 11, 37, 9, 10, 14, 0, 1, 35, 33, 30, 31, 25, 26, 23, 24, 36, 21, 15, 6, 7, 5, 8, 16, 32, 34, 38, 4, 2, 3, 17, 18, 19, 29, 28, 27];1893.0
[6, 12, 13, 36, 21, 20, 37, 8, 9, 10, 11, 14, 16, 17, 18, 19, 0, 1, 29, 28, 27, 32, 33, 30, 26, 24, 22, 23, 25, 31, 34, 35, 38, 2, 4, 3, 15, 7, 5];1876.0
[14, 18, 17, 19, 30, 26, 34, 4, 7, 6, 35, 38, 2, 3, 12, 13, 10, 37, 9, 15, 5, 8, 16, 0, 23, 24, 25, 31, 32, 33, 1, 29, 28, 27, 22, 36, 21, 20, 11];1989.0
[28, 27, 23, 25, 24, 36, 22, 20, 21, 12, 13, 10, 15, 7, 5, 6, 2, 3, 0, 29, 26, 30, 31, 32, 34, 33, 16, 11, 14, 18, 17, 19, 1, 38, 35, 4, 37, 9, 8];2016.0
[15, 5, 8, 11, 14, 17, 18, 19, 29, 30, 26, 23, 24, 36, 21, 22, 25, 28, 27, 20, 13, 12, 37, 9, 10, 1, 33, 31, 32, 34, 38, 35, 4, 7, 6, 2, 3, 0, 16];1804.0
[12, 11, 15, 5, 7, 6, 35, 31, 32, 33, 1, 3, 0, 16, 14, 13, 36, 22, 21, 20, 18, 17, 19, 29, 28, 23, 24, 25, 26, 27, 30, 34, 38, 2, 4, 8, 37, 9, 10];1825.0
[3, 15, 5, 6, 7, 8, 12, 13, 36, 21, 24, 22, 20, 11, 37, 9, 10, 14, 16, 28, 27, 33, 29, 19, 17, 18, 0, 1, 2, 4, 35, 31, 32, 25, 26, 23, 30, 34, 38];1975.0
[26, 23, 25, 34, 38, 37, 9, 10, 8, 17, 18, 14, 13, 36, 24, 22, 21, 20, 12, 11, 28, 27, 31, 32, 33, 29, 19, 0, 16, 1, 3, 15, 5, 7, 6, 2, 4, 35, 30];2111.0
[15, 8, 9, 37, 10, 11, 38, 35, 33, 29, 30, 34, 28, 23, 25, 31, 32, 12, 13, 24, 36, 21, 22, 26, 27, 20, 16, 0, 1, 3, 2, 4, 5, 6, 7, 19, 18, 17, 14];2216.0
[32, 33, 29, 15, 6, 7, 37, 9, 10, 11, 16, 28, 20, 13, 12, 21, 22, 36, 24, 25, 26, 27, 23, 30, 34, 38, 35, 4, 5, 8, 14, 17, 18, 19, 1, 2, 3, 0, 31];1963.0
[33, 28, 27, 20, 11, 12, 36, 21, 13, 10, 16, 14, 17, 18, 19, 29, 1, 38, 4, 7, 6, 2, 3, 0, 15, 5, 8, 37, 9, 30, 26, 23, 24, 22, 25, 31, 32, 34, 35];1985.0
[18, 19, 30, 25, 31, 32, 33, 34, 38, 2, 4, 35, 29, 28, 27, 22, 21, 15, 6, 7, 5, 9, 8, 37, 10, 16, 0, 1, 3, 12, 13, 36, 24, 23, 26, 20, 11, 14, 17];1994.0
[9, 10, 28, 27, 31, 32, 25, 24, 22, 23, 26, 34, 38, 35, 4, 33, 30, 29, 1, 3, 2, 0, 15, 6, 7, 5, 8, 11, 16, 19, 17, 18, 14, 12, 13, 36, 21, 20, 37];2013.0
[4, 5, 8, 37, 9, 10, 16, 29, 28, 27, 22, 20, 11, 14, 15, 7, 6, 12, 13, 36, 21, 23, 30, 33, 26, 24, 25, 31, 32, 34, 35, 38, 2, 3, 0, 19, 18, 17, 1];1856.0
[2, 3, 19, 30, 31, 32, 34, 38, 15, 7, 6, 4, 5, 8, 29, 28, 25, 27, 22, 20, 12, 13, 10, 16, 0, 35, 33, 26, 23, 24, 36, 21, 14, 17, 18, 37, 9, 11, 1];2214.0
[26, 27, 22, 36, 13, 10, 12, 21, 20, 11, 15, 5, 7, 6, 34, 35, 38, 2, 4, 3, 0, 19, 18, 17, 14, 16, 37, 9, 8, 30, 31, 32, 33, 29, 1, 28, 23, 24, 25];1911.0
[20, 16, 1, 35, 30, 31, 32, 33, 19, 18, 29, 28, 27, 34, 38, 15, 9, 10, 11, 37, 8, 5, 7, 6, 4, 2, 3, 0, 17, 14, 12, 13, 36, 21, 22, 23, 24, 25, 26];1960.0
[29, 1, 3, 16, 0, 28, 27, 34, 38, 35, 26, 23, 24, 36, 20, 13, 12, 21, 22, 25, 31, 2, 4, 5, 6, 7, 8, 11, 14, 17, 18, 19, 15, 37, 9, 10, 30, 32, 33];2064.0
[21, 22, 23, 26, 28, 27, 24, 25, 31, 32, 33, 29, 19, 18, 17, 1, 38, 2, 3, 16, 15, 37, 9, 10, 12, 13, 36, 20, 11, 14, 0, 35, 4, 5, 8, 7, 6, 34, 30];2018.0
[34, 2, 4, 5, 7, 8, 9, 14, 17, 18, 19, 0, 1, 16, 15, 6, 3, 38, 35, 33, 30, 26, 28, 27, 22, 11, 37, 10, 12, 13, 36, 21, 20, 29, 31, 32, 25, 24, 23];2116.0
[37, 9, 10, 16, 4, 35, 34, 38, 2, 15, 6, 7, 5, 8, 12, 13, 36, 21, 14, 18, 17, 19, 1, 3, 0, 29, 30, 31, 32, 33, 28, 27, 24, 22, 23, 25, 26, 20, 11];1981.0
[8, 9, 11, 12, 21, 25, 26, 30, 31, 33, 29, 28, 27, 22, 23, 24, 36, 20, 13, 10, 14, 16, 15, 6, 32, 34, 2, 3, 0, 17, 18, 19, 1, 38, 35, 4, 7, 5, 37];1964.0
[6, 7, 8, 11, 16, 0, 1, 2, 4, 35, 34, 38, 3, 28, 27, 24, 23, 25, 31, 32, 33, 30, 26, 29, 19, 18, 17, 14, 37, 9, 10, 12, 13, 36, 21, 22, 20, 15, 5];1775.0
[26, 34, 38, 2, 4, 7, 6, 35, 33, 30, 31, 32, 19, 18, 17, 15, 5, 8, 12, 21, 22, 24, 36, 37, 9, 11, 14, 16, 1, 3, 0, 29, 20, 13, 10, 28, 27, 23, 25];2074.0
[12, 13, 36, 20, 11, 15, 8, 5, 7, 6, 4, 33, 30, 25, 31, 32, 1, 3, 0, 18, 17, 19, 29, 28, 27, 21, 22, 24, 23, 26, 34, 35, 38, 2, 16, 14, 37, 9, 10];1889.0
[27, 22, 21, 20, 8, 5, 7, 6, 2, 4, 35, 33, 30, 29, 1, 0, 19, 18, 17, 14, 11, 12, 13, 36, 23, 26, 24, 25, 31, 32, 34, 38, 3, 15, 37, 9, 10, 16, 28];1876.0
[27, 23, 25, 31, 32, 37, 9, 10, 12, 13, 24, 26, 33, 19, 18, 17, 14, 1, 38, 2, 3, 0, 29, 30, 34, 35, 4, 6, 7, 5, 21, 22, 36, 20, 11, 15, 8, 16, 28];2188.0
[7, 6, 35, 38, 4, 2, 3, 0, 16, 15, 8, 11, 12, 23, 24, 25, 26, 30, 31, 32, 34, 33, 29, 22, 36, 21, 13, 10, 14, 17, 18, 19, 1, 28, 27, 20, 37, 9, 5];1913.0
[6, 4, 25, 24, 36, 21, 20, 37, 9, 8, 11, 12, 13, 10, 1, 35, 38, 2, 3, 0, 19, 18, 17, 27, 28, 22, 23, 26, 30, 31, 32, 34, 33, 29, 16, 14, 15, 5, 7];1972.0
[19, 1, 4, 5, 6, 7, 37, 9, 10, 16, 0, 29, 31, 32, 25, 24, 23, 26, 30, 34, 2, 3, 38, 35, 33, 28, 27, 36, 21, 22, 20, 13, 12, 11, 14, 15, 8, 17, 18];1901.0
[21, 20, 11, 14, 17, 28, 27, 22, 23, 26, 34, 4, 7, 5, 6, 2, 3, 0, 19, 18, 1, 38, 35, 30, 24, 25, 31, 32, 33, 29, 16, 15, 37, 9, 8, 10, 12, 13, 36];1919.0
[13, 21, 22, 36, 24, 23, 26, 30, 25, 31, 32, 33, 34, 2, 3, 1, 38, 35, 4, 8, 37, 9, 10, 12, 11, 16, 0, 15, 5, 6, 7, 14, 18, 17, 19, 29, 28, 27, 20];1797.0
[21, 20, 11, 14, 16, 17, 18, 19, 0, 29, 22, 23, 24, 25, 31, 32, 33, 30, 26, 28, 27, 34, 38, 35, 4, 8, 37, 9, 5, 6, 7, 2, 1, 3, 15, 10, 12, 13, 36];1845.0
[28, 27, 23, 24, 22, 14, 17, 18, 19, 0, 1, 38, 2, 3, 29, 30, 25, 26, 31, 32, 34, 8, 37, 9, 10, 12, 13, 36, 21, 20, 11, 16, 15, 5, 7, 6, 4, 35, 33];1896.0
[12, 11, 29, 28, 24, 23, 25, 31, 32, 19, 18, 17, 14, 16, 0, 30, 34, 4, 5, 7, 6, 2, 3, 1, 22, 36, 21, 20, 13, 10, 15, 8, 37, 9, 38, 35, 33, 26, 27];2150.0
[18, 19, 30, 33, 29, 28, 27, 20, 11, 37, 9, 10, 16, 17, 14, 12, 13, 36, 22, 21, 23, 26, 24, 25, 31, 32, 34, 1, 15, 8, 7, 5, 6, 4, 35, 38, 2, 3, 0];1960.0
[20, 18, 17, 19, 28, 27, 23, 34, 38, 2, 1, 3, 0, 37, 10, 9, 8, 7, 32, 33, 29, 16, 15, 5, 6, 4, 35, 30, 31, 25, 26, 13, 12, 11, 14, 21, 22, 24, 36];2297.0
[2, 4, 3, 15, 8, 14, 17, 18, 19, 22, 36, 21, 20, 37, 9, 11, 12, 13, 10, 16, 0, 1, 29, 28, 23, 24, 25, 31, 32, 33, 26, 27, 30, 34, 5, 7, 6, 35, 38];1949.0
[35, 4, 2, 0, 16, 15, 8, 12, 21, 22, 23, 25, 26, 24, 36, 20, 13, 10, 14, 18, 17, 19, 30, 33, 31, 32, 34, 38, 3, 1, 29, 28, 27, 11, 37, 9, 5, 7, 6];1943.0
[5, 37, 9, 8, 16, 0, 2, 4, 3, 29, 28, 27, 22, 36, 21, 23, 25, 24, 13, 10, 14, 17, 18, 19, 1, 38, 35, 33, 30, 31, 32, 34, 26, 20, 12, 11, 15, 6, 7];1980.0
[33, 29, 19, 18, 17, 14, 8, 11, 15, 6, 7, 5, 37, 9, 10, 12, 13, 36, 21, 22, 20, 1, 2, 4, 35, 30, 31, 32, 34, 38, 3, 16, 0, 28, 27, 23, 24, 25, 26];1809.0
[26, 24, 23, 25, 31, 32, 4, 6, 7, 5, 12, 21, 20, 16, 0, 29, 28, 27, 22, 36, 13, 10, 37, 9, 8, 15, 11, 14, 18, 17, 19, 1, 2, 3, 33, 30, 34, 38, 35];2028.0
[15, 5, 6, 7, 8, 37, 9, 10, 12, 30, 34, 38, 2, 4, 35, 33, 25, 26, 31, 32, 29, 19, 17, 18, 0, 1, 3, 23, 24, 22, 14, 16, 28, 27, 20, 13, 36, 21, 11];2076.0
[32, 34, 38, 2, 3, 0, 16, 17, 18, 19, 1, 29, 28, 27, 20, 10, 11, 12, 13, 36, 21, 23, 24, 22, 37, 9, 8, 14, 15, 5, 7, 6, 4, 35, 33, 30, 26, 25, 31];1771.0
[22, 23, 25, 31, 32, 33, 26, 27, 24, 36, 13, 12, 1, 38, 35, 30, 34, 4, 6, 2, 3, 19, 18, 17, 14, 37, 9, 10, 11, 16, 15, 7, 5, 8, 0, 29, 28, 20, 21];1994.0
[10, 13, 36, 15, 5, 6, 7, 4, 2, 3, 0, 18, 17, 19, 28, 27, 20, 12, 11, 14, 16, 1, 32, 33, 30, 26, 23, 24, 25, 31, 34, 38, 35, 29, 22, 21, 8, 37, 9];2102.0
[11, 37, 9, 12, 13, 10, 19, 18, 17, 14, 15, 8, 16, 1, 3, 35, 33, 29, 30, 25, 31, 32, 34, 38, 2, 4, 5, 6, 7, 0, 28, 27, 24, 36, 21, 22, 23, 26, 20];1986.0
[0, 29, 30, 31, 25, 24, 36, 13, 10, 14, 17, 18, 19, 1, 38, 2, 3, 15, 8, 5, 7, 6, 4, 12, 21, 22, 23, 26, 34, 35, 32, 33, 28, 27, 20, 11, 37, 9, 16];1994.0
[27, 30, 34, 4, 6, 7, 35, 33, 1, 15, 5, 8, 11, 14, 17, 18, 19, 23, 26, 24, 25, 31, 32, 38, 2, 3, 0, 16, 12, 13, 36, 21, 22, 20, 37, 9, 10, 29, 28];2012.0
[32, 33, 30, 26, 22, 37, 9, 6, 7, 5, 8, 11, 14, 17, 18, 19, 1, 3, 29, 34, 38, 35, 4, 2, 15, 10, 12, 13, 36, 21, 20, 16, 0, 28, 27, 24, 23, 25, 31];1925.0
[32, 0, 37, 9, 8, 11, 15, 5, 7, 6, 3, 28, 27, 22, 23, 26, 24, 36, 21, 20, 13, 10, 12, 16, 14, 17, 18, 19, 1, 38, 2, 4, 34, 35, 33, 29, 30, 25, 31];1925.0
[5, 6, 35, 29, 28, 27, 34, 38, 4, 8, 12, 13, 36, 21, 14, 17, 19, 18, 31, 25, 32, 33, 30, 26, 23, 24, 22, 20, 11, 37, 9, 10, 16, 0, 1, 2, 3, 15, 7];2036.0
[18, 29, 28, 27, 24, 23, 25, 31, 32, 33, 30, 34, 4, 5, 7, 6, 35, 38, 2, 3, 15, 8, 12, 13, 36, 20, 21, 22, 26, 1, 0, 16, 37, 9, 10, 11, 14, 17, 19];1831.0
[29, 28, 27, 22, 20, 13, 10, 9, 8, 37, 11, 14, 17, 19, 18, 1, 33, 30, 26, 23, 31, 25, 24, 36, 21, 12, 15, 5, 7, 6, 4, 38, 35, 32, 34, 2, 3, 0, 16];1889.0
[28, 27, 20, 13, 36, 21, 22, 26, 30, 33, 16, 11, 37, 9, 10, 12, 23, 24, 25, 31, 32, 34, 38, 2, 15, 6, 7, 35, 4, 5, 8, 14, 17, 18, 19, 0, 1, 3, 29];1864.0
[14, 0, 27, 23, 24, 25, 26, 30, 2, 3, 18, 17, 19, 29, 28, 22, 36, 21, 20, 13, 12, 15, 11, 16, 1, 33, 31, 32, 34, 38, 35, 4, 6, 7, 5, 8, 37, 9, 10];1888.0
[30, 29, 16, 14, 15, 5, 7, 6, 4, 2, 3, 0, 17, 18, 19, 1, 38, 35, 28, 23, 26, 27, 22, 21, 20, 11, 8, 37, 9, 10, 12, 13, 36, 24, 25, 31, 32, 34, 33];1802.0
[7, 6, 33, 26, 27, 23, 24, 36, 13, 12, 21, 22, 25, 31, 32, 29, 28, 20, 11, 1, 3, 37, 9, 10, 16, 0, 30, 34, 35, 38, 4, 2, 19, 17, 18, 14, 15, 8, 5];2105.0
[36, 13, 12, 37, 9, 10, 15, 6, 7, 33, 30, 25, 31, 32, 34, 38, 35, 4, 5, 8, 11, 1, 2, 3, 0, 16, 14, 17, 18, 19, 29, 20, 21, 22, 26, 28, 27, 23, 24];1901.0
[32, 25, 26, 22, 20, 13, 10, 12, 0, 1, 35, 34, 33, 29, 28, 27, 23, 24, 36, 21, 11, 14, 15, 7, 6, 4, 38, 2, 3, 19, 18, 17, 37, 9, 5, 8, 16, 30, 31];2031.0
[13, 10, 12, 11, 16, 19, 17, 18, 14, 37, 9, 8, 33, 30, 31, 32, 26, 23, 25, 24, 36, 21, 1, 3, 38, 35, 34, 2, 15, 7, 6, 4, 5, 0, 29, 28, 27, 22, 20];2079.0
[37, 9, 10, 12, 15, 5, 7, 6, 4, 35, 31, 32, 33, 29, 28, 27, 22, 24, 23, 25, 26, 30, 34, 38, 2, 0, 19, 18, 17, 13, 36, 21, 20, 1, 3, 16, 14, 11, 8];1827.0
[17, 18, 19, 0, 1, 35, 33, 26, 23, 24, 25, 31, 32, 5, 6, 7, 37, 9, 10, 16, 30, 34, 38, 2, 4, 3, 29, 28, 27, 22, 20, 11, 15, 8, 12, 13, 36, 21, 14];2037.0
[38, 35, 4, 5, 6, 7, 32, 34, 2, 3, 19, 18, 17, 14, 15, 37, 9, 10, 8, 11, 29, 30, 33, 31, 25, 24, 23, 26, 28, 27, 22, 21, 20, 13, 36, 12, 16, 0, 1];1954.0
[16, 14, 15, 37, 9, 6, 7, 4, 5, 8, 11, 18, 17, 19, 29, 28, 27, 22, 23, 24, 36, 13, 10, 38, 35, 32, 33, 20, 12, 21, 25, 26, 30, 31, 34, 2, 1, 3, 0];2179.0
[8, 37, 9, 10, 11, 16, 19, 1, 3, 15, 7, 6, 35, 38, 2, 0, 12, 13, 36, 21, 20, 14, 17, 18, 28, 27, 22, 24, 23, 25, 26, 31, 32, 33, 29, 30, 34, 4, 5];1860.0
[9, 10, 12, 15, 5, 7, 6, 32, 31, 25, 24, 23, 26, 34, 35, 33, 30, 29, 28, 27, 22, 20, 13, 36, 21, 16, 0, 1, 38, 2, 4, 3, 19, 17, 18, 14, 11, 8, 37];1888.0
[5, 37, 9, 8, 10, 28, 36, 21, 23, 24, 34, 38, 3, 16, 17, 18, 19, 31, 32, 33, 29, 0, 1, 2, 4, 7, 6, 35, 30, 25, 26, 27, 22, 20, 13, 12, 11, 14, 15];2086.0
[19, 29, 28, 20, 12, 13, 36, 21, 22, 26, 27, 23, 24, 25, 34, 35, 4, 6, 7, 5, 8, 37, 9, 10, 15, 11, 14, 16, 0, 30, 31, 32, 33, 1, 38, 2, 3, 18, 17];1870.0
[23, 24, 25, 31, 19, 17, 18, 14, 16, 1, 3, 15, 37, 9, 10, 11, 0, 30, 33, 26, 27, 20, 29, 28, 22, 21, 8, 7, 5, 6, 32, 34, 38, 2, 35, 4, 12, 13, 36];2318.0
[8, 11, 16, 28, 27, 20, 13, 36, 0, 1, 2, 4, 35, 33, 29, 24, 23, 26, 30, 34, 38, 19, 18, 17, 14, 37, 9, 10, 12, 21, 22, 25, 31, 32, 3, 15, 5, 6, 7];2047.0
[17, 18, 19, 28, 23, 24, 26, 34, 30, 31, 25, 32, 33, 29, 1, 2, 4, 35, 38, 3, 0, 16, 37, 9, 8, 27, 20, 13, 10, 11, 12, 21, 22, 36, 15, 6, 7, 5, 14];2095.0
[8, 10, 12, 13, 21, 36, 22, 23, 24, 25, 26, 30, 34, 38, 2, 3, 0, 29, 31, 32, 33, 28, 27, 20, 1, 35, 4, 19, 17, 18, 15, 6, 7, 5, 16, 14, 11, 37, 9];2008.0
[16, 15, 5, 8, 7, 6, 4, 37, 9, 10, 11, 0, 1, 38, 35, 33, 30, 24, 36, 21, 31, 32, 34, 2, 3, 19, 18, 13, 12, 29, 28, 27, 23, 25, 26, 22, 20, 14, 17];2116.0
[16, 12, 13, 10, 11, 15, 5, 7, 6, 4, 35, 38, 3, 0, 19, 17, 18, 14, 37, 9, 8, 1, 29, 30, 31, 32, 33, 28, 27, 20, 21, 22, 36, 23, 24, 25, 26, 34, 2];1877.0
[32, 34, 15, 8, 5, 7, 6, 35, 38, 2, 4, 12, 21, 13, 36, 22, 23, 24, 26, 30, 33, 28, 27, 20, 37, 9, 10, 11, 0, 1, 3, 16, 14, 18, 17, 19, 29, 25, 31];2021.0
[13, 36, 21, 15, 6, 7, 5, 8, 14, 17, 18, 19, 37, 9, 10, 11, 12, 16, 0, 29, 30, 34, 38, 3, 1, 2, 4, 35, 31, 32, 33, 28, 27, 24, 23, 25, 26, 22, 20];1925.0
[25, 32, 34, 38, 2, 3, 0, 16, 14, 11, 37, 9, 6, 4, 35, 26, 27, 13, 10, 12, 15, 7, 5, 8, 28, 23, 24, 22, 36, 21, 20, 18, 17, 19, 29, 1, 33, 30, 31];2077.0
[13, 10, 14, 16, 17, 18, 19, 0, 28, 27, 26, 30, 25, 31, 32, 34, 3, 15, 8, 37, 9, 7, 6, 35, 33, 29, 1, 38, 2, 4, 5, 11, 12, 21, 23, 24, 22, 36, 20];1914.0
[2, 0, 16, 1, 3, 29, 31, 32, 19, 17, 18, 14, 12, 22, 23, 25, 24, 36, 21, 20, 13, 10, 11, 15, 37, 9, 8, 5, 7, 6, 4, 35, 33, 26, 28, 27, 30, 34, 38];1933.0
[6, 35, 32, 34, 38, 2, 4, 33, 31, 25, 28, 27, 22, 13, 12, 1, 3, 0, 29, 30, 26, 24, 23, 36, 21, 20, 19, 18, 17, 14, 37, 9, 10, 11, 16, 15, 8, 5, 7];2016.0
[5, 16, 30, 33, 31, 25, 21, 22, 13, 10, 12, 29, 28, 27, 23, 26, 24, 36, 20, 11, 37, 9, 8, 0, 1, 38, 35, 32, 34, 4, 6, 2, 3, 19, 17, 18, 14, 15, 7];2187.0
[5, 11, 12, 13, 36, 23, 24, 25, 26, 34, 38, 35, 30, 31, 32, 33, 3, 15, 8, 37, 9, 10, 16, 0, 29, 28, 27, 22, 21, 20, 14, 17, 18, 19, 1, 2, 4, 6, 7];1811.0
[26, 30, 34, 38, 2, 4, 35, 33, 29, 19, 17, 18, 14, 16, 15, 5, 6, 7, 8, 37, 9, 10, 0, 28, 27, 25, 31, 32, 1, 3, 11, 12, 13, 36, 21, 22, 20, 24, 23];1833.0
[34, 4, 5, 7, 8, 11, 16, 0, 37, 9, 10, 12, 15, 6, 35, 38, 2, 3, 29, 28, 27, 13, 36, 21, 22, 20, 14, 17, 18, 19, 1, 33, 23, 24, 25, 26, 30, 31, 32];1897.0
[26, 23, 24, 22, 36, 21, 13, 10, 12, 16, 0, 19, 18, 17, 14, 15, 5, 7, 6, 34, 38, 3, 29, 30, 25, 31, 32, 28, 27, 20, 37, 9, 8, 11, 1, 2, 4, 35, 33];1910.0
[4, 5, 8, 16, 30, 34, 33, 26, 23, 24, 22, 21, 11, 37, 9, 10, 12, 13, 36, 25, 31, 32, 29, 28, 27, 20, 14, 15, 7, 6, 35, 38, 2, 3, 0, 19, 17, 18, 1];1955.0
[23, 26, 27, 11, 8, 6, 35, 33, 30, 25, 24, 22, 20, 0, 1, 29, 31, 32, 34, 38, 15, 5, 7, 4, 2, 3, 16, 37, 9, 10, 12, 13, 36, 21, 14, 17, 19, 18, 28];2198.0
[22, 21, 1, 3, 38, 2, 0, 16, 37, 9, 10, 12, 11, 15, 8, 14, 17, 18, 19, 28, 20, 13, 36, 23, 24, 25, 26, 30, 33, 31, 32, 34, 4, 5, 7, 6, 35, 29, 27];1997.0
[0, 1, 38, 35, 2, 3, 30, 26, 24, 36, 21, 20, 16, 29, 28, 27, 22, 23, 25, 31, 32, 33, 34, 4, 37, 9, 15, 5, 6, 7, 8, 12, 13, 10, 11, 14, 17, 18, 19];1914.0
[21, 22, 26, 30, 33, 27, 24, 23, 25, 31, 32, 15, 7, 6, 37, 9, 10, 12, 1, 2, 3, 35, 34, 38, 4, 5, 8, 11, 14, 16, 17, 18, 19, 0, 29, 28, 20, 13, 36];1977.0
[31, 25, 24, 36, 20, 13, 10, 11, 15, 5, 6, 7, 8, 29, 28, 27, 34, 2, 4, 37, 9, 14, 17, 18, 19, 0, 16, 12, 21, 22, 23, 26, 30, 33, 1, 3, 38, 35, 32];1975.0
[24, 31, 32, 33, 29, 19, 18, 17, 14, 15, 5, 8, 11, 16, 30, 34, 38, 3, 0, 28, 27, 22, 36, 21, 20, 13, 12, 37, 9, 10, 1, 2, 4, 7, 6, 35, 26, 23, 25];1904.0
[24, 23, 26, 33, 17, 18, 19, 29, 30, 25, 31, 32, 34, 2, 4, 5, 8, 12, 13, 36, 21, 10, 11, 14, 16, 15, 37, 9, 6, 7, 35, 38, 3, 1, 27, 22, 20, 0, 28];2162.0
[19, 18, 17, 14, 15, 5, 8, 11, 16, 38, 35, 34, 33, 29, 1, 4, 7, 6, 2, 3, 0, 30, 32, 31, 25, 26, 28, 27, 13, 10, 37, 9, 12, 21, 22, 23, 24, 36, 20];2058.0
[9, 10, 11, 15, 6, 7, 5, 14, 17, 18, 19, 0, 16, 29, 23, 25, 26, 24, 22, 36, 21, 20, 13, 12, 1, 38, 2, 3, 31, 32, 33, 28, 27, 30, 34, 35, 4, 8, 37];1929.0
[16, 15, 5, 6, 7, 2, 3, 0, 11, 12, 13, 36, 23, 24, 25, 26, 33, 29, 28, 27, 22, 21, 20, 1, 35, 30, 31, 32, 34, 38, 4, 37, 8, 9, 10, 14, 17, 18, 19];1941.0
[31, 25, 24, 23, 26, 28, 27, 22, 20, 11, 0, 29, 19, 1, 4, 8, 5, 37, 9, 10, 16, 17, 18, 14, 12, 13, 36, 21, 38, 35, 2, 3, 15, 7, 6, 32, 34, 33, 30];2080.0
[17, 18, 28, 27, 23, 24, 21, 22, 20, 4, 35, 34, 38, 2, 19, 0, 16, 37, 10, 12, 13, 36, 25, 26, 30, 31, 32, 33, 29, 1, 3, 15, 6, 7, 5, 8, 9, 11, 14];1972.0
[33, 1, 3, 29, 28, 27, 30, 34, 38, 0, 19, 18, 13, 20, 11, 37, 9, 10, 2, 4, 35, 6, 7, 5, 16, 17, 14, 15, 8, 12, 21, 22, 36, 24, 23, 25, 26, 31, 32];2166.0
[10, 15, 6, 7, 5, 8, 11, 12, 22, 34, 38, 35, 4, 2, 3, 1, 0, 16, 14, 18, 17, 19, 28, 27, 24, 36, 37, 9, 29, 30, 31, 32, 33, 23, 25, 26, 20, 21, 13];2183.0
[21, 11, 14, 15, 37, 9, 8, 10, 38, 35, 33, 28, 27, 22, 20, 13, 12, 16, 0, 29, 30, 34, 3, 17, 19, 18, 1, 2, 4, 5, 7, 6, 32, 31, 25, 23, 26, 24, 36];2079.0
[36, 21, 20, 13, 12, 11, 37, 10, 1, 3, 0, 16, 14, 15, 9, 8, 5, 7, 6, 33, 26, 23, 25, 31, 32, 29, 19, 17, 18, 30, 34, 35, 38, 2, 4, 28, 27, 22, 24];1979.0
[3, 16, 15, 11, 12, 13, 10, 37, 9, 8, 29, 28, 27, 23, 25, 26, 24, 36, 22, 21, 20, 14, 0, 30, 31, 32, 33, 34, 38, 35, 19, 17, 18, 1, 4, 5, 7, 6, 2];1995.0
[35, 4, 6, 34, 33, 30, 32, 31, 25, 23, 24, 36, 22, 21, 13, 12, 15, 7, 5, 11, 14, 17, 18, 19, 37, 8, 9, 10, 0, 29, 26, 28, 27, 20, 16, 1, 2, 3, 38];2153.0
[22, 13, 36, 20, 19, 18, 17, 14, 15, 5, 6, 7, 0, 1, 2, 4, 8, 37, 9, 10, 16, 29, 28, 23, 24, 25, 32, 31, 34, 33, 26, 27, 30, 35, 38, 3, 11, 12, 21];2147.0
[19, 0, 29, 1, 3, 38, 35, 34, 2, 4, 5, 6, 7, 37, 9, 10, 30, 31, 32, 33, 28, 27, 25, 26, 23, 24, 36, 21, 22, 20, 13, 12, 11, 16, 15, 8, 14, 17, 18];1805.0
[4, 5, 9, 8, 37, 10, 30, 26, 24, 13, 12, 14, 17, 19, 18, 23, 25, 31, 32, 33, 29, 3, 15, 6, 7, 16, 28, 27, 22, 36, 21, 20, 11, 0, 1, 38, 35, 34, 2];2144.0
[2, 4, 35, 32, 33, 29, 18, 19, 17, 15, 6, 7, 5, 8, 10, 12, 13, 36, 24, 23, 25, 26, 30, 31, 34, 38, 3, 28, 27, 22, 21, 20, 14, 11, 37, 9, 16, 0, 1];1873.0
[17, 18, 14, 21, 22, 24, 36, 13, 10, 16, 0, 1, 3, 38, 35, 32, 31, 34, 2, 29, 28, 20, 12, 11, 15, 5, 7, 6, 4, 37, 9, 8, 27, 23, 25, 26, 30, 33, 19];2125.0
[33, 19, 17, 18, 14, 0, 29, 30, 31, 32, 34, 15, 7, 5, 6, 35, 4, 37, 8, 9, 10, 16, 1, 38, 2, 3, 28, 27, 22, 36, 21, 20, 11, 12, 13, 24, 23, 25, 26];2015.0
[18, 29, 28, 27, 23, 25, 26, 30, 31, 32, 34, 35, 33, 24, 36, 20, 13, 10, 9, 8, 37, 14, 17, 16, 15, 6, 7, 5, 12, 21, 22, 11, 1, 38, 2, 4, 3, 0, 19];1993.0
[4, 38, 35, 32, 31, 25, 22, 21, 20, 16, 0, 1, 3, 33, 26, 23, 24, 36, 13, 10, 12, 37, 9, 15, 5, 6, 7, 8, 11, 14, 17, 18, 19, 29, 28, 27, 30, 34, 2];1961.0
[16, 0, 31, 32, 33, 1, 38, 2, 3, 28, 27, 20, 13, 36, 21, 37, 10, 12, 22, 23, 25, 24, 26, 29, 19, 18, 30, 34, 35, 4, 6, 7, 5, 9, 8, 11, 15, 14, 17];2157.0
[1, 3, 23, 24, 36, 21, 20, 14, 17, 19, 18, 29, 28, 27, 30, 25, 31, 32, 34, 38, 15, 5, 8, 7, 6, 2, 4, 35, 33, 26, 22, 13, 10, 12, 37, 9, 11, 16, 0];1981.0
[7, 5, 37, 9, 10, 16, 14, 17, 18, 19, 35, 33, 30, 26, 23, 25, 31, 32, 34, 24, 36, 21, 13, 12, 11, 15, 8, 0, 29, 28, 27, 22, 20, 1, 3, 38, 2, 4, 6];1971.0
[21, 15, 5, 6, 7, 9, 8, 16, 0, 24, 23, 25, 31, 32, 33, 26, 30, 34, 35, 29, 28, 27, 22, 20, 11, 1, 38, 2, 4, 3, 19, 18, 17, 14, 37, 10, 12, 13, 36];1989.0
[12, 21, 20, 13, 10, 11, 16, 27, 24, 23, 25, 26, 30, 34, 33, 28, 22, 36, 14, 17, 18, 19, 29, 31, 32, 0, 8, 37, 9, 1, 38, 35, 4, 2, 3, 15, 5, 6, 7];2164.0
[11, 15, 5, 7, 6, 2, 3, 27, 22, 21, 20, 13, 10, 14, 17, 19, 18, 29, 28, 31, 32, 30, 34, 4, 37, 9, 8, 16, 0, 1, 38, 35, 33, 26, 23, 25, 24, 36, 12];2004.0
[7, 37, 9, 10, 0, 23, 25, 24, 36, 21, 20, 13, 12, 22, 26, 34, 38, 2, 3, 15, 8, 11, 14, 16, 18, 17, 19, 29, 28, 27, 30, 31, 32, 33, 1, 35, 4, 5, 6];1926.0
[20, 13, 12, 37, 9, 8, 10, 11, 16, 14, 18, 17, 19, 29, 30, 33, 15, 5, 6, 7, 32, 26, 27, 23, 24, 36, 21, 22, 25, 31, 34, 35, 38, 4, 2, 3, 0, 1, 28];2024.0
[37, 9, 8, 14, 17, 18, 19, 28, 27, 22, 11, 16, 1, 35, 4, 5, 7, 6, 33, 30, 25, 26, 23, 24, 36, 21, 20, 13, 10, 12, 0, 29, 31, 32, 34, 38, 2, 3, 15];1876.0
[31, 32, 34, 38, 33, 30, 26, 23, 25, 24, 36, 13, 12, 14, 18, 17, 19, 1, 4, 7, 6, 35, 2, 3, 15, 5, 8, 37, 9, 10, 11, 16, 0, 29, 28, 27, 20, 21, 22];1838.0
[4, 33, 26, 23, 25, 31, 34, 38, 2, 17, 18, 19, 1, 3, 0, 28, 27, 30, 32, 29, 16, 15, 8, 12, 21, 22, 24, 36, 20, 13, 10, 14, 11, 37, 9, 5, 7, 6, 35];2007.0
[11, 14, 22, 36, 21, 37, 9, 10, 16, 0, 30, 26, 23, 24, 25, 15, 7, 5, 6, 33, 31, 32, 34, 4, 8, 17, 18, 19, 1, 38, 35, 2, 3, 29, 28, 27, 20, 13, 12];2245.0
[4, 2, 3, 0, 16, 14, 18, 17, 19, 1, 38, 35, 34, 33, 30, 26, 25, 31, 32, 29, 28, 27, 22, 23, 24, 36, 21, 20, 37, 9, 8, 12, 13, 10, 11, 15, 5, 7, 6];1696.0
[12, 16, 38, 35, 28, 27, 24, 25, 31, 32, 34, 37, 10, 9, 7, 6, 4, 2, 15, 5, 8, 11, 30, 33, 29, 1, 3, 0, 19, 18, 17, 14, 13, 21, 36, 22, 23, 26, 20];2278.0
