ftv55
[53, 43, 42, 50, 24, 54, 49, 45, 30, 46, 48, 3, 6, 4, 32, 8, 7, 11, 19, 18, 20, 40, 22, 41, 21, 23, 26, 52, 13, 35, 5, 47, 31, 29, 0, 33, 55, 34, 1, 2, 17, 16, 15, 39, 38, 37, 36, 9, 10, 51, 12, 14, 25, 27, 44, 28];2263.0;2698.476923076923;1.5542653246153846E7;99.0;104523.0;65.0
[32, 8, 7, 5, 6, 4, 37, 36, 9, 11, 51, 12, 15, 27, 23, 54, 49, 29, 26, 52, 16, 17, 2, 13, 35, 14, 0, 34, 48, 45, 30, 46, 55, 31, 47, 44, 53, 41, 21, 50, 43, 28, 25, 24, 40, 20, 42, 22, 19, 18, 38, 39, 10, 33, 1, 3];2632.0
[22, 20, 40, 41, 50, 44, 28, 53, 19, 18, 39, 38, 51, 14, 45, 30, 29, 42, 21, 55, 34, 1, 2, 15, 16, 17, 52, 27, 23, 24, 13, 35, 4, 5, 6, 7, 36, 37, 11, 10, 32, 8, 9, 12, 0, 33, 47, 3, 48, 31, 46, 26, 25, 54, 49, 43];2722.0
[51, 12, 15, 16, 17, 52, 34, 1, 2, 25, 24, 42, 50, 23, 54, 28, 29, 26, 0, 33, 13, 35, 5, 6, 47, 31, 48, 3, 32, 8, 36, 9, 11, 19, 20, 40, 41, 22, 21, 45, 30, 46, 55, 4, 7, 10, 14, 27, 49, 44, 53, 43, 18, 39, 38, 37];2307.0
[40, 20, 38, 15, 16, 17, 26, 42, 50, 54, 30, 55, 34, 31, 46, 43, 53, 18, 39, 13, 35, 12, 1, 3, 4, 11, 19, 41, 49, 29, 52, 0, 33, 2, 37, 36, 9, 8, 6, 5, 47, 48, 45, 44, 28, 10, 32, 7, 51, 14, 25, 24, 27, 23, 21, 22];2925.0
[36, 9, 37, 14, 52, 25, 42, 41, 21, 22, 50, 23, 54, 43, 44, 28, 53, 18, 39, 51, 0, 33, 4, 6, 47, 45, 34, 30, 55, 31, 46, 29, 26, 11, 38, 10, 27, 49, 24, 20, 40, 19, 7, 5, 48, 3, 1, 2, 17, 15, 16, 12, 13, 35, 32, 8];2689.0
[7, 6, 53, 43, 28, 16, 15, 12, 39, 38, 32, 36, 14, 17, 26, 42, 22, 41, 21, 50, 49, 29, 0, 2, 13, 35, 5, 1, 33, 47, 44, 27, 23, 54, 45, 30, 31, 3, 48, 4, 11, 40, 19, 20, 18, 51, 52, 25, 24, 46, 55, 34, 10, 37, 9, 8];2898.0
[28, 29, 0, 35, 32, 36, 49, 45, 34, 1, 33, 55, 2, 17, 27, 23, 42, 21, 50, 22, 41, 30, 46, 31, 44, 53, 40, 19, 20, 18, 51, 13, 5, 47, 48, 3, 6, 4, 8, 7, 10, 14, 52, 26, 25, 54, 24, 39, 11, 38, 37, 9, 12, 15, 16, 43];2924.0
[46, 55, 34, 3, 48, 1, 2, 16, 15, 12, 39, 19, 20, 41, 22, 40, 18, 13, 35, 6, 4, 7, 10, 11, 38, 51, 17, 52, 24, 54, 27, 49, 14, 32, 8, 36, 26, 25, 42, 21, 50, 23, 45, 29, 0, 33, 37, 9, 44, 28, 53, 43, 30, 47, 5, 31];2636.0
[23, 54, 49, 45, 34, 37, 36, 9, 10, 32, 8, 4, 6, 7, 11, 38, 19, 40, 20, 39, 12, 16, 15, 25, 24, 42, 22, 18, 51, 44, 28, 53, 43, 30, 46, 31, 26, 52, 17, 0, 33, 55, 3, 48, 1, 13, 35, 5, 47, 2, 14, 27, 29, 41, 21, 50];2709.0
[34, 1, 2, 33, 26, 17, 52, 0, 3, 4, 8, 32, 36, 37, 9, 11, 14, 25, 22, 41, 23, 45, 30, 46, 48, 5, 6, 7, 51, 24, 20, 40, 42, 21, 50, 54, 49, 43, 44, 31, 47, 53, 28, 13, 35, 19, 18, 39, 38, 10, 12, 15, 16, 27, 29, 55];2716.0
[20, 23, 49, 30, 46, 55, 31, 47, 48, 1, 33, 34, 2, 12, 39, 38, 11, 27, 43, 28, 32, 7, 8, 36, 37, 9, 13, 35, 5, 6, 51, 14, 42, 21, 50, 45, 3, 4, 10, 15, 16, 17, 40, 41, 22, 54, 53, 44, 29, 25, 24, 26, 52, 0, 18, 19];2974.0
[38, 11, 32, 36, 33, 46, 55, 1, 13, 35, 7, 8, 4, 5, 6, 47, 53, 43, 44, 28, 26, 52, 0, 2, 37, 9, 14, 45, 30, 34, 3, 48, 31, 49, 29, 40, 20, 19, 18, 10, 51, 12, 15, 16, 17, 25, 24, 42, 22, 41, 21, 50, 23, 54, 27, 39];2473.0
[24, 18, 39, 51, 13, 35, 10, 11, 38, 37, 9, 8, 6, 5, 47, 44, 53, 43, 23, 54, 29, 27, 30, 34, 48, 3, 4, 7, 32, 36, 12, 15, 16, 17, 55, 31, 46, 1, 2, 0, 33, 14, 52, 20, 19, 40, 41, 49, 45, 28, 26, 42, 21, 22, 50, 25];2401.0
[19, 40, 54, 47, 48, 1, 2, 55, 31, 27, 49, 45, 29, 26, 52, 17, 16, 12, 15, 14, 51, 36, 9, 37, 11, 10, 39, 38, 20, 42, 21, 50, 43, 53, 44, 28, 30, 46, 34, 3, 5, 6, 4, 32, 8, 25, 22, 41, 23, 13, 35, 7, 0, 33, 24, 18];2750.0
[52, 45, 30, 46, 31, 55, 1, 40, 19, 20, 42, 22, 41, 26, 0, 33, 2, 13, 5, 47, 44, 53, 23, 21, 50, 38, 10, 51, 25, 18, 32, 8, 36, 9, 12, 39, 37, 11, 14, 15, 16, 24, 54, 29, 27, 49, 34, 48, 3, 4, 7, 35, 6, 43, 28, 17];2996.0
[2, 14, 39, 38, 13, 4, 6, 7, 35, 12, 15, 16, 17, 33, 55, 44, 27, 49, 43, 53, 28, 29, 26, 52, 0, 1, 5, 47, 31, 46, 48, 3, 8, 36, 9, 51, 25, 24, 42, 21, 22, 41, 50, 23, 54, 10, 32, 37, 11, 19, 18, 20, 40, 45, 30, 34];2643.0
[21, 50, 23, 24, 10, 11, 12, 15, 26, 20, 18, 39, 38, 19, 40, 41, 22, 54, 52, 14, 32, 36, 37, 9, 8, 7, 6, 5, 47, 31, 46, 55, 48, 3, 4, 51, 13, 35, 45, 30, 29, 27, 49, 17, 16, 0, 33, 34, 1, 2, 28, 53, 43, 44, 25, 42];2650.0
[16, 52, 3, 48, 44, 53, 43, 22, 40, 19, 5, 47, 28, 25, 20, 41, 54, 23, 39, 13, 35, 11, 38, 4, 6, 7, 10, 26, 42, 21, 50, 24, 18, 37, 9, 51, 0, 33, 55, 34, 1, 2, 12, 32, 8, 36, 14, 27, 49, 45, 30, 46, 31, 29, 17, 15];2932.0
[46, 44, 28, 53, 43, 26, 14, 12, 13, 7, 35, 5, 47, 6, 37, 9, 0, 33, 2, 1, 10, 51, 52, 22, 21, 29, 16, 15, 17, 25, 42, 50, 23, 34, 3, 48, 4, 32, 8, 36, 54, 27, 24, 11, 38, 19, 18, 39, 20, 40, 41, 49, 45, 30, 55, 31];3033.0
[49, 45, 46, 34, 1, 2, 33, 52, 26, 25, 24, 42, 21, 41, 50, 23, 54, 43, 28, 53, 29, 13, 35, 8, 7, 32, 36, 9, 37, 0, 55, 31, 48, 3, 4, 5, 44, 30, 47, 6, 11, 19, 20, 22, 40, 18, 39, 38, 51, 10, 12, 15, 16, 17, 14, 27];2432.0
[55, 31, 47, 28, 29, 26, 17, 52, 0, 33, 2, 34, 1, 3, 48, 27, 23, 54, 49, 43, 53, 22, 39, 10, 7, 4, 5, 6, 11, 19, 41, 21, 40, 20, 37, 9, 51, 13, 35, 32, 8, 36, 14, 25, 42, 50, 18, 38, 12, 15, 16, 24, 45, 44, 30, 46];2681.0
[27, 52, 0, 33, 14, 12, 15, 25, 40, 19, 20, 22, 41, 49, 29, 26, 17, 16, 44, 53, 43, 28, 21, 50, 54, 45, 30, 3, 48, 4, 6, 5, 47, 31, 46, 55, 34, 1, 2, 13, 35, 8, 36, 9, 37, 11, 18, 39, 38, 10, 32, 7, 51, 24, 42, 23];2453.0
[19, 20, 40, 41, 23, 54, 25, 24, 42, 21, 50, 22, 18, 39, 27, 44, 53, 43, 28, 37, 36, 9, 52, 0, 33, 26, 49, 45, 30, 46, 29, 17, 15, 16, 12, 38, 51, 14, 55, 34, 1, 3, 48, 2, 13, 35, 6, 5, 47, 31, 4, 32, 8, 7, 10, 11];2456.0
[22, 50, 23, 54, 49, 28, 53, 43, 44, 45, 30, 14, 51, 10, 8, 5, 47, 31, 29, 27, 39, 32, 36, 11, 19, 20, 40, 18, 38, 37, 9, 52, 0, 1, 2, 25, 24, 13, 35, 6, 4, 7, 12, 15, 16, 17, 26, 33, 46, 55, 34, 48, 3, 42, 41, 21];2613.0
[53, 43, 42, 50, 24, 54, 49, 45, 30, 46, 48, 3, 6, 4, 32, 8, 7, 11, 19, 18, 20, 40, 22, 41, 21, 23, 26, 52, 13, 35, 5, 47, 31, 29, 0, 33, 55, 34, 1, 2, 17, 16, 15, 39, 38, 37, 36, 9, 10, 51, 12, 14, 25, 27, 44, 28];2263.0
[46, 27, 40, 20, 50, 23, 54, 49, 29, 17, 16, 13, 35, 5, 6, 7, 51, 12, 39, 38, 11, 10, 15, 52, 0, 1, 3, 48, 2, 26, 25, 18, 19, 44, 53, 43, 28, 24, 42, 22, 41, 21, 45, 30, 34, 4, 37, 9, 32, 8, 36, 14, 33, 55, 31, 47];2667.0
[14, 13, 35, 4, 6, 5, 47, 44, 18, 39, 0, 3, 7, 32, 8, 36, 9, 11, 19, 20, 42, 54, 45, 30, 46, 31, 48, 2, 16, 17, 26, 52, 27, 49, 53, 43, 28, 29, 55, 34, 1, 33, 25, 22, 41, 21, 50, 23, 24, 40, 38, 10, 37, 51, 12, 15];2470.0
[14, 49, 45, 30, 46, 25, 40, 20, 38, 51, 0, 31, 47, 6, 5, 4, 37, 36, 9, 11, 19, 41, 22, 23, 34, 1, 55, 3, 48, 2, 33, 52, 26, 42, 21, 50, 54, 27, 44, 53, 43, 28, 29, 24, 18, 39, 17, 16, 15, 12, 13, 35, 7, 32, 8, 10];2590.0
[21, 50, 22, 40, 20, 39, 15, 17, 26, 25, 54, 1, 3, 47, 44, 28, 53, 41, 19, 18, 35, 4, 7, 10, 51, 27, 29, 23, 24, 38, 11, 32, 8, 36, 9, 37, 14, 0, 33, 46, 55, 31, 49, 43, 45, 30, 34, 16, 12, 13, 6, 5, 48, 2, 52, 42];2879.0
[7, 4, 5, 47, 44, 29, 26, 42, 21, 50, 23, 43, 28, 53, 22, 41, 40, 19, 18, 13, 35, 32, 8, 36, 9, 11, 38, 12, 15, 16, 27, 45, 30, 52, 25, 54, 49, 46, 55, 34, 17, 14, 0, 2, 33, 1, 3, 6, 48, 31, 24, 20, 39, 37, 10, 51];2635.0
[30, 46, 20, 40, 19, 38, 14, 55, 34, 31, 27, 23, 24, 42, 54, 49, 29, 52, 26, 0, 3, 48, 13, 35, 6, 47, 53, 43, 44, 28, 25, 18, 39, 12, 15, 17, 16, 8, 36, 10, 51, 37, 9, 11, 32, 7, 4, 5, 1, 2, 33, 21, 22, 41, 50, 45];2660.0
[16, 14, 10, 51, 52, 0, 33, 2, 11, 37, 9, 42, 50, 23, 24, 18, 39, 38, 25, 54, 27, 43, 22, 40, 41, 21, 4, 6, 47, 31, 49, 29, 26, 13, 35, 5, 3, 48, 53, 44, 28, 45, 30, 46, 55, 34, 1, 20, 19, 7, 32, 8, 36, 12, 15, 17];2870.0
[5, 6, 11, 19, 20, 40, 54, 49, 29, 26, 25, 24, 27, 30, 46, 14, 12, 39, 10, 51, 0, 55, 31, 47, 53, 18, 38, 37, 9, 42, 21, 22, 41, 50, 23, 43, 44, 28, 45, 34, 1, 2, 33, 13, 35, 36, 15, 16, 17, 52, 48, 3, 4, 32, 8, 7];2679.0
[50, 27, 23, 54, 49, 29, 10, 51, 14, 52, 47, 31, 45, 44, 28, 30, 46, 55, 34, 3, 48, 1, 2, 0, 33, 16, 15, 17, 26, 25, 24, 40, 19, 20, 42, 21, 18, 38, 11, 13, 35, 4, 7, 32, 8, 36, 9, 12, 39, 37, 6, 5, 53, 43, 22, 41];2446.0
[29, 51, 10, 32, 8, 36, 9, 55, 34, 2, 12, 39, 38, 26, 24, 20, 50, 23, 54, 53, 43, 44, 28, 30, 31, 46, 27, 45, 13, 35, 7, 15, 16, 17, 0, 33, 3, 4, 5, 6, 47, 48, 1, 42, 21, 22, 37, 11, 14, 52, 25, 18, 19, 40, 41, 49];2806.0
[16, 17, 52, 26, 2, 33, 1, 32, 8, 36, 0, 55, 31, 48, 3, 4, 6, 7, 51, 14, 25, 39, 37, 9, 19, 20, 42, 21, 54, 49, 30, 46, 29, 43, 44, 28, 53, 22, 41, 50, 23, 24, 40, 18, 11, 38, 10, 5, 47, 27, 45, 34, 13, 35, 12, 15];2671.0
[16, 15, 17, 27, 23, 42, 21, 22, 19, 18, 37, 9, 11, 10, 5, 47, 46, 55, 31, 48, 1, 2, 33, 26, 43, 53, 28, 29, 51, 32, 8, 36, 13, 35, 52, 25, 24, 20, 40, 41, 50, 54, 49, 44, 45, 30, 34, 12, 39, 38, 14, 0, 3, 4, 6, 7];2624.0
[46, 48, 3, 13, 35, 7, 42, 23, 21, 24, 18, 38, 32, 36, 9, 11, 40, 19, 20, 22, 41, 50, 27, 49, 25, 54, 29, 0, 33, 34, 1, 2, 17, 16, 15, 39, 37, 51, 55, 31, 47, 28, 53, 43, 5, 6, 4, 8, 10, 12, 14, 52, 26, 44, 45, 30];2843.0
[54, 49, 15, 12, 10, 11, 19, 41, 21, 22, 40, 20, 42, 23, 27, 26, 17, 16, 55, 31, 47, 6, 5, 4, 36, 9, 37, 52, 53, 43, 34, 48, 46, 13, 35, 7, 32, 8, 51, 14, 0, 2, 33, 1, 3, 44, 28, 25, 24, 45, 30, 29, 18, 39, 38, 50];2950.0
[16, 17, 15, 52, 43, 44, 28, 53, 23, 54, 27, 29, 32, 8, 10, 14, 26, 25, 49, 45, 30, 4, 7, 11, 38, 19, 20, 41, 21, 22, 40, 13, 35, 5, 6, 47, 48, 3, 31, 46, 42, 50, 24, 18, 39, 51, 0, 33, 37, 36, 9, 12, 55, 34, 1, 2];2735.0
[43, 44, 29, 0, 33, 3, 48, 31, 47, 53, 28, 45, 1, 6, 4, 10, 11, 19, 20, 41, 22, 40, 38, 51, 54, 27, 49, 52, 14, 32, 8, 7, 5, 46, 23, 21, 50, 30, 55, 34, 2, 25, 42, 24, 18, 39, 13, 35, 37, 36, 9, 12, 16, 15, 17, 26];2890.0
[46, 52, 26, 27, 49, 44, 28, 53, 43, 22, 19, 35, 6, 48, 34, 1, 3, 4, 7, 51, 33, 2, 25, 42, 54, 32, 8, 36, 11, 41, 21, 50, 23, 24, 40, 20, 10, 12, 15, 16, 17, 14, 13, 5, 47, 45, 30, 29, 18, 39, 38, 37, 9, 0, 55, 31];2882.0
[40, 19, 20, 18, 39, 49, 29, 34, 13, 35, 8, 7, 51, 10, 11, 38, 14, 26, 25, 54, 43, 28, 53, 44, 30, 46, 31, 47, 48, 1, 2, 16, 17, 27, 23, 42, 21, 22, 41, 50, 45, 55, 3, 4, 5, 6, 32, 36, 37, 9, 12, 15, 52, 0, 33, 24];2477.0
[43, 53, 30, 46, 31, 47, 44, 28, 29, 16, 15, 17, 0, 34, 1, 33, 2, 13, 35, 5, 6, 3, 48, 21, 22, 19, 40, 41, 50, 23, 18, 37, 9, 12, 39, 32, 7, 8, 36, 26, 49, 45, 55, 4, 10, 11, 38, 51, 14, 52, 25, 24, 20, 42, 54, 27];2641.0
[4, 6, 5, 47, 42, 50, 54, 49, 45, 44, 28, 53, 43, 30, 3, 48, 7, 8, 10, 12, 15, 16, 17, 33, 1, 2, 32, 36, 11, 38, 37, 9, 51, 14, 0, 46, 55, 34, 31, 29, 27, 23, 21, 22, 41, 40, 19, 18, 39, 52, 26, 25, 24, 20, 13, 35];2403.0
[26, 25, 22, 41, 23, 27, 30, 3, 4, 7, 51, 12, 15, 49, 29, 52, 16, 17, 0, 33, 2, 39, 40, 20, 21, 50, 43, 44, 53, 18, 19, 42, 28, 45, 55, 34, 48, 1, 13, 35, 8, 36, 9, 11, 37, 38, 31, 46, 24, 54, 47, 5, 6, 32, 10, 14];3172.0
[13, 35, 6, 5, 47, 31, 26, 24, 54, 49, 43, 28, 45, 34, 4, 11, 38, 19, 18, 39, 37, 36, 9, 14, 55, 1, 3, 48, 44, 53, 30, 46, 29, 27, 23, 22, 40, 20, 10, 51, 0, 2, 33, 25, 42, 21, 41, 50, 32, 8, 7, 17, 52, 16, 15, 12];2630.0
[42, 22, 50, 0, 33, 52, 14, 51, 10, 13, 35, 7, 8, 6, 4, 5, 47, 48, 31, 34, 1, 2, 55, 3, 37, 11, 38, 40, 19, 18, 39, 49, 43, 44, 53, 30, 46, 27, 45, 28, 29, 26, 17, 16, 15, 12, 32, 36, 9, 25, 20, 41, 21, 23, 54, 24];2634.0
[13, 35, 5, 6, 47, 28, 53, 29, 17, 16, 52, 33, 26, 42, 21, 22, 40, 37, 11, 38, 19, 20, 41, 50, 23, 54, 43, 44, 30, 46, 55, 34, 27, 49, 45, 1, 3, 48, 31, 4, 8, 7, 32, 36, 9, 10, 51, 0, 2, 25, 24, 18, 39, 14, 15, 12];2429.0
[0, 34, 48, 1, 3, 32, 8, 36, 51, 27, 23, 37, 9, 12, 15, 17, 16, 14, 33, 2, 13, 35, 7, 42, 21, 22, 50, 54, 45, 29, 49, 43, 28, 53, 44, 30, 55, 31, 46, 24, 39, 11, 38, 10, 4, 6, 5, 47, 52, 26, 25, 18, 19, 20, 40, 41];2753.0
[29, 43, 28, 0, 33, 55, 34, 2, 11, 38, 20, 42, 50, 54, 23, 37, 9, 15, 16, 12, 39, 32, 7, 8, 36, 14, 44, 53, 30, 31, 47, 3, 48, 1, 26, 25, 24, 18, 19, 40, 22, 41, 21, 52, 17, 13, 35, 6, 4, 5, 10, 51, 27, 49, 45, 46];2890.0
[34, 13, 35, 32, 8, 36, 9, 37, 11, 38, 19, 20, 40, 21, 23, 18, 39, 26, 25, 42, 22, 41, 50, 24, 10, 51, 14, 52, 43, 28, 53, 44, 27, 45, 30, 31, 46, 47, 3, 48, 5, 6, 4, 7, 15, 12, 16, 17, 0, 1, 2, 33, 54, 49, 29, 55];2491.0
[49, 45, 55, 34, 13, 35, 5, 47, 29, 26, 17, 16, 15, 12, 11, 38, 10, 32, 8, 27, 23, 24, 20, 41, 50, 30, 46, 52, 0, 2, 14, 51, 7, 4, 6, 48, 3, 1, 33, 31, 53, 43, 18, 39, 40, 19, 42, 21, 22, 44, 28, 37, 36, 9, 25, 54];2983.0
[8, 35, 4, 7, 12, 39, 22, 41, 54, 49, 29, 45, 44, 53, 43, 28, 55, 34, 1, 16, 17, 27, 23, 50, 25, 24, 40, 20, 18, 13, 5, 47, 31, 52, 15, 14, 51, 10, 36, 37, 9, 11, 38, 19, 42, 21, 30, 46, 2, 33, 26, 0, 3, 48, 6, 32];2761.0
[42, 27, 30, 46, 48, 3, 4, 7, 14, 52, 24, 20, 41, 22, 21, 50, 23, 10, 13, 35, 8, 32, 36, 51, 17, 16, 15, 12, 39, 38, 40, 54, 34, 1, 2, 49, 45, 53, 43, 26, 0, 33, 55, 31, 47, 44, 28, 29, 25, 18, 37, 9, 5, 6, 11, 19];2856.0
[22, 41, 27, 29, 32, 8, 14, 0, 33, 4, 6, 5, 17, 24, 18, 39, 52, 26, 23, 21, 50, 54, 49, 45, 55, 47, 44, 28, 30, 46, 31, 53, 43, 34, 1, 3, 48, 2, 25, 20, 40, 19, 36, 37, 9, 11, 38, 10, 13, 35, 7, 51, 12, 15, 16, 42];2821.0
[23, 24, 20, 39, 13, 4, 6, 5, 47, 3, 48, 16, 17, 30, 46, 55, 34, 1, 2, 33, 26, 52, 25, 49, 29, 15, 12, 11, 38, 51, 10, 37, 9, 8, 35, 7, 42, 21, 40, 19, 18, 32, 36, 14, 0, 31, 45, 44, 28, 53, 43, 22, 41, 50, 54, 27];2597.0
[20, 42, 50, 0, 33, 29, 54, 27, 18, 39, 32, 8, 49, 44, 45, 30, 31, 47, 46, 55, 2, 17, 15, 16, 12, 51, 13, 35, 10, 34, 1, 6, 5, 48, 3, 4, 7, 11, 41, 21, 28, 53, 43, 23, 22, 40, 19, 38, 37, 9, 36, 14, 26, 52, 25, 24];2881.0
[13, 35, 32, 36, 9, 37, 23, 54, 49, 29, 52, 17, 16, 15, 12, 39, 11, 19, 42, 50, 55, 34, 1, 2, 33, 26, 27, 45, 3, 48, 31, 47, 6, 5, 4, 7, 8, 10, 51, 14, 0, 25, 24, 44, 28, 30, 46, 53, 43, 41, 21, 22, 40, 20, 18, 38];2610.0
[34, 17, 16, 52, 24, 49, 28, 53, 43, 20, 18, 38, 32, 8, 7, 4, 6, 5, 1, 2, 37, 9, 13, 35, 36, 11, 19, 40, 41, 50, 45, 30, 3, 48, 47, 44, 29, 23, 21, 54, 27, 26, 15, 12, 10, 51, 31, 46, 25, 42, 22, 39, 14, 0, 33, 55];2872.0
[44, 28, 27, 49, 26, 0, 33, 1, 2, 14, 16, 15, 17, 52, 24, 29, 13, 35, 32, 8, 7, 5, 6, 47, 53, 43, 42, 21, 22, 18, 38, 34, 48, 3, 4, 51, 12, 39, 37, 36, 9, 11, 10, 55, 31, 45, 30, 46, 25, 20, 19, 40, 41, 50, 23, 54];2685.0
[40, 20, 41, 50, 43, 44, 30, 55, 31, 53, 28, 45, 34, 14, 12, 15, 0, 33, 1, 2, 39, 51, 13, 35, 7, 32, 8, 36, 9, 37, 27, 23, 54, 49, 29, 46, 17, 16, 52, 26, 25, 24, 42, 21, 22, 18, 38, 10, 6, 5, 47, 3, 48, 4, 11, 19];2590.0
[24, 20, 41, 21, 22, 50, 27, 49, 34, 3, 48, 1, 2, 33, 45, 30, 46, 55, 31, 25, 42, 23, 54, 43, 53, 40, 19, 18, 39, 7, 10, 51, 13, 35, 4, 6, 32, 8, 36, 9, 11, 38, 37, 14, 52, 0, 5, 47, 44, 28, 29, 17, 16, 12, 15, 26];2518.0
[54, 44, 53, 43, 28, 45, 34, 1, 2, 14, 10, 32, 36, 9, 37, 42, 50, 23, 13, 35, 5, 6, 48, 46, 29, 27, 49, 3, 4, 7, 8, 11, 19, 41, 21, 22, 20, 40, 18, 39, 38, 51, 55, 31, 47, 30, 26, 52, 17, 16, 15, 12, 0, 33, 25, 24];2620.0
[18, 32, 8, 36, 19, 41, 50, 23, 54, 49, 44, 28, 34, 6, 4, 37, 9, 14, 15, 27, 43, 53, 24, 39, 11, 10, 51, 7, 13, 35, 5, 47, 48, 1, 3, 2, 26, 52, 25, 42, 21, 22, 40, 38, 12, 16, 17, 45, 30, 46, 55, 31, 29, 0, 33, 20];2882.0
