ftv47
[11, 8, 24, 4, 3, 33, 27, 28, 2, 41, 43, 42, 40, 26, 1, 47, 22, 19, 44, 15, 16, 18, 46, 36, 14, 45, 39, 21, 20, 38, 0, 25, 9, 29, 30, 5, 31, 7, 23, 13, 34, 35, 17, 12, 32, 6, 10, 37];2130.0;2520.0520833333335;1.042959734375E7;109.0;69992.0;96.0
[14, 26, 42, 28, 3, 7, 23, 34, 35, 38, 0, 1, 25, 37, 18, 17, 45, 19, 44, 39, 21, 47, 41, 2, 43, 22, 40, 20, 15, 16, 13, 12, 32, 6, 24, 29, 30, 8, 11, 10, 31, 5, 4, 33, 9, 27, 46, 36];2699.0
[42, 1, 13, 23, 7, 31, 5, 34, 35, 45, 20, 38, 10, 9, 33, 27, 2, 43, 41, 19, 44, 15, 16, 12, 32, 0, 25, 18, 17, 46, 36, 14, 39, 21, 26, 28, 24, 4, 29, 30, 3, 6, 8, 11, 37, 40, 47, 22];2481.0
[28, 43, 42, 22, 40, 20, 45, 39, 19, 44, 15, 16, 14, 35, 34, 33, 2, 41, 21, 38, 18, 17, 12, 32, 6, 11, 8, 24, 29, 30, 5, 13, 46, 36, 23, 7, 31, 4, 3, 10, 0, 25, 37, 47, 26, 1, 9, 27];2570.0
[27, 30, 5, 10, 17, 46, 36, 14, 19, 44, 15, 35, 23, 34, 13, 32, 8, 11, 47, 41, 22, 40, 18, 12, 7, 31, 2, 43, 42, 28, 3, 6, 24, 4, 29, 37, 38, 1, 0, 25, 20, 16, 45, 39, 21, 26, 9, 33];2656.0
[0, 25, 18, 17, 45, 37, 11, 8, 24, 4, 29, 30, 5, 12, 32, 31, 6, 10, 9, 33, 27, 3, 7, 23, 34, 35, 15, 16, 13, 46, 36, 14, 39, 22, 41, 19, 44, 21, 42, 28, 2, 43, 40, 20, 38, 47, 26, 1];2425.0
[14, 15, 45, 16, 12, 2, 41, 43, 42, 28, 6, 8, 11, 37, 38, 40, 47, 22, 20, 18, 17, 32, 25, 26, 19, 44, 39, 21, 9, 27, 3, 24, 4, 29, 5, 10, 0, 1, 33, 30, 31, 7, 23, 35, 34, 13, 46, 36];2658.0
[24, 3, 43, 22, 41, 19, 39, 44, 15, 17, 13, 35, 14, 45, 38, 0, 37, 25, 1, 9, 33, 29, 30, 5, 7, 31, 4, 27, 28, 2, 42, 40, 20, 18, 46, 36, 16, 21, 47, 26, 10, 11, 6, 8, 32, 34, 23, 12];2628.0
[39, 19, 21, 40, 22, 47, 26, 42, 1, 9, 33, 27, 28, 6, 8, 11, 10, 0, 37, 38, 18, 17, 34, 13, 46, 36, 23, 12, 7, 32, 31, 30, 5, 4, 3, 24, 29, 2, 44, 15, 35, 14, 16, 45, 20, 25, 41, 43];2359.0
[33, 2, 42, 25, 1, 10, 24, 4, 0, 47, 19, 44, 20, 38, 18, 7, 23, 35, 45, 22, 41, 43, 40, 17, 13, 34, 46, 36, 27, 28, 3, 8, 11, 37, 16, 14, 15, 12, 32, 31, 5, 29, 30, 6, 39, 21, 26, 9];2973.0
[35, 45, 20, 12, 7, 31, 3, 33, 9, 27, 2, 43, 22, 41, 44, 15, 16, 17, 13, 46, 36, 14, 23, 32, 24, 4, 39, 19, 21, 40, 28, 29, 30, 5, 0, 47, 26, 42, 1, 25, 37, 38, 10, 6, 8, 11, 18, 34];2607.0
[18, 46, 36, 14, 23, 13, 34, 35, 15, 16, 45, 39, 21, 26, 9, 33, 41, 44, 19, 0, 25, 37, 17, 12, 7, 31, 4, 27, 28, 3, 24, 29, 30, 5, 32, 6, 2, 43, 42, 1, 10, 8, 11, 47, 22, 40, 20, 38];2432.0
[0, 1, 25, 18, 17, 16, 45, 21, 28, 2, 41, 43, 22, 40, 20, 39, 19, 44, 15, 12, 32, 9, 33, 27, 3, 10, 47, 26, 42, 13, 46, 36, 14, 35, 34, 23, 7, 31, 5, 24, 4, 29, 30, 6, 8, 11, 37, 38];2356.0
[15, 16, 12, 29, 30, 5, 31, 6, 10, 11, 8, 32, 7, 23, 35, 20, 38, 37, 18, 17, 45, 39, 21, 40, 47, 26, 22, 42, 9, 33, 2, 41, 43, 28, 24, 4, 27, 3, 0, 1, 25, 34, 13, 46, 36, 14, 19, 44];2370.0
[37, 19, 44, 39, 21, 47, 22, 41, 43, 26, 1, 25, 34, 23, 7, 31, 5, 4, 2, 42, 40, 38, 18, 12, 32, 8, 11, 13, 46, 36, 14, 15, 35, 16, 17, 45, 20, 0, 9, 33, 27, 28, 3, 24, 29, 30, 6, 10];2396.0
[45, 19, 44, 15, 16, 37, 38, 0, 1, 25, 46, 36, 13, 34, 35, 14, 39, 21, 40, 20, 7, 23, 12, 32, 6, 24, 29, 2, 41, 43, 22, 47, 26, 42, 28, 30, 5, 31, 9, 33, 27, 3, 4, 10, 8, 11, 18, 17];2362.0
[30, 5, 31, 0, 25, 1, 9, 33, 27, 28, 2, 43, 42, 40, 26, 10, 11, 8, 32, 7, 23, 46, 36, 34, 13, 35, 14, 20, 37, 38, 18, 39, 21, 47, 22, 41, 19, 44, 15, 45, 16, 17, 12, 6, 3, 24, 4, 29];2166.0
[5, 4, 10, 0, 26, 22, 41, 19, 44, 15, 16, 20, 25, 1, 9, 27, 3, 33, 2, 43, 42, 28, 24, 29, 30, 12, 32, 6, 8, 11, 37, 13, 46, 36, 23, 34, 35, 14, 45, 39, 21, 47, 40, 38, 18, 17, 7, 31];2428.0
[45, 44, 19, 38, 29, 30, 37, 15, 35, 14, 39, 21, 47, 26, 10, 32, 7, 31, 5, 9, 33, 27, 28, 6, 8, 11, 0, 25, 34, 23, 13, 12, 24, 4, 3, 41, 2, 43, 42, 1, 18, 17, 46, 36, 22, 40, 20, 16];2891.0
[5, 23, 35, 34, 13, 46, 45, 39, 19, 44, 21, 28, 4, 29, 30, 8, 11, 37, 38, 18, 17, 32, 24, 2, 43, 41, 42, 1, 9, 33, 27, 3, 6, 10, 0, 25, 47, 26, 22, 40, 20, 36, 14, 15, 16, 12, 7, 31];2494.0
[42, 28, 3, 6, 8, 11, 0, 25, 18, 17, 12, 32, 7, 31, 5, 13, 35, 16, 45, 20, 37, 39, 19, 44, 38, 9, 33, 27, 10, 47, 26, 41, 21, 40, 1, 4, 29, 30, 46, 36, 14, 15, 34, 23, 24, 2, 43, 22];2755.0
[38, 18, 32, 31, 30, 5, 8, 7, 23, 35, 14, 46, 36, 16, 45, 19, 44, 15, 20, 39, 21, 40, 47, 26, 1, 9, 33, 2, 41, 43, 28, 6, 17, 34, 13, 12, 29, 3, 27, 24, 4, 0, 25, 11, 10, 37, 42, 22];2672.0
[30, 5, 24, 4, 29, 3, 8, 32, 6, 2, 42, 39, 21, 37, 38, 0, 25, 22, 41, 43, 40, 47, 26, 1, 11, 10, 9, 33, 27, 28, 18, 13, 34, 46, 36, 14, 23, 35, 15, 45, 19, 44, 20, 16, 17, 12, 7, 31];2336.0
[13, 12, 7, 23, 19, 44, 15, 35, 14, 16, 45, 38, 20, 37, 39, 21, 1, 9, 3, 10, 0, 25, 22, 40, 47, 26, 8, 32, 31, 5, 4, 33, 27, 2, 41, 43, 42, 28, 24, 29, 30, 6, 11, 18, 17, 46, 36, 34];2446.0
[39, 21, 40, 38, 18, 17, 12, 7, 23, 13, 46, 36, 16, 45, 11, 9, 2, 41, 43, 47, 22, 42, 28, 3, 24, 6, 10, 0, 25, 26, 1, 33, 27, 4, 29, 30, 5, 31, 8, 32, 34, 35, 14, 15, 19, 44, 20, 37];2335.0
[32, 6, 2, 43, 41, 19, 44, 20, 26, 9, 33, 27, 3, 0, 25, 1, 37, 18, 17, 45, 38, 10, 11, 8, 24, 4, 29, 30, 5, 34, 35, 39, 21, 40, 47, 22, 42, 28, 31, 7, 23, 46, 36, 15, 16, 14, 13, 12];2615.0
[34, 3, 27, 28, 46, 36, 45, 26, 1, 24, 4, 29, 30, 5, 31, 7, 23, 12, 32, 6, 0, 25, 37, 38, 11, 8, 10, 9, 33, 2, 41, 43, 42, 19, 39, 44, 15, 21, 40, 47, 22, 20, 18, 35, 14, 16, 17, 13];2597.0
[30, 5, 10, 38, 37, 18, 31, 29, 2, 41, 43, 22, 40, 20, 16, 17, 12, 32, 6, 9, 33, 27, 24, 4, 3, 0, 25, 26, 1, 11, 8, 7, 23, 34, 13, 46, 14, 36, 35, 19, 44, 15, 45, 39, 21, 47, 42, 28];2510.0
[39, 21, 22, 41, 43, 40, 47, 26, 1, 17, 13, 46, 36, 24, 30, 34, 35, 14, 23, 27, 28, 2, 42, 20, 38, 9, 33, 4, 29, 3, 0, 25, 11, 8, 32, 7, 31, 5, 10, 18, 12, 6, 37, 15, 16, 45, 19, 44];2844.0
[41, 43, 1, 18, 46, 36, 39, 21, 22, 40, 47, 26, 42, 28, 24, 4, 29, 30, 7, 23, 35, 45, 44, 19, 20, 14, 15, 16, 17, 12, 32, 31, 5, 34, 13, 6, 8, 11, 0, 25, 37, 38, 10, 9, 33, 3, 27, 2];2526.0
[37, 39, 20, 38, 18, 13, 34, 35, 16, 19, 44, 15, 45, 21, 26, 1, 25, 46, 36, 14, 23, 9, 33, 3, 8, 11, 32, 29, 30, 5, 10, 0, 41, 43, 42, 24, 4, 27, 28, 2, 22, 40, 47, 17, 12, 7, 31, 6];2683.0
[3, 33, 41, 43, 40, 20, 18, 13, 34, 46, 36, 23, 7, 35, 14, 15, 9, 27, 28, 2, 42, 1, 10, 24, 30, 6, 8, 11, 0, 25, 37, 38, 19, 44, 39, 21, 47, 26, 22, 16, 45, 17, 12, 32, 31, 5, 4, 29];2564.0
[22, 41, 19, 44, 24, 3, 4, 29, 2, 43, 42, 40, 20, 37, 38, 47, 26, 1, 25, 35, 14, 15, 16, 45, 18, 17, 13, 34, 23, 12, 46, 36, 39, 21, 10, 11, 8, 9, 33, 27, 28, 32, 7, 31, 5, 30, 6, 0];2576.0
[32, 24, 4, 29, 30, 5, 18, 17, 46, 36, 16, 45, 19, 44, 15, 7, 31, 0, 25, 26, 1, 9, 2, 41, 43, 28, 3, 6, 8, 11, 40, 47, 22, 42, 33, 27, 10, 37, 39, 21, 20, 38, 34, 35, 14, 23, 13, 12];2570.0
[21, 40, 47, 42, 22, 19, 20, 18, 46, 36, 14, 15, 23, 32, 24, 6, 10, 0, 25, 26, 1, 8, 9, 33, 27, 29, 30, 11, 37, 38, 13, 34, 35, 45, 16, 17, 12, 7, 31, 5, 4, 3, 2, 43, 28, 41, 44, 39];2537.0
[7, 23, 35, 15, 16, 38, 10, 9, 33, 29, 30, 31, 5, 27, 28, 2, 41, 43, 42, 22, 39, 44, 19, 24, 4, 3, 6, 0, 25, 47, 26, 1, 8, 11, 37, 18, 13, 34, 46, 36, 14, 45, 21, 40, 20, 17, 12, 32];2387.0
[26, 28, 6, 34, 35, 15, 41, 43, 42, 0, 25, 10, 11, 8, 32, 7, 23, 12, 31, 5, 2, 22, 19, 44, 21, 40, 1, 9, 33, 27, 3, 24, 4, 29, 30, 37, 38, 20, 16, 18, 17, 13, 46, 36, 14, 45, 39, 47];2607.0
[24, 6, 8, 11, 37, 47, 26, 41, 43, 42, 28, 2, 22, 18, 13, 35, 45, 39, 21, 40, 19, 44, 20, 38, 23, 34, 14, 15, 16, 17, 46, 36, 12, 32, 33, 27, 4, 29, 30, 7, 31, 5, 10, 0, 25, 1, 9, 3];2572.0
[5, 6, 10, 9, 33, 3, 8, 11, 0, 25, 47, 26, 41, 43, 18, 17, 13, 12, 32, 37, 38, 39, 19, 44, 15, 46, 36, 14, 34, 35, 23, 7, 31, 4, 27, 28, 2, 42, 22, 20, 16, 45, 21, 40, 1, 24, 29, 30];2414.0
[32, 31, 5, 7, 23, 34, 39, 21, 40, 47, 1, 37, 18, 17, 46, 36, 45, 20, 38, 10, 11, 8, 0, 25, 9, 33, 27, 6, 13, 35, 14, 16, 3, 2, 41, 43, 22, 26, 42, 28, 24, 29, 4, 30, 19, 44, 15, 12];2754.0
[17, 12, 6, 0, 25, 11, 8, 4, 29, 31, 30, 5, 7, 23, 13, 34, 32, 24, 33, 9, 27, 2, 40, 22, 41, 43, 42, 28, 3, 10, 38, 18, 46, 36, 45, 47, 26, 1, 37, 39, 21, 20, 19, 44, 15, 35, 14, 16];2588.0
[47, 22, 41, 43, 40, 20, 38, 24, 29, 30, 8, 32, 35, 14, 15, 16, 17, 34, 23, 13, 46, 36, 45, 39, 26, 1, 0, 25, 10, 4, 3, 11, 37, 18, 12, 7, 31, 5, 6, 9, 33, 27, 28, 2, 42, 19, 44, 21];2381.0
[11, 8, 24, 4, 3, 33, 27, 28, 2, 41, 43, 42, 40, 26, 1, 47, 22, 19, 44, 15, 16, 18, 46, 36, 14, 45, 39, 21, 20, 38, 0, 25, 9, 29, 30, 5, 31, 7, 23, 13, 34, 35, 17, 12, 32, 6, 10, 37];2130.0
[1, 11, 8, 6, 10, 0, 25, 26, 42, 28, 2, 41, 43, 3, 24, 29, 30, 4, 18, 35, 14, 23, 32, 9, 33, 27, 19, 44, 15, 17, 46, 36, 34, 13, 12, 7, 31, 5, 37, 38, 20, 16, 45, 39, 21, 22, 40, 47];2561.0
[2, 28, 10, 18, 17, 13, 34, 46, 36, 45, 21, 40, 39, 20, 16, 14, 35, 23, 32, 6, 8, 11, 0, 1, 25, 37, 38, 22, 41, 43, 42, 19, 44, 15, 12, 7, 31, 30, 5, 47, 26, 9, 33, 27, 24, 4, 29, 3];2468.0
[31, 5, 6, 11, 8, 9, 33, 27, 18, 46, 36, 14, 34, 13, 12, 32, 37, 17, 45, 39, 21, 41, 43, 1, 7, 23, 35, 15, 16, 19, 44, 20, 38, 24, 4, 10, 0, 25, 47, 22, 42, 40, 26, 28, 2, 3, 29, 30];2613.0
[24, 4, 39, 21, 47, 41, 43, 26, 9, 33, 29, 30, 5, 18, 17, 36, 14, 35, 23, 12, 32, 8, 11, 37, 38, 34, 13, 46, 15, 16, 45, 19, 44, 7, 31, 27, 28, 3, 2, 42, 22, 40, 20, 0, 25, 1, 10, 6];2624.0
[6, 33, 27, 11, 17, 45, 19, 44, 21, 22, 40, 26, 8, 24, 4, 29, 10, 0, 1, 25, 20, 34, 35, 15, 39, 47, 9, 2, 41, 43, 42, 28, 3, 31, 30, 5, 37, 38, 18, 12, 7, 23, 13, 46, 36, 14, 16, 32];2738.0
[14, 34, 13, 46, 36, 16, 45, 20, 0, 10, 11, 8, 9, 43, 42, 1, 25, 47, 22, 39, 44, 19, 38, 18, 17, 12, 32, 6, 24, 4, 29, 30, 5, 7, 23, 31, 33, 27, 28, 3, 2, 41, 21, 40, 26, 37, 15, 35];2523.0
[11, 46, 36, 14, 35, 45, 21, 40, 47, 26, 42, 28, 24, 4, 29, 30, 0, 25, 1, 9, 33, 3, 27, 2, 41, 43, 22, 20, 38, 18, 17, 13, 34, 23, 12, 32, 10, 37, 39, 19, 44, 15, 16, 7, 31, 5, 6, 8];2173.0
[15, 16, 45, 26, 1, 8, 11, 0, 25, 28, 3, 24, 4, 29, 2, 42, 34, 35, 14, 23, 7, 31, 30, 5, 6, 10, 37, 38, 39, 21, 47, 22, 40, 20, 18, 17, 13, 46, 36, 12, 32, 9, 33, 27, 41, 43, 19, 44];2511.0
[20, 38, 37, 0, 25, 26, 41, 43, 42, 1, 11, 10, 9, 27, 28, 24, 4, 29, 30, 5, 31, 6, 8, 32, 7, 23, 12, 3, 33, 2, 40, 18, 17, 13, 34, 46, 36, 14, 35, 15, 16, 45, 21, 47, 22, 39, 19, 44];2171.0
[10, 9, 33, 27, 6, 13, 35, 16, 39, 21, 40, 47, 26, 28, 4, 3, 24, 29, 2, 19, 44, 15, 34, 23, 12, 32, 7, 31, 30, 5, 8, 11, 0, 25, 20, 38, 37, 22, 41, 43, 42, 1, 18, 17, 46, 36, 14, 45];2438.0
[1, 9, 33, 27, 4, 3, 6, 8, 11, 19, 44, 39, 21, 26, 28, 2, 22, 40, 20, 38, 25, 37, 15, 35, 45, 16, 12, 32, 24, 29, 30, 5, 10, 18, 17, 46, 36, 14, 34, 13, 23, 7, 31, 0, 47, 41, 43, 42];2485.0
[9, 33, 27, 3, 8, 7, 31, 5, 47, 41, 43, 22, 39, 21, 40, 18, 17, 46, 36, 14, 26, 42, 28, 4, 29, 2, 19, 44, 15, 16, 45, 20, 11, 10, 37, 38, 34, 13, 35, 23, 12, 32, 0, 25, 1, 6, 24, 30];2660.0
[19, 44, 15, 17, 32, 9, 33, 2, 43, 20, 16, 45, 39, 21, 47, 22, 40, 26, 42, 1, 25, 18, 46, 36, 35, 14, 38, 37, 11, 8, 29, 30, 5, 6, 24, 4, 3, 27, 28, 13, 34, 23, 12, 7, 31, 10, 0, 41];2528.0
[11, 8, 10, 9, 33, 24, 4, 29, 30, 27, 2, 41, 43, 22, 19, 44, 21, 40, 26, 42, 28, 3, 6, 0, 25, 46, 36, 15, 17, 12, 32, 34, 23, 7, 31, 5, 37, 39, 47, 1, 18, 13, 35, 14, 16, 45, 20, 38];2462.0
[2, 43, 22, 40, 47, 26, 1, 18, 46, 36, 23, 34, 35, 16, 14, 17, 13, 12, 32, 0, 25, 10, 24, 29, 30, 37, 39, 20, 38, 11, 7, 31, 5, 4, 3, 6, 8, 9, 33, 27, 41, 19, 44, 15, 45, 21, 42, 28];2534.0
[46, 36, 14, 15, 34, 35, 16, 45, 21, 40, 41, 43, 22, 39, 19, 44, 20, 38, 47, 26, 9, 33, 24, 3, 27, 28, 8, 11, 32, 31, 5, 6, 10, 0, 25, 37, 13, 23, 12, 7, 30, 4, 29, 2, 42, 1, 18, 17];2434.0
[23, 34, 35, 45, 44, 15, 16, 46, 36, 14, 20, 38, 37, 0, 9, 33, 27, 10, 18, 17, 13, 12, 24, 4, 2, 41, 19, 39, 21, 40, 47, 22, 43, 42, 1, 25, 26, 28, 3, 29, 30, 5, 31, 6, 8, 11, 32, 7];2364.0
[11, 37, 47, 26, 1, 17, 13, 34, 35, 14, 32, 9, 33, 27, 18, 46, 36, 15, 44, 41, 19, 39, 21, 22, 40, 20, 16, 45, 38, 0, 25, 10, 6, 31, 30, 5, 7, 23, 12, 29, 2, 43, 42, 28, 24, 4, 3, 8];2715.0
[42, 22, 40, 47, 26, 9, 33, 27, 41, 43, 20, 39, 19, 44, 15, 35, 14, 16, 32, 24, 4, 37, 38, 17, 12, 7, 5, 6, 0, 1, 25, 18, 13, 34, 23, 46, 36, 45, 21, 28, 3, 8, 11, 10, 31, 30, 29, 2];2624.0
[36, 14, 15, 16, 45, 10, 9, 33, 27, 2, 43, 22, 41, 42, 28, 3, 8, 11, 18, 13, 34, 35, 17, 12, 7, 23, 32, 24, 4, 29, 30, 31, 5, 6, 0, 47, 19, 44, 20, 38, 37, 39, 21, 40, 26, 1, 25, 46];2300.0
[41, 43, 42, 40, 16, 45, 20, 38, 10, 9, 33, 3, 27, 28, 18, 17, 46, 36, 21, 47, 22, 44, 19, 39, 26, 1, 37, 13, 34, 35, 14, 15, 0, 25, 11, 8, 6, 24, 4, 30, 29, 5, 31, 7, 23, 12, 32, 2];2625.0
[3, 33, 9, 27, 2, 42, 1, 8, 11, 47, 41, 19, 44, 15, 16, 32, 6, 10, 18, 17, 13, 35, 45, 0, 25, 46, 36, 14, 34, 7, 23, 12, 31, 5, 30, 43, 22, 40, 20, 38, 37, 39, 21, 26, 28, 24, 4, 29];2656.0
[43, 42, 1, 9, 33, 27, 3, 29, 30, 47, 22, 20, 16, 45, 0, 25, 37, 38, 12, 7, 31, 5, 6, 10, 36, 14, 19, 44, 15, 35, 23, 32, 24, 4, 8, 11, 18, 17, 13, 34, 46, 39, 21, 40, 26, 28, 2, 41];2570.0
[11, 13, 34, 35, 14, 15, 16, 45, 20, 38, 37, 18, 17, 46, 36, 39, 19, 44, 6, 3, 24, 4, 29, 30, 5, 31, 7, 23, 12, 32, 9, 33, 27, 2, 28, 43, 42, 22, 41, 21, 40, 47, 26, 0, 25, 1, 10, 8];2224.0
[43, 42, 29, 30, 5, 18, 36, 14, 35, 15, 13, 34, 46, 23, 7, 31, 10, 39, 21, 16, 45, 20, 11, 8, 9, 33, 3, 24, 4, 6, 19, 44, 41, 22, 40, 38, 37, 0, 47, 26, 1, 25, 17, 12, 32, 27, 28, 2];2831.0
[17, 32, 2, 43, 42, 22, 41, 15, 35, 14, 34, 13, 12, 33, 27, 28, 3, 46, 36, 23, 7, 31, 5, 6, 10, 26, 1, 9, 24, 29, 30, 4, 8, 11, 37, 16, 45, 39, 19, 44, 21, 47, 40, 20, 38, 0, 25, 18];2727.0
[8, 24, 4, 3, 2, 41, 39, 21, 40, 9, 33, 27, 28, 43, 42, 22, 18, 34, 13, 46, 15, 19, 44, 17, 36, 35, 14, 16, 45, 20, 38, 29, 30, 31, 5, 7, 23, 12, 32, 6, 10, 0, 47, 26, 1, 25, 37, 11];2488.0
[39, 21, 40, 47, 22, 20, 38, 26, 1, 9, 27, 28, 42, 44, 19, 24, 4, 29, 3, 33, 2, 41, 43, 18, 34, 23, 13, 46, 36, 14, 35, 15, 16, 17, 12, 7, 31, 30, 5, 8, 32, 6, 10, 11, 0, 25, 37, 45];2410.0
[20, 0, 25, 11, 8, 6, 24, 29, 30, 31, 5, 10, 39, 19, 21, 40, 47, 41, 44, 15, 16, 34, 35, 14, 45, 26, 28, 3, 4, 33, 9, 27, 2, 43, 22, 42, 1, 37, 38, 18, 17, 12, 32, 7, 23, 13, 46, 36];2428.0
[22, 20, 10, 11, 8, 9, 33, 27, 28, 2, 42, 1, 25, 46, 36, 14, 7, 23, 34, 35, 39, 21, 40, 26, 3, 24, 4, 29, 30, 37, 19, 44, 15, 16, 45, 38, 18, 17, 13, 12, 32, 31, 5, 6, 0, 47, 41, 43];2391.0
[46, 36, 35, 14, 34, 3, 33, 41, 19, 44, 15, 45, 16, 31, 30, 5, 0, 25, 39, 21, 47, 22, 26, 1, 9, 27, 28, 24, 4, 29, 2, 43, 42, 40, 20, 37, 38, 18, 17, 12, 32, 6, 10, 11, 8, 7, 23, 13];2532.0
[41, 43, 42, 9, 27, 28, 6, 10, 8, 32, 24, 4, 3, 29, 30, 5, 13, 46, 36, 26, 1, 11, 18, 45, 21, 47, 22, 40, 38, 37, 39, 19, 44, 20, 0, 25, 35, 14, 15, 16, 17, 34, 23, 12, 7, 31, 33, 2];2574.0
[18, 13, 34, 23, 32, 6, 33, 9, 27, 28, 24, 4, 29, 3, 2, 41, 43, 42, 20, 16, 45, 39, 47, 22, 19, 44, 21, 40, 26, 1, 37, 38, 0, 25, 46, 36, 14, 35, 15, 17, 12, 7, 31, 30, 5, 10, 8, 11];2274.0
[29, 30, 5, 31, 7, 23, 34, 35, 14, 46, 36, 45, 19, 20, 38, 18, 17, 39, 21, 47, 26, 28, 2, 42, 40, 0, 25, 1, 10, 8, 11, 37, 41, 43, 22, 44, 15, 16, 13, 12, 32, 6, 24, 4, 33, 9, 27, 3];2317.0
[34, 13, 27, 28, 3, 6, 9, 33, 24, 4, 30, 29, 2, 41, 43, 22, 47, 26, 42, 1, 37, 38, 18, 17, 46, 36, 14, 35, 16, 45, 19, 44, 15, 39, 21, 40, 20, 12, 32, 31, 5, 0, 25, 10, 11, 8, 7, 23];2322.0
[29, 30, 7, 23, 13, 46, 16, 18, 17, 36, 14, 34, 35, 45, 20, 38, 37, 11, 8, 9, 33, 27, 28, 2, 43, 19, 44, 15, 12, 32, 31, 5, 6, 0, 25, 47, 42, 22, 41, 39, 21, 40, 26, 1, 10, 3, 24, 4];2222.0
[1, 7, 31, 4, 29, 30, 5, 46, 36, 39, 21, 40, 47, 26, 42, 28, 3, 8, 11, 18, 13, 34, 23, 12, 32, 9, 33, 27, 10, 37, 38, 17, 45, 44, 19, 20, 0, 25, 35, 14, 15, 16, 6, 24, 2, 43, 22, 41];2691.0
[38, 18, 17, 46, 36, 34, 32, 6, 10, 37, 45, 39, 21, 40, 26, 42, 28, 3, 33, 27, 4, 13, 35, 14, 15, 16, 1, 9, 2, 43, 41, 44, 19, 24, 29, 30, 5, 31, 7, 23, 12, 8, 11, 0, 25, 47, 22, 20];2687.0
[40, 47, 1, 18, 17, 23, 12, 32, 7, 31, 6, 8, 11, 46, 36, 14, 15, 16, 9, 33, 24, 4, 29, 30, 5, 3, 27, 28, 2, 10, 37, 39, 19, 44, 21, 41, 43, 20, 13, 34, 35, 45, 38, 0, 25, 26, 42, 22];2520.0
[20, 11, 8, 32, 6, 31, 5, 7, 23, 34, 35, 12, 24, 2, 43, 22, 40, 26, 36, 14, 16, 39, 21, 27, 28, 4, 29, 30, 18, 17, 45, 38, 37, 0, 25, 47, 41, 42, 1, 9, 33, 3, 10, 13, 46, 15, 44, 19];2840.0
[5, 30, 6, 24, 29, 4, 3, 33, 9, 27, 10, 36, 35, 14, 23, 32, 8, 11, 37, 38, 47, 26, 28, 2, 1, 34, 13, 46, 15, 16, 45, 39, 19, 44, 21, 41, 43, 42, 22, 40, 20, 0, 25, 18, 17, 12, 7, 31];2438.0
[22, 42, 28, 33, 3, 24, 4, 30, 29, 5, 31, 7, 23, 15, 16, 45, 38, 11, 8, 9, 27, 2, 1, 25, 47, 19, 39, 44, 21, 40, 20, 18, 12, 32, 6, 10, 0, 37, 17, 34, 35, 14, 13, 46, 36, 26, 41, 43];2605.0
[15, 39, 21, 47, 26, 1, 18, 17, 32, 6, 24, 4, 3, 33, 2, 42, 41, 43, 22, 40, 20, 38, 0, 25, 9, 27, 28, 10, 46, 36, 14, 16, 12, 31, 5, 29, 30, 7, 23, 13, 34, 35, 45, 8, 11, 37, 19, 44];2461.0
[18, 35, 34, 13, 46, 36, 14, 45, 20, 16, 17, 12, 32, 9, 33, 2, 44, 15, 23, 7, 31, 5, 4, 29, 30, 0, 25, 22, 41, 43, 42, 28, 24, 3, 27, 6, 8, 11, 10, 38, 37, 39, 19, 21, 40, 47, 26, 1];2464.0
[43, 47, 22, 41, 42, 28, 10, 37, 38, 39, 19, 44, 15, 16, 13, 34, 23, 12, 32, 46, 36, 35, 14, 45, 20, 9, 33, 27, 3, 6, 7, 31, 30, 5, 18, 17, 21, 40, 26, 0, 25, 1, 11, 8, 24, 4, 29, 2];2497.0
[1, 18, 17, 7, 31, 4, 27, 28, 2, 44, 15, 35, 14, 23, 34, 13, 46, 36, 12, 32, 37, 38, 47, 26, 22, 20, 16, 45, 19, 39, 21, 40, 9, 33, 3, 11, 8, 24, 29, 30, 5, 6, 10, 0, 25, 41, 43, 42];2493.0
[31, 5, 4, 29, 2, 43, 41, 19, 44, 15, 16, 45, 42, 28, 33, 27, 3, 10, 37, 38, 0, 47, 22, 40, 20, 18, 12, 7, 23, 34, 35, 14, 39, 21, 26, 1, 25, 11, 8, 9, 24, 30, 6, 17, 13, 46, 36, 32];2553.0
[34, 23, 13, 35, 15, 16, 20, 38, 37, 11, 8, 0, 25, 47, 26, 42, 1, 27, 2, 19, 44, 9, 33, 24, 4, 29, 30, 5, 12, 32, 7, 31, 6, 18, 45, 39, 21, 40, 22, 41, 43, 28, 3, 10, 17, 46, 36, 14];2583.0
[12, 32, 6, 9, 33, 27, 3, 8, 11, 1, 0, 25, 47, 22, 40, 20, 18, 13, 34, 46, 36, 35, 14, 23, 7, 31, 5, 24, 4, 29, 30, 10, 37, 38, 45, 21, 26, 42, 28, 2, 43, 41, 19, 39, 44, 15, 16, 17];2232.0
[24, 3, 33, 27, 2, 22, 41, 43, 42, 28, 10, 8, 11, 18, 17, 45, 39, 19, 44, 20, 37, 38, 12, 7, 31, 0, 25, 47, 1, 34, 23, 13, 46, 36, 21, 40, 26, 9, 4, 29, 30, 5, 35, 16, 14, 15, 32, 6];2677.0
[13, 35, 14, 15, 45, 38, 25, 1, 7, 30, 31, 5, 6, 9, 33, 10, 0, 47, 19, 44, 20, 18, 34, 23, 12, 32, 2, 42, 41, 43, 22, 40, 46, 36, 16, 39, 21, 26, 11, 8, 24, 4, 29, 27, 28, 3, 37, 17];2766.0
[34, 23, 2, 42, 41, 43, 22, 20, 12, 7, 31, 5, 11, 18, 17, 45, 39, 21, 47, 40, 26, 0, 25, 1, 10, 9, 33, 27, 28, 4, 29, 30, 37, 44, 19, 38, 24, 3, 46, 36, 35, 14, 15, 16, 32, 6, 8, 13];2806.0
[4, 29, 30, 5, 31, 2, 43, 22, 40, 18, 17, 35, 14, 16, 45, 39, 21, 26, 25, 47, 41, 42, 28, 3, 8, 32, 7, 23, 13, 34, 12, 6, 9, 33, 27, 11, 46, 36, 15, 44, 19, 20, 37, 38, 0, 1, 10, 24];2409.0
[30, 0, 25, 47, 41, 19, 44, 39, 21, 26, 1, 10, 9, 33, 27, 8, 32, 6, 24, 3, 2, 28, 43, 42, 22, 40, 37, 18, 17, 13, 12, 7, 23, 34, 46, 36, 14, 15, 35, 16, 45, 20, 38, 11, 31, 5, 4, 29];2336.0
