ftv35
[5, 6, 4, 34, 8, 9, 11, 14, 15, 16, 25, 24, 20, 21, 19, 18, 17, 10, 33, 22, 23, 28, 29, 30, 1, 26, 27, 31, 32, 35, 2, 3, 0, 13, 12, 7];1743.0;2076.5014577259476;2920580.6851311955;246.0;4455.0;343.0
[15, 14, 11, 25, 24, 19, 17, 34, 8, 5, 12, 7, 6, 35, 2, 4, 32, 30, 29, 31, 3, 1, 26, 27, 28, 22, 21, 33, 18, 20, 23, 10, 9, 13, 0, 16];2019.0
[20, 22, 21, 18, 34, 7, 6, 4, 8, 9, 10, 33, 23, 31, 32, 35, 12, 5, 11, 14, 27, 28, 29, 30, 26, 24, 19, 17, 13, 1, 2, 3, 0, 16, 15, 25];2230.0
[32, 2, 3, 1, 26, 28, 29, 30, 25, 17, 10, 9, 13, 11, 18, 19, 33, 12, 7, 6, 4, 5, 34, 8, 0, 14, 15, 16, 24, 20, 21, 22, 23, 27, 31, 35];1945.0
[9, 18, 22, 28, 29, 30, 26, 1, 35, 4, 2, 3, 12, 7, 5, 6, 32, 25, 24, 21, 19, 20, 23, 27, 31, 0, 15, 16, 14, 10, 33, 17, 13, 11, 34, 8];2048.0
[6, 4, 16, 15, 14, 25, 24, 20, 21, 33, 10, 9, 28, 29, 30, 19, 18, 17, 0, 11, 13, 34, 8, 32, 31, 35, 2, 3, 26, 27, 22, 23, 1, 12, 5, 7];2266.0
[0, 34, 8, 9, 10, 33, 17, 7, 6, 32, 4, 2, 3, 1, 35, 30, 26, 12, 5, 11, 13, 14, 16, 15, 18, 19, 20, 23, 24, 21, 22, 28, 29, 25, 27, 31];2171.0
[17, 10, 9, 0, 26, 25, 20, 21, 33, 14, 15, 16, 27, 31, 2, 4, 8, 34, 13, 1, 35, 32, 29, 30, 3, 12, 5, 6, 7, 11, 18, 19, 22, 28, 23, 24];2204.0
[24, 19, 20, 22, 21, 23, 27, 28, 31, 2, 34, 8, 0, 1, 3, 35, 32, 4, 7, 5, 6, 29, 30, 16, 15, 14, 18, 33, 17, 13, 11, 12, 10, 9, 26, 25];2246.0
[13, 12, 34, 8, 9, 0, 26, 1, 35, 4, 2, 3, 16, 15, 14, 11, 10, 33, 18, 5, 7, 6, 29, 31, 32, 30, 27, 28, 25, 24, 21, 20, 22, 23, 19, 17];1995.0
[11, 13, 14, 15, 16, 27, 28, 31, 35, 32, 25, 20, 22, 23, 4, 5, 6, 7, 29, 30, 0, 26, 1, 2, 3, 12, 34, 9, 8, 24, 19, 21, 17, 10, 33, 18];2236.0
[2, 4, 1, 3, 0, 11, 14, 15, 16, 27, 28, 29, 30, 26, 13, 34, 12, 6, 7, 5, 8, 9, 10, 33, 18, 17, 19, 25, 24, 20, 21, 22, 23, 31, 35, 32];1904.0
[30, 26, 35, 32, 29, 22, 23, 27, 28, 31, 3, 0, 16, 1, 2, 4, 5, 6, 7, 13, 11, 10, 33, 18, 20, 21, 19, 17, 12, 34, 8, 9, 14, 15, 25, 24];1991.0
[4, 7, 6, 2, 26, 25, 19, 17, 18, 13, 0, 1, 3, 30, 23, 24, 20, 21, 22, 28, 29, 16, 15, 12, 5, 34, 9, 8, 14, 11, 10, 33, 27, 31, 32, 35];2136.0
[19, 23, 30, 26, 16, 15, 14, 24, 20, 21, 22, 27, 28, 29, 31, 35, 3, 0, 1, 2, 4, 32, 7, 6, 34, 8, 9, 11, 12, 5, 13, 25, 17, 10, 33, 18];1880.0
[19, 17, 10, 9, 8, 34, 13, 24, 20, 21, 22, 23, 31, 2, 3, 1, 4, 5, 16, 15, 14, 11, 12, 6, 7, 32, 35, 0, 26, 27, 28, 29, 30, 25, 33, 18];1998.0
[13, 12, 5, 6, 7, 32, 30, 27, 1, 2, 3, 0, 16, 15, 14, 26, 25, 10, 33, 18, 19, 21, 20, 23, 24, 31, 35, 4, 29, 28, 22, 17, 34, 9, 8, 11];2005.0
[4, 5, 34, 9, 25, 24, 21, 20, 22, 23, 19, 17, 10, 33, 18, 7, 6, 32, 35, 16, 15, 26, 27, 28, 29, 30, 31, 2, 3, 0, 13, 12, 8, 11, 14, 1];2052.0
[7, 5, 34, 9, 8, 11, 18, 20, 21, 22, 28, 29, 30, 26, 25, 24, 19, 10, 33, 17, 1, 2, 3, 0, 12, 13, 15, 14, 16, 27, 23, 31, 35, 32, 4, 6];1954.0
[23, 30, 16, 26, 17, 11, 13, 12, 7, 6, 32, 35, 2, 15, 14, 1, 3, 0, 24, 25, 20, 21, 22, 27, 28, 29, 31, 4, 5, 34, 9, 8, 10, 33, 18, 19];2088.0
[31, 30, 25, 19, 17, 10, 33, 18, 11, 14, 13, 24, 22, 28, 29, 26, 16, 15, 27, 23, 20, 21, 34, 8, 9, 12, 5, 6, 7, 4, 32, 2, 3, 0, 1, 35];2064.0
[3, 0, 25, 24, 23, 19, 17, 12, 6, 7, 34, 8, 10, 33, 18, 11, 14, 16, 15, 1, 2, 4, 5, 9, 13, 26, 20, 21, 22, 31, 35, 32, 30, 27, 28, 29];2125.0
[12, 7, 5, 11, 14, 15, 34, 8, 6, 4, 2, 3, 19, 33, 18, 10, 9, 13, 0, 1, 25, 21, 20, 31, 35, 32, 30, 27, 23, 17, 16, 26, 24, 22, 28, 29];2261.0
[34, 9, 1, 2, 3, 32, 30, 26, 25, 18, 17, 10, 33, 23, 24, 19, 20, 21, 22, 28, 27, 29, 31, 35, 4, 6, 7, 5, 8, 15, 14, 16, 0, 13, 11, 12];1961.0
[23, 1, 3, 12, 5, 8, 9, 18, 19, 10, 33, 17, 34, 13, 22, 28, 29, 30, 16, 26, 27, 31, 4, 7, 6, 32, 35, 2, 0, 11, 15, 14, 25, 24, 21, 20];2169.0
[10, 9, 11, 13, 14, 15, 16, 0, 1, 32, 35, 4, 2, 3, 12, 34, 8, 5, 7, 6, 31, 30, 27, 28, 29, 22, 23, 21, 20, 33, 18, 17, 26, 25, 24, 19];1841.0
[17, 10, 33, 34, 11, 25, 21, 20, 23, 35, 4, 32, 30, 31, 2, 12, 5, 6, 7, 8, 9, 13, 0, 1, 3, 27, 22, 28, 29, 26, 16, 14, 15, 24, 19, 18];2149.0
[0, 13, 35, 32, 27, 22, 28, 31, 2, 4, 6, 29, 30, 15, 16, 1, 3, 26, 25, 24, 19, 18, 17, 11, 14, 23, 20, 21, 33, 10, 9, 12, 5, 7, 34, 8];2097.0
[18, 17, 10, 33, 11, 14, 15, 1, 2, 12, 9, 25, 20, 21, 22, 23, 35, 4, 32, 29, 30, 0, 13, 34, 8, 5, 6, 7, 27, 28, 31, 3, 16, 26, 24, 19];2240.0
[31, 30, 23, 20, 21, 22, 28, 29, 26, 15, 16, 14, 11, 10, 9, 13, 12, 34, 8, 5, 7, 6, 25, 24, 19, 33, 18, 17, 35, 32, 4, 2, 3, 0, 1, 27];1962.0
[32, 30, 26, 17, 10, 9, 1, 3, 0, 16, 15, 14, 11, 34, 8, 13, 25, 24, 27, 28, 29, 22, 21, 33, 18, 19, 20, 23, 31, 35, 2, 4, 12, 7, 5, 6];1901.0
[30, 23, 27, 20, 21, 33, 18, 2, 3, 0, 13, 11, 12, 5, 14, 16, 15, 1, 26, 25, 24, 19, 17, 10, 7, 6, 32, 31, 35, 4, 34, 9, 8, 28, 22, 29];2235.0
[15, 14, 26, 1, 25, 24, 18, 19, 20, 22, 23, 28, 31, 35, 3, 34, 8, 9, 13, 11, 17, 10, 21, 33, 12, 7, 5, 6, 2, 4, 32, 29, 30, 27, 0, 16];2103.0
[26, 24, 18, 17, 10, 9, 14, 11, 34, 8, 13, 0, 1, 27, 31, 30, 23, 20, 21, 22, 28, 29, 25, 19, 33, 35, 32, 4, 2, 3, 16, 15, 12, 7, 5, 6];2187.0
[5, 8, 34, 9, 15, 14, 16, 25, 24, 27, 35, 32, 30, 23, 20, 21, 19, 17, 10, 33, 18, 13, 11, 12, 6, 7, 2, 3, 0, 22, 28, 29, 31, 26, 1, 4];2006.0
[31, 2, 3, 34, 9, 8, 0, 13, 1, 20, 21, 22, 28, 29, 23, 19, 18, 11, 14, 15, 16, 26, 25, 24, 17, 10, 33, 12, 5, 6, 7, 4, 35, 32, 30, 27];2048.0
[26, 0, 12, 5, 7, 11, 13, 4, 6, 2, 3, 34, 8, 9, 25, 24, 20, 23, 21, 18, 19, 17, 10, 33, 22, 28, 29, 16, 15, 14, 1, 35, 32, 30, 27, 31];2098.0
[29, 30, 27, 23, 17, 18, 19, 22, 31, 35, 2, 3, 0, 1, 32, 4, 6, 7, 5, 34, 8, 12, 13, 11, 14, 16, 15, 25, 24, 20, 21, 33, 10, 9, 26, 28];1923.0
[17, 10, 33, 18, 34, 7, 6, 2, 12, 5, 13, 0, 26, 3, 1, 35, 32, 4, 8, 9, 11, 14, 15, 16, 27, 23, 25, 21, 20, 22, 28, 29, 31, 30, 24, 19];1962.0
[28, 29, 30, 1, 2, 3, 13, 0, 26, 25, 20, 21, 33, 22, 23, 24, 19, 18, 17, 10, 12, 5, 7, 6, 31, 32, 35, 4, 34, 8, 9, 11, 14, 15, 16, 27];1862.0
[32, 35, 3, 10, 33, 20, 21, 22, 28, 29, 31, 30, 16, 15, 12, 7, 5, 6, 11, 14, 13, 34, 8, 9, 18, 23, 27, 26, 25, 24, 19, 17, 0, 1, 2, 4];2103.0
[20, 23, 24, 21, 22, 28, 29, 17, 10, 9, 12, 6, 32, 35, 30, 27, 31, 4, 5, 7, 34, 8, 11, 14, 15, 16, 1, 2, 3, 0, 13, 26, 25, 33, 18, 19];1927.0
[16, 15, 14, 11, 34, 5, 7, 6, 4, 32, 30, 23, 10, 33, 18, 12, 8, 9, 0, 1, 2, 3, 35, 29, 28, 22, 20, 21, 19, 17, 13, 26, 25, 24, 27, 31];2097.0
[25, 20, 21, 17, 13, 12, 5, 0, 24, 28, 29, 34, 8, 9, 1, 32, 4, 7, 6, 30, 16, 15, 14, 11, 10, 33, 18, 19, 22, 23, 27, 31, 35, 2, 3, 26];2148.0
[6, 32, 27, 24, 19, 12, 5, 8, 13, 11, 34, 9, 18, 20, 21, 22, 23, 28, 29, 31, 30, 26, 25, 35, 2, 3, 16, 0, 15, 14, 10, 33, 17, 1, 4, 7];2274.0
[22, 23, 10, 33, 18, 20, 21, 28, 29, 16, 14, 15, 11, 12, 5, 7, 6, 32, 31, 35, 2, 4, 3, 26, 25, 24, 19, 17, 34, 9, 8, 13, 0, 1, 30, 27];1886.0
[24, 21, 20, 31, 3, 0, 16, 15, 32, 30, 26, 1, 35, 4, 5, 8, 34, 10, 9, 12, 7, 6, 2, 19, 33, 18, 17, 13, 11, 14, 27, 23, 22, 28, 29, 25];2252.0
[2, 4, 5, 7, 6, 32, 29, 22, 23, 19, 17, 34, 8, 12, 13, 11, 14, 15, 1, 3, 0, 16, 26, 25, 24, 28, 31, 35, 30, 27, 20, 21, 33, 18, 10, 9];2005.0
[34, 8, 9, 13, 35, 32, 28, 29, 31, 2, 4, 5, 7, 6, 30, 27, 22, 23, 20, 21, 18, 17, 12, 11, 14, 15, 16, 0, 26, 1, 3, 25, 24, 19, 10, 33];1961.0
[26, 1, 3, 0, 25, 24, 17, 10, 9, 8, 34, 13, 12, 5, 11, 18, 19, 33, 21, 22, 23, 20, 31, 2, 4, 7, 6, 32, 35, 16, 14, 15, 27, 28, 29, 30];1979.0
[18, 17, 34, 11, 14, 15, 1, 35, 2, 3, 0, 25, 24, 27, 31, 32, 30, 26, 16, 13, 12, 5, 8, 9, 10, 33, 19, 20, 21, 23, 22, 28, 29, 4, 7, 6];2087.0
[32, 2, 4, 5, 34, 8, 9, 14, 15, 11, 10, 21, 33, 18, 17, 12, 7, 6, 29, 30, 28, 22, 23, 20, 27, 31, 3, 16, 26, 25, 24, 19, 13, 0, 1, 35];2003.0
[20, 21, 23, 31, 2, 3, 24, 19, 33, 18, 17, 10, 9, 0, 25, 22, 28, 29, 16, 15, 11, 14, 13, 34, 8, 12, 5, 7, 6, 4, 32, 35, 30, 26, 1, 27];1995.0
[5, 6, 4, 34, 8, 9, 11, 14, 15, 16, 25, 24, 20, 21, 19, 18, 17, 10, 33, 22, 23, 28, 29, 30, 1, 26, 27, 31, 32, 35, 2, 3, 0, 13, 12, 7];1743.0
[35, 32, 30, 19, 33, 18, 34, 9, 8, 11, 12, 6, 7, 5, 13, 26, 25, 17, 10, 21, 20, 22, 23, 1, 4, 2, 3, 0, 16, 14, 15, 24, 27, 28, 29, 31];2013.0
[0, 24, 20, 22, 23, 2, 3, 4, 5, 34, 8, 11, 14, 15, 16, 1, 35, 32, 7, 6, 27, 28, 29, 31, 30, 26, 25, 21, 33, 18, 19, 17, 10, 9, 12, 13];2027.0
[27, 28, 29, 30, 26, 25, 20, 21, 22, 23, 24, 19, 17, 12, 5, 15, 14, 16, 0, 13, 11, 10, 9, 33, 18, 34, 8, 6, 7, 4, 32, 31, 35, 1, 2, 3];2086.0
[1, 3, 16, 0, 35, 32, 4, 8, 11, 14, 15, 23, 24, 27, 31, 2, 12, 6, 7, 5, 34, 25, 19, 33, 18, 17, 10, 9, 13, 20, 21, 22, 28, 29, 30, 26];2062.0
[23, 21, 19, 18, 17, 34, 8, 9, 12, 10, 33, 20, 22, 28, 29, 31, 4, 5, 6, 7, 32, 35, 2, 3, 0, 16, 15, 14, 11, 13, 1, 25, 24, 30, 26, 27];1892.0
[12, 7, 31, 30, 17, 10, 9, 34, 8, 13, 25, 19, 18, 23, 24, 20, 21, 33, 5, 6, 35, 2, 4, 32, 27, 22, 28, 29, 26, 1, 3, 16, 0, 15, 14, 11];2241.0
[25, 24, 20, 21, 22, 29, 28, 31, 35, 15, 16, 14, 11, 12, 6, 4, 32, 30, 27, 23, 10, 33, 18, 19, 17, 34, 9, 8, 5, 7, 2, 3, 13, 0, 1, 26];1908.0
[11, 10, 33, 21, 22, 28, 29, 30, 20, 23, 27, 31, 35, 2, 4, 32, 26, 16, 25, 24, 19, 18, 17, 12, 6, 7, 5, 8, 34, 9, 0, 13, 14, 15, 1, 3];1868.0
[32, 23, 20, 22, 28, 29, 30, 16, 14, 15, 1, 26, 27, 31, 35, 2, 3, 19, 18, 17, 12, 5, 13, 0, 11, 10, 9, 25, 24, 21, 33, 34, 8, 7, 6, 4];2111.0
[25, 17, 12, 8, 0, 24, 19, 18, 10, 33, 34, 9, 2, 4, 5, 6, 7, 32, 20, 21, 22, 23, 30, 13, 11, 14, 15, 16, 27, 28, 29, 31, 35, 3, 1, 26];2225.0
[27, 31, 35, 3, 12, 5, 6, 7, 34, 8, 9, 13, 11, 0, 26, 25, 24, 17, 10, 18, 19, 33, 21, 20, 22, 23, 15, 14, 16, 28, 29, 1, 2, 4, 32, 30];1859.0
[9, 8, 11, 14, 15, 25, 24, 27, 26, 16, 0, 1, 3, 35, 2, 13, 12, 6, 29, 30, 23, 20, 21, 10, 33, 18, 17, 19, 22, 28, 31, 32, 4, 7, 5, 34];2015.0
[34, 8, 25, 31, 35, 32, 30, 27, 23, 24, 19, 18, 21, 20, 22, 26, 16, 15, 14, 11, 0, 13, 1, 3, 2, 4, 28, 29, 6, 7, 5, 9, 10, 33, 17, 12];2285.0
[17, 10, 33, 23, 25, 24, 19, 18, 20, 21, 22, 28, 29, 0, 26, 3, 1, 32, 27, 30, 31, 35, 2, 4, 5, 6, 7, 13, 16, 14, 15, 11, 12, 34, 8, 9];1960.0
[34, 13, 11, 0, 1, 35, 2, 3, 12, 5, 14, 15, 16, 26, 24, 27, 23, 21, 19, 33, 18, 20, 22, 28, 31, 4, 6, 7, 32, 29, 30, 25, 17, 10, 9, 8];1977.0
[34, 11, 18, 20, 21, 22, 28, 27, 29, 30, 1, 3, 12, 5, 7, 6, 4, 2, 13, 0, 15, 14, 16, 26, 25, 31, 35, 32, 23, 24, 19, 33, 17, 10, 9, 8];1952.0
[1, 35, 2, 3, 12, 5, 7, 6, 22, 28, 29, 30, 15, 10, 9, 34, 8, 13, 27, 31, 32, 4, 0, 26, 25, 20, 23, 24, 17, 18, 19, 21, 33, 11, 14, 16];2126.0
[27, 16, 14, 15, 26, 28, 29, 30, 31, 32, 4, 34, 8, 9, 12, 13, 3, 0, 1, 35, 2, 6, 7, 5, 11, 10, 33, 18, 19, 17, 25, 24, 21, 20, 22, 23];2076.0
[5, 6, 7, 13, 0, 1, 3, 35, 32, 30, 25, 24, 19, 18, 23, 20, 21, 22, 28, 29, 27, 31, 26, 10, 33, 17, 11, 12, 34, 8, 9, 14, 16, 15, 2, 4];1976.0
[1, 0, 13, 10, 33, 17, 11, 14, 23, 22, 28, 29, 15, 16, 25, 24, 20, 21, 19, 18, 9, 12, 34, 8, 26, 27, 30, 31, 35, 4, 5, 6, 7, 32, 2, 3];2218.0
[23, 30, 26, 16, 15, 14, 12, 7, 6, 4, 5, 11, 34, 8, 9, 18, 17, 10, 33, 13, 0, 25, 24, 29, 31, 2, 3, 1, 35, 32, 27, 28, 22, 20, 21, 19];2027.0
[33, 17, 10, 9, 11, 0, 1, 2, 4, 3, 13, 12, 5, 6, 7, 16, 15, 14, 34, 8, 24, 19, 23, 22, 28, 31, 35, 32, 29, 30, 27, 26, 25, 20, 21, 18];2062.0
[3, 10, 9, 13, 25, 24, 12, 5, 6, 7, 11, 16, 14, 15, 1, 4, 32, 26, 19, 33, 17, 18, 28, 29, 30, 0, 34, 8, 20, 22, 21, 23, 27, 31, 35, 2];2352.0
[25, 24, 19, 10, 33, 17, 0, 4, 32, 30, 28, 29, 27, 23, 21, 22, 26, 1, 3, 15, 16, 14, 11, 12, 5, 6, 7, 13, 34, 8, 9, 18, 20, 31, 35, 2];2185.0
[17, 35, 32, 2, 3, 12, 8, 34, 9, 13, 25, 24, 20, 23, 21, 22, 28, 29, 27, 30, 31, 4, 6, 7, 5, 11, 14, 26, 1, 0, 16, 15, 10, 33, 19, 18];2042.0
[15, 16, 19, 18, 0, 26, 1, 3, 12, 5, 8, 9, 10, 33, 21, 20, 22, 23, 27, 28, 29, 31, 35, 7, 6, 2, 4, 32, 30, 25, 24, 17, 34, 11, 13, 14];1986.0
[29, 31, 32, 23, 20, 27, 30, 1, 35, 4, 2, 3, 15, 14, 12, 6, 7, 5, 8, 34, 9, 11, 10, 33, 17, 18, 13, 0, 16, 26, 24, 25, 19, 21, 22, 28];1996.0
[22, 28, 29, 30, 31, 2, 3, 35, 32, 4, 6, 7, 34, 8, 9, 15, 14, 16, 1, 26, 27, 23, 24, 17, 10, 12, 5, 11, 13, 0, 25, 33, 18, 19, 21, 20];1896.0
[1, 4, 32, 30, 26, 27, 28, 29, 31, 35, 2, 3, 0, 12, 5, 6, 7, 13, 25, 24, 10, 33, 17, 18, 19, 21, 20, 22, 23, 16, 14, 15, 11, 34, 8, 9];1857.0
[17, 11, 14, 15, 16, 27, 28, 29, 31, 35, 30, 22, 23, 10, 9, 26, 25, 20, 21, 33, 18, 34, 8, 1, 4, 2, 3, 0, 13, 12, 5, 6, 7, 32, 24, 19];2119.0
[25, 17, 10, 9, 8, 7, 6, 4, 27, 21, 33, 18, 19, 22, 28, 29, 31, 35, 32, 30, 26, 24, 20, 23, 16, 15, 14, 13, 11, 12, 5, 34, 1, 2, 3, 0];2003.0
[15, 14, 11, 34, 9, 8, 7, 6, 4, 32, 30, 26, 27, 28, 29, 3, 12, 5, 19, 22, 23, 25, 24, 31, 35, 2, 20, 21, 33, 18, 17, 10, 13, 0, 1, 16];2181.0
[27, 23, 19, 17, 10, 33, 18, 34, 9, 14, 15, 11, 12, 6, 7, 32, 30, 26, 16, 1, 35, 2, 3, 25, 24, 21, 20, 22, 28, 29, 31, 4, 5, 8, 13, 0];1940.0
[0, 12, 5, 10, 21, 33, 18, 19, 20, 22, 23, 27, 31, 4, 7, 6, 32, 35, 2, 3, 1, 26, 28, 29, 30, 25, 24, 17, 34, 8, 9, 11, 14, 16, 15, 13];1873.0
[10, 9, 8, 13, 0, 26, 25, 24, 20, 22, 21, 33, 11, 14, 16, 15, 12, 34, 5, 6, 7, 4, 32, 31, 30, 35, 2, 3, 1, 18, 19, 23, 27, 28, 29, 17];2137.0
[1, 35, 3, 12, 5, 34, 8, 9, 11, 13, 16, 0, 27, 30, 26, 25, 19, 18, 14, 15, 2, 4, 7, 6, 32, 23, 24, 17, 10, 33, 21, 20, 22, 28, 29, 31];1996.0
[1, 0, 12, 34, 8, 24, 21, 20, 33, 19, 18, 17, 15, 14, 16, 26, 27, 22, 23, 28, 29, 31, 35, 32, 2, 3, 4, 5, 7, 6, 30, 25, 10, 9, 11, 13];2143.0
[26, 25, 24, 23, 27, 30, 16, 15, 14, 19, 17, 11, 1, 2, 4, 34, 9, 8, 10, 33, 18, 12, 7, 5, 6, 32, 20, 21, 22, 28, 29, 31, 35, 3, 13, 0];2116.0
[11, 12, 9, 18, 23, 27, 35, 32, 30, 15, 14, 16, 25, 20, 21, 22, 28, 29, 31, 2, 3, 1, 4, 5, 34, 8, 7, 6, 26, 24, 19, 10, 33, 17, 13, 0];2170.0
[27, 30, 1, 0, 34, 8, 9, 14, 15, 26, 25, 24, 19, 17, 13, 11, 12, 5, 6, 7, 2, 3, 16, 10, 33, 18, 21, 20, 31, 35, 4, 32, 28, 29, 22, 23];2047.0
[30, 26, 1, 16, 14, 15, 11, 34, 8, 9, 25, 24, 20, 21, 22, 28, 31, 35, 3, 0, 10, 33, 2, 4, 32, 27, 23, 19, 18, 17, 13, 12, 5, 6, 7, 29];2119.0
[18, 19, 33, 20, 23, 27, 30, 26, 13, 11, 14, 15, 16, 17, 10, 8, 9, 34, 12, 7, 6, 2, 0, 25, 24, 21, 22, 28, 29, 31, 32, 35, 3, 1, 4, 5];2089.0
[25, 24, 20, 23, 27, 16, 15, 14, 12, 34, 8, 5, 6, 7, 9, 10, 18, 19, 33, 21, 22, 28, 29, 31, 2, 4, 32, 35, 30, 26, 17, 11, 13, 0, 1, 3];1998.0
[21, 18, 19, 22, 23, 24, 17, 7, 6, 25, 27, 28, 29, 31, 35, 3, 1, 2, 4, 32, 30, 12, 5, 26, 16, 15, 14, 34, 8, 9, 0, 13, 11, 10, 33, 20];2172.0
[27, 28, 29, 31, 35, 2, 33, 18, 17, 19, 21, 22, 23, 20, 25, 24, 30, 26, 16, 1, 3, 14, 15, 12, 5, 6, 7, 8, 34, 13, 11, 10, 9, 0, 4, 32];2140.0
[13, 26, 25, 19, 33, 18, 20, 21, 22, 23, 31, 4, 7, 6, 16, 14, 15, 10, 9, 27, 30, 28, 29, 1, 3, 35, 32, 2, 0, 24, 17, 11, 12, 5, 34, 8];2197.0
[5, 6, 31, 27, 22, 28, 29, 30, 24, 10, 9, 11, 26, 25, 20, 23, 21, 33, 18, 19, 17, 34, 8, 13, 0, 1, 32, 35, 2, 4, 15, 14, 16, 3, 12, 7];2042.0
[9, 10, 33, 13, 0, 16, 26, 24, 20, 23, 27, 31, 35, 2, 32, 4, 7, 6, 3, 1, 25, 17, 18, 19, 21, 22, 28, 29, 30, 15, 14, 11, 12, 5, 34, 8];1907.0
[13, 0, 1, 3, 12, 5, 6, 4, 7, 32, 23, 20, 21, 33, 18, 17, 10, 9, 14, 15, 16, 26, 27, 31, 35, 2, 22, 28, 29, 30, 25, 24, 19, 11, 34, 8];2009.0
[22, 28, 29, 30, 26, 13, 0, 11, 34, 8, 9, 1, 3, 12, 6, 7, 5, 14, 15, 16, 24, 27, 23, 31, 35, 2, 4, 32, 25, 19, 17, 10, 33, 18, 21, 20];1862.0
[0, 25, 24, 27, 22, 28, 29, 31, 23, 20, 21, 33, 18, 11, 14, 1, 35, 32, 30, 16, 15, 26, 19, 17, 10, 12, 5, 6, 7, 2, 4, 34, 8, 9, 13, 3];2038.0
[34, 8, 7, 6, 2, 4, 3, 1, 24, 18, 19, 21, 33, 17, 12, 5, 0, 11, 10, 9, 13, 15, 14, 16, 27, 28, 29, 31, 35, 32, 25, 20, 22, 23, 30, 26];2165.0
[35, 2, 3, 12, 34, 5, 7, 6, 4, 0, 25, 24, 17, 10, 9, 8, 13, 1, 32, 30, 27, 29, 11, 14, 15, 16, 26, 23, 20, 21, 33, 18, 19, 22, 28, 31];1940.0
[15, 16, 14, 11, 10, 33, 22, 28, 29, 31, 35, 2, 25, 19, 17, 18, 34, 9, 12, 6, 4, 7, 5, 8, 13, 0, 3, 1, 32, 30, 23, 24, 20, 21, 27, 26];2138.0
[13, 12, 7, 6, 31, 30, 25, 24, 20, 21, 33, 18, 34, 8, 5, 27, 22, 28, 29, 26, 16, 14, 15, 1, 35, 4, 32, 23, 19, 17, 10, 9, 11, 0, 2, 3];2113.0
[17, 10, 12, 5, 6, 7, 26, 20, 21, 33, 18, 11, 14, 22, 28, 29, 30, 23, 27, 31, 32, 35, 4, 34, 8, 9, 13, 1, 2, 3, 0, 16, 15, 25, 24, 19];2067.0
[21, 22, 33, 10, 9, 11, 14, 15, 16, 24, 17, 5, 6, 7, 4, 32, 28, 29, 30, 27, 23, 31, 35, 2, 3, 12, 8, 34, 13, 1, 0, 26, 25, 19, 18, 20];2083.0
[14, 16, 26, 27, 29, 30, 1, 3, 32, 23, 20, 21, 33, 17, 10, 9, 11, 13, 12, 5, 6, 7, 8, 34, 0, 25, 24, 18, 19, 22, 28, 31, 35, 4, 2, 15];1985.0
[29, 27, 31, 30, 26, 16, 0, 15, 14, 11, 10, 9, 6, 7, 4, 32, 35, 2, 3, 1, 23, 20, 21, 33, 17, 12, 5, 8, 34, 13, 25, 24, 19, 18, 22, 28];2059.0
[16, 25, 24, 33, 18, 19, 17, 10, 9, 34, 8, 13, 1, 32, 30, 31, 35, 5, 7, 11, 26, 20, 21, 23, 27, 22, 28, 29, 12, 6, 4, 2, 3, 0, 14, 15];2087.0
[4, 5, 7, 6, 0, 24, 21, 22, 31, 35, 12, 34, 8, 1, 2, 3, 26, 25, 17, 10, 9, 13, 14, 11, 18, 19, 33, 20, 23, 27, 30, 16, 15, 28, 29, 32];2270.0
[10, 33, 19, 29, 30, 26, 25, 27, 23, 24, 20, 21, 22, 28, 31, 32, 4, 5, 13, 11, 15, 14, 16, 1, 35, 2, 3, 0, 12, 6, 7, 34, 8, 9, 17, 18];1939.0
[35, 32, 4, 2, 0, 34, 9, 8, 11, 15, 14, 16, 1, 3, 12, 5, 6, 7, 30, 28, 29, 26, 25, 24, 22, 23, 19, 10, 20, 21, 33, 18, 17, 13, 27, 31];2047.0
[28, 29, 31, 35, 32, 2, 3, 0, 27, 30, 1, 4, 6, 7, 5, 10, 33, 20, 21, 11, 13, 15, 14, 16, 26, 25, 17, 18, 19, 22, 23, 24, 12, 34, 8, 9];2194.0
[1, 19, 18, 20, 22, 28, 30, 27, 23, 21, 33, 10, 9, 11, 14, 13, 0, 16, 15, 26, 25, 24, 17, 34, 8, 5, 6, 4, 32, 35, 12, 7, 29, 31, 2, 3];2052.0
[22, 28, 29, 27, 30, 12, 7, 5, 6, 32, 31, 35, 13, 8, 34, 9, 11, 14, 16, 15, 1, 2, 4, 3, 0, 26, 25, 24, 23, 20, 21, 19, 17, 10, 33, 18];1934.0
[21, 33, 18, 34, 8, 25, 24, 27, 31, 35, 3, 2, 4, 6, 7, 32, 30, 28, 29, 22, 23, 19, 17, 10, 9, 13, 1, 0, 26, 16, 15, 14, 11, 12, 5, 20];2106.0
[33, 31, 35, 2, 3, 12, 8, 7, 5, 6, 4, 32, 30, 1, 0, 16, 15, 14, 26, 27, 23, 21, 19, 18, 20, 22, 29, 28, 11, 34, 9, 13, 25, 24, 17, 10];2195.0
[10, 19, 33, 18, 20, 21, 22, 28, 29, 30, 1, 26, 25, 24, 17, 12, 5, 7, 6, 2, 3, 23, 27, 31, 35, 32, 4, 8, 34, 9, 0, 13, 14, 16, 15, 11];1889.0
[13, 3, 12, 7, 5, 11, 10, 33, 18, 19, 17, 21, 20, 22, 28, 29, 31, 30, 26, 15, 14, 16, 0, 1, 2, 4, 6, 35, 32, 27, 23, 25, 24, 34, 8, 9];1974.0
[13, 1, 26, 24, 19, 33, 18, 34, 8, 20, 23, 21, 22, 28, 29, 4, 5, 0, 16, 15, 14, 11, 12, 7, 6, 30, 27, 31, 32, 35, 2, 3, 25, 17, 10, 9];2114.0
[18, 17, 15, 16, 1, 35, 2, 3, 26, 30, 23, 21, 22, 28, 29, 0, 13, 12, 8, 11, 14, 25, 24, 19, 20, 27, 31, 32, 4, 7, 5, 6, 34, 9, 10, 33];2044.0
[0, 1, 2, 4, 5, 34, 8, 9, 11, 10, 33, 12, 7, 6, 32, 35, 3, 17, 19, 18, 21, 22, 28, 29, 30, 25, 24, 20, 23, 27, 31, 26, 16, 15, 14, 13];1960.0
[19, 18, 13, 16, 14, 15, 11, 10, 33, 20, 31, 2, 3, 0, 12, 6, 30, 28, 29, 35, 4, 7, 5, 8, 26, 25, 17, 34, 9, 1, 32, 27, 23, 21, 22, 24];2350.0
[20, 22, 23, 28, 29, 30, 19, 10, 9, 8, 7, 6, 33, 18, 17, 11, 12, 5, 34, 13, 1, 26, 25, 24, 27, 31, 2, 4, 32, 35, 3, 0, 16, 15, 14, 21];2146.0
[31, 2, 3, 1, 26, 25, 19, 17, 18, 5, 7, 6, 4, 32, 35, 29, 30, 0, 13, 16, 14, 15, 11, 12, 34, 8, 9, 10, 21, 33, 20, 23, 24, 27, 22, 28];2014.0
[29, 31, 30, 22, 23, 21, 20, 10, 33, 18, 34, 9, 8, 7, 6, 2, 3, 25, 24, 19, 17, 12, 5, 11, 15, 14, 16, 13, 0, 26, 1, 35, 4, 32, 27, 28];1995.0
[9, 8, 6, 7, 30, 16, 15, 14, 26, 27, 23, 21, 33, 20, 22, 28, 29, 31, 2, 4, 32, 35, 3, 0, 11, 13, 12, 5, 34, 1, 25, 24, 19, 17, 18, 10];1998.0
[8, 11, 14, 15, 16, 1, 35, 32, 2, 3, 13, 0, 17, 18, 19, 33, 22, 28, 29, 26, 25, 24, 10, 9, 12, 7, 6, 30, 27, 23, 20, 21, 31, 4, 5, 34];1991.0
[22, 23, 26, 14, 15, 16, 28, 29, 31, 4, 5, 11, 13, 35, 2, 19, 10, 33, 17, 12, 7, 6, 32, 27, 30, 1, 3, 0, 25, 24, 20, 21, 34, 8, 9, 18];2394.0
[11, 12, 6, 35, 32, 23, 24, 20, 22, 21, 19, 33, 10, 9, 27, 28, 29, 31, 30, 26, 16, 14, 15, 34, 8, 13, 0, 1, 3, 2, 4, 7, 5, 25, 18, 17];2183.0
[4, 16, 15, 14, 11, 10, 33, 18, 20, 21, 22, 23, 24, 27, 31, 30, 25, 19, 17, 34, 8, 9, 35, 32, 2, 3, 13, 0, 26, 28, 29, 1, 12, 5, 7, 6];1965.0
[28, 30, 25, 24, 21, 20, 22, 23, 19, 10, 33, 18, 17, 1, 35, 2, 3, 13, 12, 34, 8, 7, 6, 29, 31, 32, 4, 5, 9, 11, 14, 15, 16, 0, 26, 27];1934.0
[8, 13, 0, 27, 28, 29, 22, 23, 21, 33, 18, 19, 20, 30, 14, 15, 1, 2, 4, 6, 32, 31, 35, 3, 16, 26, 25, 24, 17, 10, 9, 11, 12, 7, 5, 34];1942.0
[3, 0, 1, 32, 35, 26, 25, 19, 34, 8, 9, 18, 17, 10, 33, 12, 7, 5, 6, 4, 20, 21, 22, 23, 24, 27, 30, 13, 11, 15, 14, 16, 28, 29, 31, 2];2177.0
[7, 6, 3, 20, 21, 33, 10, 9, 11, 13, 0, 16, 14, 15, 26, 1, 2, 4, 5, 34, 8, 27, 31, 35, 32, 30, 25, 17, 18, 19, 28, 29, 22, 23, 24, 12];2110.0
[1, 3, 0, 25, 20, 23, 27, 30, 31, 2, 4, 7, 5, 11, 14, 15, 16, 33, 18, 19, 17, 10, 34, 9, 8, 12, 6, 32, 35, 13, 24, 21, 22, 28, 29, 26];2118.0
[17, 0, 1, 3, 35, 2, 4, 23, 25, 24, 22, 28, 31, 32, 30, 27, 29, 26, 16, 15, 14, 13, 11, 12, 7, 5, 6, 34, 8, 9, 10, 33, 20, 21, 19, 18];1977.0
[18, 19, 20, 21, 33, 10, 9, 12, 5, 11, 14, 16, 15, 2, 3, 26, 25, 22, 28, 29, 27, 31, 4, 7, 6, 34, 8, 13, 0, 1, 35, 32, 30, 23, 24, 17];1909.0
[16, 25, 24, 18, 19, 33, 20, 21, 23, 27, 22, 28, 29, 31, 32, 35, 12, 6, 30, 17, 10, 9, 8, 5, 7, 4, 2, 3, 0, 11, 34, 13, 1, 26, 15, 14];2116.0
[24, 27, 31, 32, 35, 2, 3, 17, 10, 12, 5, 34, 8, 9, 13, 16, 15, 14, 11, 7, 6, 4, 30, 23, 20, 21, 33, 18, 19, 22, 28, 29, 0, 1, 26, 25];1977.0
[18, 20, 21, 23, 24, 11, 13, 12, 5, 0, 26, 1, 32, 4, 30, 19, 17, 6, 7, 14, 15, 16, 25, 22, 28, 29, 27, 31, 35, 2, 3, 34, 8, 9, 10, 33];2250.0
[20, 21, 19, 18, 10, 33, 34, 8, 9, 11, 35, 32, 31, 4, 5, 7, 14, 15, 12, 6, 30, 27, 28, 29, 26, 25, 24, 17, 13, 0, 1, 2, 3, 16, 22, 23];2190.0
[9, 12, 5, 7, 6, 2, 4, 32, 23, 21, 33, 18, 19, 20, 22, 28, 29, 34, 8, 11, 13, 15, 14, 16, 1, 30, 26, 25, 24, 27, 31, 35, 3, 0, 17, 10];1910.0
[31, 26, 16, 0, 1, 3, 12, 5, 13, 25, 24, 19, 33, 18, 7, 6, 35, 32, 30, 17, 11, 15, 14, 2, 4, 34, 8, 9, 10, 21, 22, 28, 29, 27, 20, 23];2285.0
[1, 35, 32, 29, 31, 2, 4, 5, 7, 6, 3, 26, 25, 24, 27, 28, 22, 23, 30, 16, 15, 14, 18, 17, 10, 33, 20, 21, 19, 34, 8, 9, 12, 11, 13, 0];1940.0
[33, 18, 20, 23, 13, 0, 26, 25, 24, 17, 12, 5, 1, 2, 3, 32, 30, 27, 22, 21, 19, 34, 11, 15, 14, 16, 28, 29, 31, 35, 4, 7, 6, 8, 9, 10];2207.0
[1, 30, 28, 29, 31, 35, 32, 4, 2, 3, 26, 27, 21, 33, 18, 19, 20, 22, 23, 24, 17, 12, 6, 7, 5, 11, 14, 15, 16, 25, 10, 9, 34, 8, 13, 0];1871.0
[14, 15, 13, 11, 10, 9, 34, 8, 0, 24, 20, 21, 22, 28, 31, 32, 30, 29, 26, 1, 12, 5, 7, 6, 35, 2, 4, 3, 25, 17, 33, 18, 19, 23, 27, 16];2097.0
[16, 25, 19, 17, 10, 9, 12, 5, 6, 4, 7, 31, 35, 32, 30, 15, 11, 34, 8, 13, 24, 28, 29, 22, 23, 27, 26, 1, 2, 3, 0, 20, 21, 33, 18, 14];2192.0
[10, 33, 17, 34, 9, 13, 11, 14, 26, 25, 28, 29, 30, 15, 16, 0, 1, 2, 3, 12, 5, 8, 27, 22, 23, 31, 35, 4, 7, 6, 32, 24, 19, 18, 20, 21];2161.0
[17, 10, 33, 18, 12, 6, 7, 32, 30, 26, 1, 3, 35, 4, 2, 5, 34, 8, 9, 11, 14, 15, 16, 27, 28, 29, 31, 23, 20, 22, 21, 19, 13, 0, 25, 24];1983.0
[16, 15, 23, 20, 21, 22, 31, 35, 3, 0, 19, 33, 18, 17, 10, 1, 2, 4, 32, 30, 26, 25, 24, 27, 28, 29, 12, 6, 5, 7, 34, 9, 8, 13, 11, 14];2088.0
[27, 29, 30, 34, 8, 13, 11, 14, 15, 16, 26, 23, 21, 33, 19, 18, 10, 9, 0, 25, 24, 17, 12, 5, 6, 4, 7, 2, 3, 1, 20, 22, 28, 31, 35, 32];2144.0
[5, 7, 6, 31, 30, 23, 24, 17, 10, 33, 18, 20, 21, 19, 9, 34, 8, 13, 32, 4, 2, 0, 11, 14, 26, 25, 27, 28, 22, 29, 16, 15, 1, 35, 3, 12];2113.0
[31, 2, 3, 0, 1, 25, 24, 20, 21, 19, 34, 13, 11, 14, 16, 15, 26, 22, 23, 35, 4, 8, 9, 10, 33, 18, 17, 12, 7, 5, 6, 32, 30, 27, 28, 29];2056.0
[21, 33, 34, 8, 5, 11, 13, 1, 3, 12, 6, 7, 2, 4, 32, 29, 22, 28, 31, 35, 30, 14, 15, 16, 0, 26, 24, 25, 19, 18, 17, 10, 9, 27, 23, 20];2094.0
[11, 13, 0, 26, 24, 17, 10, 9, 12, 7, 6, 32, 30, 29, 27, 23, 20, 21, 22, 28, 31, 35, 4, 5, 25, 19, 33, 18, 34, 8, 1, 2, 3, 15, 16, 14];1975.0
[7, 8, 34, 1, 35, 3, 12, 18, 17, 10, 9, 11, 14, 15, 16, 32, 29, 30, 26, 25, 24, 27, 0, 13, 19, 33, 21, 20, 22, 23, 28, 31, 2, 4, 5, 6];2183.0
[8, 9, 10, 33, 18, 17, 11, 14, 15, 16, 13, 0, 26, 1, 3, 35, 2, 4, 5, 7, 6, 29, 28, 22, 23, 20, 27, 31, 32, 30, 25, 24, 19, 21, 12, 34];1915.0
[5, 6, 7, 3, 12, 8, 11, 14, 13, 0, 1, 35, 32, 26, 17, 34, 9, 10, 21, 33, 18, 19, 22, 28, 29, 30, 15, 16, 25, 20, 23, 24, 27, 31, 2, 4];2083.0
[22, 28, 29, 1, 3, 32, 30, 23, 25, 24, 20, 21, 12, 6, 7, 11, 13, 0, 14, 16, 15, 27, 31, 35, 2, 4, 5, 34, 8, 9, 26, 17, 10, 33, 18, 19];2020.0
[35, 2, 4, 32, 30, 1, 3, 34, 8, 25, 24, 20, 21, 12, 5, 6, 7, 10, 33, 18, 19, 17, 9, 0, 16, 15, 14, 11, 13, 26, 27, 23, 22, 29, 28, 31];2113.0
[2, 3, 0, 13, 8, 9, 11, 15, 14, 16, 24, 19, 26, 1, 12, 7, 4, 32, 25, 20, 22, 28, 29, 30, 31, 27, 23, 21, 18, 17, 10, 33, 34, 5, 6, 35];2218.0
[9, 0, 13, 35, 32, 30, 26, 25, 24, 20, 21, 33, 34, 12, 6, 7, 5, 8, 11, 14, 15, 16, 1, 2, 3, 4, 29, 28, 22, 27, 31, 23, 19, 18, 17, 10];2079.0
[19, 33, 18, 20, 22, 21, 23, 27, 28, 31, 35, 4, 7, 5, 6, 32, 2, 3, 15, 16, 29, 30, 1, 0, 26, 24, 17, 10, 8, 9, 13, 14, 11, 12, 34, 25];2152.0
[17, 18, 13, 14, 15, 16, 1, 4, 32, 30, 27, 23, 24, 20, 21, 22, 28, 29, 26, 25, 31, 35, 2, 3, 0, 11, 10, 33, 12, 5, 6, 7, 34, 8, 9, 19];1949.0
[32, 30, 26, 25, 22, 24, 27, 4, 5, 7, 14, 11, 34, 8, 9, 13, 12, 6, 2, 16, 15, 10, 33, 17, 18, 19, 21, 20, 23, 1, 3, 0, 28, 29, 31, 35];2207.0
[24, 17, 18, 19, 22, 23, 20, 21, 33, 10, 12, 5, 6, 7, 11, 13, 15, 14, 16, 28, 29, 30, 1, 35, 32, 4, 34, 8, 9, 0, 27, 31, 2, 3, 26, 25];1938.0
[27, 29, 31, 32, 35, 2, 4, 7, 5, 6, 3, 15, 14, 11, 34, 9, 10, 33, 20, 21, 28, 22, 24, 17, 18, 19, 23, 30, 1, 12, 8, 13, 0, 26, 16, 25];2113.0
[7, 6, 2, 3, 13, 10, 33, 18, 11, 14, 15, 16, 25, 24, 19, 17, 12, 5, 0, 20, 21, 22, 23, 27, 28, 29, 34, 8, 9, 1, 32, 31, 30, 26, 35, 4];2152.0
[13, 0, 16, 26, 14, 15, 11, 10, 33, 18, 1, 3, 12, 5, 6, 7, 32, 27, 31, 34, 8, 9, 35, 4, 2, 20, 21, 22, 28, 29, 30, 23, 25, 24, 19, 17];2191.0
[4, 8, 34, 11, 14, 15, 16, 25, 31, 30, 27, 28, 29, 22, 23, 24, 21, 20, 33, 18, 19, 17, 10, 9, 26, 1, 2, 3, 13, 0, 12, 5, 7, 6, 32, 35];1875.0
[27, 24, 17, 12, 7, 6, 32, 30, 23, 21, 33, 19, 18, 10, 8, 9, 1, 35, 2, 4, 5, 26, 25, 20, 22, 28, 29, 31, 3, 0, 16, 13, 34, 11, 14, 15];2158.0
[18, 17, 10, 9, 12, 6, 32, 4, 34, 8, 5, 7, 2, 3, 0, 24, 19, 33, 22, 28, 29, 31, 35, 16, 15, 14, 11, 13, 20, 21, 23, 27, 30, 26, 1, 25];2081.0
[11, 12, 34, 9, 8, 5, 6, 7, 32, 4, 3, 26, 33, 18, 17, 10, 13, 0, 1, 30, 27, 22, 23, 20, 25, 24, 19, 21, 28, 29, 31, 35, 2, 16, 15, 14];2004.0
[11, 14, 15, 26, 25, 24, 19, 20, 21, 22, 23, 30, 1, 12, 5, 7, 6, 32, 27, 28, 29, 31, 35, 2, 4, 3, 0, 16, 13, 34, 9, 8, 10, 33, 18, 17];1809.0
[24, 19, 33, 20, 21, 22, 28, 29, 31, 30, 25, 18, 17, 12, 6, 2, 3, 0, 16, 15, 14, 11, 13, 10, 9, 1, 32, 35, 4, 34, 8, 7, 5, 26, 27, 23];2092.0
[28, 29, 30, 27, 31, 35, 12, 5, 6, 7, 34, 8, 9, 13, 11, 14, 15, 16, 0, 1, 3, 26, 19, 33, 18, 17, 10, 25, 24, 2, 4, 32, 23, 20, 21, 22];1918.0
[20, 21, 10, 33, 18, 11, 14, 15, 26, 25, 27, 28, 29, 31, 6, 7, 5, 13, 12, 34, 8, 9, 16, 0, 1, 35, 32, 4, 2, 3, 30, 24, 17, 19, 22, 23];2051.0
[25, 24, 28, 29, 30, 26, 3, 12, 6, 2, 10, 33, 18, 20, 22, 21, 23, 27, 31, 35, 32, 19, 17, 34, 8, 1, 4, 5, 7, 9, 11, 13, 0, 16, 14, 15];2177.0
[26, 16, 1, 3, 28, 29, 30, 27, 20, 21, 22, 23, 25, 24, 17, 6, 7, 32, 31, 35, 2, 4, 5, 12, 18, 19, 33, 10, 9, 8, 34, 11, 14, 15, 13, 0];2123.0
[20, 21, 22, 33, 18, 10, 9, 0, 13, 1, 25, 24, 17, 11, 15, 14, 16, 26, 28, 29, 31, 30, 27, 23, 19, 12, 7, 6, 32, 35, 4, 2, 3, 34, 8, 5];2185.0
[4, 32, 30, 12, 34, 8, 9, 26, 25, 20, 21, 22, 28, 29, 27, 24, 19, 17, 11, 15, 14, 16, 1, 35, 2, 3, 0, 13, 10, 33, 18, 23, 31, 5, 7, 6];2022.0
[0, 26, 25, 21, 22, 28, 29, 12, 5, 6, 7, 4, 14, 15, 16, 1, 3, 13, 11, 10, 33, 18, 17, 34, 8, 9, 19, 20, 23, 24, 30, 27, 31, 35, 32, 2];2014.0
[19, 17, 10, 33, 18, 34, 8, 9, 12, 6, 32, 25, 20, 21, 23, 22, 28, 29, 26, 1, 3, 0, 16, 14, 15, 27, 30, 31, 35, 2, 4, 7, 5, 11, 13, 24];1966.0
[25, 23, 24, 17, 10, 33, 18, 20, 22, 21, 19, 9, 35, 32, 4, 5, 34, 8, 12, 7, 6, 29, 30, 15, 14, 16, 1, 27, 28, 31, 2, 3, 0, 13, 11, 26];2120.0
[14, 15, 13, 12, 5, 1, 3, 0, 11, 10, 33, 18, 23, 24, 27, 35, 4, 7, 6, 2, 25, 20, 21, 19, 17, 34, 8, 9, 26, 22, 28, 29, 31, 32, 30, 16];2148.0
[8, 11, 12, 5, 6, 7, 2, 4, 32, 22, 21, 33, 18, 25, 24, 19, 17, 10, 20, 23, 31, 30, 27, 28, 29, 26, 1, 35, 3, 16, 15, 14, 13, 0, 34, 9];2027.0
[8, 5, 6, 7, 10, 33, 17, 1, 35, 2, 3, 13, 11, 14, 15, 16, 26, 25, 24, 27, 23, 20, 21, 22, 28, 29, 31, 32, 4, 30, 0, 12, 9, 18, 19, 34];2039.0
[0, 25, 19, 18, 34, 12, 5, 6, 7, 8, 9, 26, 27, 20, 23, 24, 17, 10, 33, 21, 22, 28, 29, 30, 15, 16, 14, 11, 13, 1, 35, 2, 4, 32, 31, 3];1977.0
[35, 32, 4, 3, 0, 26, 25, 20, 24, 18, 19, 23, 31, 2, 5, 34, 9, 17, 10, 33, 21, 22, 28, 29, 27, 30, 13, 12, 6, 7, 8, 11, 15, 14, 16, 1];2117.0
[4, 32, 30, 27, 23, 21, 33, 18, 17, 10, 9, 14, 13, 0, 26, 20, 22, 28, 31, 29, 25, 24, 19, 12, 34, 8, 6, 7, 5, 11, 15, 16, 1, 35, 2, 3];2032.0
[11, 33, 21, 22, 28, 29, 30, 19, 18, 17, 10, 9, 12, 5, 34, 8, 6, 7, 4, 32, 2, 16, 15, 14, 0, 25, 20, 23, 24, 27, 31, 26, 1, 35, 3, 13];2050.0
[2, 0, 26, 25, 24, 18, 19, 17, 9, 10, 33, 21, 22, 28, 29, 1, 3, 16, 15, 14, 11, 12, 5, 6, 7, 32, 27, 30, 13, 34, 8, 23, 20, 31, 35, 4];2146.0
[33, 10, 9, 11, 14, 15, 16, 35, 32, 31, 2, 4, 7, 6, 29, 30, 1, 3, 34, 8, 12, 5, 13, 0, 26, 25, 20, 27, 28, 22, 23, 24, 17, 18, 19, 21];1965.0
[27, 28, 22, 21, 20, 26, 16, 14, 15, 0, 1, 35, 4, 2, 3, 25, 24, 17, 18, 10, 33, 19, 23, 31, 13, 11, 34, 9, 8, 12, 5, 7, 6, 32, 29, 30];2009.0
[26, 25, 19, 20, 21, 17, 34, 13, 1, 35, 32, 2, 4, 30, 27, 22, 28, 29, 31, 3, 0, 16, 14, 15, 11, 12, 5, 6, 7, 8, 9, 10, 33, 18, 23, 24];2002.0
[30, 23, 20, 22, 10, 9, 11, 18, 19, 12, 34, 8, 25, 24, 21, 33, 17, 5, 7, 6, 4, 2, 3, 26, 28, 29, 0, 13, 14, 15, 16, 1, 27, 31, 35, 32];2254.0
[27, 31, 7, 6, 2, 3, 0, 25, 24, 19, 17, 10, 21, 33, 18, 12, 11, 15, 14, 16, 1, 4, 5, 34, 8, 9, 13, 26, 28, 29, 35, 32, 30, 20, 22, 23];2078.0
[25, 20, 21, 33, 10, 9, 11, 14, 15, 16, 27, 28, 29, 30, 22, 23, 24, 19, 17, 18, 0, 13, 34, 8, 4, 2, 3, 12, 5, 7, 6, 31, 35, 32, 26, 1];2025.0
[3, 12, 34, 8, 13, 11, 14, 15, 25, 20, 21, 33, 5, 7, 6, 30, 29, 31, 35, 32, 2, 4, 16, 26, 27, 28, 22, 23, 24, 19, 18, 17, 10, 9, 0, 1];2036.0
[2, 4, 3, 12, 8, 10, 22, 23, 20, 21, 33, 17, 11, 14, 15, 16, 0, 26, 25, 24, 19, 18, 28, 29, 30, 27, 31, 35, 32, 5, 6, 7, 34, 9, 13, 1];2039.0
[28, 29, 30, 31, 35, 3, 16, 1, 2, 0, 15, 14, 10, 33, 21, 20, 22, 23, 27, 25, 24, 19, 18, 17, 34, 8, 9, 11, 12, 6, 32, 4, 5, 7, 13, 26];1987.0
[35, 2, 3, 16, 15, 26, 25, 17, 10, 33, 18, 0, 4, 5, 6, 7, 31, 28, 29, 30, 27, 22, 23, 24, 20, 21, 19, 11, 14, 13, 12, 8, 34, 9, 1, 32];2108.0
[34, 8, 9, 11, 12, 5, 6, 7, 13, 0, 20, 21, 22, 28, 29, 30, 14, 15, 16, 26, 25, 24, 27, 31, 2, 1, 3, 35, 32, 4, 23, 19, 10, 33, 18, 17];1932.0
[1, 2, 3, 35, 32, 29, 31, 4, 5, 6, 7, 30, 27, 28, 22, 21, 33, 11, 13, 15, 14, 16, 25, 18, 19, 17, 10, 9, 12, 34, 8, 0, 24, 20, 23, 26];2116.0
[12, 6, 7, 17, 18, 22, 29, 30, 27, 26, 1, 3, 35, 32, 23, 20, 21, 28, 31, 2, 4, 5, 14, 15, 16, 25, 24, 19, 33, 10, 9, 0, 13, 34, 8, 11];2182.0
[18, 19, 20, 23, 1, 35, 2, 4, 3, 25, 24, 21, 22, 27, 28, 31, 32, 29, 30, 26, 0, 13, 12, 6, 7, 5, 34, 8, 9, 11, 14, 15, 16, 17, 10, 33];1865.0
[2, 3, 25, 24, 20, 23, 27, 31, 35, 12, 34, 9, 8, 1, 32, 4, 6, 7, 5, 14, 15, 16, 21, 22, 28, 29, 30, 26, 19, 17, 11, 13, 10, 33, 18, 0];2216.0
[22, 23, 24, 31, 35, 1, 2, 3, 14, 16, 15, 26, 28, 29, 19, 18, 20, 21, 33, 5, 7, 6, 4, 32, 27, 30, 12, 34, 8, 25, 17, 10, 9, 11, 13, 0];2372.0
[12, 7, 5, 13, 25, 27, 30, 31, 2, 3, 0, 26, 1, 35, 32, 23, 24, 17, 10, 6, 4, 20, 21, 33, 18, 19, 22, 28, 29, 16, 14, 15, 34, 8, 9, 11];2195.0
[33, 18, 34, 8, 9, 0, 25, 31, 5, 6, 32, 27, 22, 28, 29, 26, 13, 11, 12, 7, 4, 2, 3, 16, 14, 15, 1, 35, 30, 21, 20, 23, 24, 19, 17, 10];2128.0
[34, 9, 13, 11, 14, 15, 16, 25, 18, 19, 21, 22, 28, 29, 30, 26, 12, 5, 6, 7, 10, 33, 17, 0, 1, 35, 32, 2, 3, 24, 20, 23, 27, 31, 4, 8];2050.0
[32, 4, 5, 34, 8, 11, 14, 16, 15, 0, 27, 28, 22, 23, 31, 2, 3, 12, 13, 20, 21, 33, 18, 10, 9, 1, 35, 29, 30, 26, 25, 24, 19, 17, 7, 6];2103.0
[5, 6, 7, 11, 18, 10, 33, 19, 21, 20, 23, 27, 22, 28, 29, 31, 35, 2, 3, 0, 34, 8, 9, 13, 1, 4, 32, 30, 26, 16, 14, 15, 25, 24, 17, 12];1875.0
[33, 18, 19, 22, 28, 31, 35, 4, 7, 5, 8, 1, 25, 24, 27, 29, 30, 26, 16, 14, 15, 11, 12, 6, 32, 2, 3, 0, 34, 9, 10, 17, 13, 23, 20, 21];2097.0
[8, 34, 9, 13, 28, 29, 22, 27, 31, 30, 26, 25, 24, 21, 20, 23, 16, 14, 15, 10, 33, 19, 18, 17, 0, 1, 35, 2, 32, 4, 7, 6, 3, 11, 12, 5];2137.0
[26, 27, 22, 28, 29, 1, 3, 12, 6, 7, 5, 10, 33, 20, 21, 17, 34, 8, 9, 13, 0, 32, 30, 25, 24, 18, 19, 23, 31, 35, 4, 2, 11, 14, 16, 15];2126.0
[25, 24, 10, 9, 27, 20, 22, 21, 33, 18, 19, 23, 17, 34, 8, 13, 12, 5, 6, 7, 11, 14, 15, 16, 1, 4, 32, 30, 28, 29, 31, 35, 2, 3, 0, 26];1932.0
[34, 7, 6, 32, 4, 2, 3, 0, 13, 15, 14, 16, 31, 35, 27, 28, 29, 30, 23, 19, 18, 17, 12, 5, 8, 11, 10, 9, 26, 1, 25, 24, 20, 22, 21, 33];2137.0
[34, 9, 11, 10, 33, 18, 17, 19, 27, 30, 26, 1, 13, 0, 16, 14, 15, 25, 28, 29, 22, 21, 20, 23, 24, 31, 35, 2, 3, 32, 4, 5, 6, 7, 12, 8];1992.0
[1, 3, 12, 34, 8, 11, 18, 17, 10, 9, 13, 26, 23, 27, 32, 4, 6, 7, 5, 14, 16, 15, 25, 24, 19, 33, 21, 20, 22, 28, 30, 29, 31, 35, 2, 0];2051.0
[22, 28, 29, 14, 11, 12, 34, 13, 24, 17, 10, 9, 8, 5, 7, 6, 4, 3, 16, 15, 1, 32, 27, 30, 31, 35, 2, 0, 26, 25, 23, 20, 21, 19, 33, 18];2069.0
[32, 30, 20, 22, 23, 21, 18, 7, 6, 4, 28, 29, 16, 14, 15, 11, 12, 5, 1, 2, 3, 19, 17, 10, 33, 34, 8, 9, 13, 0, 26, 25, 24, 27, 31, 35];2200.0
[26, 25, 17, 12, 6, 7, 32, 4, 2, 5, 34, 8, 9, 11, 14, 10, 33, 18, 19, 21, 22, 24, 20, 23, 27, 30, 15, 16, 1, 28, 29, 31, 35, 3, 13, 0];2016.0
[27, 28, 22, 18, 19, 17, 10, 9, 8, 7, 6, 23, 20, 21, 33, 11, 15, 14, 16, 13, 12, 5, 34, 26, 25, 24, 29, 31, 35, 4, 2, 3, 0, 1, 32, 30];2098.0
[28, 31, 2, 3, 35, 32, 26, 25, 24, 20, 22, 21, 33, 18, 19, 23, 27, 30, 16, 15, 14, 11, 34, 9, 17, 10, 12, 5, 8, 0, 13, 1, 4, 6, 7, 29];2140.0
[6, 7, 5, 8, 34, 11, 15, 14, 16, 0, 1, 35, 2, 4, 32, 30, 27, 22, 28, 29, 31, 3, 26, 25, 24, 33, 18, 19, 20, 21, 23, 17, 10, 9, 13, 12];1773.0
[17, 11, 1, 3, 0, 16, 25, 20, 21, 18, 34, 8, 9, 13, 27, 30, 14, 15, 10, 33, 22, 23, 12, 5, 7, 6, 29, 28, 31, 35, 2, 4, 32, 26, 24, 19];2279.0
[11, 13, 34, 8, 12, 5, 7, 6, 4, 0, 16, 15, 14, 10, 9, 26, 25, 20, 21, 23, 27, 30, 22, 28, 29, 31, 32, 35, 2, 3, 1, 24, 33, 18, 19, 17];1955.0
[8, 11, 14, 16, 15, 0, 1, 3, 2, 12, 7, 5, 6, 20, 22, 23, 10, 9, 13, 26, 28, 29, 27, 31, 35, 32, 4, 30, 25, 24, 21, 33, 19, 18, 17, 34];2127.0
[12, 7, 6, 4, 5, 10, 33, 20, 23, 29, 31, 30, 15, 14, 27, 28, 22, 21, 18, 17, 34, 8, 9, 13, 1, 3, 0, 26, 25, 24, 19, 11, 16, 35, 32, 2];2163.0
[14, 15, 25, 19, 18, 17, 10, 33, 2, 4, 34, 8, 9, 12, 13, 0, 1, 3, 16, 26, 30, 23, 24, 27, 29, 28, 22, 21, 20, 31, 35, 32, 6, 7, 5, 11];2167.0
[15, 14, 1, 35, 32, 31, 30, 27, 28, 29, 25, 24, 19, 20, 21, 18, 33, 17, 10, 9, 11, 12, 34, 8, 13, 4, 5, 7, 6, 2, 3, 0, 16, 26, 22, 23];2027.0
[27, 31, 1, 19, 33, 18, 17, 7, 6, 32, 35, 4, 2, 3, 0, 16, 15, 10, 9, 12, 5, 13, 14, 11, 34, 8, 26, 25, 24, 20, 21, 22, 23, 28, 29, 30];2044.0
[8, 6, 7, 24, 17, 10, 9, 35, 2, 4, 3, 0, 16, 15, 1, 26, 27, 29, 31, 32, 30, 25, 20, 23, 21, 19, 33, 18, 22, 28, 14, 11, 13, 12, 5, 34];2219.0
[20, 23, 27, 31, 35, 32, 4, 2, 5, 34, 8, 13, 11, 15, 14, 16, 26, 24, 17, 18, 10, 9, 12, 7, 6, 3, 0, 1, 30, 25, 19, 33, 21, 28, 29, 22];1994.0
[0, 1, 35, 32, 4, 6, 3, 13, 8, 11, 12, 5, 7, 25, 24, 22, 28, 29, 30, 26, 27, 23, 19, 18, 17, 34, 9, 10, 33, 21, 20, 31, 2, 15, 14, 16];2165.0
[27, 28, 31, 35, 2, 4, 32, 29, 30, 1, 3, 16, 26, 25, 24, 34, 8, 13, 0, 11, 12, 7, 5, 6, 22, 21, 18, 19, 17, 9, 10, 33, 20, 23, 15, 14];2257.0
[18, 19, 17, 14, 15, 1, 2, 4, 0, 26, 27, 29, 30, 13, 34, 8, 9, 11, 16, 25, 24, 20, 22, 28, 31, 35, 3, 12, 7, 5, 6, 32, 23, 21, 33, 10];2065.0
[15, 14, 11, 10, 20, 21, 22, 31, 35, 5, 7, 6, 30, 23, 27, 28, 29, 12, 34, 8, 9, 0, 16, 1, 2, 4, 32, 26, 3, 25, 24, 19, 33, 18, 17, 13];2154.0
[1, 35, 32, 4, 26, 25, 24, 28, 31, 2, 3, 0, 16, 15, 27, 30, 23, 20, 19, 17, 10, 9, 34, 8, 5, 13, 12, 7, 6, 29, 22, 21, 33, 18, 11, 14];2131.0
[17, 18, 10, 33, 20, 21, 22, 23, 27, 31, 12, 5, 34, 9, 8, 14, 15, 16, 26, 1, 2, 4, 7, 6, 3, 13, 11, 0, 35, 32, 30, 28, 29, 24, 25, 19];1999.0
[0, 1, 32, 4, 5, 6, 7, 11, 13, 26, 31, 35, 2, 3, 14, 16, 15, 25, 24, 30, 27, 23, 17, 18, 19, 21, 20, 22, 28, 29, 10, 33, 12, 34, 8, 9];2066.0
[27, 23, 20, 19, 17, 10, 8, 9, 11, 14, 15, 25, 24, 12, 6, 4, 5, 7, 34, 13, 26, 31, 2, 3, 1, 35, 32, 22, 21, 33, 18, 0, 16, 28, 29, 30];2267.0
[18, 17, 11, 15, 14, 16, 3, 0, 1, 2, 4, 7, 5, 34, 9, 8, 13, 26, 25, 24, 20, 23, 31, 35, 12, 6, 32, 30, 27, 29, 28, 22, 21, 19, 10, 33];1947.0
[11, 28, 29, 30, 31, 5, 7, 10, 33, 18, 34, 8, 9, 1, 3, 35, 32, 25, 24, 27, 23, 21, 19, 20, 22, 17, 12, 6, 4, 2, 0, 26, 15, 16, 14, 13];2314.0
[6, 32, 35, 30, 29, 26, 1, 3, 11, 14, 15, 16, 22, 23, 24, 19, 33, 18, 20, 21, 10, 9, 13, 0, 27, 28, 31, 2, 4, 5, 25, 17, 12, 34, 8, 7];2215.0
[12, 5, 6, 7, 32, 27, 22, 21, 19, 17, 1, 4, 2, 16, 15, 14, 0, 28, 29, 31, 35, 3, 13, 11, 10, 33, 18, 20, 23, 30, 26, 25, 24, 34, 8, 9];2087.0
[12, 34, 8, 0, 25, 21, 33, 18, 19, 17, 10, 9, 11, 14, 24, 20, 23, 22, 28, 29, 26, 15, 16, 1, 3, 32, 35, 4, 2, 5, 7, 6, 30, 27, 31, 13];2067.0
[32, 19, 18, 17, 10, 33, 21, 22, 28, 29, 1, 3, 0, 11, 14, 15, 16, 25, 24, 20, 23, 30, 12, 5, 6, 7, 34, 9, 8, 13, 26, 27, 31, 35, 2, 4];1941.0
[29, 28, 31, 35, 3, 1, 26, 27, 30, 16, 13, 0, 25, 19, 33, 21, 20, 22, 23, 24, 18, 17, 12, 7, 5, 34, 8, 14, 15, 11, 10, 9, 6, 2, 4, 32];2121.0
[14, 16, 26, 25, 19, 17, 13, 11, 10, 9, 12, 7, 5, 34, 8, 1, 4, 6, 32, 35, 2, 3, 0, 27, 23, 24, 20, 33, 18, 22, 21, 28, 29, 31, 30, 15];2098.0
[33, 18, 19, 21, 20, 22, 28, 29, 31, 12, 34, 8, 13, 11, 14, 15, 16, 27, 23, 17, 10, 9, 7, 6, 35, 32, 2, 4, 5, 0, 1, 3, 30, 26, 25, 24];2002.0
[22, 20, 21, 19, 33, 18, 23, 30, 26, 1, 2, 4, 7, 6, 3, 0, 17, 10, 8, 9, 12, 5, 34, 13, 11, 14, 16, 15, 25, 24, 27, 31, 35, 32, 29, 28];2019.0
[16, 0, 13, 26, 25, 24, 22, 28, 29, 30, 31, 2, 1, 3, 12, 34, 8, 9, 10, 17, 33, 18, 19, 20, 21, 23, 27, 35, 32, 4, 6, 7, 5, 11, 15, 14];1885.0
[24, 20, 21, 19, 33, 18, 17, 10, 9, 8, 34, 7, 5, 11, 13, 14, 12, 6, 29, 28, 31, 35, 32, 4, 2, 3, 0, 1, 26, 27, 22, 23, 30, 15, 16, 25];1976.0
[15, 14, 16, 1, 0, 26, 25, 24, 19, 17, 10, 33, 18, 21, 22, 28, 29, 27, 20, 23, 31, 30, 35, 32, 4, 2, 3, 12, 6, 5, 7, 34, 9, 8, 13, 11];1837.0
[5, 6, 7, 25, 24, 20, 21, 22, 31, 32, 35, 3, 26, 28, 29, 1, 2, 4, 30, 27, 23, 19, 17, 10, 9, 12, 34, 8, 11, 14, 16, 15, 13, 0, 33, 18];2230.0
[12, 5, 7, 6, 29, 22, 21, 33, 18, 17, 13, 16, 26, 28, 31, 35, 4, 2, 3, 24, 20, 23, 27, 14, 15, 10, 9, 0, 1, 32, 30, 25, 19, 34, 8, 11];2244.0
[26, 25, 24, 28, 29, 27, 31, 32, 30, 23, 20, 22, 21, 33, 12, 7, 5, 0, 19, 18, 17, 10, 9, 13, 11, 34, 8, 15, 14, 16, 3, 1, 35, 4, 6, 2];2183.0
[31, 4, 6, 7, 5, 12, 0, 25, 24, 20, 23, 30, 26, 1, 2, 3, 35, 32, 29, 28, 22, 21, 33, 17, 10, 9, 34, 8, 13, 14, 16, 15, 11, 18, 19, 27];2033.0
[21, 22, 23, 10, 33, 17, 14, 15, 11, 34, 9, 18, 19, 20, 27, 28, 29, 30, 26, 12, 7, 5, 8, 13, 0, 1, 2, 4, 6, 31, 32, 35, 3, 16, 25, 24];2138.0
[27, 23, 31, 30, 16, 15, 11, 14, 13, 0, 26, 1, 3, 25, 24, 10, 33, 17, 12, 7, 6, 2, 4, 5, 34, 8, 9, 35, 32, 29, 28, 22, 21, 18, 19, 20];1992.0
[6, 4, 32, 30, 28, 29, 22, 23, 21, 19, 33, 18, 5, 7, 34, 8, 25, 17, 10, 9, 13, 0, 26, 31, 35, 2, 24, 20, 27, 16, 15, 14, 1, 3, 11, 12];2259.0
[34, 8, 12, 13, 11, 10, 9, 14, 15, 16, 1, 2, 3, 0, 32, 30, 26, 25, 29, 27, 23, 24, 20, 21, 33, 18, 17, 19, 22, 28, 31, 35, 4, 6, 7, 5];1981.0
[17, 13, 25, 24, 22, 23, 30, 26, 0, 14, 15, 16, 27, 28, 29, 31, 12, 10, 9, 6, 7, 2, 3, 1, 35, 32, 4, 5, 8, 34, 11, 19, 33, 18, 20, 21];2325.0
[26, 20, 23, 24, 29, 30, 27, 16, 15, 17, 10, 33, 18, 6, 32, 2, 4, 7, 5, 34, 8, 9, 12, 11, 14, 1, 3, 25, 19, 21, 22, 28, 31, 35, 13, 0];2276.0
[25, 19, 33, 18, 17, 7, 6, 32, 4, 29, 31, 35, 2, 1, 3, 0, 28, 22, 21, 10, 9, 12, 5, 8, 34, 11, 13, 14, 16, 15, 24, 20, 23, 27, 30, 26];2109.0
[33, 12, 7, 5, 6, 32, 26, 1, 35, 2, 4, 3, 25, 19, 18, 10, 9, 14, 11, 15, 16, 27, 28, 29, 31, 30, 23, 24, 17, 34, 8, 13, 0, 20, 21, 22];2191.0
[28, 29, 30, 25, 24, 20, 21, 23, 1, 4, 5, 11, 14, 15, 19, 10, 33, 18, 17, 34, 8, 9, 12, 7, 6, 32, 31, 35, 2, 3, 0, 13, 16, 26, 27, 22];1936.0
[12, 7, 5, 6, 32, 21, 33, 18, 17, 10, 9, 13, 25, 24, 27, 23, 31, 30, 26, 1, 3, 35, 2, 4, 34, 8, 11, 14, 16, 15, 0, 19, 20, 22, 28, 29];2039.0
[30, 26, 1, 2, 3, 16, 31, 35, 32, 22, 21, 33, 18, 12, 5, 11, 25, 24, 19, 17, 10, 20, 23, 27, 0, 13, 4, 6, 7, 34, 8, 9, 14, 15, 28, 29];2282.0
[22, 28, 31, 35, 32, 27, 29, 30, 1, 3, 15, 14, 16, 26, 25, 19, 34, 8, 0, 20, 23, 24, 18, 17, 11, 13, 12, 7, 6, 2, 4, 5, 9, 10, 33, 21];2101.0
[32, 27, 30, 1, 2, 3, 0, 20, 21, 22, 28, 29, 23, 18, 19, 33, 17, 10, 9, 12, 6, 4, 5, 7, 34, 8, 11, 14, 15, 16, 13, 26, 25, 24, 31, 35];1944.0
[17, 10, 9, 8, 11, 14, 15, 16, 0, 28, 29, 31, 32, 35, 2, 4, 5, 34, 25, 24, 20, 21, 33, 19, 18, 13, 1, 3, 12, 7, 6, 30, 26, 27, 22, 23];2032.0
[1, 35, 3, 0, 12, 6, 2, 4, 31, 32, 26, 11, 10, 33, 18, 19, 20, 23, 21, 25, 24, 17, 9, 13, 8, 34, 5, 7, 29, 30, 27, 22, 28, 14, 15, 16];2305.0
[33, 10, 9, 12, 6, 7, 5, 13, 35, 32, 3, 0, 26, 24, 22, 28, 29, 31, 16, 15, 14, 11, 1, 2, 4, 30, 27, 23, 20, 21, 18, 17, 34, 8, 25, 19];2082.0
[3, 26, 25, 27, 30, 31, 4, 7, 5, 34, 9, 8, 11, 13, 0, 16, 14, 15, 10, 17, 1, 35, 32, 24, 19, 20, 22, 28, 29, 23, 21, 33, 18, 12, 6, 2];2197.0
[35, 2, 4, 32, 30, 27, 22, 28, 29, 31, 7, 6, 3, 26, 23, 20, 21, 33, 18, 0, 13, 14, 16, 15, 11, 12, 5, 25, 24, 19, 17, 10, 9, 34, 8, 1];2002.0
[20, 22, 21, 9, 12, 5, 34, 8, 25, 24, 19, 18, 17, 13, 28, 29, 31, 32, 35, 30, 26, 0, 16, 15, 14, 1, 2, 3, 11, 10, 33, 7, 6, 4, 27, 23];2312.0
[27, 23, 20, 21, 19, 18, 34, 8, 9, 10, 33, 22, 24, 17, 1, 3, 12, 5, 6, 7, 32, 28, 29, 31, 35, 30, 15, 14, 16, 4, 2, 11, 13, 0, 26, 25];2164.0
[11, 12, 5, 8, 34, 25, 19, 17, 0, 27, 28, 29, 30, 23, 20, 21, 22, 33, 18, 10, 9, 13, 1, 26, 24, 31, 35, 4, 7, 6, 32, 2, 3, 16, 15, 14];2063.0
[2, 26, 25, 24, 30, 16, 15, 14, 18, 17, 12, 5, 8, 34, 27, 28, 22, 20, 21, 23, 19, 33, 10, 9, 11, 13, 0, 3, 1, 35, 29, 31, 4, 7, 6, 32];2277.0
[28, 31, 35, 3, 2, 0, 17, 10, 9, 13, 1, 29, 30, 12, 7, 6, 32, 4, 5, 34, 8, 11, 19, 33, 18, 20, 23, 27, 15, 14, 16, 26, 25, 24, 21, 22];2201.0
[0, 26, 24, 27, 23, 34, 9, 8, 11, 10, 33, 18, 17, 13, 12, 5, 7, 6, 2, 4, 32, 30, 14, 15, 16, 25, 19, 20, 21, 22, 28, 29, 31, 1, 35, 3];1960.0
[29, 30, 27, 28, 31, 32, 35, 3, 11, 15, 14, 16, 25, 24, 22, 23, 20, 21, 19, 17, 10, 33, 18, 34, 12, 7, 5, 8, 9, 13, 0, 26, 1, 2, 4, 6];1909.0
[3, 0, 2, 4, 5, 6, 7, 12, 11, 13, 14, 15, 16, 20, 21, 19, 17, 34, 8, 9, 10, 33, 18, 22, 23, 25, 24, 27, 28, 29, 31, 35, 32, 30, 26, 1];1870.0
[24, 27, 30, 14, 11, 12, 5, 13, 1, 2, 3, 8, 9, 18, 17, 34, 7, 6, 4, 32, 31, 35, 0, 16, 15, 25, 21, 22, 28, 29, 26, 19, 10, 33, 20, 23];2212.0
[9, 18, 23, 24, 21, 19, 10, 33, 20, 31, 2, 3, 0, 25, 17, 13, 1, 35, 32, 4, 5, 8, 12, 7, 6, 27, 22, 28, 29, 30, 26, 15, 16, 14, 11, 34];2230.0
[25, 24, 26, 15, 16, 14, 11, 10, 17, 33, 18, 19, 20, 21, 22, 23, 27, 31, 32, 30, 28, 29, 13, 12, 8, 9, 0, 1, 35, 3, 2, 4, 6, 7, 5, 34];2091.0
[22, 23, 31, 35, 2, 4, 26, 25, 21, 33, 18, 17, 11, 14, 15, 16, 10, 9, 12, 34, 8, 5, 7, 6, 32, 27, 28, 29, 30, 1, 3, 0, 13, 24, 19, 20];1929.0
[14, 15, 16, 28, 29, 31, 35, 2, 3, 25, 24, 30, 0, 26, 27, 23, 20, 22, 21, 19, 18, 17, 10, 33, 12, 34, 8, 9, 13, 1, 32, 4, 5, 6, 7, 11];1938.0
[33, 21, 22, 27, 28, 29, 26, 25, 19, 18, 34, 8, 9, 13, 0, 24, 20, 23, 31, 2, 4, 3, 16, 11, 12, 6, 7, 5, 14, 15, 1, 35, 32, 30, 17, 10];2047.0
[8, 9, 11, 1, 32, 35, 4, 2, 3, 0, 13, 16, 15, 14, 10, 33, 18, 19, 17, 34, 25, 24, 20, 21, 23, 27, 30, 22, 28, 29, 26, 31, 12, 6, 7, 5];2036.0
[6, 7, 34, 8, 2, 4, 32, 30, 23, 20, 21, 10, 9, 11, 13, 1, 3, 0, 27, 31, 35, 24, 19, 33, 18, 22, 28, 29, 16, 15, 14, 26, 25, 17, 12, 5];2138.0
[2, 4, 34, 8, 9, 14, 15, 31, 30, 26, 1, 3, 16, 27, 29, 28, 22, 23, 24, 19, 17, 11, 12, 5, 6, 7, 25, 20, 21, 10, 33, 18, 13, 0, 35, 32];2172.0
[17, 11, 14, 15, 34, 9, 8, 10, 33, 18, 13, 0, 16, 1, 12, 5, 7, 6, 31, 35, 3, 2, 4, 32, 29, 30, 26, 25, 24, 27, 28, 22, 23, 20, 21, 19];1939.0
[24, 17, 18, 19, 21, 33, 10, 9, 1, 3, 13, 12, 7, 6, 29, 31, 2, 4, 5, 11, 27, 28, 30, 26, 16, 15, 14, 35, 32, 23, 20, 22, 34, 8, 0, 25];2246.0
[1, 25, 24, 17, 10, 9, 8, 7, 2, 3, 16, 0, 13, 34, 11, 14, 15, 26, 27, 23, 20, 21, 19, 12, 5, 6, 4, 30, 28, 29, 22, 33, 18, 31, 32, 35];2300.0
[29, 28, 22, 27, 30, 26, 24, 31, 35, 32, 16, 15, 14, 11, 25, 19, 21, 20, 23, 17, 34, 9, 8, 10, 33, 18, 1, 4, 2, 3, 0, 13, 12, 5, 7, 6];2173.0
[10, 9, 11, 0, 13, 26, 25, 24, 31, 35, 4, 32, 29, 30, 20, 21, 22, 28, 1, 5, 7, 34, 8, 15, 14, 16, 19, 33, 17, 18, 12, 6, 2, 3, 27, 23];2325.0
[14, 11, 12, 5, 1, 25, 24, 31, 2, 4, 3, 35, 32, 30, 27, 28, 22, 23, 10, 9, 7, 6, 29, 19, 33, 18, 20, 21, 17, 34, 8, 13, 0, 26, 15, 16];2235.0
[9, 12, 6, 7, 4, 35, 32, 23, 27, 30, 16, 15, 26, 25, 21, 33, 18, 19, 17, 10, 8, 5, 11, 14, 1, 2, 3, 0, 24, 20, 22, 28, 29, 31, 13, 34];2113.0
[10, 9, 5, 6, 7, 4, 32, 27, 23, 31, 35, 2, 1, 3, 13, 12, 34, 8, 11, 15, 14, 16, 0, 26, 25, 19, 18, 22, 28, 29, 30, 24, 20, 21, 33, 17];1910.0
[23, 27, 30, 31, 3, 26, 24, 17, 7, 6, 28, 29, 25, 10, 33, 19, 18, 11, 12, 5, 13, 14, 16, 15, 1, 35, 32, 2, 4, 34, 8, 9, 0, 20, 21, 22];2276.0
[15, 14, 26, 25, 27, 24, 19, 17, 10, 34, 9, 8, 7, 6, 4, 32, 2, 13, 11, 12, 5, 0, 1, 30, 28, 29, 22, 23, 20, 21, 33, 18, 31, 35, 3, 16];2096.0
[20, 22, 23, 24, 17, 10, 33, 21, 19, 18, 11, 0, 1, 3, 12, 9, 13, 27, 28, 29, 31, 32, 35, 2, 16, 15, 14, 34, 8, 5, 7, 6, 4, 30, 26, 25];1979.0
[14, 15, 16, 24, 17, 10, 33, 20, 23, 7, 6, 32, 30, 27, 29, 1, 3, 13, 12, 5, 34, 8, 9, 11, 26, 25, 21, 22, 28, 31, 35, 2, 4, 0, 19, 18];2249.0
[15, 1, 35, 2, 3, 0, 16, 28, 29, 22, 23, 24, 19, 10, 9, 26, 25, 27, 31, 4, 5, 7, 6, 32, 30, 21, 20, 33, 18, 17, 34, 8, 12, 11, 13, 14];2056.0
[25, 20, 21, 23, 27, 26, 24, 19, 17, 5, 7, 6, 32, 31, 35, 2, 4, 0, 13, 10, 33, 18, 22, 28, 29, 30, 1, 3, 12, 34, 8, 9, 11, 14, 15, 16];1948.0
[20, 33, 18, 17, 34, 8, 13, 0, 25, 24, 12, 5, 7, 6, 30, 19, 10, 9, 1, 3, 11, 15, 14, 16, 26, 28, 29, 22, 23, 27, 31, 35, 2, 4, 32, 21];2165.0
[8, 9, 11, 14, 15, 16, 1, 33, 18, 13, 27, 30, 26, 25, 24, 20, 23, 19, 17, 10, 21, 28, 22, 29, 31, 35, 32, 4, 2, 3, 0, 12, 34, 5, 6, 7];2082.0
[26, 1, 3, 0, 16, 15, 11, 14, 4, 32, 29, 28, 31, 35, 2, 12, 5, 6, 7, 30, 25, 24, 27, 23, 20, 21, 22, 33, 19, 18, 17, 10, 9, 8, 34, 13];1967.0
[19, 22, 27, 23, 31, 35, 2, 16, 14, 15, 11, 13, 1, 3, 32, 30, 25, 24, 17, 12, 7, 5, 6, 28, 29, 4, 34, 9, 8, 0, 26, 20, 21, 10, 33, 18];2222.0
[27, 23, 20, 21, 33, 10, 9, 12, 5, 6, 7, 11, 14, 15, 16, 1, 3, 2, 4, 34, 8, 13, 26, 19, 18, 17, 0, 35, 32, 30, 25, 24, 22, 28, 29, 31];1942.0
[0, 35, 2, 3, 16, 19, 33, 18, 22, 28, 29, 31, 30, 26, 25, 20, 21, 23, 27, 15, 14, 1, 4, 7, 5, 6, 32, 24, 17, 10, 9, 34, 8, 11, 12, 13];2129.0
[21, 19, 13, 14, 11, 18, 17, 12, 8, 5, 7, 6, 32, 2, 3, 1, 0, 26, 28, 29, 30, 15, 16, 25, 24, 23, 27, 31, 35, 4, 34, 9, 10, 33, 20, 22];2189.0
[7, 34, 8, 9, 13, 2, 4, 11, 10, 21, 28, 29, 31, 35, 32, 27, 23, 20, 22, 24, 19, 33, 18, 17, 0, 26, 25, 30, 14, 15, 16, 1, 3, 12, 5, 6];2031.0
[5, 6, 7, 17, 18, 19, 20, 23, 27, 29, 30, 0, 13, 12, 8, 34, 11, 26, 25, 24, 22, 28, 31, 35, 2, 3, 21, 33, 10, 9, 14, 15, 16, 1, 32, 4];2119.0
[24, 20, 21, 22, 33, 10, 9, 13, 0, 26, 25, 19, 18, 17, 35, 2, 3, 32, 30, 1, 12, 34, 8, 14, 11, 15, 16, 28, 31, 4, 5, 7, 6, 29, 27, 23];2208.0
[8, 7, 32, 35, 2, 0, 16, 14, 15, 11, 10, 33, 21, 29, 30, 27, 20, 23, 24, 25, 19, 17, 18, 22, 28, 31, 12, 5, 6, 4, 3, 1, 26, 13, 34, 9];2185.0
[20, 23, 21, 22, 28, 29, 4, 7, 5, 16, 15, 14, 11, 10, 9, 12, 6, 32, 30, 27, 31, 35, 2, 3, 33, 18, 19, 17, 0, 13, 34, 8, 26, 1, 25, 24];2133.0
[14, 11, 10, 33, 17, 13, 12, 6, 28, 29, 35, 32, 30, 18, 19, 20, 21, 22, 23, 27, 1, 3, 0, 16, 15, 26, 25, 24, 31, 2, 4, 7, 5, 34, 9, 8];2155.0
[33, 18, 15, 16, 27, 28, 22, 10, 9, 8, 34, 5, 11, 14, 12, 6, 7, 29, 30, 19, 17, 13, 1, 3, 26, 20, 23, 31, 35, 32, 4, 2, 0, 25, 24, 21];2392.0
[27, 22, 28, 29, 34, 8, 9, 11, 10, 33, 18, 20, 21, 23, 31, 30, 26, 19, 17, 14, 15, 16, 1, 35, 32, 4, 2, 3, 0, 12, 5, 6, 7, 13, 25, 24];2009.0
[3, 15, 16, 14, 10, 33, 18, 11, 12, 34, 8, 9, 13, 0, 26, 25, 24, 19, 17, 1, 35, 32, 30, 21, 20, 22, 23, 27, 28, 29, 31, 4, 7, 5, 6, 2];1915.0
[0, 26, 25, 28, 29, 27, 30, 1, 2, 7, 6, 32, 4, 5, 18, 19, 21, 33, 17, 10, 9, 14, 15, 24, 20, 22, 23, 31, 35, 3, 13, 12, 34, 8, 11, 16];2131.0
[6, 9, 10, 33, 27, 2, 3, 19, 18, 17, 11, 13, 14, 15, 16, 25, 24, 20, 23, 21, 22, 28, 31, 35, 4, 5, 34, 8, 1, 32, 29, 30, 26, 0, 12, 7];2203.0
[4, 5, 6, 7, 30, 19, 17, 18, 28, 29, 27, 22, 21, 33, 10, 9, 13, 12, 34, 8, 1, 2, 3, 0, 16, 11, 14, 15, 26, 25, 24, 20, 23, 31, 35, 32];2067.0
[0, 16, 20, 21, 19, 18, 5, 7, 6, 32, 28, 29, 31, 35, 2, 4, 3, 12, 34, 8, 9, 14, 15, 11, 10, 33, 22, 23, 27, 30, 1, 26, 25, 24, 17, 13];2057.0
[4, 5, 11, 14, 16, 1, 30, 26, 15, 10, 33, 20, 21, 22, 28, 29, 31, 35, 2, 3, 12, 7, 6, 8, 34, 9, 13, 0, 25, 24, 19, 17, 18, 23, 27, 32];1973.0
[2, 3, 12, 13, 0, 16, 15, 14, 11, 10, 9, 18, 17, 34, 8, 27, 29, 30, 31, 4, 5, 7, 6, 28, 22, 21, 33, 19, 20, 23, 25, 24, 26, 1, 32, 35];2171.0
[34, 8, 13, 0, 26, 27, 23, 22, 28, 29, 30, 1, 3, 35, 32, 25, 17, 10, 9, 24, 20, 21, 33, 18, 19, 31, 2, 12, 7, 6, 4, 5, 11, 14, 16, 15];2071.0
[22, 28, 29, 16, 15, 14, 12, 7, 6, 32, 4, 5, 8, 11, 13, 1, 3, 35, 2, 0, 26, 27, 31, 30, 23, 25, 24, 34, 9, 10, 33, 20, 21, 17, 18, 19];2058.0
[1, 3, 32, 4, 5, 34, 8, 9, 13, 16, 26, 25, 10, 33, 18, 19, 21, 20, 23, 24, 17, 11, 14, 15, 12, 6, 7, 29, 30, 27, 22, 28, 31, 35, 2, 0];1909.0
[27, 31, 4, 5, 7, 11, 14, 15, 12, 6, 32, 35, 1, 2, 3, 0, 34, 8, 13, 16, 28, 29, 30, 25, 19, 17, 10, 9, 26, 24, 20, 22, 23, 21, 33, 18];2183.0
[7, 5, 13, 14, 16, 15, 26, 25, 17, 18, 19, 24, 30, 27, 1, 3, 12, 34, 9, 8, 6, 35, 2, 0, 11, 10, 33, 20, 21, 22, 23, 28, 29, 31, 32, 4];2096.0
[20, 19, 17, 10, 8, 9, 11, 15, 14, 16, 23, 31, 35, 2, 4, 0, 1, 3, 12, 34, 5, 6, 7, 32, 29, 30, 27, 28, 22, 21, 33, 18, 13, 26, 25, 24];2059.0
