ftv33
[33, 4, 6, 5, 2, 3, 0, 13, 16, 25, 24, 26, 27, 28, 29, 22, 23, 19, 20, 21, 31, 18, 17, 10, 11, 8, 9, 32, 7, 12, 14, 15, 1, 30];1508.0;2352.633187772926;2184168.9017467247;233.0;3861.0;458.0
[19, 6, 2, 22, 11, 30, 17, 8, 29, 10, 4, 27, 24, 12, 13, 32, 21, 9, 25, 31, 0, 7, 23, 20, 33, 15, 18, 16, 26, 14, 3, 28, 5, 1];4756.0
[13, 14, 18, 32, 15, 30, 29, 28, 5, 1, 0, 6, 25, 23, 33, 27, 9, 24, 7, 31, 2, 22, 21, 16, 19, 11, 10, 4, 8, 26, 3, 12, 20, 17];4264.0
[25, 32, 31, 29, 30, 20, 21, 24, 22, 8, 26, 5, 0, 2, 1, 11, 23, 15, 12, 33, 16, 9, 27, 10, 17, 6, 3, 4, 13, 7, 28, 19, 14, 18];4626.0
[22, 19, 17, 10, 18, 20, 21, 31, 11, 8, 13, 1, 33, 2, 3, 0, 24, 23, 26, 27, 28, 25, 16, 15, 14, 12, 9, 32, 7, 6, 4, 5, 30, 29];1658.0
[11, 10, 6, 5, 30, 26, 22, 29, 25, 1, 2, 3, 0, 13, 16, 14, 15, 12, 18, 19, 21, 31, 20, 27, 28, 33, 4, 32, 7, 8, 9, 24, 23, 17];1854.0
[6, 18, 10, 21, 23, 3, 13, 22, 29, 24, 0, 26, 33, 31, 20, 32, 8, 16, 11, 28, 19, 7, 14, 27, 2, 30, 12, 25, 1, 4, 9, 15, 5, 17];4341.0
[8, 10, 11, 31, 18, 17, 12, 14, 13, 9, 4, 6, 5, 30, 29, 22, 26, 27, 28, 25, 0, 1, 33, 2, 3, 16, 15, 24, 23, 20, 21, 19, 32, 7];1592.0
[21, 18, 9, 32, 4, 5, 6, 30, 29, 27, 28, 13, 7, 8, 10, 11, 31, 17, 1, 33, 2, 3, 12, 14, 15, 16, 0, 25, 26, 22, 24, 23, 19, 20];1750.0
[9, 32, 7, 8, 12, 14, 15, 11, 31, 18, 10, 6, 4, 5, 22, 23, 20, 21, 26, 27, 28, 33, 30, 29, 25, 1, 2, 3, 13, 0, 16, 24, 19, 17];1840.0
[11, 31, 20, 22, 19, 18, 17, 10, 9, 1, 2, 4, 6, 5, 30, 24, 23, 21, 27, 28, 29, 26, 25, 33, 3, 0, 13, 32, 7, 8, 14, 16, 15, 12];1802.0
[9, 30, 17, 25, 5, 27, 0, 11, 14, 31, 7, 12, 23, 22, 29, 6, 1, 24, 32, 18, 10, 8, 3, 26, 4, 2, 15, 33, 13, 28, 19, 16, 21, 20];4545.0
[12, 32, 7, 9, 13, 0, 10, 18, 20, 21, 22, 26, 29, 1, 27, 28, 19, 31, 17, 11, 8, 4, 6, 5, 33, 30, 2, 3, 25, 24, 23, 16, 15, 14];1928.0
[11, 17, 13, 21, 31, 26, 1, 19, 4, 8, 12, 15, 24, 22, 0, 30, 5, 9, 16, 7, 3, 32, 23, 18, 2, 25, 29, 10, 6, 27, 20, 14, 28, 33];4154.0
[19, 22, 17, 24, 2, 20, 14, 6, 16, 1, 32, 31, 8, 3, 5, 29, 18, 27, 15, 30, 21, 9, 13, 26, 7, 28, 4, 10, 33, 11, 23, 12, 25, 0];4831.0
[24, 23, 32, 7, 8, 9, 12, 14, 15, 16, 26, 27, 28, 22, 21, 20, 19, 31, 17, 18, 11, 10, 4, 6, 5, 33, 30, 2, 3, 13, 0, 1, 29, 25];1721.0
[27, 28, 4, 5, 6, 14, 16, 15, 12, 11, 31, 18, 17, 10, 9, 32, 7, 8, 13, 23, 19, 21, 20, 22, 26, 33, 2, 3, 30, 29, 1, 0, 25, 24];1871.0
[29, 1, 31, 0, 22, 16, 14, 2, 7, 25, 27, 9, 26, 17, 10, 13, 3, 8, 28, 23, 15, 6, 30, 12, 4, 20, 33, 24, 19, 5, 32, 11, 21, 18];4361.0
[30, 2, 32, 7, 8, 9, 13, 12, 31, 18, 19, 17, 11, 10, 1, 3, 0, 23, 20, 21, 6, 4, 5, 26, 22, 25, 15, 14, 16, 24, 27, 28, 29, 33];2108.0
[4, 5, 6, 32, 7, 14, 15, 16, 24, 20, 27, 28, 26, 22, 19, 17, 10, 9, 12, 13, 2, 3, 0, 25, 23, 29, 1, 33, 30, 21, 31, 18, 11, 8];1915.0
[0, 16, 25, 1, 24, 19, 27, 28, 20, 21, 31, 18, 11, 8, 9, 12, 14, 15, 13, 10, 17, 32, 7, 4, 5, 6, 30, 29, 26, 22, 23, 33, 2, 3];1842.0
[0, 1, 3, 10, 11, 8, 12, 14, 16, 15, 23, 17, 19, 18, 20, 22, 21, 31, 6, 5, 30, 33, 2, 25, 24, 26, 27, 28, 29, 32, 7, 4, 9, 13];1943.0
[31, 2, 19, 9, 25, 23, 4, 33, 0, 22, 5, 14, 6, 10, 16, 28, 18, 29, 1, 3, 24, 11, 27, 13, 8, 17, 21, 15, 30, 7, 26, 20, 32, 12];4716.0
[23, 19, 18, 17, 12, 14, 15, 16, 26, 27, 28, 25, 1, 33, 2, 3, 13, 4, 6, 5, 30, 29, 22, 20, 21, 31, 11, 10, 9, 32, 7, 8, 0, 24];1585.0
[17, 0, 13, 15, 14, 16, 27, 28, 30, 4, 5, 6, 2, 1, 33, 3, 32, 7, 8, 9, 12, 10, 18, 20, 21, 22, 26, 29, 25, 24, 23, 19, 11, 31];1879.0
[23, 26, 27, 28, 0, 16, 15, 14, 12, 32, 7, 1, 33, 2, 3, 13, 6, 4, 5, 30, 29, 25, 24, 11, 8, 9, 10, 31, 18, 17, 19, 20, 21, 22];1770.0
[27, 13, 16, 28, 3, 33, 29, 11, 19, 30, 10, 12, 25, 14, 20, 18, 17, 5, 21, 9, 4, 6, 2, 22, 26, 7, 15, 32, 23, 1, 0, 31, 8, 24];4121.0
[26, 20, 21, 19, 18, 10, 12, 14, 15, 16, 27, 28, 29, 33, 2, 3, 1, 13, 0, 9, 32, 8, 7, 4, 6, 5, 30, 25, 24, 23, 17, 11, 31, 22];1734.0
[8, 10, 18, 20, 21, 22, 26, 27, 28, 24, 11, 31, 12, 14, 16, 15, 0, 25, 23, 19, 17, 1, 3, 33, 30, 29, 2, 5, 6, 4, 7, 9, 13, 32];1918.0
[31, 11, 10, 0, 1, 3, 33, 2, 13, 32, 8, 7, 6, 4, 5, 30, 24, 17, 9, 12, 14, 15, 16, 19, 18, 22, 27, 28, 26, 29, 25, 23, 20, 21];1899.0
[24, 23, 19, 21, 20, 22, 26, 27, 28, 29, 31, 18, 11, 8, 10, 17, 9, 0, 13, 32, 7, 14, 15, 12, 4, 5, 6, 2, 3, 16, 1, 30, 33, 25];1849.0
[14, 13, 29, 17, 24, 28, 2, 18, 3, 32, 8, 12, 0, 22, 21, 31, 23, 26, 6, 33, 25, 27, 9, 11, 19, 20, 10, 16, 4, 1, 7, 30, 5, 15];3985.0
[13, 7, 19, 24, 16, 6, 25, 33, 31, 29, 28, 32, 3, 8, 9, 26, 15, 14, 5, 20, 27, 4, 30, 21, 22, 11, 23, 17, 2, 12, 0, 1, 10, 18];4437.0
[22, 23, 20, 21, 31, 19, 18, 17, 11, 10, 32, 8, 7, 9, 12, 14, 15, 25, 24, 28, 1, 3, 33, 2, 0, 16, 13, 4, 6, 5, 30, 29, 26, 27];1728.0
[23, 15, 0, 1, 18, 9, 12, 30, 28, 16, 31, 19, 5, 29, 3, 4, 24, 21, 26, 10, 25, 13, 33, 32, 14, 17, 2, 7, 27, 8, 11, 6, 20, 22];4215.0
[21, 31, 11, 10, 12, 25, 19, 18, 13, 0, 1, 3, 26, 27, 28, 29, 22, 17, 9, 32, 8, 7, 4, 6, 5, 30, 33, 2, 16, 14, 15, 24, 23, 20];1773.0
[12, 15, 14, 16, 3, 0, 1, 30, 29, 25, 24, 31, 18, 19, 21, 20, 22, 26, 23, 17, 11, 8, 32, 7, 6, 5, 28, 27, 33, 2, 4, 9, 10, 13];1835.0
[25, 19, 17, 13, 1, 4, 5, 6, 30, 33, 2, 3, 0, 10, 11, 31, 18, 21, 27, 28, 29, 24, 23, 20, 22, 26, 16, 15, 14, 12, 9, 32, 7, 8];1799.0
[23, 19, 31, 18, 17, 9, 13, 25, 26, 27, 28, 29, 1, 2, 6, 5, 30, 33, 3, 0, 16, 14, 15, 12, 4, 32, 7, 8, 10, 11, 21, 20, 22, 24];1585.0
[5, 2, 3, 0, 15, 14, 16, 24, 20, 21, 22, 23, 19, 11, 31, 32, 8, 10, 18, 17, 12, 1, 33, 30, 26, 27, 28, 29, 25, 13, 9, 7, 4, 6];1710.0
[16, 32, 4, 9, 17, 19, 33, 12, 15, 1, 6, 26, 7, 30, 29, 21, 11, 24, 28, 13, 2, 5, 27, 31, 3, 25, 22, 8, 18, 14, 23, 0, 10, 20];4366.0
[33, 27, 28, 29, 25, 0, 9, 12, 1, 3, 15, 16, 14, 13, 4, 32, 7, 26, 22, 20, 21, 31, 18, 10, 24, 23, 19, 17, 11, 8, 6, 5, 2, 30];1974.0
[11, 21, 10, 7, 12, 30, 20, 0, 4, 19, 6, 27, 22, 3, 18, 2, 14, 16, 28, 24, 1, 15, 17, 9, 26, 13, 29, 33, 32, 8, 31, 5, 25, 23];4427.0
[10, 17, 18, 22, 26, 29, 1, 2, 4, 5, 6, 24, 23, 19, 31, 20, 21, 27, 28, 30, 33, 3, 0, 16, 25, 15, 14, 12, 11, 8, 9, 32, 7, 13];1914.0
[19, 17, 12, 14, 15, 33, 30, 27, 28, 29, 25, 16, 24, 23, 21, 31, 18, 5, 6, 4, 32, 7, 10, 11, 8, 9, 13, 1, 2, 3, 0, 26, 20, 22];1854.0
[3, 14, 4, 33, 19, 2, 13, 25, 8, 31, 1, 6, 28, 27, 17, 18, 10, 16, 5, 15, 9, 7, 30, 20, 22, 32, 29, 0, 12, 21, 23, 11, 24, 26];4267.0
[13, 25, 26, 29, 16, 15, 14, 12, 24, 23, 31, 18, 19, 17, 11, 8, 9, 10, 20, 21, 22, 27, 28, 33, 30, 4, 32, 7, 5, 6, 2, 3, 1, 0];1837.0
[19, 17, 9, 10, 13, 1, 2, 3, 33, 30, 29, 26, 22, 23, 11, 8, 32, 7, 4, 6, 5, 20, 21, 27, 28, 16, 14, 15, 12, 0, 25, 24, 31, 18];1778.0
[13, 29, 1, 21, 6, 10, 20, 7, 31, 14, 30, 26, 2, 5, 24, 16, 33, 22, 28, 17, 19, 15, 32, 11, 4, 3, 8, 23, 0, 12, 18, 25, 9, 27];4719.0
[20, 21, 31, 19, 18, 10, 13, 14, 15, 12, 9, 6, 4, 5, 30, 33, 2, 0, 25, 24, 23, 29, 26, 22, 17, 11, 8, 32, 7, 1, 3, 16, 27, 28];1881.0
[22, 17, 11, 13, 14, 12, 32, 8, 10, 18, 19, 31, 20, 21, 30, 33, 2, 15, 16, 1, 3, 0, 25, 24, 27, 28, 29, 7, 5, 6, 4, 9, 23, 26];2081.0
[9, 13, 12, 14, 15, 16, 1, 30, 33, 2, 3, 32, 7, 5, 6, 4, 10, 20, 22, 29, 26, 27, 28, 25, 17, 11, 8, 0, 24, 23, 21, 31, 19, 18];1832.0
[6, 5, 2, 30, 26, 22, 20, 21, 31, 19, 18, 17, 10, 11, 8, 12, 9, 4, 32, 7, 13, 0, 1, 33, 29, 27, 28, 25, 3, 16, 14, 15, 24, 23];1907.0
[28, 16, 14, 15, 12, 9, 10, 13, 1, 33, 2, 30, 29, 26, 22, 24, 17, 11, 8, 32, 7, 4, 5, 6, 3, 0, 25, 23, 20, 21, 31, 18, 19, 27];1713.0
[19, 31, 18, 22, 27, 28, 26, 23, 17, 7, 4, 5, 6, 3, 0, 25, 24, 20, 21, 11, 10, 9, 12, 14, 15, 16, 1, 33, 30, 29, 2, 32, 8, 13];1996.0
[27, 28, 29, 25, 1, 4, 5, 6, 12, 14, 16, 15, 24, 19, 17, 11, 31, 18, 13, 0, 23, 21, 20, 22, 26, 33, 30, 2, 3, 32, 7, 8, 10, 9];1829.0
[15, 1, 30, 29, 26, 16, 0, 7, 8, 10, 12, 11, 31, 18, 21, 20, 22, 27, 28, 25, 9, 32, 4, 6, 5, 33, 2, 3, 24, 23, 19, 17, 13, 14];1853.0
[2, 20, 10, 0, 27, 32, 14, 12, 23, 22, 6, 29, 31, 19, 5, 3, 4, 13, 25, 9, 24, 21, 8, 33, 26, 1, 18, 30, 7, 28, 17, 11, 15, 16];4397.0
[18, 19, 17, 32, 7, 9, 10, 11, 8, 4, 6, 5, 33, 30, 2, 3, 13, 12, 14, 15, 16, 0, 1, 25, 24, 23, 20, 22, 26, 27, 28, 29, 21, 31];1536.0
[12, 13, 1, 3, 33, 2, 4, 6, 5, 30, 20, 21, 27, 28, 29, 25, 16, 15, 14, 24, 23, 17, 11, 31, 7, 32, 8, 10, 9, 0, 26, 22, 19, 18];1848.0
[20, 1, 15, 18, 3, 24, 12, 8, 16, 13, 4, 28, 14, 27, 2, 29, 0, 7, 22, 9, 6, 10, 31, 32, 19, 26, 23, 30, 33, 5, 11, 25, 21, 17];4351.0
[5, 6, 4, 32, 7, 8, 9, 13, 0, 23, 31, 18, 19, 21, 20, 22, 27, 28, 15, 14, 16, 25, 24, 17, 11, 10, 12, 1, 3, 30, 26, 29, 33, 2];1741.0
[9, 32, 7, 8, 10, 11, 31, 18, 12, 14, 15, 16, 24, 23, 19, 17, 13, 1, 33, 2, 3, 0, 4, 6, 5, 30, 28, 27, 21, 20, 22, 26, 29, 25];1682.0
[5, 6, 4, 7, 25, 24, 19, 17, 11, 31, 18, 9, 13, 0, 16, 15, 14, 12, 32, 8, 10, 1, 2, 3, 27, 28, 29, 22, 23, 21, 20, 26, 33, 30];1826.0
[19, 31, 18, 6, 5, 30, 26, 22, 23, 17, 24, 27, 28, 29, 25, 32, 7, 4, 8, 9, 12, 13, 1, 33, 2, 3, 0, 16, 15, 14, 10, 11, 20, 21];1955.0
[2, 3, 0, 16, 14, 15, 12, 9, 32, 10, 18, 19, 22, 26, 27, 28, 29, 33, 30, 23, 20, 21, 31, 17, 13, 1, 25, 24, 11, 8, 7, 4, 6, 5];1727.0
[10, 11, 31, 20, 27, 28, 30, 33, 2, 0, 16, 1, 3, 25, 24, 23, 29, 26, 22, 21, 19, 17, 18, 7, 8, 12, 14, 15, 13, 9, 32, 4, 5, 6];1785.0
[13, 4, 5, 6, 30, 33, 2, 1, 3, 23, 20, 21, 22, 26, 29, 15, 12, 18, 17, 11, 10, 0, 25, 24, 19, 31, 32, 7, 8, 9, 14, 16, 27, 28];1994.0
[20, 7, 4, 15, 16, 1, 14, 17, 6, 10, 31, 5, 26, 2, 13, 19, 23, 33, 29, 32, 12, 24, 27, 21, 8, 18, 3, 0, 11, 25, 9, 22, 28, 30];4153.0
[31, 21, 20, 22, 24, 23, 27, 28, 13, 4, 5, 6, 7, 8, 12, 14, 15, 16, 25, 2, 3, 0, 1, 30, 33, 29, 26, 17, 9, 32, 10, 11, 18, 19];1856.0
[17, 19, 20, 21, 9, 32, 7, 10, 11, 8, 4, 6, 5, 30, 13, 12, 14, 15, 16, 24, 22, 27, 28, 26, 29, 25, 0, 1, 33, 2, 3, 23, 31, 18];1861.0
[5, 6, 3, 0, 25, 26, 27, 28, 24, 23, 19, 31, 18, 20, 21, 22, 29, 13, 32, 7, 8, 12, 14, 1, 33, 30, 2, 16, 15, 17, 11, 10, 9, 4];1844.0
[8, 7, 12, 13, 24, 19, 11, 31, 18, 20, 21, 27, 25, 1, 33, 2, 3, 0, 16, 14, 15, 9, 32, 4, 5, 6, 30, 28, 29, 26, 22, 23, 17, 10];1762.0
[8, 10, 11, 31, 21, 19, 18, 17, 32, 7, 5, 6, 4, 12, 14, 15, 16, 13, 0, 25, 1, 24, 23, 20, 22, 27, 28, 29, 26, 33, 30, 2, 3, 9];1643.0
[31, 18, 19, 22, 27, 28, 29, 26, 33, 30, 5, 2, 3, 0, 13, 6, 4, 7, 8, 10, 11, 17, 32, 9, 12, 14, 15, 16, 1, 25, 24, 23, 20, 21];1728.0
[5, 30, 33, 27, 28, 29, 24, 23, 13, 16, 14, 15, 12, 11, 8, 10, 1, 2, 3, 0, 25, 26, 22, 20, 21, 31, 19, 18, 17, 9, 7, 32, 6, 4];1788.0
[22, 4, 8, 30, 27, 13, 17, 23, 31, 10, 25, 16, 6, 32, 14, 5, 33, 2, 7, 28, 3, 29, 15, 9, 24, 11, 21, 18, 1, 12, 19, 0, 20, 26];4020.0
[6, 7, 8, 24, 23, 20, 22, 19, 17, 12, 14, 15, 27, 28, 0, 16, 1, 33, 30, 26, 29, 25, 2, 3, 13, 9, 10, 11, 21, 31, 18, 32, 4, 5];1936.0
[8, 10, 11, 31, 18, 22, 33, 2, 3, 0, 23, 26, 27, 28, 29, 16, 25, 24, 20, 21, 19, 17, 9, 13, 12, 14, 15, 1, 30, 4, 5, 6, 7, 32];1734.0
[8, 12, 4, 26, 9, 5, 7, 13, 16, 32, 15, 27, 28, 18, 33, 23, 10, 21, 30, 2, 29, 3, 19, 11, 1, 20, 0, 17, 22, 6, 25, 31, 24, 14];4572.0
[1, 25, 26, 29, 16, 14, 15, 12, 0, 13, 10, 11, 31, 18, 2, 3, 33, 30, 24, 23, 27, 28, 22, 20, 21, 19, 17, 4, 5, 6, 8, 9, 32, 7];1932.0
[25, 24, 23, 33, 30, 2, 13, 9, 4, 5, 6, 12, 16, 1, 3, 0, 26, 27, 28, 29, 22, 20, 21, 31, 19, 18, 17, 10, 11, 8, 32, 7, 14, 15];1776.0
[2, 30, 22, 23, 20, 21, 26, 27, 28, 29, 14, 15, 16, 0, 1, 3, 25, 24, 19, 17, 5, 6, 4, 7, 32, 8, 9, 12, 10, 11, 31, 18, 13, 33];1850.0
[27, 28, 33, 30, 4, 32, 7, 10, 8, 11, 31, 21, 20, 22, 26, 29, 24, 23, 18, 19, 17, 12, 14, 15, 16, 3, 0, 13, 25, 1, 2, 5, 6, 9];1937.0
[15, 14, 12, 32, 7, 4, 6, 19, 31, 18, 17, 0, 13, 9, 10, 11, 8, 16, 24, 23, 26, 29, 25, 33, 30, 5, 2, 1, 3, 20, 22, 21, 27, 28];2125.0
[16, 1, 3, 0, 9, 32, 7, 8, 12, 14, 15, 33, 2, 6, 4, 5, 30, 29, 22, 26, 27, 28, 25, 24, 23, 19, 17, 18, 20, 21, 31, 11, 10, 13];1638.0
[10, 20, 25, 1, 33, 29, 4, 21, 27, 8, 9, 15, 22, 19, 13, 23, 17, 3, 7, 12, 28, 6, 5, 2, 11, 30, 32, 31, 24, 26, 18, 14, 16, 0];4107.0
[21, 5, 22, 4, 32, 17, 15, 16, 7, 1, 2, 19, 33, 12, 28, 27, 10, 14, 18, 13, 23, 9, 8, 26, 3, 30, 6, 11, 31, 20, 0, 24, 29, 25];4245.0
[8, 10, 1, 3, 13, 32, 7, 14, 15, 16, 33, 2, 30, 4, 5, 6, 9, 12, 0, 25, 26, 27, 28, 29, 24, 23, 22, 20, 21, 31, 18, 19, 17, 11];1692.0
[14, 12, 16, 19, 6, 23, 9, 28, 5, 1, 17, 18, 29, 15, 13, 31, 27, 22, 32, 20, 21, 25, 8, 0, 10, 3, 26, 24, 33, 30, 7, 2, 4, 11];4358.0
[8, 7, 6, 4, 5, 30, 29, 33, 2, 3, 0, 1, 26, 22, 20, 21, 31, 17, 9, 13, 24, 23, 19, 18, 27, 28, 25, 16, 15, 14, 12, 11, 10, 32];1782.0
[15, 0, 16, 1, 25, 24, 27, 28, 4, 6, 5, 30, 2, 3, 33, 29, 26, 22, 20, 21, 23, 32, 7, 8, 10, 17, 11, 31, 18, 19, 9, 13, 12, 14];1818.0
[0, 13, 12, 32, 8, 10, 14, 16, 15, 25, 3, 2, 5, 6, 4, 7, 1, 33, 30, 24, 23, 22, 26, 29, 27, 28, 20, 21, 11, 31, 18, 19, 17, 9];1881.0
[29, 27, 28, 33, 4, 5, 6, 32, 7, 8, 13, 0, 25, 26, 22, 23, 20, 21, 19, 31, 18, 12, 14, 15, 16, 2, 3, 24, 17, 11, 10, 9, 1, 30];1766.0
[24, 19, 31, 18, 32, 7, 1, 25, 23, 21, 20, 26, 22, 27, 28, 29, 15, 16, 17, 11, 8, 10, 13, 14, 12, 9, 6, 4, 5, 30, 33, 2, 3, 0];1869.0
[31, 18, 17, 10, 9, 12, 13, 32, 7, 8, 0, 1, 23, 20, 21, 27, 28, 14, 15, 16, 25, 22, 26, 29, 33, 30, 2, 6, 4, 5, 3, 24, 19, 11];1861.0
[26, 27, 28, 29, 25, 32, 7, 8, 10, 17, 12, 14, 15, 16, 24, 22, 23, 20, 21, 19, 11, 31, 18, 1, 33, 2, 3, 0, 13, 9, 4, 5, 6, 30];1800.0
[0, 16, 14, 15, 12, 32, 7, 5, 6, 4, 9, 1, 29, 25, 24, 23, 26, 22, 21, 31, 18, 17, 11, 8, 10, 19, 20, 27, 28, 33, 30, 2, 3, 13];1623.0
[13, 33, 32, 11, 18, 28, 24, 26, 16, 6, 20, 12, 17, 1, 31, 8, 23, 25, 3, 2, 4, 10, 14, 21, 19, 29, 22, 0, 30, 27, 5, 15, 7, 9];4240.0
[3, 16, 1, 25, 24, 23, 27, 28, 29, 30, 6, 4, 5, 32, 7, 12, 14, 15, 10, 11, 8, 26, 22, 20, 21, 31, 19, 18, 17, 9, 13, 0, 33, 2];1825.0
[14, 15, 16, 25, 23, 19, 11, 8, 10, 13, 0, 27, 28, 29, 20, 22, 26, 1, 30, 33, 3, 32, 7, 4, 6, 5, 2, 24, 21, 31, 18, 17, 9, 12];1822.0
[11, 31, 18, 17, 12, 14, 15, 1, 3, 30, 33, 2, 0, 16, 13, 9, 32, 7, 8, 19, 21, 20, 22, 23, 24, 26, 27, 28, 29, 25, 4, 5, 6, 10];1761.0
[18, 32, 7, 9, 13, 25, 24, 27, 28, 26, 21, 20, 22, 29, 16, 15, 11, 8, 12, 14, 0, 1, 33, 30, 2, 3, 23, 19, 17, 5, 6, 4, 10, 31];2013.0
[29, 33, 2, 19, 20, 31, 11, 5, 26, 24, 7, 16, 12, 9, 15, 18, 17, 27, 13, 6, 1, 21, 10, 32, 23, 14, 4, 30, 22, 25, 8, 3, 28, 0];4069.0
[25, 26, 22, 20, 21, 19, 12, 13, 10, 31, 18, 9, 32, 7, 1, 24, 23, 17, 11, 8, 6, 4, 5, 29, 27, 28, 33, 30, 2, 3, 0, 14, 15, 16];1909.0
[16, 15, 27, 28, 29, 33, 30, 26, 22, 20, 21, 31, 11, 18, 8, 10, 13, 9, 7, 32, 4, 6, 5, 2, 3, 1, 0, 25, 24, 23, 19, 17, 12, 14];1764.0
[12, 14, 20, 22, 23, 10, 32, 8, 13, 2, 3, 15, 16, 1, 33, 30, 29, 26, 0, 25, 24, 27, 28, 21, 19, 17, 11, 31, 18, 9, 7, 4, 5, 6];2022.0
[28, 0, 11, 21, 4, 5, 15, 9, 12, 3, 17, 20, 31, 13, 16, 26, 19, 23, 1, 24, 6, 33, 2, 10, 8, 29, 7, 27, 18, 30, 32, 14, 25, 22];4156.0
[19, 18, 17, 9, 1, 33, 30, 29, 25, 3, 15, 14, 16, 24, 23, 27, 28, 26, 20, 22, 21, 31, 11, 8, 10, 12, 0, 13, 32, 7, 4, 6, 5, 2];1796.0
[1, 29, 6, 14, 17, 21, 15, 11, 31, 23, 0, 26, 16, 20, 24, 10, 13, 5, 32, 8, 19, 9, 33, 7, 4, 12, 3, 28, 18, 27, 22, 2, 30, 25];4068.0
[16, 25, 27, 28, 1, 2, 3, 23, 19, 17, 10, 11, 8, 5, 6, 30, 33, 4, 13, 0, 29, 26, 22, 24, 20, 21, 31, 18, 32, 7, 9, 12, 15, 14];1929.0
[2, 0, 16, 25, 24, 23, 20, 21, 19, 17, 11, 31, 18, 32, 13, 33, 30, 29, 22, 26, 27, 28, 4, 5, 6, 7, 8, 10, 9, 12, 14, 15, 1, 3];1735.0
[8, 13, 15, 14, 16, 1, 2, 3, 0, 25, 24, 23, 20, 21, 31, 17, 11, 10, 9, 12, 18, 19, 22, 33, 30, 29, 26, 27, 28, 32, 4, 5, 6, 7];1727.0
[8, 13, 1, 33, 30, 2, 3, 23, 18, 19, 22, 27, 28, 26, 29, 24, 20, 21, 31, 17, 4, 5, 6, 9, 0, 25, 16, 15, 14, 12, 32, 7, 10, 11];1823.0
[27, 28, 26, 29, 33, 5, 30, 2, 3, 16, 15, 14, 12, 18, 20, 21, 31, 11, 10, 1, 24, 19, 17, 32, 7, 4, 6, 8, 9, 13, 0, 25, 23, 22];1988.0
[29, 1, 33, 30, 27, 28, 24, 23, 20, 22, 21, 31, 19, 18, 17, 11, 10, 32, 8, 9, 7, 0, 2, 4, 6, 5, 3, 13, 12, 14, 15, 16, 25, 26];1730.0
[7, 32, 23, 13, 4, 30, 16, 29, 24, 17, 2, 5, 9, 26, 12, 6, 3, 20, 19, 1, 0, 28, 25, 22, 11, 18, 31, 21, 15, 14, 8, 10, 27, 33];3946.0
[28, 29, 25, 1, 33, 30, 26, 22, 20, 21, 31, 18, 17, 32, 7, 6, 4, 5, 2, 3, 24, 23, 19, 11, 10, 8, 9, 12, 13, 0, 14, 15, 16, 27];1588.0
[7, 8, 9, 12, 14, 15, 16, 26, 22, 29, 33, 30, 6, 4, 10, 17, 11, 5, 2, 3, 1, 24, 23, 20, 21, 31, 18, 19, 27, 28, 25, 0, 13, 32];1910.0
[27, 28, 29, 1, 2, 3, 13, 9, 0, 24, 20, 21, 22, 23, 26, 15, 16, 14, 12, 11, 31, 10, 32, 8, 7, 6, 4, 5, 33, 30, 25, 17, 18, 19];1961.0
[28, 29, 24, 23, 17, 11, 8, 10, 31, 22, 26, 25, 0, 1, 33, 2, 3, 30, 5, 6, 4, 9, 32, 7, 12, 13, 16, 15, 14, 18, 19, 20, 21, 27];1793.0
[5, 6, 9, 10, 32, 7, 8, 12, 16, 15, 14, 13, 0, 25, 1, 29, 26, 27, 28, 24, 23, 17, 11, 18, 19, 31, 21, 20, 22, 2, 3, 33, 30, 4];1679.0
[3, 13, 32, 7, 24, 21, 31, 11, 8, 9, 12, 10, 18, 19, 20, 26, 29, 22, 23, 17, 33, 30, 4, 5, 6, 2, 0, 15, 14, 16, 27, 28, 25, 1];2020.0
[13, 28, 14, 5, 3, 6, 17, 26, 9, 1, 21, 0, 20, 32, 15, 10, 24, 29, 12, 22, 31, 18, 25, 7, 16, 27, 23, 30, 19, 4, 11, 8, 33, 2];4527.0
[3, 12, 13, 25, 19, 31, 11, 8, 32, 7, 10, 18, 17, 9, 14, 15, 16, 0, 24, 23, 20, 21, 22, 26, 27, 28, 29, 33, 30, 4, 5, 6, 2, 1];1747.0
[17, 11, 10, 9, 32, 4, 6, 5, 3, 0, 1, 30, 33, 2, 7, 8, 12, 13, 24, 23, 21, 31, 14, 15, 16, 25, 20, 22, 26, 27, 28, 29, 19, 18];1812.0
[17, 14, 4, 3, 5, 13, 29, 25, 27, 21, 2, 23, 31, 33, 28, 7, 1, 30, 10, 6, 15, 19, 26, 8, 11, 16, 24, 32, 22, 20, 18, 12, 9, 0];4332.0
[14, 15, 16, 32, 7, 8, 13, 24, 23, 20, 21, 31, 18, 19, 17, 11, 10, 9, 22, 26, 27, 28, 33, 2, 1, 3, 30, 29, 25, 0, 4, 5, 6, 12];1779.0
[17, 11, 31, 1, 3, 2, 5, 6, 10, 18, 19, 27, 28, 25, 16, 15, 14, 12, 9, 32, 4, 7, 8, 13, 0, 33, 30, 29, 26, 22, 21, 20, 24, 23];1908.0
[31, 18, 19, 21, 20, 22, 17, 9, 13, 25, 27, 28, 29, 0, 32, 7, 8, 24, 23, 26, 1, 33, 2, 3, 30, 4, 6, 5, 16, 15, 14, 12, 10, 11];1831.0
[3, 16, 14, 15, 0, 13, 12, 9, 4, 32, 7, 8, 10, 25, 1, 30, 33, 29, 24, 23, 26, 27, 28, 22, 20, 21, 19, 17, 11, 31, 18, 6, 5, 2];1716.0
[2, 0, 1, 3, 33, 30, 24, 23, 19, 18, 17, 32, 7, 8, 10, 11, 31, 20, 21, 22, 27, 28, 16, 14, 15, 26, 29, 25, 13, 12, 9, 4, 6, 5];1712.0
[33, 30, 29, 22, 23, 20, 21, 31, 17, 11, 10, 18, 19, 8, 0, 25, 24, 26, 27, 28, 16, 14, 15, 13, 12, 9, 7, 32, 6, 4, 5, 2, 3, 1];1731.0
[15, 26, 27, 28, 33, 4, 6, 5, 30, 21, 31, 18, 9, 13, 25, 24, 23, 19, 20, 22, 29, 1, 2, 3, 0, 16, 17, 11, 8, 10, 32, 7, 12, 14];1870.0
[27, 12, 4, 24, 13, 28, 0, 2, 3, 20, 16, 6, 17, 22, 15, 21, 18, 11, 14, 25, 32, 31, 10, 33, 1, 26, 19, 8, 29, 23, 9, 7, 30, 5];4469.0
[26, 29, 24, 23, 21, 20, 22, 11, 8, 32, 7, 9, 13, 15, 14, 12, 10, 31, 18, 17, 19, 27, 28, 33, 30, 4, 6, 5, 2, 16, 1, 3, 0, 25];1844.0
[30, 26, 22, 20, 21, 31, 18, 19, 23, 17, 10, 11, 8, 7, 9, 1, 2, 3, 13, 0, 16, 15, 14, 12, 32, 4, 6, 5, 25, 24, 27, 28, 29, 33];1723.0
[17, 10, 31, 30, 27, 16, 13, 19, 9, 3, 11, 20, 33, 0, 25, 22, 32, 29, 2, 1, 6, 7, 15, 24, 8, 23, 12, 5, 14, 21, 26, 4, 28, 18];4316.0
[14, 15, 16, 24, 23, 20, 21, 22, 27, 28, 26, 29, 25, 0, 32, 7, 8, 10, 1, 2, 4, 5, 6, 30, 33, 3, 11, 31, 18, 19, 17, 9, 12, 13];1695.0
[28, 29, 25, 1, 0, 16, 15, 14, 19, 31, 32, 7, 5, 2, 3, 33, 30, 6, 4, 12, 10, 18, 17, 11, 8, 9, 13, 24, 23, 20, 21, 22, 26, 27];1819.0
[16, 1, 33, 27, 28, 19, 31, 18, 11, 10, 8, 32, 7, 6, 4, 5, 30, 2, 3, 25, 23, 17, 9, 13, 12, 0, 24, 20, 21, 22, 26, 29, 15, 14];1872.0
[12, 11, 31, 18, 17, 8, 10, 0, 1, 25, 24, 23, 20, 21, 27, 28, 29, 33, 2, 3, 13, 32, 7, 4, 6, 5, 30, 26, 22, 19, 9, 14, 16, 15];1695.0
[2, 3, 16, 15, 14, 12, 0, 13, 25, 24, 9, 23, 21, 19, 31, 17, 11, 6, 5, 4, 32, 7, 8, 10, 18, 20, 22, 26, 27, 28, 29, 30, 1, 33];1858.0
[22, 26, 13, 4, 5, 14, 25, 11, 16, 6, 15, 19, 3, 29, 8, 23, 12, 2, 18, 1, 21, 20, 33, 31, 32, 17, 7, 24, 10, 9, 30, 28, 0, 27];4411.0
[10, 11, 31, 21, 19, 18, 17, 12, 15, 14, 16, 30, 29, 26, 27, 28, 24, 20, 22, 33, 3, 25, 23, 9, 32, 7, 8, 13, 0, 1, 2, 5, 6, 4];1892.0
[7, 14, 26, 29, 16, 15, 24, 31, 17, 18, 19, 22, 23, 21, 20, 27, 28, 33, 30, 2, 3, 25, 1, 0, 13, 32, 8, 9, 12, 11, 10, 5, 6, 4];1985.0
[22, 27, 19, 12, 21, 11, 20, 10, 5, 7, 29, 25, 17, 8, 31, 4, 13, 1, 23, 18, 33, 32, 2, 28, 30, 14, 3, 0, 26, 9, 15, 24, 6, 16];4305.0
[4, 13, 0, 25, 1, 2, 3, 24, 23, 26, 22, 20, 21, 19, 18, 17, 11, 31, 9, 10, 32, 7, 8, 12, 14, 16, 15, 30, 29, 27, 28, 33, 5, 6];1718.0
[13, 1, 21, 26, 3, 7, 11, 16, 24, 6, 20, 18, 30, 5, 31, 19, 14, 4, 8, 15, 28, 17, 0, 23, 29, 33, 25, 12, 2, 27, 9, 22, 32, 10];4486.0
[8, 10, 1, 2, 3, 0, 14, 12, 5, 6, 4, 9, 32, 7, 33, 30, 29, 16, 15, 25, 24, 23, 20, 21, 31, 18, 17, 13, 27, 28, 26, 22, 19, 11];1866.0
[31, 18, 17, 7, 8, 10, 32, 9, 12, 24, 23, 19, 21, 20, 22, 27, 28, 29, 26, 25, 16, 15, 14, 1, 2, 6, 4, 5, 30, 33, 3, 13, 0, 11];1727.0
[13, 3, 20, 22, 12, 27, 10, 2, 29, 33, 16, 8, 24, 32, 7, 17, 28, 23, 15, 11, 9, 5, 0, 25, 6, 19, 18, 26, 14, 30, 21, 1, 31, 4];4588.0
[11, 16, 3, 18, 19, 17, 1, 9, 12, 5, 0, 21, 31, 27, 32, 33, 30, 23, 2, 20, 13, 8, 15, 10, 7, 6, 29, 22, 28, 14, 4, 24, 25, 26];4057.0
[14, 16, 24, 21, 31, 18, 27, 28, 2, 3, 0, 1, 33, 30, 26, 29, 25, 23, 20, 22, 19, 17, 4, 5, 6, 32, 7, 9, 12, 13, 10, 11, 8, 15];1897.0
[32, 7, 0, 33, 30, 22, 20, 21, 19, 17, 11, 8, 5, 6, 4, 10, 31, 18, 9, 12, 14, 1, 2, 3, 15, 16, 25, 24, 23, 26, 27, 28, 29, 13];1821.0
[10, 9, 14, 15, 16, 0, 13, 4, 5, 6, 32, 7, 8, 25, 24, 23, 20, 21, 18, 19, 22, 26, 29, 27, 28, 30, 33, 2, 1, 3, 12, 11, 31, 17];1729.0
[6, 4, 9, 12, 14, 15, 16, 24, 20, 21, 31, 17, 10, 5, 2, 26, 27, 28, 11, 8, 0, 13, 25, 1, 3, 33, 30, 29, 22, 23, 18, 19, 32, 7];2041.0
[1, 33, 30, 29, 24, 23, 22, 20, 21, 19, 18, 17, 9, 6, 4, 5, 2, 3, 15, 14, 12, 32, 7, 8, 10, 13, 0, 25, 26, 27, 28, 16, 11, 31];1849.0
[17, 32, 7, 1, 3, 13, 0, 16, 25, 26, 27, 28, 22, 20, 21, 12, 14, 15, 33, 2, 9, 6, 4, 5, 30, 29, 24, 23, 19, 31, 11, 8, 10, 18];1936.0
[4, 10, 18, 20, 21, 31, 22, 26, 27, 28, 29, 25, 16, 14, 15, 24, 23, 11, 8, 1, 33, 30, 19, 17, 9, 13, 2, 3, 0, 12, 32, 7, 5, 6];1901.0
[11, 31, 18, 17, 12, 14, 15, 32, 7, 8, 13, 16, 1, 33, 30, 25, 24, 23, 22, 20, 21, 19, 9, 4, 6, 5, 26, 27, 28, 29, 2, 3, 0, 10];1780.0
[18, 26, 29, 25, 0, 30, 2, 15, 21, 28, 10, 20, 27, 11, 33, 16, 31, 19, 1, 13, 24, 9, 17, 5, 32, 4, 6, 8, 3, 14, 23, 22, 7, 12];3861.0
[17, 18, 9, 0, 25, 24, 23, 26, 27, 28, 29, 14, 12, 4, 6, 5, 30, 33, 15, 16, 1, 2, 3, 13, 32, 8, 7, 10, 11, 31, 19, 21, 20, 22];1759.0
[2, 3, 1, 33, 30, 26, 27, 28, 29, 25, 14, 15, 16, 24, 21, 31, 18, 19, 20, 22, 32, 7, 8, 23, 17, 11, 10, 9, 12, 13, 0, 6, 4, 5];1782.0
[25, 26, 20, 22, 21, 31, 11, 10, 14, 15, 16, 2, 3, 1, 33, 30, 27, 28, 29, 5, 6, 4, 12, 13, 24, 23, 19, 17, 18, 32, 7, 8, 9, 0];1865.0
[20, 21, 31, 9, 1, 2, 3, 4, 5, 6, 32, 7, 12, 13, 0, 16, 15, 14, 23, 24, 19, 18, 17, 11, 8, 10, 25, 26, 27, 28, 33, 30, 29, 22];1784.0
[16, 22, 19, 18, 11, 10, 4, 6, 5, 30, 26, 20, 21, 31, 12, 14, 15, 27, 28, 29, 33, 2, 25, 24, 23, 17, 32, 7, 8, 9, 13, 0, 1, 3];1902.0
[8, 9, 27, 28, 25, 1, 2, 3, 33, 30, 29, 22, 17, 11, 31, 18, 4, 5, 6, 32, 7, 14, 15, 16, 0, 26, 20, 21, 19, 12, 13, 24, 23, 10];2018.0
[15, 16, 25, 2, 3, 0, 1, 30, 33, 9, 32, 7, 8, 11, 31, 18, 17, 4, 5, 6, 13, 24, 23, 27, 28, 29, 26, 22, 20, 21, 19, 10, 12, 14];1757.0
[16, 1, 30, 33, 2, 3, 26, 27, 28, 29, 19, 18, 32, 7, 4, 5, 6, 25, 24, 23, 17, 11, 31, 21, 20, 22, 8, 10, 9, 13, 0, 12, 15, 14];1813.0
[13, 0, 24, 23, 11, 31, 18, 19, 17, 32, 7, 6, 4, 5, 2, 3, 1, 33, 30, 27, 28, 26, 20, 21, 22, 29, 25, 16, 14, 15, 12, 8, 10, 9];1682.0
[10, 4, 6, 5, 30, 29, 27, 28, 26, 22, 21, 20, 31, 32, 7, 8, 9, 12, 14, 16, 15, 33, 2, 19, 18, 17, 13, 0, 25, 1, 3, 24, 23, 11];1852.0
[31, 29, 21, 2, 10, 9, 23, 13, 32, 18, 5, 7, 8, 25, 27, 0, 14, 12, 11, 15, 16, 1, 26, 19, 6, 33, 4, 28, 24, 17, 22, 30, 3, 20];3931.0
[2, 3, 0, 16, 15, 14, 12, 11, 8, 7, 4, 5, 6, 32, 13, 24, 23, 25, 30, 26, 27, 28, 29, 22, 20, 21, 31, 18, 19, 17, 10, 9, 1, 33];1709.0
[25, 24, 23, 26, 22, 19, 10, 12, 14, 15, 16, 13, 9, 32, 7, 8, 11, 31, 20, 21, 18, 17, 4, 5, 6, 28, 27, 33, 2, 3, 0, 1, 30, 29];1859.0
[16, 15, 14, 8, 10, 32, 7, 1, 30, 29, 25, 0, 12, 11, 31, 18, 17, 9, 13, 26, 22, 24, 23, 19, 4, 6, 5, 27, 28, 21, 20, 33, 2, 3];2109.0
[15, 16, 25, 3, 4, 33, 30, 22, 7, 20, 31, 21, 12, 24, 1, 18, 6, 27, 13, 11, 9, 8, 23, 28, 26, 2, 32, 0, 29, 14, 17, 10, 19, 5];4128.0
[31, 17, 4, 6, 5, 30, 33, 1, 2, 3, 16, 15, 19, 18, 22, 26, 27, 28, 29, 25, 11, 8, 10, 12, 14, 32, 7, 9, 13, 0, 24, 23, 20, 21];1857.0
[0, 25, 19, 18, 20, 24, 23, 9, 32, 7, 8, 12, 14, 15, 16, 1, 33, 30, 2, 29, 26, 22, 21, 27, 28, 13, 10, 11, 31, 17, 4, 6, 5, 3];1908.0
[29, 4, 2, 18, 16, 6, 9, 1, 24, 5, 7, 23, 14, 32, 10, 20, 25, 3, 13, 26, 19, 8, 28, 21, 0, 17, 27, 22, 12, 15, 11, 30, 33, 31];4714.0
[31, 11, 10, 18, 20, 22, 23, 32, 7, 5, 6, 4, 8, 12, 13, 0, 1, 33, 2, 3, 30, 29, 25, 14, 15, 16, 24, 19, 17, 9, 26, 27, 28, 21];1914.0
[14, 16, 15, 1, 33, 30, 29, 22, 24, 23, 20, 21, 19, 31, 18, 11, 8, 10, 9, 25, 17, 32, 7, 4, 6, 5, 2, 26, 27, 28, 3, 0, 13, 12];1722.0
[21, 31, 18, 19, 17, 10, 9, 12, 15, 16, 1, 33, 2, 3, 0, 13, 14, 25, 24, 22, 23, 11, 8, 32, 7, 4, 6, 5, 30, 27, 28, 29, 26, 20];1572.0
[13, 26, 27, 28, 33, 2, 24, 23, 17, 12, 14, 15, 16, 1, 3, 0, 4, 6, 5, 30, 29, 19, 18, 32, 7, 8, 9, 25, 22, 20, 21, 31, 11, 10];1904.0
[11, 19, 10, 26, 5, 32, 4, 3, 22, 8, 28, 25, 33, 1, 20, 15, 9, 29, 16, 0, 23, 24, 21, 30, 7, 14, 18, 2, 31, 6, 12, 17, 13, 27];4537.0
[17, 0, 13, 12, 5, 6, 4, 32, 7, 8, 9, 10, 11, 31, 18, 21, 20, 22, 26, 1, 2, 3, 33, 30, 27, 28, 29, 14, 15, 16, 25, 24, 23, 19];1641.0
[13, 1, 33, 30, 2, 3, 0, 25, 24, 23, 20, 22, 26, 27, 28, 29, 14, 15, 16, 21, 31, 19, 18, 17, 11, 10, 32, 7, 4, 5, 6, 8, 9, 12];1563.0
[21, 33, 25, 16, 0, 20, 15, 8, 22, 13, 19, 2, 6, 24, 18, 31, 7, 4, 29, 5, 3, 11, 9, 17, 1, 28, 23, 27, 26, 32, 14, 30, 10, 12];4522.0
[0, 25, 26, 27, 28, 33, 30, 29, 22, 21, 20, 2, 4, 5, 6, 32, 7, 14, 15, 16, 1, 3, 24, 23, 31, 18, 19, 17, 11, 8, 10, 12, 9, 13];1770.0
[27, 28, 29, 25, 1, 24, 23, 20, 21, 31, 11, 8, 32, 7, 5, 2, 3, 4, 6, 30, 33, 0, 13, 14, 16, 15, 12, 9, 10, 18, 17, 19, 26, 22];1794.0
[5, 8, 13, 0, 16, 7, 17, 1, 4, 28, 2, 33, 18, 23, 3, 20, 31, 24, 14, 19, 6, 32, 29, 27, 21, 30, 10, 11, 26, 25, 22, 9, 15, 12];4363.0
[27, 28, 29, 24, 23, 22, 20, 21, 19, 11, 31, 18, 17, 9, 1, 3, 0, 14, 15, 16, 33, 30, 2, 4, 5, 6, 7, 8, 10, 32, 12, 13, 25, 26];1662.0
[13, 1, 2, 3, 33, 5, 30, 22, 23, 24, 19, 21, 20, 27, 28, 26, 29, 25, 0, 16, 14, 15, 12, 11, 31, 18, 17, 10, 9, 6, 4, 32, 7, 8];1829.0
[14, 31, 19, 7, 22, 12, 15, 10, 26, 33, 0, 8, 6, 18, 25, 30, 13, 11, 16, 17, 32, 5, 24, 1, 9, 4, 28, 27, 23, 20, 21, 2, 3, 29];4105.0
[16, 1, 3, 26, 22, 20, 21, 31, 19, 18, 17, 9, 12, 15, 14, 33, 2, 4, 6, 5, 30, 29, 25, 24, 23, 11, 8, 10, 32, 7, 13, 0, 27, 28];1767.0
[17, 15, 11, 3, 23, 29, 0, 7, 21, 16, 32, 9, 19, 18, 6, 14, 5, 10, 26, 13, 27, 22, 2, 25, 20, 1, 12, 33, 24, 8, 30, 4, 31, 28];4637.0
[1, 9, 16, 28, 8, 5, 22, 2, 21, 11, 4, 29, 32, 7, 24, 26, 17, 15, 31, 25, 10, 0, 12, 6, 20, 30, 14, 33, 27, 23, 18, 19, 13, 3];4381.0
[4, 5, 6, 7, 8, 16, 15, 14, 12, 10, 11, 31, 18, 20, 21, 22, 26, 27, 28, 29, 19, 17, 13, 0, 1, 3, 25, 24, 23, 30, 33, 2, 9, 32];1784.0
[8, 10, 9, 13, 0, 26, 27, 28, 25, 16, 15, 14, 12, 18, 11, 31, 20, 22, 33, 2, 3, 1, 4, 6, 5, 30, 29, 24, 23, 21, 19, 17, 7, 32];1841.0
[5, 30, 33, 2, 3, 0, 15, 16, 1, 25, 24, 17, 9, 13, 14, 12, 32, 7, 20, 21, 22, 23, 19, 31, 18, 11, 8, 10, 26, 27, 28, 29, 6, 4];1889.0
[21, 22, 23, 26, 29, 25, 27, 28, 30, 5, 6, 4, 10, 11, 8, 1, 33, 2, 3, 13, 12, 14, 15, 16, 24, 31, 18, 19, 17, 9, 32, 7, 0, 20];1860.0
[23, 17, 18, 14, 15, 12, 9, 32, 7, 8, 6, 4, 5, 30, 29, 27, 28, 16, 0, 13, 10, 11, 31, 19, 20, 22, 21, 26, 33, 2, 3, 1, 25, 24];1804.0
[29, 24, 23, 19, 18, 17, 32, 4, 5, 6, 7, 8, 9, 13, 0, 25, 14, 15, 16, 1, 33, 30, 2, 3, 12, 10, 11, 31, 21, 20, 22, 26, 27, 28];1536.0
[28, 29, 23, 19, 31, 18, 32, 7, 6, 30, 33, 2, 4, 5, 3, 1, 24, 21, 20, 22, 26, 25, 0, 13, 12, 14, 15, 16, 17, 11, 10, 8, 9, 27];1964.0
[11, 31, 20, 27, 28, 29, 26, 22, 21, 18, 32, 7, 8, 9, 0, 25, 2, 3, 16, 14, 15, 24, 23, 19, 17, 12, 13, 1, 33, 30, 5, 6, 4, 10];1753.0
[32, 7, 8, 9, 11, 10, 18, 19, 21, 20, 22, 31, 17, 5, 6, 30, 33, 2, 4, 12, 14, 15, 16, 25, 24, 23, 26, 29, 27, 28, 1, 3, 0, 13];1819.0
[27, 28, 29, 33, 30, 4, 7, 8, 10, 17, 11, 31, 18, 12, 14, 25, 24, 23, 32, 9, 13, 0, 1, 2, 3, 16, 15, 6, 5, 26, 22, 21, 19, 20];1963.0
[4, 5, 6, 13, 25, 26, 27, 28, 29, 21, 31, 19, 18, 17, 11, 10, 9, 32, 7, 8, 12, 14, 15, 16, 24, 23, 20, 22, 33, 2, 3, 0, 1, 30];1665.0
[4, 5, 33, 30, 2, 3, 1, 27, 28, 29, 25, 13, 10, 18, 17, 0, 24, 19, 11, 8, 9, 12, 14, 15, 16, 26, 22, 23, 20, 21, 31, 7, 32, 6];1941.0
[9, 12, 0, 13, 1, 33, 30, 4, 6, 5, 2, 3, 15, 14, 16, 25, 23, 24, 26, 27, 28, 29, 22, 20, 21, 19, 17, 11, 31, 18, 7, 32, 8, 10];1583.0
[15, 1, 3, 33, 2, 11, 31, 18, 19, 17, 9, 7, 8, 10, 13, 12, 14, 25, 24, 23, 27, 28, 0, 32, 4, 6, 5, 30, 22, 20, 21, 26, 29, 16];1855.0
[25, 1, 3, 24, 23, 22, 20, 21, 11, 31, 18, 19, 17, 9, 4, 5, 6, 30, 33, 2, 16, 15, 12, 14, 13, 32, 7, 8, 10, 0, 26, 27, 28, 29];1667.0
[29, 0, 9, 12, 10, 11, 8, 32, 7, 4, 5, 6, 23, 20, 21, 31, 18, 17, 2, 3, 24, 19, 13, 1, 33, 30, 25, 14, 15, 16, 26, 22, 27, 28];1994.0
[32, 7, 4, 5, 6, 30, 29, 26, 27, 28, 15, 14, 16, 24, 23, 17, 11, 8, 9, 12, 13, 0, 1, 33, 2, 3, 21, 31, 18, 19, 20, 22, 25, 10];1740.0
[16, 30, 33, 27, 28, 25, 19, 31, 18, 17, 11, 8, 32, 7, 6, 4, 5, 2, 9, 10, 12, 13, 1, 3, 0, 24, 23, 20, 21, 22, 26, 29, 14, 15];1817.0
[23, 21, 31, 11, 8, 10, 18, 19, 20, 22, 26, 27, 28, 29, 33, 30, 25, 17, 5, 6, 4, 32, 7, 9, 12, 13, 1, 3, 2, 0, 16, 15, 14, 24];1729.0
[7, 14, 15, 1, 33, 2, 3, 0, 13, 12, 16, 27, 28, 25, 24, 19, 18, 20, 22, 23, 17, 6, 4, 5, 30, 29, 26, 21, 31, 11, 10, 8, 9, 32];1844.0
[4, 5, 6, 10, 11, 8, 13, 25, 26, 27, 28, 21, 31, 18, 17, 12, 30, 33, 29, 24, 23, 19, 20, 22, 16, 14, 15, 0, 1, 2, 3, 9, 32, 7];1901.0
[16, 26, 27, 28, 24, 23, 20, 29, 1, 33, 2, 3, 25, 19, 17, 8, 0, 13, 12, 11, 10, 9, 32, 7, 4, 6, 5, 30, 22, 21, 31, 18, 14, 15];1887.0
[13, 1, 3, 0, 16, 25, 26, 29, 24, 23, 20, 21, 22, 19, 17, 11, 31, 18, 8, 10, 33, 30, 27, 28, 2, 5, 6, 4, 7, 32, 14, 15, 12, 9];1896.0
[27, 28, 33, 30, 4, 5, 6, 32, 7, 8, 9, 10, 11, 31, 21, 20, 26, 22, 24, 23, 2, 3, 0, 13, 16, 25, 19, 18, 17, 12, 14, 15, 1, 29];1780.0
[9, 7, 32, 4, 6, 5, 33, 30, 2, 3, 0, 1, 26, 29, 16, 14, 15, 12, 13, 25, 24, 21, 20, 22, 27, 28, 23, 19, 31, 18, 17, 11, 8, 10];1650.0
[7, 8, 24, 17, 11, 10, 0, 27, 28, 29, 23, 19, 18, 9, 6, 4, 5, 2, 3, 1, 33, 30, 25, 15, 16, 26, 22, 21, 20, 31, 13, 14, 12, 32];2045.0
[1, 2, 8, 24, 4, 26, 5, 20, 19, 17, 18, 29, 25, 3, 10, 7, 30, 16, 12, 6, 15, 9, 33, 23, 21, 0, 27, 28, 13, 22, 14, 32, 11, 31];4113.0
[12, 14, 15, 16, 13, 0, 1, 3, 2, 4, 6, 5, 30, 33, 29, 27, 28, 24, 19, 17, 10, 11, 8, 32, 7, 9, 25, 26, 22, 23, 20, 21, 31, 18];1692.0
[25, 23, 30, 6, 12, 8, 15, 20, 33, 27, 11, 7, 21, 5, 9, 10, 18, 28, 16, 14, 13, 19, 31, 3, 4, 26, 1, 29, 0, 2, 24, 17, 32, 22];4133.0
[28, 23, 18, 19, 11, 31, 17, 12, 14, 15, 16, 0, 9, 10, 5, 6, 4, 7, 32, 8, 13, 1, 2, 3, 30, 33, 26, 29, 25, 24, 20, 21, 22, 27];1859.0
[23, 15, 28, 8, 31, 4, 25, 21, 17, 32, 9, 1, 20, 24, 30, 33, 11, 26, 27, 5, 6, 14, 7, 0, 13, 12, 22, 29, 3, 2, 19, 10, 16, 18];4079.0
[4, 5, 2, 3, 16, 0, 26, 27, 28, 25, 1, 33, 30, 29, 22, 19, 17, 11, 10, 12, 14, 15, 32, 8, 9, 13, 24, 23, 20, 21, 31, 18, 7, 6];1745.0
[19, 18, 17, 21, 20, 22, 32, 7, 8, 26, 27, 28, 29, 12, 9, 4, 6, 5, 25, 24, 23, 10, 13, 0, 1, 30, 33, 2, 3, 16, 15, 14, 11, 31];1992.0
[9, 26, 16, 0, 30, 2, 4, 15, 18, 32, 33, 31, 1, 29, 21, 27, 28, 23, 6, 13, 3, 12, 10, 22, 7, 5, 11, 20, 8, 14, 17, 19, 24, 25];4147.0
[26, 27, 28, 30, 18, 19, 17, 32, 7, 8, 13, 14, 16, 15, 12, 9, 10, 6, 4, 5, 2, 1, 33, 3, 0, 11, 31, 21, 20, 22, 29, 25, 24, 23];1941.0
[9, 12, 14, 15, 16, 13, 0, 25, 24, 21, 27, 28, 29, 1, 33, 30, 4, 5, 6, 32, 7, 8, 10, 18, 20, 22, 26, 2, 3, 23, 19, 17, 11, 31];1742.0
[22, 29, 0, 12, 14, 15, 16, 25, 24, 23, 19, 17, 5, 6, 4, 7, 9, 13, 1, 33, 30, 26, 27, 28, 2, 3, 32, 8, 10, 11, 31, 18, 21, 20];1734.0
[9, 10, 12, 14, 16, 15, 1, 33, 30, 29, 26, 27, 28, 25, 0, 13, 32, 7, 4, 5, 6, 2, 3, 24, 23, 22, 20, 21, 19, 31, 18, 17, 11, 8];1524.0
[2, 30, 26, 29, 22, 21, 20, 31, 11, 8, 5, 6, 4, 9, 13, 0, 16, 1, 3, 32, 7, 10, 18, 17, 12, 25, 24, 23, 19, 14, 15, 27, 28, 33];2041.0
[14, 30, 33, 8, 0, 27, 21, 17, 7, 5, 2, 26, 23, 29, 16, 15, 3, 25, 24, 9, 32, 22, 20, 28, 13, 12, 19, 10, 1, 4, 18, 11, 31, 6];3450.0
[31, 18, 17, 33, 30, 4, 5, 6, 2, 16, 14, 15, 12, 32, 7, 8, 10, 9, 1, 3, 0, 13, 25, 21, 20, 22, 26, 27, 28, 29, 24, 23, 19, 11];1703.0
[5, 6, 8, 24, 23, 27, 28, 29, 22, 26, 2, 3, 14, 15, 16, 1, 25, 0, 13, 12, 18, 19, 20, 21, 31, 17, 11, 10, 9, 32, 7, 33, 30, 4];1835.0
[6, 4, 32, 7, 10, 31, 18, 17, 12, 14, 15, 16, 2, 3, 0, 25, 26, 27, 28, 29, 24, 20, 21, 22, 23, 19, 11, 8, 9, 13, 1, 33, 30, 5];1683.0
[19, 20, 21, 27, 22, 24, 23, 17, 9, 13, 0, 1, 30, 33, 2, 3, 32, 7, 8, 10, 12, 14, 15, 16, 25, 4, 6, 5, 28, 29, 26, 11, 31, 18];1767.0
[24, 23, 17, 11, 10, 9, 6, 4, 5, 2, 3, 0, 1, 33, 30, 29, 26, 27, 28, 16, 15, 14, 12, 32, 7, 8, 13, 21, 31, 18, 19, 20, 22, 25];1677.0
[12, 14, 15, 16, 20, 21, 19, 31, 18, 11, 10, 1, 2, 6, 4, 5, 3, 0, 13, 9, 32, 7, 8, 25, 27, 28, 29, 22, 23, 26, 33, 30, 24, 17];1925.0
[26, 29, 1, 3, 0, 16, 15, 2, 5, 6, 4, 12, 14, 33, 30, 21, 31, 17, 11, 10, 8, 9, 32, 7, 13, 25, 23, 24, 19, 18, 20, 27, 28, 22];1975.0
[15, 16, 1, 3, 33, 30, 29, 23, 19, 8, 10, 11, 31, 18, 17, 32, 7, 13, 0, 25, 24, 21, 20, 22, 26, 27, 28, 2, 5, 6, 4, 9, 12, 14];1684.0
[7, 32, 8, 25, 18, 12, 4, 13, 23, 9, 17, 29, 14, 0, 28, 30, 20, 21, 33, 31, 11, 27, 2, 24, 16, 26, 1, 5, 6, 3, 15, 22, 19, 10];3867.0
[9, 7, 32, 8, 13, 0, 1, 2, 4, 6, 5, 3, 16, 25, 33, 30, 27, 28, 29, 24, 23, 26, 15, 14, 12, 11, 31, 18, 20, 22, 21, 19, 17, 10];1797.0
[20, 19, 17, 26, 11, 4, 23, 25, 16, 3, 24, 7, 9, 28, 13, 22, 32, 30, 14, 18, 8, 21, 15, 29, 2, 0, 33, 27, 12, 6, 1, 10, 5, 31];4606.0
[24, 19, 31, 21, 20, 22, 23, 17, 18, 11, 8, 10, 12, 9, 13, 0, 25, 2, 3, 1, 33, 30, 4, 5, 6, 32, 7, 26, 27, 28, 29, 16, 15, 14];1731.0
[14, 15, 27, 28, 25, 16, 1, 3, 0, 13, 26, 29, 20, 21, 31, 11, 8, 30, 33, 2, 32, 7, 5, 6, 4, 9, 10, 17, 18, 19, 22, 24, 23, 12];2020.0
[24, 27, 10, 8, 32, 19, 31, 9, 17, 25, 30, 6, 18, 12, 5, 7, 33, 16, 22, 21, 28, 13, 26, 14, 2, 20, 15, 29, 0, 23, 1, 3, 4, 11];4211.0
[30, 33, 29, 24, 20, 21, 11, 8, 10, 31, 18, 19, 22, 23, 17, 9, 32, 7, 12, 14, 15, 16, 0, 25, 26, 27, 28, 1, 2, 3, 13, 4, 6, 5];1756.0
[31, 18, 17, 11, 10, 9, 13, 12, 32, 7, 5, 6, 4, 8, 23, 20, 21, 22, 26, 29, 33, 30, 2, 3, 0, 16, 14, 15, 27, 28, 25, 1, 24, 19];1713.0
[28, 16, 15, 32, 7, 8, 25, 26, 29, 1, 2, 4, 6, 5, 30, 33, 3, 14, 12, 11, 31, 18, 19, 20, 21, 22, 17, 10, 9, 13, 0, 24, 23, 27];1783.0
[26, 20, 18, 2, 0, 15, 12, 9, 13, 6, 1, 3, 25, 23, 17, 10, 14, 28, 32, 7, 27, 11, 16, 31, 24, 5, 30, 33, 29, 22, 19, 8, 4, 21];3685.0
[24, 23, 19, 32, 7, 4, 13, 26, 22, 20, 21, 31, 18, 17, 12, 15, 14, 16, 27, 28, 29, 33, 30, 6, 5, 9, 10, 11, 8, 0, 25, 1, 2, 3];1849.0
[25, 1, 2, 3, 0, 15, 16, 14, 12, 10, 11, 31, 21, 20, 22, 32, 7, 8, 9, 4, 6, 5, 30, 33, 24, 23, 19, 18, 17, 13, 26, 27, 28, 29];1715.0
[19, 0, 25, 24, 23, 26, 16, 15, 14, 12, 1, 3, 2, 5, 6, 4, 9, 10, 17, 11, 8, 7, 32, 13, 30, 33, 27, 28, 29, 22, 20, 21, 31, 18];1904.0
[17, 7, 4, 5, 6, 10, 11, 31, 21, 20, 27, 28, 29, 22, 23, 26, 25, 1, 3, 16, 15, 12, 14, 13, 9, 32, 8, 30, 33, 2, 0, 24, 19, 18];1827.0
[2, 19, 31, 18, 17, 10, 11, 8, 5, 30, 33, 29, 26, 22, 24, 23, 21, 20, 27, 28, 25, 13, 0, 1, 3, 16, 15, 14, 12, 9, 32, 7, 4, 6];1807.0
[29, 26, 22, 31, 18, 5, 6, 4, 14, 15, 16, 24, 23, 21, 20, 27, 25, 2, 3, 19, 17, 32, 7, 8, 9, 13, 12, 11, 10, 0, 1, 33, 30, 28];2000.0
[17, 11, 7, 8, 10, 9, 27, 28, 25, 13, 32, 4, 5, 6, 2, 16, 14, 15, 20, 21, 31, 18, 12, 0, 1, 3, 33, 30, 29, 26, 22, 24, 23, 19];1880.0
[30, 29, 19, 17, 11, 8, 10, 9, 25, 26, 22, 27, 28, 14, 15, 16, 1, 3, 4, 32, 7, 24, 23, 20, 21, 31, 18, 12, 13, 0, 33, 2, 6, 5];1918.0
[5, 17, 26, 22, 23, 13, 33, 25, 3, 0, 24, 18, 11, 30, 21, 9, 14, 16, 7, 29, 28, 2, 32, 27, 4, 8, 10, 31, 12, 6, 15, 1, 20, 19];4060.0
[27, 28, 29, 25, 26, 20, 22, 21, 31, 18, 11, 10, 9, 30, 4, 6, 5, 33, 2, 13, 12, 32, 7, 8, 24, 23, 19, 17, 1, 3, 15, 16, 14, 0];1923.0
[33, 2, 25, 24, 23, 20, 21, 27, 28, 29, 26, 22, 18, 19, 31, 17, 11, 10, 13, 1, 3, 0, 32, 7, 8, 9, 14, 16, 15, 12, 6, 4, 5, 30];1654.0
[31, 21, 11, 14, 3, 32, 5, 24, 12, 25, 19, 4, 16, 13, 28, 23, 1, 2, 7, 10, 26, 0, 17, 30, 27, 20, 22, 15, 6, 18, 29, 9, 8, 33];4367.0
[26, 29, 2, 5, 6, 4, 32, 7, 8, 10, 11, 31, 19, 17, 18, 9, 12, 13, 27, 28, 33, 3, 0, 16, 14, 15, 1, 30, 25, 23, 24, 20, 21, 22];1802.0
[6, 9, 2, 7, 14, 15, 22, 1, 24, 10, 31, 18, 13, 20, 28, 29, 33, 30, 16, 32, 25, 21, 11, 23, 8, 3, 17, 26, 12, 27, 19, 0, 4, 5];3809.0
[20, 22, 33, 2, 0, 16, 15, 1, 3, 30, 4, 5, 6, 7, 32, 8, 9, 13, 24, 23, 19, 31, 17, 18, 11, 10, 12, 14, 25, 27, 28, 29, 26, 21];1774.0
[22, 20, 21, 11, 10, 8, 0, 13, 9, 32, 7, 4, 6, 5, 30, 33, 2, 3, 1, 24, 23, 19, 31, 18, 17, 12, 14, 15, 16, 27, 28, 29, 25, 26];1591.0
[32, 14, 0, 26, 18, 12, 2, 16, 13, 9, 31, 20, 29, 15, 19, 25, 8, 3, 5, 28, 22, 1, 10, 33, 6, 21, 17, 23, 27, 30, 24, 11, 4, 7];4040.0
[12, 11, 8, 10, 18, 19, 9, 24, 23, 22, 26, 27, 20, 21, 31, 17, 4, 5, 6, 32, 7, 0, 33, 30, 28, 29, 25, 16, 15, 14, 1, 2, 3, 13];1903.0
[7, 8, 10, 18, 17, 11, 21, 27, 28, 1, 2, 3, 13, 12, 9, 32, 4, 6, 5, 30, 33, 0, 16, 14, 15, 25, 20, 22, 26, 29, 24, 23, 19, 31];1772.0
[11, 31, 21, 19, 18, 17, 12, 15, 14, 16, 25, 24, 23, 28, 29, 26, 22, 20, 27, 30, 5, 6, 4, 9, 13, 0, 1, 33, 2, 3, 32, 7, 8, 10];1731.0
[16, 25, 24, 23, 9, 5, 6, 4, 7, 8, 10, 11, 31, 20, 21, 19, 18, 17, 32, 12, 13, 22, 26, 29, 33, 2, 3, 0, 1, 30, 27, 28, 14, 15];1858.0
[30, 29, 26, 27, 22, 28, 0, 25, 23, 11, 8, 10, 9, 13, 24, 19, 18, 20, 21, 31, 17, 32, 7, 12, 15, 14, 16, 1, 33, 2, 3, 4, 6, 5];1835.0
[1, 33, 30, 2, 3, 24, 23, 31, 18, 19, 17, 14, 15, 12, 11, 8, 10, 16, 26, 29, 22, 20, 21, 27, 28, 25, 0, 5, 6, 4, 32, 7, 9, 13];1850.0
[31, 17, 9, 12, 15, 16, 2, 4, 32, 7, 25, 24, 23, 18, 19, 21, 27, 28, 29, 1, 3, 0, 13, 14, 20, 22, 26, 33, 30, 5, 6, 8, 10, 11];1923.0
[12, 14, 15, 1, 3, 16, 24, 23, 19, 17, 18, 32, 7, 8, 13, 0, 33, 2, 5, 6, 30, 27, 28, 29, 26, 25, 22, 20, 21, 31, 11, 10, 9, 4];1864.0
[2, 3, 0, 27, 28, 1, 33, 30, 29, 25, 26, 22, 11, 8, 32, 7, 4, 5, 6, 16, 23, 19, 10, 9, 12, 15, 14, 24, 20, 21, 31, 18, 17, 13];1953.0
[18, 22, 9, 7, 20, 19, 1, 6, 4, 13, 15, 24, 14, 3, 10, 32, 12, 26, 2, 17, 31, 23, 25, 16, 30, 5, 0, 8, 28, 29, 21, 27, 11, 33];4152.0
[31, 18, 17, 19, 22, 26, 33, 30, 4, 32, 7, 6, 5, 2, 3, 1, 27, 28, 29, 0, 10, 11, 8, 9, 13, 12, 15, 14, 16, 25, 24, 23, 20, 21];1712.0
[2, 7, 15, 13, 29, 31, 25, 12, 18, 33, 28, 9, 23, 30, 14, 22, 21, 26, 0, 27, 24, 6, 4, 17, 16, 5, 1, 8, 32, 3, 20, 11, 19, 10];4468.0
[24, 22, 23, 19, 20, 21, 26, 27, 28, 29, 25, 0, 13, 4, 5, 6, 9, 10, 11, 31, 18, 17, 14, 16, 15, 12, 32, 7, 8, 33, 30, 2, 1, 3];1785.0
[3, 13, 0, 16, 25, 19, 31, 18, 21, 22, 20, 24, 23, 26, 27, 28, 29, 33, 30, 4, 9, 32, 7, 5, 6, 8, 10, 11, 17, 12, 14, 15, 1, 2];1788.0
[9, 12, 13, 32, 6, 5, 30, 2, 3, 16, 23, 21, 20, 22, 26, 27, 28, 15, 14, 11, 8, 7, 4, 0, 1, 33, 29, 25, 24, 19, 31, 17, 18, 10];1906.0
[29, 16, 13, 0, 1, 33, 30, 22, 20, 21, 31, 18, 19, 17, 32, 7, 9, 12, 14, 15, 24, 23, 11, 8, 10, 4, 5, 6, 2, 3, 25, 26, 27, 28];1669.0
[25, 1, 3, 33, 30, 22, 23, 17, 11, 10, 16, 15, 14, 12, 32, 7, 8, 9, 4, 6, 5, 2, 0, 13, 24, 21, 31, 18, 19, 20, 26, 27, 28, 29];1631.0
[7, 9, 14, 27, 16, 13, 23, 0, 18, 12, 20, 29, 5, 4, 33, 11, 25, 19, 32, 30, 31, 21, 15, 6, 2, 26, 24, 8, 10, 1, 3, 28, 22, 17];4232.0
[7, 9, 1, 2, 3, 13, 21, 20, 31, 11, 8, 10, 6, 4, 5, 30, 33, 26, 22, 27, 28, 29, 19, 18, 12, 14, 15, 16, 0, 25, 24, 23, 17, 32];1951.0
[3, 30, 6, 4, 5, 0, 24, 23, 17, 9, 32, 7, 8, 10, 11, 20, 21, 22, 19, 31, 18, 13, 12, 14, 15, 16, 25, 26, 27, 28, 29, 1, 33, 2];1757.0
[23, 22, 20, 21, 31, 18, 32, 7, 1, 30, 33, 2, 16, 14, 15, 12, 10, 9, 13, 0, 26, 27, 28, 29, 24, 19, 17, 11, 8, 4, 6, 5, 3, 25];1779.0
[25, 0, 14, 15, 16, 24, 23, 32, 7, 8, 13, 12, 10, 18, 17, 9, 4, 5, 6, 2, 1, 30, 33, 3, 11, 21, 31, 19, 20, 22, 26, 27, 28, 29];1884.0
[13, 1, 33, 30, 2, 5, 6, 4, 32, 7, 8, 14, 15, 16, 25, 24, 23, 19, 21, 20, 22, 29, 26, 27, 28, 3, 0, 9, 10, 11, 31, 17, 18, 12];1653.0
[10, 11, 31, 18, 17, 32, 7, 5, 6, 4, 8, 14, 16, 1, 2, 3, 13, 0, 33, 30, 28, 29, 26, 24, 23, 21, 19, 20, 22, 27, 25, 15, 12, 9];1750.0
[31, 26, 5, 0, 1, 15, 7, 22, 23, 2, 18, 21, 10, 20, 11, 29, 9, 17, 27, 12, 32, 30, 13, 8, 3, 16, 33, 4, 6, 28, 14, 25, 24, 19];4211.0
[16, 15, 5, 6, 4, 10, 17, 11, 8, 9, 0, 26, 27, 28, 33, 2, 3, 32, 7, 13, 24, 23, 29, 25, 1, 30, 22, 20, 21, 19, 31, 18, 12, 14];1946.0
[9, 7, 31, 28, 26, 12, 29, 23, 19, 3, 27, 13, 4, 10, 25, 0, 2, 6, 15, 14, 30, 18, 22, 5, 17, 8, 1, 20, 33, 16, 21, 11, 32, 24];4394.0
[8, 10, 4, 5, 6, 30, 22, 27, 28, 29, 26, 20, 21, 31, 18, 13, 0, 25, 1, 3, 33, 2, 16, 15, 14, 12, 9, 32, 7, 24, 23, 19, 17, 11];1724.0
[19, 8, 12, 29, 22, 14, 6, 0, 11, 17, 5, 32, 4, 27, 2, 10, 1, 28, 18, 7, 15, 24, 25, 26, 21, 3, 31, 20, 30, 23, 13, 9, 33, 16];4331.0
[7, 26, 1, 15, 27, 30, 25, 8, 4, 13, 22, 5, 23, 17, 24, 32, 28, 16, 9, 19, 31, 12, 11, 2, 29, 21, 0, 20, 10, 18, 3, 33, 6, 14];4517.0
[23, 20, 24, 17, 6, 32, 27, 26, 4, 16, 0, 1, 8, 3, 12, 5, 25, 31, 7, 21, 30, 29, 9, 22, 15, 14, 10, 2, 19, 28, 13, 33, 18, 11];4374.0
[21, 31, 17, 11, 8, 10, 13, 0, 16, 14, 15, 12, 9, 32, 7, 1, 23, 19, 18, 20, 22, 26, 29, 33, 3, 25, 24, 27, 28, 2, 4, 6, 5, 30];1889.0
[20, 21, 19, 17, 9, 4, 6, 5, 30, 29, 24, 23, 28, 33, 2, 3, 0, 15, 16, 14, 13, 32, 7, 8, 10, 12, 11, 31, 18, 1, 25, 26, 27, 22];1807.0
[19, 21, 31, 18, 17, 4, 5, 6, 30, 29, 1, 24, 20, 22, 26, 25, 16, 13, 0, 9, 7, 32, 8, 12, 14, 15, 23, 27, 28, 33, 2, 3, 11, 10];2001.0
[14, 12, 9, 8, 32, 7, 4, 6, 5, 2, 3, 0, 15, 16, 1, 25, 24, 23, 19, 18, 17, 10, 11, 31, 20, 21, 29, 22, 26, 27, 28, 30, 33, 13];1697.0
[14, 13, 0, 1, 33, 30, 2, 3, 25, 24, 23, 17, 12, 4, 5, 6, 32, 7, 8, 9, 10, 11, 31, 19, 18, 20, 21, 22, 27, 28, 29, 26, 15, 16];1625.0
[3, 0, 31, 22, 17, 6, 26, 5, 19, 25, 32, 30, 2, 28, 23, 7, 4, 29, 12, 8, 9, 11, 27, 1, 16, 15, 20, 24, 21, 33, 18, 13, 14, 10];4376.0
[1, 33, 30, 2, 3, 25, 26, 27, 28, 29, 22, 17, 11, 8, 13, 0, 24, 19, 10, 9, 32, 7, 12, 23, 20, 21, 31, 18, 5, 4, 6, 14, 15, 16];1909.0
[33, 2, 10, 9, 12, 14, 15, 16, 0, 13, 26, 22, 24, 23, 19, 20, 21, 31, 17, 18, 11, 8, 32, 7, 4, 6, 5, 30, 28, 29, 27, 25, 3, 1];1696.0
[8, 7, 32, 14, 15, 16, 0, 25, 1, 30, 33, 2, 4, 6, 5, 3, 13, 10, 31, 17, 18, 19, 21, 20, 22, 9, 12, 24, 26, 27, 28, 29, 23, 11];1898.0
[1, 2, 3, 33, 30, 27, 28, 29, 13, 0, 26, 22, 20, 21, 19, 31, 18, 10, 12, 14, 16, 15, 25, 23, 24, 17, 11, 8, 7, 5, 6, 4, 32, 9];1761.0
[3, 0, 13, 32, 7, 8, 26, 29, 30, 33, 2, 4, 5, 6, 9, 12, 14, 15, 16, 25, 24, 23, 27, 28, 22, 20, 21, 31, 19, 18, 17, 11, 10, 1];1683.0
[12, 15, 14, 16, 27, 28, 33, 30, 2, 3, 24, 23, 21, 31, 17, 11, 6, 5, 4, 9, 10, 18, 19, 20, 22, 26, 29, 25, 1, 32, 7, 8, 13, 0];1804.0
[14, 3, 13, 0, 1, 2, 5, 6, 4, 32, 7, 10, 31, 18, 12, 30, 33, 28, 27, 22, 26, 29, 25, 16, 15, 24, 23, 20, 21, 19, 17, 11, 8, 9];1949.0
[4, 6, 5, 29, 25, 23, 17, 10, 11, 8, 9, 12, 13, 32, 7, 14, 15, 1, 33, 30, 2, 3, 0, 16, 24, 31, 18, 19, 21, 20, 22, 26, 27, 28];1773.0
[29, 16, 15, 25, 24, 21, 20, 22, 23, 17, 7, 8, 10, 32, 12, 14, 1, 33, 4, 6, 5, 2, 3, 0, 19, 18, 11, 31, 9, 13, 30, 26, 27, 28];1926.0
[12, 14, 15, 16, 24, 23, 5, 6, 4, 32, 7, 8, 25, 26, 22, 20, 21, 19, 31, 18, 17, 11, 33, 30, 27, 28, 29, 1, 3, 2, 0, 13, 9, 10];1847.0
[30, 28, 27, 21, 31, 18, 9, 32, 7, 8, 13, 20, 22, 23, 26, 29, 25, 3, 0, 16, 1, 33, 2, 4, 12, 14, 15, 24, 19, 17, 11, 10, 6, 5];1918.0
[0, 25, 24, 23, 26, 27, 28, 29, 15, 12, 9, 32, 8, 10, 17, 11, 31, 20, 21, 18, 19, 22, 30, 5, 6, 4, 7, 14, 16, 1, 33, 2, 3, 13];1771.0
[9, 33, 2, 3, 13, 10, 18, 19, 20, 21, 27, 28, 25, 1, 0, 16, 15, 14, 12, 7, 32, 4, 5, 6, 30, 29, 26, 22, 24, 23, 11, 31, 17, 8];1773.0
[28, 19, 23, 5, 30, 17, 25, 11, 33, 2, 8, 10, 7, 18, 31, 3, 14, 16, 1, 20, 12, 27, 24, 15, 32, 29, 9, 6, 26, 22, 13, 21, 4, 0];4491.0
[11, 22, 33, 3, 12, 15, 16, 1, 9, 7, 27, 24, 31, 2, 25, 21, 29, 32, 13, 23, 8, 28, 20, 4, 5, 6, 17, 18, 14, 10, 0, 26, 30, 19];3864.0
[20, 10, 19, 32, 31, 17, 25, 14, 21, 4, 27, 18, 23, 1, 3, 24, 22, 26, 29, 30, 11, 16, 28, 2, 6, 15, 8, 5, 33, 13, 9, 12, 0, 7];4181.0
[22, 23, 11, 8, 7, 9, 12, 14, 24, 19, 18, 17, 5, 6, 4, 32, 10, 31, 21, 20, 26, 27, 28, 29, 25, 15, 16, 1, 33, 2, 3, 0, 13, 30];1923.0
[21, 20, 27, 28, 0, 12, 4, 5, 6, 30, 26, 22, 29, 16, 14, 15, 1, 25, 23, 24, 19, 18, 17, 10, 13, 33, 2, 3, 9, 32, 7, 8, 11, 31];1950.0
[17, 19, 21, 27, 28, 25, 1, 33, 2, 3, 0, 13, 12, 11, 10, 9, 7, 8, 32, 4, 6, 5, 30, 23, 20, 22, 26, 29, 14, 15, 16, 24, 31, 18];1744.0
[11, 21, 5, 28, 3, 15, 33, 7, 0, 19, 17, 18, 26, 2, 6, 13, 4, 1, 12, 31, 9, 27, 32, 24, 29, 30, 16, 23, 20, 10, 22, 8, 14, 25];4156.0
[21, 3, 28, 13, 20, 23, 11, 10, 2, 25, 1, 6, 22, 33, 31, 26, 27, 8, 16, 24, 18, 12, 17, 30, 14, 29, 19, 4, 5, 0, 32, 9, 7, 15];4201.0
[26, 22, 23, 20, 21, 31, 18, 10, 1, 33, 30, 24, 19, 17, 11, 8, 4, 6, 5, 2, 3, 16, 0, 13, 32, 7, 9, 12, 14, 15, 25, 27, 28, 29];1672.0
[14, 12, 11, 8, 7, 4, 5, 6, 32, 13, 27, 28, 29, 26, 25, 15, 16, 1, 2, 3, 0, 33, 30, 21, 19, 31, 18, 20, 22, 24, 23, 17, 10, 9];1903.0
[10, 9, 13, 14, 2, 3, 0, 25, 1, 30, 33, 32, 6, 5, 4, 7, 8, 18, 19, 21, 20, 27, 28, 16, 15, 12, 11, 31, 22, 29, 26, 24, 23, 17];2006.0
[33, 30, 29, 32, 7, 4, 5, 6, 2, 0, 25, 16, 24, 26, 27, 28, 20, 21, 31, 19, 22, 23, 17, 9, 14, 15, 12, 18, 11, 8, 10, 13, 1, 3];1940.0
[29, 26, 27, 28, 2, 3, 16, 23, 25, 24, 20, 21, 22, 19, 31, 18, 17, 14, 15, 12, 9, 32, 7, 4, 5, 6, 10, 11, 8, 0, 13, 1, 30, 33];1843.0
[26, 27, 28, 29, 25, 1, 13, 24, 23, 22, 16, 15, 14, 12, 11, 8, 32, 7, 10, 18, 17, 19, 20, 21, 31, 9, 4, 6, 5, 30, 33, 2, 3, 0];1811.0
[17, 13, 1, 9, 12, 8, 11, 2, 28, 25, 30, 7, 29, 16, 14, 23, 5, 26, 20, 27, 0, 22, 18, 15, 21, 32, 31, 10, 3, 4, 6, 33, 24, 19];4001.0
[17, 1, 33, 2, 3, 13, 12, 0, 20, 21, 22, 27, 28, 26, 29, 14, 15, 16, 25, 24, 23, 19, 11, 8, 30, 5, 6, 4, 9, 32, 7, 10, 31, 18];1921.0
[26, 16, 32, 25, 31, 1, 19, 33, 20, 4, 13, 5, 22, 17, 29, 14, 10, 15, 24, 6, 9, 12, 3, 11, 0, 30, 18, 2, 28, 27, 23, 21, 7, 8];4594.0
[13, 27, 23, 33, 12, 32, 6, 5, 1, 28, 20, 8, 22, 15, 21, 16, 30, 3, 18, 9, 24, 14, 2, 19, 26, 25, 7, 0, 29, 11, 31, 4, 17, 10];4315.0
[31, 9, 15, 21, 4, 29, 7, 6, 16, 25, 26, 22, 33, 2, 3, 12, 17, 18, 19, 23, 0, 10, 30, 20, 24, 5, 11, 32, 13, 14, 28, 8, 1, 27];4020.0
[32, 7, 12, 11, 8, 10, 19, 20, 22, 26, 27, 28, 29, 25, 16, 24, 23, 21, 31, 18, 17, 9, 0, 1, 33, 30, 2, 3, 14, 15, 13, 4, 5, 6];1676.0
[13, 25, 24, 23, 20, 21, 31, 18, 17, 9, 1, 2, 3, 33, 30, 29, 27, 28, 7, 32, 4, 6, 5, 26, 22, 19, 11, 8, 10, 12, 14, 15, 16, 0];1755.0
[20, 32, 19, 8, 30, 7, 3, 21, 4, 6, 26, 0, 23, 28, 31, 25, 2, 15, 9, 11, 22, 16, 17, 12, 18, 27, 24, 1, 5, 13, 10, 33, 29, 14];4582.0
[25, 26, 27, 28, 24, 23, 19, 17, 11, 31, 18, 20, 22, 21, 10, 13, 9, 12, 14, 15, 16, 1, 33, 2, 3, 32, 7, 8, 4, 6, 5, 30, 29, 0];1713.0
[6, 28, 16, 31, 24, 18, 14, 29, 0, 25, 5, 33, 19, 17, 32, 21, 27, 4, 2, 9, 13, 20, 12, 23, 26, 10, 7, 15, 30, 11, 3, 1, 22, 8];4464.0
[32, 29, 1, 3, 21, 27, 28, 23, 0, 14, 18, 24, 31, 19, 33, 20, 9, 2, 30, 26, 5, 17, 8, 13, 11, 7, 12, 22, 4, 6, 15, 25, 16, 10];3992.0
[26, 22, 0, 16, 15, 14, 12, 7, 4, 6, 5, 30, 33, 2, 3, 13, 32, 8, 9, 25, 1, 24, 23, 20, 21, 17, 10, 11, 31, 18, 19, 27, 28, 29];1688.0
[15, 14, 16, 1, 33, 2, 3, 4, 32, 7, 25, 17, 11, 8, 6, 5, 30, 24, 23, 19, 10, 0, 26, 27, 28, 29, 22, 20, 21, 31, 18, 9, 13, 12];1901.0
[15, 33, 2, 14, 12, 7, 9, 32, 8, 10, 13, 24, 23, 17, 11, 31, 20, 21, 18, 19, 27, 28, 4, 6, 5, 30, 29, 25, 26, 22, 0, 1, 3, 16];2004.0
[29, 2, 3, 12, 15, 14, 16, 23, 20, 21, 22, 26, 25, 1, 33, 30, 32, 7, 13, 0, 24, 19, 11, 8, 10, 31, 18, 17, 9, 4, 6, 5, 27, 28];1915.0
[23, 29, 25, 31, 6, 9, 3, 32, 1, 8, 16, 15, 4, 11, 22, 14, 13, 0, 28, 2, 7, 19, 24, 26, 20, 12, 21, 27, 10, 30, 18, 5, 33, 17];4514.0
[6, 5, 2, 3, 9, 32, 7, 8, 12, 15, 14, 16, 25, 19, 17, 18, 20, 21, 31, 11, 10, 13, 0, 24, 23, 22, 27, 28, 29, 26, 1, 33, 30, 4];1673.0
[20, 12, 19, 16, 24, 18, 5, 27, 13, 4, 11, 33, 3, 30, 6, 14, 8, 1, 9, 28, 0, 2, 7, 21, 17, 15, 32, 25, 26, 23, 29, 22, 31, 10];4283.0
[17, 9, 32, 7, 8, 10, 0, 1, 23, 19, 11, 31, 18, 6, 5, 30, 2, 3, 20, 21, 22, 33, 4, 13, 12, 14, 15, 16, 25, 26, 27, 28, 29, 24];1994.0
[20, 22, 21, 17, 32, 7, 8, 10, 9, 12, 14, 15, 24, 23, 26, 29, 33, 4, 5, 6, 30, 27, 28, 25, 16, 0, 1, 3, 2, 13, 11, 31, 18, 19];1817.0
[19, 13, 1, 2, 3, 0, 32, 7, 4, 5, 6, 11, 31, 18, 17, 10, 8, 9, 12, 14, 33, 30, 29, 22, 21, 20, 26, 27, 28, 25, 15, 16, 24, 23];1823.0
[28, 0, 1, 33, 2, 3, 15, 16, 13, 14, 12, 9, 32, 7, 10, 18, 19, 20, 21, 31, 17, 11, 8, 4, 6, 5, 30, 29, 25, 24, 23, 22, 26, 27];1596.0
[27, 28, 25, 1, 2, 3, 0, 9, 4, 5, 6, 32, 7, 8, 10, 11, 31, 18, 12, 15, 14, 16, 24, 23, 20, 21, 22, 19, 17, 13, 33, 30, 29, 26];1642.0
[15, 12, 9, 32, 7, 4, 5, 6, 8, 10, 23, 17, 11, 31, 18, 19, 21, 20, 22, 26, 25, 1, 30, 33, 2, 3, 13, 0, 24, 27, 28, 29, 16, 14];1627.0
[3, 30, 32, 8, 7, 4, 6, 5, 27, 28, 26, 29, 25, 12, 14, 15, 16, 24, 23, 20, 22, 21, 31, 18, 19, 17, 11, 10, 9, 13, 0, 1, 33, 2];1670.0
[24, 23, 17, 11, 8, 9, 10, 12, 32, 7, 4, 6, 5, 30, 21, 31, 18, 19, 20, 26, 27, 28, 33, 2, 3, 15, 16, 14, 13, 0, 25, 1, 29, 22];1659.0
[24, 26, 29, 1, 33, 30, 2, 3, 0, 13, 16, 15, 14, 12, 8, 10, 11, 31, 18, 20, 21, 19, 32, 7, 4, 6, 5, 27, 28, 22, 23, 17, 9, 25];1765.0
[7, 8, 10, 9, 12, 14, 24, 17, 11, 13, 0, 1, 25, 26, 22, 23, 19, 31, 18, 20, 21, 27, 28, 29, 4, 6, 5, 30, 33, 2, 3, 16, 15, 32];1738.0
[13, 33, 30, 29, 27, 28, 25, 3, 0, 1, 2, 6, 4, 5, 7, 32, 8, 12, 14, 15, 16, 24, 19, 18, 21, 20, 22, 23, 26, 17, 10, 11, 31, 9];1901.0
[26, 29, 0, 13, 32, 4, 6, 5, 33, 30, 28, 27, 22, 24, 23, 7, 8, 10, 20, 21, 19, 17, 11, 31, 18, 9, 1, 2, 3, 16, 15, 12, 14, 25];1910.0
[25, 26, 27, 28, 29, 0, 13, 32, 4, 5, 6, 7, 8, 9, 1, 33, 30, 2, 3, 24, 19, 31, 21, 20, 22, 23, 17, 18, 11, 10, 12, 14, 15, 16];1653.0
[26, 27, 28, 29, 25, 15, 14, 16, 0, 13, 24, 18, 17, 11, 8, 12, 10, 9, 32, 7, 4, 6, 5, 30, 33, 2, 3, 1, 23, 19, 31, 21, 22, 20];1632.0
[25, 24, 29, 3, 16, 15, 1, 33, 30, 22, 23, 26, 2, 4, 5, 6, 7, 32, 0, 27, 28, 20, 21, 31, 17, 9, 13, 14, 12, 10, 18, 19, 11, 8];2154.0
[28, 29, 26, 22, 23, 24, 20, 21, 31, 19, 18, 17, 11, 8, 10, 9, 12, 32, 7, 4, 5, 6, 33, 30, 2, 3, 13, 14, 15, 16, 0, 25, 1, 27];1572.0
[6, 12, 13, 0, 19, 17, 14, 15, 16, 24, 23, 20, 22, 27, 28, 21, 31, 18, 11, 10, 1, 2, 3, 25, 26, 29, 33, 30, 7, 8, 9, 32, 4, 5];1965.0
[5, 25, 8, 24, 13, 17, 14, 18, 20, 11, 15, 9, 27, 32, 26, 2, 19, 16, 3, 23, 10, 0, 12, 4, 21, 31, 1, 22, 28, 7, 6, 29, 33, 30];4358.0
[18, 19, 22, 26, 29, 0, 25, 27, 28, 1, 33, 30, 5, 2, 3, 15, 16, 14, 12, 6, 4, 32, 7, 8, 10, 11, 31, 17, 9, 13, 24, 23, 20, 21];1801.0
[6, 5, 30, 25, 24, 23, 19, 17, 33, 2, 3, 1, 20, 21, 31, 18, 22, 26, 27, 28, 29, 16, 14, 15, 13, 0, 12, 11, 10, 8, 9, 32, 7, 4];1745.0
[7, 8, 12, 14, 15, 20, 21, 19, 13, 0, 1, 30, 33, 2, 3, 10, 11, 31, 18, 9, 16, 25, 26, 27, 28, 29, 22, 23, 24, 17, 32, 4, 5, 6];1878.0
[33, 3, 0, 1, 2, 4, 32, 7, 6, 5, 30, 29, 25, 24, 31, 18, 17, 19, 20, 21, 22, 23, 10, 11, 8, 9, 12, 13, 15, 14, 16, 26, 27, 28];1733.0
[18, 12, 14, 15, 16, 0, 13, 9, 32, 7, 4, 6, 5, 33, 2, 30, 29, 26, 22, 23, 19, 20, 21, 27, 28, 8, 10, 1, 3, 25, 24, 17, 11, 31];1767.0
[6, 2, 3, 26, 27, 28, 33, 30, 32, 7, 8, 10, 12, 14, 16, 15, 25, 29, 24, 11, 31, 21, 22, 20, 23, 18, 19, 17, 9, 13, 0, 1, 4, 5];1953.0
[21, 31, 19, 18, 13, 1, 33, 2, 3, 0, 25, 26, 29, 24, 17, 11, 8, 10, 9, 14, 16, 15, 12, 32, 7, 4, 6, 5, 30, 28, 27, 22, 23, 20];1686.0
[5, 25, 22, 16, 11, 14, 19, 18, 6, 1, 20, 32, 9, 23, 7, 31, 28, 2, 33, 15, 4, 26, 30, 24, 27, 0, 21, 29, 13, 3, 12, 8, 10, 17];4334.0
[9, 12, 4, 5, 6, 33, 30, 2, 3, 13, 0, 14, 15, 16, 1, 23, 19, 18, 22, 27, 28, 29, 26, 25, 24, 20, 21, 17, 32, 7, 8, 10, 11, 31];1820.0
[11, 8, 9, 13, 0, 25, 27, 28, 29, 1, 2, 4, 32, 7, 5, 6, 24, 23, 26, 33, 30, 22, 20, 21, 31, 19, 18, 17, 12, 14, 15, 16, 3, 10];1885.0
[5, 30, 22, 21, 20, 29, 15, 16, 24, 23, 19, 31, 11, 8, 7, 9, 12, 14, 13, 3, 0, 26, 27, 28, 25, 1, 33, 2, 4, 10, 18, 17, 32, 6];1963.0
[10, 25, 1, 2, 4, 6, 5, 30, 33, 3, 16, 14, 15, 0, 13, 12, 9, 32, 7, 8, 24, 29, 26, 22, 23, 19, 20, 21, 27, 28, 11, 31, 18, 17];1763.0
[24, 23, 21, 20, 22, 26, 27, 28, 29, 33, 30, 2, 3, 0, 1, 6, 5, 10, 11, 31, 18, 12, 13, 25, 19, 17, 9, 32, 4, 7, 8, 14, 15, 16];1795.0
[20, 26, 4, 5, 6, 30, 27, 28, 33, 2, 32, 7, 12, 14, 15, 16, 0, 13, 25, 24, 23, 17, 8, 10, 9, 1, 3, 29, 22, 21, 19, 18, 11, 31];2027.0
[6, 5, 2, 3, 25, 24, 23, 19, 31, 18, 17, 9, 32, 4, 7, 8, 13, 1, 33, 30, 27, 28, 29, 26, 22, 20, 21, 11, 10, 12, 14, 15, 16, 0];1663.0
[10, 32, 8, 7, 9, 13, 1, 33, 30, 2, 3, 31, 18, 17, 4, 5, 6, 0, 16, 24, 23, 19, 20, 21, 27, 28, 29, 22, 26, 25, 15, 14, 12, 11];1867.0
[28, 29, 24, 23, 26, 27, 22, 17, 18, 19, 20, 21, 31, 13, 25, 1, 33, 2, 3, 9, 10, 11, 8, 7, 12, 14, 15, 16, 0, 32, 4, 6, 5, 30];1737.0
[33, 30, 26, 27, 28, 29, 25, 31, 18, 19, 17, 11, 8, 24, 23, 20, 21, 22, 10, 9, 13, 0, 1, 16, 14, 15, 12, 7, 32, 6, 4, 5, 2, 3];1810.0
[18, 25, 21, 3, 26, 2, 4, 22, 32, 27, 15, 9, 29, 5, 11, 16, 13, 31, 17, 14, 24, 8, 12, 30, 10, 6, 33, 19, 20, 1, 28, 7, 0, 23];4642.0
[15, 1, 3, 32, 7, 0, 24, 23, 19, 20, 21, 31, 10, 18, 17, 11, 8, 9, 12, 13, 14, 25, 26, 22, 27, 28, 2, 4, 6, 5, 33, 30, 29, 16];1827.0
[25, 24, 23, 27, 28, 26, 22, 21, 31, 17, 11, 8, 32, 7, 6, 4, 5, 30, 15, 14, 16, 1, 33, 2, 3, 0, 12, 13, 9, 10, 18, 19, 20, 29];1689.0
[22, 6, 17, 15, 27, 24, 12, 1, 13, 2, 9, 31, 14, 26, 16, 18, 3, 29, 33, 30, 8, 0, 21, 4, 23, 19, 11, 28, 32, 10, 25, 5, 7, 20];4553.0
[12, 14, 15, 16, 19, 32, 7, 8, 10, 11, 21, 27, 28, 26, 22, 20, 31, 18, 17, 6, 5, 2, 3, 33, 30, 4, 9, 13, 25, 24, 23, 29, 1, 0];1930.0
[4, 6, 5, 2, 25, 24, 23, 27, 28, 1, 3, 33, 30, 29, 26, 20, 22, 21, 31, 18, 19, 17, 10, 9, 12, 13, 0, 16, 15, 14, 11, 8, 7, 32];1631.0
[1, 30, 28, 27, 22, 26, 29, 25, 11, 10, 7, 6, 4, 5, 33, 2, 24, 23, 31, 18, 17, 19, 21, 20, 3, 16, 14, 15, 12, 32, 8, 9, 0, 13];2059.0
[7, 32, 8, 0, 1, 33, 30, 29, 22, 11, 10, 26, 27, 28, 24, 23, 19, 31, 18, 20, 21, 17, 9, 12, 13, 14, 16, 15, 25, 3, 2, 4, 5, 6];1872.0
[11, 8, 12, 15, 14, 20, 21, 22, 19, 31, 18, 13, 33, 30, 28, 29, 1, 3, 0, 24, 23, 17, 9, 6, 5, 2, 16, 25, 26, 27, 32, 7, 4, 10];2121.0
[24, 19, 4, 5, 6, 32, 8, 7, 10, 11, 31, 18, 17, 9, 12, 13, 23, 26, 29, 16, 14, 15, 1, 30, 27, 28, 22, 21, 20, 33, 2, 3, 0, 25];1937.0
[19, 31, 18, 17, 12, 14, 15, 11, 8, 13, 16, 25, 24, 23, 10, 9, 32, 7, 6, 4, 5, 30, 33, 2, 1, 3, 0, 27, 28, 29, 26, 22, 20, 21];1673.0
[5, 30, 29, 24, 23, 20, 21, 22, 26, 27, 28, 16, 15, 14, 12, 11, 31, 18, 17, 10, 8, 9, 1, 33, 2, 3, 0, 13, 25, 19, 32, 7, 4, 6];1663.0
[1, 4, 5, 6, 25, 24, 23, 27, 28, 30, 33, 2, 3, 0, 16, 15, 14, 12, 9, 10, 11, 31, 21, 20, 22, 17, 18, 19, 26, 29, 32, 7, 8, 13];1827.0
[1, 2, 3, 25, 24, 23, 20, 22, 26, 33, 30, 19, 31, 21, 27, 28, 29, 15, 14, 13, 9, 10, 12, 18, 17, 11, 8, 7, 5, 6, 4, 32, 0, 16];1888.0
[20, 29, 26, 22, 21, 31, 17, 10, 11, 8, 12, 14, 15, 0, 16, 3, 1, 30, 33, 2, 5, 6, 4, 32, 7, 9, 13, 25, 24, 23, 27, 28, 19, 18];1806.0
[24, 11, 32, 20, 16, 12, 21, 8, 14, 30, 26, 13, 33, 2, 18, 7, 0, 1, 15, 5, 3, 6, 17, 4, 27, 25, 23, 10, 9, 28, 22, 29, 31, 19];4172.0
[17, 13, 29, 27, 6, 20, 23, 31, 4, 3, 7, 25, 2, 16, 18, 19, 33, 1, 24, 5, 26, 0, 15, 9, 32, 8, 14, 28, 22, 10, 21, 12, 30, 11];4212.0
[18, 17, 4, 6, 5, 3, 0, 13, 12, 9, 32, 7, 8, 14, 15, 16, 26, 27, 28, 29, 25, 24, 23, 20, 21, 22, 1, 30, 33, 2, 10, 11, 31, 19];1711.0
[26, 19, 18, 20, 21, 31, 17, 11, 8, 12, 14, 15, 24, 23, 10, 9, 33, 30, 29, 25, 1, 2, 3, 16, 0, 13, 32, 7, 4, 6, 5, 27, 28, 22];1834.0
[29, 25, 1, 33, 30, 4, 10, 11, 31, 19, 18, 5, 6, 2, 3, 0, 15, 14, 16, 26, 21, 20, 22, 24, 23, 17, 32, 7, 8, 9, 12, 13, 27, 28];1844.0
[12, 11, 31, 18, 22, 29, 1, 33, 30, 4, 6, 5, 15, 14, 16, 25, 26, 27, 28, 2, 3, 0, 13, 9, 32, 7, 8, 24, 23, 20, 21, 19, 17, 10];1803.0
[31, 21, 20, 22, 17, 32, 7, 8, 13, 24, 23, 26, 29, 25, 0, 16, 1, 33, 30, 27, 28, 4, 6, 5, 2, 3, 15, 14, 12, 9, 10, 11, 18, 19];1779.0
[8, 10, 13, 0, 24, 23, 19, 18, 17, 9, 12, 14, 15, 1, 33, 30, 2, 3, 16, 25, 29, 26, 27, 28, 32, 7, 4, 5, 6, 22, 20, 21, 31, 11];1766.0
[12, 9, 32, 7, 8, 10, 11, 20, 21, 27, 28, 26, 22, 23, 6, 4, 5, 2, 3, 25, 24, 19, 31, 18, 17, 1, 33, 30, 29, 13, 0, 16, 15, 14];1773.0
[17, 14, 15, 16, 25, 1, 13, 12, 0, 23, 20, 21, 22, 4, 6, 5, 33, 30, 2, 3, 26, 27, 28, 29, 24, 19, 18, 10, 9, 32, 7, 8, 11, 31];1919.0
[29, 25, 0, 1, 2, 3, 12, 13, 24, 23, 11, 31, 18, 19, 20, 17, 9, 32, 7, 14, 16, 15, 33, 30, 6, 4, 5, 8, 10, 21, 22, 26, 27, 28];1902.0
[24, 23, 11, 31, 18, 20, 21, 27, 28, 2, 6, 4, 5, 32, 7, 8, 10, 13, 0, 29, 25, 1, 3, 33, 30, 26, 22, 19, 17, 9, 12, 15, 14, 16];1791.0
[16, 9, 32, 7, 13, 14, 15, 12, 4, 5, 6, 33, 30, 29, 1, 25, 23, 24, 17, 31, 18, 19, 22, 26, 2, 3, 0, 11, 8, 10, 20, 21, 27, 28];2099.0
[23, 19, 17, 11, 8, 10, 31, 18, 21, 20, 22, 3, 32, 7, 30, 29, 26, 27, 28, 25, 1, 33, 2, 4, 5, 6, 9, 12, 13, 14, 0, 15, 16, 24];1884.0
[5, 2, 29, 19, 13, 31, 28, 15, 21, 11, 7, 33, 22, 9, 10, 8, 24, 16, 0, 17, 25, 32, 20, 18, 3, 27, 1, 14, 4, 12, 26, 6, 30, 23];4521.0
[22, 23, 21, 27, 28, 26, 29, 25, 13, 0, 16, 15, 1, 2, 4, 7, 5, 6, 30, 33, 3, 9, 10, 12, 14, 24, 11, 31, 17, 32, 8, 18, 19, 20];1954.0
[33, 4, 6, 5, 2, 3, 0, 13, 16, 25, 24, 26, 27, 28, 29, 22, 23, 19, 20, 21, 31, 18, 17, 10, 11, 8, 9, 32, 7, 12, 14, 15, 1, 30];1508.0
[4, 6, 5, 30, 22, 19, 18, 17, 10, 9, 12, 14, 15, 1, 33, 2, 3, 16, 24, 23, 21, 20, 31, 11, 8, 7, 13, 0, 25, 26, 27, 28, 29, 32];1778.0
[18, 17, 7, 8, 13, 33, 30, 2, 16, 25, 22, 24, 23, 4, 5, 6, 26, 29, 1, 3, 0, 32, 9, 10, 11, 31, 21, 19, 20, 27, 28, 14, 15, 12];2198.0
[21, 32, 7, 8, 12, 15, 14, 16, 1, 27, 28, 0, 13, 10, 11, 31, 26, 29, 25, 24, 23, 19, 18, 17, 9, 4, 6, 5, 30, 33, 2, 3, 22, 20];1888.0
[11, 23, 16, 25, 7, 12, 29, 33, 28, 22, 32, 4, 13, 14, 1, 2, 31, 17, 18, 15, 30, 0, 3, 27, 20, 26, 8, 21, 19, 24, 5, 9, 10, 6];3944.0
[22, 27, 28, 29, 26, 25, 16, 15, 14, 12, 4, 5, 6, 32, 7, 8, 0, 24, 23, 19, 18, 17, 9, 1, 3, 30, 33, 2, 13, 10, 11, 21, 31, 20];1774.0
[1, 0, 25, 27, 28, 33, 2, 3, 24, 23, 11, 31, 18, 8, 10, 12, 14, 16, 15, 9, 32, 7, 4, 6, 5, 30, 29, 26, 22, 20, 21, 19, 17, 13];1711.0
[23, 26, 27, 28, 25, 0, 1, 30, 33, 2, 3, 13, 9, 4, 6, 5, 29, 22, 20, 21, 19, 32, 7, 8, 10, 17, 11, 31, 18, 12, 14, 15, 16, 24];1693.0
[2, 3, 0, 24, 31, 11, 8, 10, 27, 28, 16, 15, 18, 19, 21, 20, 22, 23, 17, 9, 13, 14, 12, 7, 32, 4, 6, 5, 30, 33, 29, 26, 25, 1];1966.0
[3, 0, 16, 15, 12, 14, 24, 23, 19, 20, 21, 11, 31, 17, 9, 13, 32, 7, 8, 10, 18, 22, 26, 27, 28, 29, 2, 4, 6, 5, 33, 30, 25, 1];1724.0
[24, 23, 17, 9, 32, 4, 5, 6, 7, 8, 18, 19, 31, 13, 1, 3, 0, 15, 16, 14, 12, 10, 11, 20, 21, 22, 29, 26, 27, 28, 33, 2, 30, 25];1874.0
[24, 23, 19, 17, 11, 31, 18, 9, 32, 8, 10, 7, 4, 6, 5, 2, 20, 21, 22, 26, 25, 1, 3, 0, 13, 12, 14, 15, 16, 33, 30, 27, 28, 29];1682.0
[11, 8, 10, 33, 30, 2, 13, 16, 15, 14, 12, 9, 32, 7, 4, 6, 5, 22, 31, 18, 17, 19, 21, 20, 27, 28, 1, 3, 0, 26, 29, 25, 24, 23];1876.0
[11, 31, 18, 2, 3, 0, 25, 1, 33, 30, 4, 5, 6, 8, 10, 13, 12, 9, 32, 7, 27, 28, 29, 16, 14, 15, 24, 23, 26, 20, 22, 21, 19, 17];1840.0
[22, 26, 33, 2, 3, 0, 23, 20, 21, 27, 28, 29, 25, 16, 1, 30, 4, 32, 7, 6, 5, 9, 13, 12, 14, 15, 24, 17, 11, 8, 10, 18, 19, 31];1811.0
[31, 18, 17, 11, 8, 14, 15, 16, 1, 3, 33, 2, 25, 24, 26, 27, 28, 29, 22, 23, 19, 10, 0, 13, 12, 9, 32, 4, 7, 6, 5, 30, 20, 21];1765.0
[27, 28, 26, 29, 1, 3, 0, 25, 16, 15, 12, 14, 11, 8, 4, 5, 2, 13, 9, 10, 32, 7, 6, 30, 33, 17, 18, 22, 24, 19, 31, 21, 20, 23];2106.0
[13, 12, 1, 25, 26, 27, 28, 29, 30, 33, 2, 3, 0, 14, 15, 16, 24, 23, 19, 32, 7, 4, 5, 6, 22, 20, 21, 31, 18, 17, 11, 8, 9, 10];1685.0
[16, 0, 25, 1, 33, 30, 28, 29, 4, 6, 5, 2, 3, 12, 13, 24, 23, 17, 11, 31, 18, 20, 22, 26, 27, 21, 19, 10, 8, 9, 32, 7, 14, 15];1792.0
[5, 0, 1, 7, 13, 22, 4, 12, 8, 23, 30, 15, 16, 9, 3, 25, 31, 33, 20, 19, 17, 10, 14, 21, 28, 18, 26, 11, 6, 27, 32, 29, 24, 2];4440.0
[0, 25, 24, 23, 20, 19, 17, 11, 10, 32, 8, 7, 1, 3, 33, 30, 2, 4, 5, 6, 13, 27, 28, 29, 26, 22, 21, 31, 18, 9, 12, 14, 15, 16];1739.0
[1, 3, 33, 2, 11, 31, 21, 20, 22, 23, 19, 32, 8, 7, 5, 30, 28, 29, 25, 24, 26, 27, 6, 4, 12, 14, 16, 15, 18, 17, 10, 9, 0, 13];2115.0
[21, 31, 14, 16, 25, 24, 23, 19, 18, 17, 11, 10, 9, 33, 30, 4, 6, 5, 2, 15, 12, 32, 7, 8, 13, 0, 1, 3, 26, 27, 28, 29, 22, 20];1729.0
[31, 5, 6, 4, 7, 8, 10, 0, 16, 2, 3, 15, 14, 12, 32, 9, 13, 25, 24, 23, 27, 28, 29, 1, 33, 30, 26, 20, 22, 21, 19, 18, 17, 11];1796.0
[2, 3, 27, 24, 18, 15, 17, 9, 30, 33, 13, 6, 0, 25, 10, 4, 28, 1, 21, 12, 14, 11, 8, 32, 16, 5, 23, 7, 20, 26, 31, 29, 22, 19];4109.0
[1, 17, 11, 2, 24, 23, 10, 32, 22, 4, 30, 9, 8, 12, 14, 5, 33, 25, 18, 19, 7, 15, 13, 29, 28, 27, 6, 31, 0, 3, 26, 21, 20, 16];3892.0
[30, 5, 6, 4, 10, 11, 8, 32, 7, 9, 12, 14, 15, 16, 0, 26, 27, 28, 29, 25, 24, 23, 20, 22, 21, 31, 18, 19, 17, 13, 1, 2, 3, 33];1559.0
[28, 23, 19, 11, 8, 32, 7, 9, 10, 31, 18, 17, 6, 4, 5, 30, 29, 1, 13, 12, 14, 15, 24, 20, 21, 22, 33, 2, 3, 0, 16, 25, 26, 27];1902.0
[30, 28, 18, 10, 22, 23, 9, 32, 12, 6, 16, 29, 11, 4, 21, 8, 3, 5, 27, 14, 19, 0, 17, 24, 13, 25, 2, 7, 1, 26, 20, 31, 15, 33];4249.0
[17, 12, 0, 1, 3, 15, 14, 16, 33, 2, 30, 5, 6, 4, 9, 10, 11, 21, 22, 20, 27, 28, 29, 26, 24, 23, 32, 7, 8, 13, 25, 19, 31, 18];1882.0
[32, 7, 12, 13, 25, 1, 30, 33, 2, 3, 0, 15, 14, 16, 26, 27, 28, 29, 24, 23, 22, 20, 21, 19, 31, 18, 17, 11, 8, 10, 9, 4, 5, 6];1510.0
[9, 24, 17, 12, 23, 16, 8, 25, 19, 22, 18, 3, 2, 30, 11, 14, 15, 28, 21, 32, 26, 31, 20, 10, 5, 0, 33, 7, 27, 4, 1, 29, 6, 13];4398.0
[6, 5, 2, 3, 15, 14, 16, 24, 31, 18, 19, 17, 11, 20, 21, 27, 28, 29, 25, 0, 1, 33, 30, 4, 9, 12, 13, 26, 22, 23, 32, 7, 8, 10];1846.0
[14, 15, 19, 31, 11, 10, 9, 12, 13, 0, 4, 5, 6, 30, 29, 23, 21, 20, 22, 26, 25, 16, 1, 33, 2, 3, 27, 28, 24, 18, 17, 32, 7, 8];1972.0
[14, 15, 24, 17, 10, 11, 20, 21, 27, 28, 29, 25, 1, 26, 22, 23, 19, 31, 18, 12, 13, 32, 7, 8, 9, 4, 6, 5, 2, 30, 33, 3, 0, 16];1758.0
[20, 27, 23, 1, 10, 32, 0, 28, 12, 14, 15, 7, 5, 16, 22, 33, 9, 4, 3, 24, 29, 30, 6, 25, 17, 18, 26, 13, 8, 19, 11, 2, 31, 21];3880.0
[24, 21, 19, 12, 8, 5, 3, 9, 28, 23, 16, 30, 26, 6, 0, 17, 15, 25, 13, 10, 4, 20, 27, 1, 32, 2, 14, 7, 29, 18, 11, 31, 33, 22];4073.0
[25, 24, 23, 19, 20, 21, 22, 26, 29, 27, 28, 1, 8, 10, 17, 11, 31, 18, 9, 12, 13, 14, 15, 32, 7, 4, 6, 5, 30, 33, 2, 3, 0, 16];1659.0
