p43
[3, 35, 22, 21, 23, 24, 25, 26, 15, 20, 17, 18, 16, 19, 6, 37, 4, 0, 36, 1, 27, 2, 10, 32, 11, 5, 29, 34, 13, 33, 14, 40, 38, 42, 39, 41, 12, 8, 31, 9, 7, 30, 28];5773.0;8396.163461538461;4839250.495192308;486.0;6534.0;208.0
[0, 2, 27, 1, 28, 15, 18, 16, 19, 29, 5, 20, 17, 12, 33, 14, 34, 13, 7, 11, 31, 8, 3, 35, 22, 24, 21, 23, 25, 26, 41, 38, 40, 39, 42, 6, 30, 10, 32, 9, 36, 37, 4];5797.0
[4, 0, 3, 35, 36, 22, 21, 23, 24, 25, 26, 33, 14, 34, 12, 41, 39, 42, 38, 40, 15, 19, 17, 20, 11, 32, 8, 2, 27, 1, 28, 29, 5, 9, 18, 16, 13, 6, 30, 7, 31, 10, 37];5806.0
[1, 28, 2, 10, 32, 11, 6, 16, 20, 41, 39, 40, 30, 5, 29, 12, 33, 13, 34, 26, 25, 22, 21, 23, 24, 3, 27, 38, 42, 14, 9, 31, 8, 7, 19, 15, 18, 17, 37, 36, 35, 0, 4];11155.0
[12, 30, 9, 31, 8, 32, 10, 5, 19, 16, 20, 17, 18, 15, 3, 36, 35, 0, 4, 29, 6, 1, 28, 2, 23, 24, 25, 21, 22, 27, 13, 26, 40, 38, 41, 33, 14, 11, 7, 37, 39, 42, 34];11154.0
[17, 37, 35, 22, 21, 23, 24, 26, 41, 38, 42, 39, 40, 25, 4, 0, 1, 36, 2, 28, 7, 30, 6, 8, 18, 16, 9, 31, 11, 32, 10, 3, 27, 29, 5, 12, 33, 14, 34, 13, 19, 15, 20];5813.0
[42, 5, 30, 6, 3, 27, 23, 24, 25, 21, 22, 35, 36, 2, 8, 20, 17, 4, 0, 28, 1, 37, 15, 19, 16, 18, 12, 34, 13, 10, 32, 29, 9, 31, 11, 7, 33, 14, 26, 40, 39, 41, 38];5832.0
[17, 41, 39, 40, 6, 30, 5, 37, 35, 0, 4, 38, 42, 25, 22, 28, 29, 7, 10, 31, 9, 27, 2, 36, 3, 14, 34, 12, 33, 18, 15, 20, 16, 1, 23, 21, 24, 26, 13, 11, 32, 8, 19];11199.0
[40, 15, 19, 17, 18, 16, 41, 39, 12, 33, 14, 34, 13, 20, 8, 5, 30, 27, 3, 28, 1, 36, 2, 22, 35, 23, 0, 4, 37, 9, 32, 7, 29, 6, 10, 31, 11, 26, 25, 21, 24, 42, 38];11188.0
[19, 15, 20, 17, 26, 41, 39, 42, 13, 34, 12, 6, 3, 36, 35, 0, 4, 25, 21, 23, 38, 40, 33, 14, 30, 28, 24, 22, 37, 8, 31, 10, 7, 29, 5, 18, 9, 32, 11, 2, 27, 1, 16];11189.0
[12, 10, 7, 42, 38, 40, 39, 41, 20, 16, 8, 31, 9, 32, 11, 36, 0, 4, 5, 37, 25, 21, 22, 35, 3, 27, 29, 17, 19, 15, 18, 14, 34, 13, 6, 30, 2, 28, 1, 23, 24, 26, 33];5849.0
[13, 33, 14, 40, 39, 26, 24, 22, 35, 0, 4, 25, 21, 23, 28, 29, 32, 10, 6, 37, 2, 27, 16, 18, 17, 20, 15, 19, 5, 3, 36, 1, 9, 31, 8, 7, 42, 38, 41, 12, 11, 30, 34];11172.0
[0, 4, 37, 7, 30, 11, 31, 10, 29, 20, 15, 18, 17, 2, 27, 3, 28, 1, 6, 13, 33, 12, 16, 19, 8, 32, 9, 5, 14, 34, 40, 39, 41, 38, 42, 26, 24, 36, 23, 25, 21, 22, 35];5810.0
[42, 26, 39, 41, 29, 28, 1, 22, 24, 21, 23, 25, 37, 7, 30, 20, 15, 18, 16, 27, 3, 36, 35, 2, 0, 4, 13, 33, 11, 31, 10, 32, 8, 5, 19, 17, 12, 34, 14, 9, 6, 40, 38];11180.0
[23, 25, 22, 21, 35, 0, 4, 37, 17, 18, 15, 20, 14, 34, 12, 33, 10, 31, 9, 5, 2, 27, 40, 39, 42, 38, 41, 26, 29, 6, 11, 16, 19, 13, 8, 32, 7, 30, 1, 28, 3, 36, 24];5826.0
[6, 20, 15, 12, 34, 14, 33, 28, 23, 21, 22, 24, 25, 37, 5, 8, 32, 11, 1, 0, 4, 17, 19, 16, 18, 30, 27, 3, 35, 36, 2, 7, 29, 26, 41, 39, 42, 38, 40, 13, 10, 31, 9];5839.0
[3, 28, 42, 39, 41, 15, 18, 16, 20, 40, 38, 30, 5, 4, 0, 21, 22, 24, 26, 34, 13, 9, 32, 8, 2, 23, 25, 33, 14, 29, 7, 37, 35, 36, 1, 12, 17, 19, 10, 31, 11, 6, 27];11214.0
[12, 19, 17, 20, 11, 27, 2, 28, 1, 36, 35, 0, 4, 37, 6, 10, 31, 9, 32, 8, 29, 5, 14, 33, 42, 38, 40, 39, 41, 15, 18, 16, 3, 23, 21, 22, 24, 25, 26, 30, 7, 13, 34];5798.0
[2, 36, 3, 28, 7, 8, 5, 30, 10, 32, 11, 31, 9, 6, 29, 13, 20, 17, 37, 25, 21, 22, 24, 26, 12, 34, 14, 33, 40, 38, 41, 15, 19, 16, 18, 42, 39, 4, 0, 35, 23, 1, 27];11145.0
[38, 40, 39, 41, 14, 33, 13, 11, 7, 30, 16, 18, 26, 24, 25, 22, 21, 23, 35, 2, 36, 37, 4, 0, 3, 28, 10, 32, 8, 31, 9, 20, 15, 19, 17, 1, 27, 29, 6, 34, 12, 5, 42];5815.0
[7, 1, 35, 36, 6, 11, 32, 8, 31, 9, 29, 28, 2, 23, 21, 22, 0, 4, 37, 39, 42, 14, 10, 5, 30, 27, 3, 24, 25, 26, 12, 33, 13, 34, 15, 18, 41, 38, 40, 17, 19, 16, 20];11163.0
[37, 4, 0, 1, 14, 34, 12, 15, 18, 16, 19, 17, 20, 31, 10, 6, 29, 11, 32, 8, 30, 27, 23, 25, 5, 13, 33, 26, 24, 22, 21, 35, 36, 3, 28, 2, 9, 7, 40, 39, 41, 38, 42];5848.0
[27, 2, 24, 22, 21, 23, 25, 26, 29, 11, 31, 10, 6, 14, 33, 12, 18, 15, 34, 20, 17, 19, 16, 1, 28, 36, 35, 0, 4, 37, 42, 39, 41, 38, 40, 13, 9, 32, 8, 5, 30, 7, 3];5816.0
[19, 16, 20, 17, 18, 15, 4, 0, 35, 22, 25, 37, 36, 1, 14, 41, 38, 42, 39, 40, 27, 2, 5, 11, 31, 9, 6, 30, 10, 32, 8, 29, 26, 24, 21, 23, 28, 3, 7, 13, 33, 12, 34];5831.0
[2, 39, 40, 29, 13, 34, 12, 17, 19, 15, 18, 14, 33, 26, 25, 37, 6, 1, 24, 22, 21, 23, 35, 36, 10, 5, 9, 32, 8, 31, 11, 7, 30, 41, 38, 42, 20, 16, 4, 0, 28, 3, 27];11183.0
[23, 35, 0, 4, 28, 30, 6, 13, 33, 17, 19, 15, 18, 9, 31, 11, 32, 8, 20, 16, 26, 25, 21, 22, 24, 1, 27, 2, 29, 7, 42, 39, 40, 12, 10, 5, 34, 14, 41, 38, 37, 36, 3];11172.0
[14, 33, 12, 36, 3, 27, 2, 28, 17, 18, 15, 19, 8, 5, 29, 41, 38, 40, 6, 4, 0, 35, 22, 21, 23, 25, 24, 26, 11, 32, 9, 31, 10, 20, 16, 13, 34, 42, 39, 37, 1, 7, 30];11160.0
[29, 28, 1, 27, 4, 0, 35, 23, 24, 25, 21, 22, 2, 36, 3, 8, 31, 10, 32, 9, 7, 30, 5, 14, 33, 12, 34, 13, 42, 38, 40, 26, 6, 37, 39, 41, 15, 18, 16, 19, 17, 20, 11];11116.0
[32, 18, 16, 14, 34, 9, 29, 5, 36, 2, 35, 37, 15, 20, 17, 19, 12, 11, 31, 10, 30, 6, 27, 1, 28, 3, 13, 33, 42, 39, 41, 38, 40, 26, 24, 22, 21, 23, 0, 4, 25, 7, 8];5835.0
[17, 19, 15, 18, 42, 39, 41, 9, 31, 11, 28, 2, 37, 38, 40, 12, 34, 6, 10, 32, 8, 20, 16, 13, 33, 26, 25, 24, 23, 21, 22, 1, 27, 3, 36, 35, 0, 4, 29, 7, 30, 5, 14];11150.0
[42, 39, 40, 37, 4, 0, 36, 1, 28, 9, 32, 8, 31, 10, 7, 2, 27, 6, 30, 11, 20, 17, 19, 15, 18, 16, 3, 35, 22, 25, 21, 23, 24, 26, 34, 13, 33, 14, 5, 29, 12, 41, 38];5803.0
[41, 18, 16, 37, 35, 23, 21, 22, 1, 5, 30, 9, 19, 17, 20, 15, 14, 33, 29, 12, 34, 13, 42, 38, 6, 10, 31, 8, 32, 11, 7, 3, 27, 0, 4, 28, 2, 36, 24, 25, 26, 40, 39];11168.0
[20, 17, 18, 7, 14, 33, 12, 8, 29, 5, 28, 2, 24, 22, 21, 23, 25, 37, 9, 32, 10, 31, 11, 6, 30, 13, 34, 41, 39, 42, 3, 27, 1, 36, 35, 0, 4, 38, 40, 26, 15, 19, 16];11124.0
[41, 39, 37, 4, 0, 2, 28, 7, 11, 30, 27, 29, 10, 5, 14, 34, 26, 42, 38, 40, 24, 22, 3, 6, 8, 31, 19, 16, 18, 15, 20, 17, 13, 33, 12, 32, 9, 1, 36, 35, 23, 21, 25];11187.0
[42, 20, 32, 11, 30, 1, 25, 23, 21, 22, 24, 27, 3, 28, 16, 18, 15, 19, 17, 36, 2, 35, 0, 4, 7, 9, 31, 10, 29, 6, 8, 5, 37, 38, 40, 26, 12, 34, 13, 33, 14, 41, 39];11160.0
[28, 22, 21, 23, 37, 36, 3, 8, 32, 11, 6, 30, 34, 13, 29, 7, 16, 18, 26, 25, 24, 1, 27, 5, 10, 31, 9, 40, 39, 41, 38, 42, 14, 33, 12, 19, 17, 20, 15, 4, 0, 35, 2];5848.0
[18, 42, 39, 41, 38, 40, 26, 27, 0, 4, 12, 33, 13, 34, 14, 3, 35, 37, 25, 22, 24, 21, 23, 1, 28, 2, 36, 11, 31, 8, 5, 29, 17, 19, 15, 20, 10, 32, 9, 7, 30, 6, 16];5832.0
[12, 33, 13, 30, 7, 29, 5, 15, 20, 10, 32, 9, 6, 27, 24, 21, 23, 2, 36, 1, 35, 22, 25, 37, 3, 28, 0, 4, 16, 19, 17, 18, 8, 31, 11, 26, 42, 39, 41, 38, 40, 14, 34];5841.0
[29, 28, 36, 2, 15, 20, 17, 19, 34, 12, 40, 39, 25, 22, 24, 21, 23, 35, 37, 6, 30, 11, 32, 9, 7, 14, 26, 42, 38, 41, 33, 13, 18, 16, 4, 0, 1, 27, 3, 10, 31, 8, 5];11168.0
[15, 20, 33, 12, 40, 39, 42, 38, 41, 17, 18, 16, 3, 27, 24, 22, 21, 35, 0, 4, 37, 1, 36, 9, 6, 13, 34, 14, 26, 25, 23, 2, 28, 30, 7, 10, 31, 11, 5, 29, 8, 32, 19];5834.0
[6, 11, 5, 38, 41, 26, 25, 23, 21, 24, 22, 1, 35, 36, 37, 4, 0, 3, 27, 2, 28, 30, 10, 29, 17, 18, 15, 19, 16, 20, 33, 12, 31, 8, 32, 9, 7, 14, 34, 13, 42, 39, 40];11138.0
[38, 41, 7, 37, 4, 0, 28, 13, 34, 14, 33, 42, 39, 40, 19, 17, 18, 16, 20, 15, 12, 8, 32, 11, 31, 10, 29, 6, 9, 30, 5, 2, 27, 1, 36, 3, 23, 24, 26, 25, 21, 22, 35];11137.0
[37, 4, 0, 2, 17, 19, 15, 3, 24, 23, 21, 35, 36, 7, 8, 32, 11, 5, 41, 38, 42, 20, 10, 31, 30, 12, 34, 13, 33, 14, 29, 28, 1, 16, 18, 9, 6, 27, 22, 25, 26, 40, 39];11203.0
[3, 27, 9, 32, 8, 31, 10, 37, 21, 22, 25, 26, 16, 18, 30, 5, 29, 6, 28, 2, 0, 4, 12, 34, 14, 7, 11, 20, 15, 19, 17, 13, 33, 42, 39, 40, 38, 41, 1, 36, 35, 23, 24];5845.0
[7, 20, 17, 18, 16, 19, 15, 27, 2, 28, 40, 38, 42, 39, 41, 14, 34, 13, 37, 26, 25, 24, 23, 21, 22, 1, 35, 4, 0, 3, 36, 8, 32, 11, 6, 30, 33, 12, 5, 29, 10, 31, 9];5824.0
[6, 42, 38, 25, 22, 21, 23, 35, 36, 24, 26, 12, 41, 39, 40, 33, 31, 8, 20, 17, 13, 19, 15, 18, 16, 14, 34, 30, 1, 28, 2, 5, 10, 32, 27, 3, 0, 4, 37, 9, 29, 7, 11];11191.0
[32, 11, 36, 3, 27, 4, 0, 35, 2, 37, 38, 41, 16, 18, 26, 24, 23, 21, 22, 25, 9, 31, 10, 29, 7, 33, 14, 34, 12, 20, 17, 40, 39, 42, 15, 19, 6, 13, 5, 30, 28, 1, 8];11163.0
[39, 40, 38, 41, 5, 37, 21, 22, 28, 2, 27, 3, 35, 23, 24, 25, 26, 12, 30, 7, 4, 0, 36, 1, 14, 34, 13, 33, 20, 16, 10, 32, 9, 6, 29, 11, 31, 8, 17, 19, 15, 18, 42];5849.0
[19, 17, 18, 13, 34, 14, 11, 6, 29, 5, 28, 3, 36, 23, 21, 22, 24, 25, 26, 2, 27, 1, 35, 0, 4, 37, 10, 7, 30, 9, 32, 8, 31, 20, 15, 40, 39, 41, 38, 42, 33, 12, 16];5804.0
[0, 4, 7, 20, 17, 12, 34, 14, 33, 13, 30, 6, 29, 27, 2, 36, 16, 18, 15, 19, 10, 32, 9, 1, 28, 5, 3, 35, 22, 24, 25, 38, 40, 26, 11, 31, 8, 42, 39, 41, 37, 21, 23];11195.0
[27, 2, 4, 0, 1, 36, 3, 5, 14, 34, 12, 33, 13, 42, 39, 25, 23, 21, 22, 35, 37, 10, 31, 8, 20, 17, 19, 16, 18, 15, 26, 24, 28, 6, 30, 11, 40, 38, 41, 29, 7, 9, 32];11165.0
[35, 23, 21, 22, 38, 40, 14, 34, 30, 9, 31, 10, 16, 20, 15, 19, 17, 18, 13, 33, 12, 26, 25, 24, 36, 1, 27, 2, 6, 37, 4, 0, 28, 29, 7, 11, 32, 8, 5, 41, 39, 42, 3];11164.0
[23, 35, 4, 0, 2, 28, 29, 5, 13, 18, 17, 42, 39, 37, 3, 36, 10, 32, 11, 41, 38, 40, 33, 12, 34, 14, 16, 20, 15, 19, 8, 31, 9, 7, 30, 6, 25, 26, 24, 1, 27, 22, 21];11184.0
[10, 32, 9, 31, 18, 15, 19, 17, 37, 39, 42, 16, 20, 11, 5, 30, 27, 1, 28, 3, 0, 4, 14, 26, 41, 38, 40, 33, 13, 34, 12, 8, 6, 29, 2, 35, 36, 22, 21, 25, 23, 24, 7];11173.0
[10, 7, 30, 5, 1, 27, 3, 28, 2, 13, 34, 17, 18, 16, 19, 15, 20, 9, 29, 6, 4, 0, 35, 36, 26, 24, 25, 23, 21, 22, 37, 12, 33, 14, 40, 38, 41, 39, 42, 11, 32, 8, 31];5810.0
[1, 27, 41, 38, 42, 39, 40, 18, 15, 20, 16, 19, 17, 12, 30, 34, 13, 33, 14, 9, 31, 11, 7, 29, 28, 2, 22, 21, 23, 35, 36, 5, 8, 32, 10, 6, 3, 24, 25, 26, 37, 4, 0];5825.0
[24, 22, 21, 23, 28, 15, 20, 16, 7, 29, 10, 18, 17, 19, 31, 8, 5, 37, 4, 0, 35, 36, 40, 38, 41, 39, 42, 26, 25, 6, 30, 9, 32, 11, 2, 27, 3, 14, 33, 12, 34, 13, 1];5840.0
[22, 24, 25, 26, 18, 16, 40, 39, 41, 38, 42, 13, 34, 14, 8, 32, 10, 29, 5, 12, 33, 20, 17, 19, 15, 30, 7, 11, 31, 9, 6, 37, 36, 1, 27, 2, 28, 4, 0, 35, 3, 23, 21];5798.0
[28, 2, 27, 3, 36, 35, 23, 21, 22, 24, 25, 26, 16, 20, 17, 37, 4, 0, 1, 9, 31, 10, 32, 8, 6, 14, 33, 13, 11, 7, 40, 39, 41, 38, 42, 18, 15, 19, 5, 30, 12, 34, 29];5799.0
[41, 17, 19, 40, 38, 42, 6, 29, 27, 2, 0, 4, 15, 20, 14, 34, 11, 28, 3, 35, 36, 5, 8, 32, 9, 31, 24, 26, 18, 16, 12, 33, 13, 37, 23, 25, 21, 22, 1, 7, 10, 30, 39];11237.0
[29, 16, 20, 17, 19, 10, 32, 9, 6, 30, 34, 14, 11, 31, 8, 37, 4, 0, 23, 2, 28, 1, 5, 27, 3, 36, 35, 22, 21, 25, 24, 26, 13, 33, 12, 15, 18, 42, 39, 40, 38, 41, 7];5833.0
[16, 18, 17, 42, 39, 10, 31, 9, 32, 2, 28, 1, 6, 19, 15, 20, 5, 27, 3, 24, 25, 26, 12, 33, 13, 11, 37, 4, 0, 22, 21, 23, 35, 36, 7, 29, 8, 30, 34, 14, 40, 38, 41];11179.0
[21, 23, 0, 4, 37, 7, 15, 18, 42, 38, 41, 39, 40, 12, 34, 13, 36, 1, 27, 24, 25, 26, 17, 19, 16, 20, 6, 30, 9, 5, 10, 32, 11, 31, 8, 29, 14, 33, 3, 28, 2, 35, 22];5822.0
[42, 39, 40, 14, 34, 5, 37, 38, 41, 17, 12, 18, 15, 19, 16, 20, 26, 25, 23, 35, 36, 1, 11, 32, 8, 29, 7, 30, 27, 3, 28, 4, 0, 22, 24, 21, 2, 9, 31, 10, 6, 13, 33];11183.0
[14, 34, 13, 5, 10, 32, 8, 6, 1, 27, 2, 36, 35, 37, 15, 19, 16, 20, 17, 12, 33, 11, 31, 9, 4, 0, 22, 21, 23, 24, 3, 28, 30, 7, 29, 25, 26, 42, 38, 41, 39, 40, 18];5817.0
[11, 6, 20, 17, 19, 15, 4, 0, 35, 1, 36, 3, 28, 29, 7, 37, 25, 26, 16, 18, 30, 27, 23, 24, 21, 22, 2, 5, 8, 32, 9, 40, 39, 41, 38, 42, 13, 33, 14, 34, 12, 10, 31];5834.0
[26, 18, 15, 19, 17, 20, 16, 12, 34, 14, 33, 13, 5, 2, 36, 35, 3, 28, 24, 23, 0, 4, 37, 7, 30, 11, 32, 8, 31, 10, 42, 39, 40, 38, 41, 6, 9, 29, 27, 1, 21, 22, 25];5817.0
[2, 28, 1, 6, 10, 32, 11, 5, 24, 22, 25, 26, 42, 39, 40, 13, 34, 9, 31, 8, 17, 20, 15, 12, 33, 14, 7, 29, 3, 36, 35, 21, 23, 0, 4, 37, 38, 41, 19, 16, 18, 30, 27];11158.0
[14, 33, 13, 34, 12, 15, 19, 17, 20, 16, 18, 26, 40, 38, 42, 39, 41, 27, 1, 24, 25, 22, 21, 23, 35, 2, 36, 37, 4, 0, 3, 28, 9, 32, 8, 31, 10, 7, 11, 29, 6, 30, 5];5784.0
[41, 39, 37, 25, 21, 22, 0, 4, 3, 27, 1, 7, 12, 16, 19, 15, 20, 5, 30, 6, 11, 32, 9, 14, 34, 13, 8, 31, 10, 29, 42, 38, 40, 33, 2, 36, 35, 23, 24, 28, 17, 18, 26];11186.0
[42, 39, 40, 13, 33, 14, 37, 4, 0, 1, 28, 3, 29, 27, 2, 5, 11, 19, 17, 10, 32, 8, 7, 31, 9, 6, 30, 34, 12, 15, 18, 26, 25, 24, 22, 21, 23, 35, 36, 16, 20, 41, 38];5835.0
[29, 11, 18, 40, 39, 41, 38, 42, 24, 26, 33, 13, 5, 37, 25, 22, 35, 0, 4, 12, 34, 10, 31, 8, 32, 30, 9, 7, 2, 21, 23, 36, 3, 27, 17, 20, 16, 14, 19, 15, 28, 1, 6];5904.0
[32, 11, 31, 8, 5, 19, 16, 20, 17, 42, 39, 41, 15, 18, 40, 38, 37, 2, 28, 29, 7, 30, 9, 26, 25, 24, 21, 22, 35, 23, 1, 27, 3, 14, 34, 12, 33, 13, 36, 0, 4, 6, 10];11169.0
[6, 30, 5, 13, 7, 27, 1, 28, 2, 36, 3, 37, 39, 41, 26, 25, 21, 22, 24, 23, 35, 0, 4, 11, 32, 9, 40, 38, 42, 33, 14, 10, 31, 8, 19, 16, 20, 17, 18, 15, 34, 12, 29];11107.0
[41, 39, 42, 33, 13, 8, 4, 0, 3, 35, 36, 14, 34, 9, 31, 11, 5, 1, 22, 21, 24, 26, 18, 16, 19, 17, 7, 37, 25, 23, 27, 29, 10, 32, 20, 15, 6, 30, 28, 2, 12, 40, 38];5889.0
[21, 23, 24, 27, 1, 28, 29, 3, 36, 2, 35, 0, 4, 37, 10, 32, 20, 17, 19, 16, 18, 15, 7, 30, 41, 38, 40, 39, 42, 6, 8, 5, 12, 33, 13, 34, 14, 9, 31, 11, 26, 25, 22];5796.0
[41, 38, 42, 12, 11, 32, 10, 20, 17, 18, 5, 30, 28, 24, 22, 21, 23, 25, 26, 13, 34, 40, 39, 3, 27, 2, 36, 1, 35, 0, 4, 37, 7, 15, 19, 16, 14, 33, 9, 31, 8, 6, 29];11147.0
[3, 36, 35, 21, 22, 2, 29, 7, 11, 18, 17, 20, 16, 12, 34, 14, 33, 26, 25, 23, 24, 28, 1, 27, 0, 4, 37, 38, 40, 19, 15, 8, 32, 10, 31, 9, 5, 30, 6, 13, 42, 39, 41];11176.0
[22, 21, 23, 25, 9, 32, 10, 5, 33, 12, 34, 13, 11, 37, 26, 40, 38, 41, 39, 42, 3, 35, 0, 4, 17, 18, 15, 19, 16, 20, 31, 8, 30, 7, 29, 14, 6, 27, 2, 36, 28, 1, 24];5829.0
[4, 5, 29, 33, 10, 7, 37, 39, 41, 16, 20, 14, 34, 13, 11, 30, 28, 1, 6, 2, 27, 21, 22, 24, 25, 26, 19, 17, 40, 38, 42, 12, 8, 31, 9, 32, 18, 15, 3, 36, 23, 35, 0];11196.0
[0, 2, 36, 35, 23, 25, 37, 10, 32, 8, 29, 7, 30, 9, 31, 11, 5, 12, 34, 40, 38, 41, 39, 42, 1, 27, 3, 28, 21, 22, 24, 26, 15, 18, 17, 20, 16, 19, 14, 33, 13, 6, 4];5812.0
[5, 10, 31, 8, 32, 11, 20, 15, 18, 13, 33, 12, 9, 36, 0, 4, 37, 6, 29, 7, 30, 17, 19, 16, 14, 34, 26, 40, 39, 42, 38, 41, 25, 21, 22, 24, 23, 35, 3, 28, 2, 27, 1];5804.0
[2, 36, 1, 28, 22, 21, 23, 24, 25, 7, 30, 5, 10, 18, 15, 20, 12, 33, 13, 34, 42, 38, 4, 0, 35, 37, 6, 16, 19, 17, 26, 40, 39, 41, 14, 11, 31, 9, 32, 8, 29, 3, 27];11144.0
[30, 27, 2, 15, 19, 17, 40, 38, 41, 39, 42, 26, 12, 8, 31, 11, 29, 34, 14, 33, 13, 5, 4, 0, 35, 1, 28, 3, 36, 22, 21, 23, 24, 25, 37, 7, 10, 32, 9, 18, 16, 20, 6];5810.0
[8, 6, 17, 12, 20, 16, 19, 31, 10, 29, 5, 11, 32, 9, 18, 15, 3, 22, 35, 0, 4, 1, 36, 23, 24, 21, 25, 26, 33, 13, 34, 14, 30, 27, 42, 38, 41, 39, 40, 37, 2, 28, 7];5885.0
[23, 24, 2, 36, 1, 27, 12, 34, 14, 5, 37, 4, 0, 28, 30, 17, 19, 16, 20, 15, 7, 29, 10, 18, 26, 41, 38, 40, 39, 42, 33, 13, 11, 32, 9, 31, 8, 6, 3, 35, 22, 25, 21];5818.0
[22, 35, 2, 0, 4, 3, 27, 1, 28, 42, 38, 37, 36, 5, 40, 39, 41, 20, 16, 19, 10, 29, 6, 9, 30, 31, 8, 32, 11, 7, 13, 34, 14, 33, 12, 15, 18, 17, 26, 25, 23, 21, 24];11157.0
[4, 0, 21, 23, 24, 42, 39, 40, 13, 9, 31, 11, 6, 30, 20, 16, 2, 36, 35, 37, 38, 41, 19, 17, 18, 15, 33, 12, 8, 32, 10, 29, 5, 28, 1, 27, 3, 22, 25, 26, 14, 34, 7];11191.0
[14, 8, 31, 10, 4, 0, 2, 28, 30, 6, 32, 9, 42, 38, 41, 12, 15, 19, 17, 18, 16, 26, 24, 23, 36, 35, 3, 13, 33, 40, 39, 25, 21, 22, 1, 27, 29, 7, 37, 5, 11, 20, 34];11204.0
[11, 32, 10, 37, 38, 42, 19, 17, 20, 16, 3, 36, 4, 0, 35, 23, 28, 1, 27, 30, 8, 31, 9, 29, 5, 18, 15, 12, 6, 40, 39, 41, 34, 13, 33, 14, 26, 25, 24, 21, 22, 2, 7];11182.0
[23, 24, 11, 32, 8, 5, 29, 41, 38, 40, 16, 19, 17, 18, 15, 20, 13, 6, 30, 7, 34, 12, 33, 14, 26, 25, 42, 39, 2, 28, 1, 36, 35, 0, 4, 37, 9, 31, 10, 3, 27, 22, 21];11154.0
[12, 33, 13, 34, 14, 9, 32, 11, 41, 38, 37, 25, 23, 21, 22, 24, 26, 19, 16, 18, 15, 20, 40, 39, 42, 17, 8, 31, 10, 4, 0, 35, 2, 28, 5, 30, 6, 1, 27, 3, 36, 7, 29];11134.0
[15, 18, 16, 19, 17, 13, 33, 12, 34, 14, 32, 8, 7, 30, 42, 38, 41, 39, 40, 2, 36, 1, 27, 29, 5, 10, 3, 28, 26, 25, 21, 24, 22, 35, 23, 0, 4, 37, 6, 9, 31, 11, 20];5818.0
[3, 27, 23, 24, 26, 37, 4, 0, 35, 22, 21, 25, 40, 39, 41, 38, 42, 12, 34, 6, 30, 5, 15, 18, 17, 19, 14, 33, 13, 16, 20, 10, 7, 1, 36, 2, 9, 32, 11, 31, 8, 29, 28];5835.0
[34, 14, 33, 13, 4, 0, 22, 25, 37, 16, 20, 17, 18, 11, 31, 10, 30, 5, 8, 32, 9, 7, 3, 36, 1, 28, 15, 19, 26, 42, 38, 40, 39, 41, 24, 21, 23, 35, 2, 27, 29, 6, 12];5836.0
[32, 10, 31, 11, 7, 3, 0, 4, 6, 29, 8, 5, 14, 34, 13, 26, 25, 21, 23, 24, 22, 35, 37, 40, 39, 41, 38, 42, 33, 12, 2, 27, 36, 1, 28, 30, 16, 19, 17, 18, 15, 20, 9];5807.0
[12, 20, 15, 41, 39, 40, 14, 10, 1, 28, 3, 36, 37, 38, 42, 26, 7, 2, 23, 24, 25, 21, 22, 35, 4, 0, 27, 30, 34, 13, 16, 19, 17, 18, 9, 32, 11, 31, 8, 5, 29, 6, 33];11166.0
[17, 20, 15, 2, 22, 21, 23, 25, 24, 3, 27, 7, 29, 41, 38, 40, 39, 42, 26, 16, 18, 10, 31, 11, 32, 9, 36, 35, 0, 4, 37, 12, 34, 14, 8, 5, 1, 28, 30, 6, 13, 33, 19];5823.0
[35, 36, 41, 38, 42, 39, 40, 14, 34, 9, 31, 10, 30, 27, 29, 5, 11, 32, 8, 7, 28, 3, 15, 20, 16, 1, 0, 4, 37, 6, 12, 33, 13, 19, 17, 18, 26, 25, 24, 2, 22, 21, 23];5852.0
[18, 17, 20, 16, 13, 9, 32, 10, 2, 28, 3, 11, 31, 5, 29, 7, 26, 42, 39, 37, 25, 22, 35, 36, 27, 1, 24, 21, 23, 0, 4, 12, 33, 14, 34, 8, 30, 6, 41, 38, 40, 19, 15];11169.0
[29, 42, 39, 41, 38, 40, 34, 27, 2, 15, 18, 16, 19, 31, 10, 3, 28, 36, 1, 35, 0, 4, 37, 5, 30, 7, 17, 20, 14, 8, 6, 13, 33, 12, 26, 25, 23, 21, 22, 24, 11, 32, 9];5838.0
[34, 9, 31, 10, 4, 0, 35, 22, 24, 21, 23, 3, 29, 5, 12, 33, 14, 42, 38, 40, 16, 20, 8, 7, 30, 28, 2, 27, 36, 1, 15, 18, 17, 41, 39, 37, 25, 26, 19, 32, 11, 6, 13];11185.0
[7, 14, 33, 13, 34, 12, 5, 40, 38, 42, 39, 41, 26, 19, 17, 20, 16, 37, 36, 35, 0, 4, 25, 21, 23, 2, 28, 3, 6, 30, 9, 18, 15, 1, 24, 22, 27, 29, 10, 31, 8, 32, 11];5845.0
[13, 34, 12, 30, 5, 11, 19, 16, 18, 15, 37, 21, 22, 24, 2, 7, 29, 28, 3, 27, 41, 38, 40, 39, 42, 14, 8, 31, 9, 36, 35, 0, 4, 17, 20, 32, 10, 6, 1, 23, 25, 26, 33];5865.0
[3, 35, 22, 21, 23, 24, 25, 26, 15, 20, 17, 18, 16, 19, 6, 37, 4, 0, 36, 1, 27, 2, 10, 32, 11, 5, 29, 34, 13, 33, 14, 40, 38, 42, 39, 41, 12, 8, 31, 9, 7, 30, 28];5773.0
[24, 27, 1, 29, 5, 12, 33, 13, 34, 26, 25, 7, 8, 32, 9, 31, 10, 30, 40, 39, 41, 19, 15, 20, 16, 18, 17, 11, 6, 14, 42, 38, 2, 28, 3, 36, 37, 4, 0, 35, 22, 21, 23];11148.0
[42, 39, 41, 28, 23, 21, 22, 24, 25, 26, 12, 11, 31, 9, 32, 10, 3, 37, 4, 0, 35, 1, 36, 2, 27, 29, 17, 18, 16, 20, 15, 19, 33, 14, 34, 13, 5, 30, 6, 8, 7, 40, 38];5796.0
[22, 1, 28, 2, 5, 30, 13, 33, 14, 34, 12, 9, 4, 0, 35, 36, 37, 42, 38, 41, 3, 27, 7, 10, 32, 11, 31, 8, 6, 29, 18, 16, 19, 17, 20, 15, 39, 40, 26, 25, 21, 23, 24];11129.0
[41, 25, 21, 0, 4, 37, 7, 29, 11, 31, 10, 6, 12, 33, 14, 34, 13, 9, 36, 35, 22, 1, 28, 5, 8, 32, 19, 17, 20, 15, 30, 27, 3, 16, 18, 26, 24, 23, 2, 40, 38, 42, 39];5885.0
[31, 11, 30, 41, 39, 40, 38, 42, 3, 28, 1, 27, 2, 15, 18, 13, 34, 29, 14, 33, 12, 7, 4, 0, 23, 21, 22, 35, 37, 25, 24, 26, 19, 17, 20, 16, 36, 6, 9, 32, 10, 5, 8];5845.0
[20, 32, 8, 7, 30, 5, 14, 34, 13, 33, 12, 11, 28, 2, 37, 4, 0, 35, 22, 21, 23, 24, 25, 1, 27, 9, 31, 10, 6, 29, 26, 40, 38, 41, 39, 42, 3, 36, 15, 19, 16, 18, 17];5802.0
[17, 18, 15, 20, 16, 19, 33, 13, 26, 41, 39, 42, 12, 10, 6, 29, 40, 38, 37, 5, 3, 0, 4, 27, 2, 28, 1, 36, 35, 23, 21, 22, 24, 25, 11, 31, 8, 32, 9, 7, 30, 14, 34];11141.0
[42, 39, 41, 7, 29, 4, 0, 1, 23, 35, 3, 5, 9, 31, 8, 6, 14, 33, 11, 30, 27, 2, 36, 37, 38, 40, 25, 21, 22, 24, 28, 32, 10, 18, 17, 20, 16, 19, 15, 13, 34, 12, 26];11177.0
[8, 1, 36, 22, 24, 27, 29, 7, 10, 32, 11, 30, 6, 17, 20, 42, 38, 41, 39, 40, 37, 4, 0, 2, 28, 3, 35, 23, 21, 25, 26, 34, 13, 33, 14, 15, 19, 16, 18, 12, 5, 9, 31];5837.0
[18, 11, 5, 31, 10, 32, 9, 40, 38, 41, 37, 39, 42, 19, 16, 26, 25, 4, 0, 28, 30, 27, 2, 7, 29, 6, 13, 34, 14, 33, 12, 8, 3, 35, 22, 21, 23, 24, 1, 36, 15, 20, 17];11185.0
[6, 29, 7, 41, 38, 42, 39, 40, 4, 0, 35, 3, 36, 2, 28, 34, 12, 33, 14, 1, 27, 23, 21, 22, 24, 25, 26, 13, 8, 31, 9, 5, 37, 11, 18, 17, 20, 15, 19, 16, 10, 32, 30];5811.0
[23, 24, 1, 27, 2, 7, 12, 41, 39, 40, 38, 42, 26, 15, 19, 16, 18, 17, 20, 14, 33, 13, 34, 31, 8, 6, 29, 11, 28, 3, 36, 35, 22, 21, 25, 30, 9, 32, 10, 5, 37, 4, 0];5814.0
[12, 33, 10, 31, 8, 28, 3, 27, 30, 5, 29, 19, 15, 37, 4, 0, 35, 36, 2, 6, 9, 32, 11, 7, 14, 34, 13, 18, 17, 20, 16, 1, 24, 23, 21, 22, 25, 40, 39, 41, 38, 42, 26];5818.0
[6, 37, 35, 36, 3, 27, 1, 28, 2, 29, 42, 39, 40, 38, 41, 26, 25, 30, 11, 31, 8, 32, 10, 20, 16, 18, 15, 4, 0, 22, 21, 23, 24, 17, 19, 7, 9, 5, 12, 33, 13, 34, 14];5826.0
[22, 21, 23, 24, 9, 31, 11, 13, 18, 16, 36, 1, 7, 12, 40, 39, 42, 38, 41, 26, 25, 33, 14, 34, 5, 30, 27, 3, 0, 4, 37, 15, 20, 17, 19, 8, 32, 10, 6, 29, 28, 2, 35];5846.0
[13, 33, 10, 7, 28, 1, 23, 25, 5, 11, 32, 9, 31, 18, 26, 42, 39, 40, 15, 20, 16, 19, 17, 36, 3, 27, 29, 6, 30, 38, 41, 14, 8, 4, 0, 2, 24, 22, 21, 35, 37, 12, 34];11208.0
[20, 15, 19, 26, 24, 22, 27, 2, 28, 30, 6, 41, 38, 40, 17, 18, 16, 1, 36, 3, 10, 7, 29, 4, 0, 35, 21, 23, 25, 37, 39, 42, 12, 34, 13, 33, 14, 5, 11, 31, 8, 32, 9];11162.0
[12, 33, 9, 32, 8, 31, 10, 25, 23, 21, 22, 35, 1, 28, 3, 36, 7, 30, 5, 4, 0, 27, 2, 6, 14, 34, 13, 15, 19, 11, 29, 18, 17, 37, 24, 26, 41, 38, 42, 39, 40, 16, 20];5842.0
[0, 4, 2, 28, 6, 30, 7, 11, 32, 9, 18, 15, 20, 42, 39, 41, 26, 29, 12, 33, 13, 34, 14, 8, 31, 10, 36, 22, 21, 23, 24, 25, 37, 38, 40, 16, 19, 17, 5, 1, 27, 3, 35];11140.0
[42, 28, 2, 27, 3, 36, 35, 22, 24, 25, 21, 23, 0, 4, 37, 13, 33, 12, 34, 14, 9, 29, 7, 1, 11, 32, 10, 31, 8, 19, 16, 20, 17, 18, 15, 6, 30, 5, 26, 40, 38, 41, 39];5788.0
[8, 37, 25, 26, 17, 19, 15, 20, 11, 6, 4, 0, 1, 36, 13, 33, 12, 34, 14, 18, 16, 2, 35, 22, 21, 23, 24, 28, 3, 27, 30, 5, 29, 41, 39, 40, 38, 42, 7, 9, 31, 10, 32];5830.0
[5, 30, 13, 33, 12, 34, 14, 32, 8, 40, 38, 42, 26, 19, 15, 20, 16, 18, 17, 27, 3, 28, 24, 23, 21, 22, 25, 39, 41, 10, 29, 6, 37, 35, 0, 4, 7, 9, 31, 11, 2, 36, 1];11143.0
[14, 33, 13, 34, 42, 39, 40, 38, 41, 12, 31, 8, 27, 7, 24, 22, 0, 4, 37, 36, 3, 30, 11, 5, 1, 28, 26, 25, 21, 23, 35, 2, 16, 20, 15, 19, 17, 18, 9, 32, 10, 29, 6];5839.0
[3, 27, 1, 29, 7, 38, 42, 24, 23, 35, 36, 15, 20, 16, 19, 17, 2, 21, 22, 28, 30, 5, 37, 25, 26, 18, 12, 9, 6, 40, 39, 41, 33, 14, 34, 13, 10, 32, 11, 31, 8, 4, 0];11224.0
[21, 22, 0, 4, 10, 31, 9, 6, 29, 14, 34, 12, 30, 2, 27, 38, 42, 19, 16, 20, 7, 11, 32, 8, 5, 37, 35, 1, 28, 36, 3, 17, 18, 15, 13, 33, 41, 39, 40, 25, 26, 24, 23];11170.0
[11, 7, 28, 0, 4, 37, 8, 31, 9, 32, 10, 6, 30, 27, 1, 12, 20, 15, 18, 17, 19, 16, 26, 42, 38, 41, 39, 40, 25, 24, 23, 21, 22, 35, 2, 36, 3, 5, 29, 34, 13, 33, 14];5797.0
[32, 8, 36, 3, 0, 4, 37, 1, 27, 29, 6, 10, 28, 2, 35, 22, 21, 23, 24, 26, 25, 11, 31, 18, 16, 19, 17, 13, 33, 12, 34, 14, 7, 20, 15, 42, 39, 41, 38, 40, 30, 5, 9];5820.0
[14, 8, 31, 10, 7, 13, 33, 6, 30, 27, 1, 0, 4, 9, 32, 11, 5, 36, 35, 21, 23, 3, 16, 19, 15, 20, 12, 34, 42, 38, 40, 25, 22, 24, 26, 17, 18, 29, 28, 2, 37, 39, 41];11199.0
[4, 37, 25, 26, 19, 17, 33, 12, 30, 5, 13, 34, 14, 11, 32, 10, 7, 29, 16, 18, 15, 20, 8, 31, 9, 6, 1, 36, 22, 21, 23, 24, 28, 3, 41, 39, 42, 38, 40, 27, 2, 35, 0];5832.0
[19, 17, 18, 16, 24, 23, 27, 1, 28, 29, 7, 30, 11, 31, 9, 6, 15, 20, 40, 38, 41, 39, 42, 12, 33, 14, 3, 0, 4, 37, 5, 34, 13, 8, 32, 10, 2, 36, 35, 22, 21, 25, 26];5848.0
[31, 11, 5, 20, 15, 3, 36, 1, 27, 22, 25, 21, 35, 2, 17, 18, 8, 6, 29, 28, 41, 39, 42, 38, 40, 33, 13, 30, 7, 37, 4, 0, 23, 24, 26, 16, 19, 14, 34, 12, 9, 32, 10];5860.0
[30, 33, 12, 9, 31, 5, 14, 10, 7, 29, 6, 40, 39, 42, 34, 13, 37, 4, 0, 22, 25, 26, 24, 1, 36, 35, 2, 28, 17, 18, 15, 19, 8, 32, 11, 20, 16, 41, 38, 21, 23, 3, 27];11193.0
[22, 35, 3, 36, 1, 12, 33, 14, 34, 13, 30, 27, 2, 28, 24, 25, 26, 20, 17, 18, 8, 5, 10, 31, 9, 32, 11, 6, 29, 7, 40, 38, 41, 39, 42, 15, 19, 16, 37, 4, 0, 23, 21];5810.0
[21, 35, 37, 15, 20, 17, 12, 18, 42, 39, 40, 28, 23, 24, 26, 3, 27, 30, 6, 29, 7, 10, 31, 9, 13, 33, 14, 34, 8, 32, 11, 5, 4, 0, 1, 36, 2, 16, 19, 41, 38, 25, 22];11215.0
[13, 34, 42, 39, 41, 12, 4, 0, 35, 3, 27, 1, 36, 7, 30, 6, 15, 18, 14, 8, 31, 10, 5, 29, 11, 32, 9, 20, 17, 19, 16, 28, 2, 40, 38, 37, 22, 24, 21, 23, 25, 26, 33];11164.0
[37, 25, 23, 21, 22, 0, 4, 1, 27, 2, 5, 30, 14, 9, 32, 28, 3, 35, 36, 7, 10, 31, 8, 29, 24, 26, 40, 38, 41, 39, 42, 17, 20, 13, 33, 12, 34, 15, 18, 16, 19, 11, 6];5824.0
[5, 10, 19, 16, 12, 34, 41, 39, 42, 38, 40, 4, 0, 35, 37, 7, 30, 33, 13, 29, 27, 3, 23, 24, 21, 22, 25, 26, 14, 9, 32, 11, 31, 8, 6, 36, 2, 28, 1, 17, 18, 15, 20];5829.0
[22, 24, 26, 15, 19, 16, 18, 17, 20, 11, 32, 29, 6, 30, 33, 13, 34, 14, 42, 39, 40, 37, 38, 41, 10, 31, 9, 5, 25, 21, 23, 2, 36, 1, 27, 0, 4, 7, 12, 8, 28, 3, 35];11165.0
[28, 2, 36, 1, 15, 20, 16, 19, 11, 30, 7, 9, 32, 10, 18, 17, 14, 34, 13, 33, 12, 31, 8, 29, 5, 26, 40, 39, 41, 38, 42, 27, 0, 4, 6, 37, 25, 22, 24, 21, 23, 35, 3];5819.0
[11, 19, 15, 20, 17, 37, 35, 3, 8, 32, 41, 39, 40, 38, 42, 12, 6, 29, 26, 24, 23, 25, 21, 22, 0, 4, 7, 10, 5, 28, 1, 36, 2, 27, 30, 16, 18, 13, 34, 14, 33, 9, 31];5836.0
[22, 21, 23, 24, 26, 34, 12, 31, 9, 7, 13, 33, 14, 11, 1, 27, 36, 2, 6, 29, 5, 4, 0, 35, 3, 28, 42, 38, 40, 18, 17, 20, 16, 19, 15, 30, 10, 32, 8, 41, 39, 37, 25];11146.0
[1, 36, 0, 4, 7, 18, 15, 19, 17, 20, 16, 27, 2, 28, 3, 6, 10, 31, 8, 32, 11, 37, 35, 23, 21, 22, 25, 30, 5, 9, 29, 14, 40, 39, 42, 38, 41, 34, 13, 33, 12, 26, 24];5829.0
[12, 41, 38, 40, 39, 42, 34, 13, 10, 31, 11, 20, 17, 19, 15, 18, 16, 14, 29, 6, 28, 2, 36, 1, 35, 23, 21, 22, 24, 27, 5, 30, 7, 8, 32, 9, 3, 0, 4, 37, 25, 26, 33];5809.0
[21, 22, 35, 36, 1, 41, 39, 40, 38, 42, 33, 13, 34, 12, 29, 7, 30, 9, 31, 10, 3, 0, 4, 37, 16, 20, 17, 14, 8, 32, 19, 15, 18, 11, 5, 28, 2, 27, 6, 26, 24, 23, 25];5828.0
[37, 25, 26, 34, 14, 30, 7, 24, 22, 21, 23, 35, 1, 27, 12, 33, 13, 40, 38, 42, 39, 41, 9, 31, 10, 32, 11, 6, 20, 16, 19, 15, 18, 17, 5, 29, 8, 4, 0, 3, 28, 2, 36];5825.0
[7, 8, 31, 9, 32, 10, 19, 15, 18, 16, 20, 17, 11, 6, 29, 28, 23, 21, 22, 25, 38, 41, 37, 4, 0, 3, 5, 34, 13, 1, 35, 36, 2, 42, 39, 40, 30, 27, 24, 26, 12, 33, 14];11186.0
[31, 8, 16, 19, 17, 3, 28, 23, 24, 27, 2, 6, 30, 4, 0, 35, 22, 21, 25, 26, 20, 15, 18, 12, 40, 38, 41, 5, 9, 32, 10, 7, 29, 1, 36, 37, 39, 42, 33, 14, 34, 13, 11];11177.0
[36, 24, 22, 21, 23, 0, 4, 30, 7, 10, 18, 15, 19, 16, 5, 11, 31, 8, 29, 6, 13, 33, 14, 37, 25, 26, 42, 38, 40, 39, 41, 20, 17, 34, 12, 32, 9, 1, 28, 3, 27, 2, 35];5816.0
[23, 25, 26, 41, 38, 42, 28, 3, 35, 36, 15, 19, 17, 13, 34, 12, 33, 14, 8, 6, 9, 32, 11, 31, 10, 30, 20, 16, 18, 40, 39, 5, 37, 4, 0, 2, 27, 29, 7, 1, 24, 22, 21];11143.0
[16, 20, 15, 12, 34, 11, 31, 29, 8, 37, 35, 0, 4, 30, 7, 13, 33, 10, 6, 3, 24, 25, 23, 21, 22, 27, 1, 28, 2, 36, 5, 9, 32, 19, 17, 18, 14, 42, 39, 40, 38, 41, 26];5827.0
[13, 10, 31, 8, 7, 29, 16, 20, 15, 19, 33, 12, 34, 14, 40, 39, 41, 38, 42, 18, 17, 6, 30, 1, 36, 35, 23, 21, 22, 24, 3, 28, 2, 27, 5, 11, 32, 9, 4, 0, 37, 25, 26];5828.0
[19, 15, 13, 34, 14, 33, 12, 41, 39, 42, 16, 18, 10, 32, 8, 5, 2, 28, 7, 9, 31, 30, 11, 36, 3, 4, 0, 35, 23, 1, 27, 17, 20, 29, 6, 37, 21, 22, 24, 26, 25, 38, 40];11188.0
[16, 37, 36, 3, 27, 26, 41, 39, 2, 28, 1, 24, 25, 23, 21, 22, 35, 0, 4, 7, 29, 5, 14, 33, 12, 34, 13, 42, 38, 40, 10, 31, 11, 32, 9, 30, 6, 8, 18, 15, 19, 17, 20];11132.0
[41, 39, 2, 28, 3, 36, 6, 9, 31, 10, 20, 15, 13, 34, 12, 33, 14, 8, 32, 11, 5, 29, 27, 1, 22, 25, 26, 40, 38, 42, 24, 23, 21, 35, 0, 4, 37, 30, 7, 16, 19, 17, 18];11155.0
[20, 10, 6, 9, 32, 8, 31, 11, 29, 41, 39, 37, 4, 0, 3, 36, 35, 23, 1, 5, 34, 19, 15, 30, 7, 27, 24, 21, 22, 25, 26, 13, 42, 38, 40, 12, 33, 14, 2, 28, 16, 18, 17];11196.0
[28, 2, 7, 11, 31, 29, 12, 34, 41, 39, 40, 38, 42, 14, 8, 6, 10, 32, 9, 36, 35, 23, 0, 4, 37, 13, 33, 15, 18, 17, 19, 16, 20, 26, 25, 24, 21, 22, 3, 27, 1, 5, 30];5828.0
[2, 14, 33, 13, 34, 12, 19, 7, 10, 31, 9, 32, 8, 30, 28, 3, 15, 20, 16, 18, 17, 37, 4, 0, 35, 23, 21, 22, 24, 25, 26, 41, 39, 40, 38, 42, 5, 29, 6, 11, 36, 1, 27];5785.0
[36, 2, 9, 32, 20, 16, 12, 33, 13, 18, 17, 41, 38, 37, 6, 8, 7, 19, 15, 4, 0, 35, 1, 5, 14, 34, 42, 39, 40, 26, 25, 23, 21, 22, 24, 28, 30, 10, 31, 11, 29, 27, 3];11161.0
[39, 42, 12, 9, 7, 30, 27, 3, 28, 24, 22, 21, 23, 38, 40, 20, 16, 1, 35, 0, 4, 15, 19, 17, 18, 6, 10, 31, 8, 32, 11, 29, 33, 13, 5, 2, 36, 37, 25, 26, 14, 34, 41];11179.0
[28, 1, 27, 41, 38, 0, 4, 7, 13, 34, 12, 26, 25, 24, 22, 21, 23, 35, 37, 5, 29, 16, 19, 42, 39, 40, 17, 18, 15, 20, 33, 14, 9, 6, 30, 11, 32, 10, 31, 8, 3, 36, 2];11148.0
[15, 19, 9, 31, 10, 5, 26, 25, 37, 8, 7, 12, 34, 14, 6, 4, 0, 3, 27, 30, 41, 38, 42, 39, 40, 17, 20, 13, 33, 32, 11, 29, 28, 2, 36, 23, 21, 24, 22, 35, 1, 16, 18];5854.0
[7, 29, 1, 36, 27, 2, 0, 4, 38, 41, 11, 32, 9, 31, 10, 37, 35, 23, 24, 21, 22, 28, 3, 14, 33, 12, 34, 13, 6, 40, 39, 42, 25, 26, 18, 17, 19, 15, 20, 16, 8, 5, 30];11172.0
[21, 22, 35, 23, 24, 26, 18, 16, 19, 15, 20, 17, 34, 13, 33, 12, 7, 8, 32, 9, 30, 5, 10, 31, 11, 29, 4, 0, 37, 38, 41, 27, 2, 36, 1, 28, 3, 6, 14, 40, 39, 42, 25];11150.0
[9, 37, 25, 22, 21, 24, 26, 33, 13, 6, 29, 4, 0, 2, 36, 40, 38, 41, 39, 42, 15, 18, 16, 20, 5, 17, 19, 7, 30, 12, 34, 14, 8, 32, 10, 3, 35, 23, 28, 1, 27, 11, 31];5857.0
[4, 42, 38, 41, 39, 40, 33, 14, 34, 12, 30, 10, 31, 8, 32, 9, 27, 23, 24, 26, 15, 20, 17, 18, 7, 29, 5, 13, 11, 19, 16, 3, 21, 25, 37, 6, 2, 28, 1, 36, 35, 22, 0];5872.0
[1, 36, 42, 38, 40, 13, 33, 26, 24, 22, 21, 23, 25, 6, 30, 10, 32, 8, 31, 9, 12, 34, 14, 15, 18, 17, 20, 11, 7, 29, 5, 19, 16, 41, 39, 4, 0, 35, 37, 3, 27, 2, 28];11146.0
[3, 36, 15, 20, 32, 11, 7, 13, 33, 14, 34, 12, 26, 25, 21, 22, 24, 27, 2, 28, 30, 6, 10, 19, 41, 39, 40, 38, 42, 29, 5, 9, 31, 8, 37, 35, 0, 4, 17, 18, 16, 1, 23];5868.0
[22, 0, 4, 37, 16, 20, 15, 19, 17, 18, 13, 33, 12, 34, 40, 39, 42, 38, 41, 26, 25, 23, 21, 35, 36, 2, 28, 3, 30, 5, 11, 6, 1, 27, 29, 7, 14, 10, 31, 8, 32, 9, 24];5802.0
[22, 35, 36, 3, 27, 1, 28, 29, 2, 23, 0, 4, 10, 32, 11, 18, 17, 19, 15, 33, 12, 9, 31, 8, 37, 25, 26, 41, 38, 40, 39, 42, 14, 5, 30, 6, 13, 34, 16, 20, 7, 24, 21];5852.0
[37, 6, 20, 17, 19, 15, 18, 16, 12, 33, 13, 10, 31, 11, 7, 3, 28, 1, 29, 5, 30, 9, 32, 8, 14, 34, 26, 41, 38, 40, 39, 42, 25, 22, 35, 0, 4, 27, 2, 21, 23, 24, 36];5825.0
[1, 36, 3, 37, 4, 0, 35, 2, 5, 15, 20, 13, 33, 12, 10, 6, 24, 22, 25, 21, 23, 27, 30, 7, 14, 34, 41, 39, 42, 18, 17, 19, 16, 11, 32, 8, 31, 9, 38, 40, 26, 29, 28];11171.0
[5, 30, 19, 15, 13, 34, 14, 33, 12, 29, 6, 27, 26, 25, 23, 24, 22, 21, 0, 4, 2, 36, 10, 31, 8, 20, 17, 18, 16, 41, 38, 40, 39, 42, 28, 1, 37, 35, 3, 7, 9, 32, 11];5836.0
[26, 41, 39, 40, 16, 18, 10, 31, 11, 5, 30, 4, 0, 1, 15, 19, 17, 20, 42, 38, 28, 2, 27, 3, 24, 22, 21, 23, 35, 36, 7, 9, 32, 8, 29, 6, 13, 33, 12, 34, 14, 37, 25];11145.0
[36, 35, 0, 4, 37, 39, 42, 15, 18, 16, 11, 32, 9, 19, 17, 20, 40, 38, 41, 14, 33, 13, 34, 12, 31, 8, 7, 26, 24, 23, 25, 21, 22, 27, 1, 10, 6, 30, 5, 29, 2, 28, 3];11132.0
[9, 32, 29, 17, 19, 15, 20, 16, 18, 42, 38, 40, 30, 5, 8, 41, 39, 37, 35, 1, 28, 14, 33, 12, 34, 7, 4, 0, 21, 23, 24, 22, 25, 26, 13, 10, 27, 2, 36, 3, 6, 11, 31];11160.0
[22, 0, 4, 25, 21, 23, 35, 2, 37, 36, 3, 27, 29, 5, 33, 14, 19, 16, 20, 15, 12, 34, 13, 11, 31, 9, 32, 8, 7, 17, 18, 6, 10, 30, 28, 1, 41, 39, 40, 38, 42, 26, 24];5817.0
[1, 0, 4, 17, 19, 13, 34, 12, 33, 14, 11, 31, 10, 32, 8, 30, 5, 2, 27, 6, 29, 7, 37, 41, 39, 42, 38, 40, 25, 21, 22, 3, 28, 36, 35, 23, 24, 26, 16, 20, 15, 18, 9];5840.0
[9, 41, 39, 40, 38, 42, 19, 15, 18, 13, 33, 12, 29, 7, 14, 34, 30, 27, 2, 36, 35, 22, 21, 23, 24, 1, 37, 25, 26, 17, 20, 16, 11, 31, 8, 32, 10, 5, 4, 0, 3, 28, 6];5830.0
[26, 25, 23, 2, 8, 31, 9, 32, 10, 42, 39, 41, 38, 40, 33, 13, 34, 14, 36, 35, 37, 6, 30, 5, 27, 3, 28, 1, 24, 22, 21, 0, 4, 7, 15, 20, 17, 19, 16, 18, 12, 11, 29];5848.0
[10, 5, 3, 36, 2, 4, 0, 22, 35, 1, 17, 18, 12, 33, 14, 8, 7, 28, 30, 6, 29, 25, 21, 24, 23, 27, 16, 19, 26, 40, 38, 42, 37, 39, 41, 15, 20, 34, 13, 11, 32, 9, 31];11211.0
[9, 5, 1, 0, 4, 33, 12, 41, 38, 42, 26, 14, 34, 13, 8, 31, 11, 20, 17, 18, 16, 19, 15, 30, 6, 29, 2, 27, 22, 24, 40, 39, 28, 3, 36, 35, 23, 21, 25, 37, 7, 10, 32];11176.0
[24, 28, 30, 9, 32, 8, 6, 17, 19, 15, 18, 26, 25, 29, 5, 3, 37, 39, 40, 12, 34, 42, 38, 41, 20, 16, 7, 10, 31, 11, 2, 36, 35, 0, 4, 13, 33, 14, 1, 27, 22, 21, 23];11189.0
[23, 3, 16, 19, 17, 20, 15, 26, 25, 22, 24, 27, 30, 7, 12, 33, 13, 34, 14, 4, 0, 35, 36, 1, 9, 32, 11, 6, 29, 18, 40, 39, 41, 38, 42, 2, 28, 5, 10, 31, 8, 37, 21];5856.0
[29, 13, 41, 38, 42, 26, 39, 40, 34, 12, 33, 14, 10, 20, 17, 19, 16, 2, 28, 36, 1, 27, 3, 5, 18, 15, 4, 0, 35, 37, 23, 21, 22, 24, 25, 30, 7, 9, 32, 8, 31, 11, 6];11167.0
[21, 23, 24, 22, 3, 16, 18, 17, 20, 11, 27, 2, 28, 1, 35, 0, 4, 37, 36, 9, 31, 8, 32, 10, 30, 7, 38, 42, 5, 29, 6, 13, 34, 12, 40, 39, 41, 15, 19, 14, 33, 26, 25];11149.0
[16, 18, 17, 4, 0, 27, 2, 7, 9, 32, 8, 6, 29, 14, 34, 11, 37, 3, 36, 1, 35, 22, 21, 23, 25, 39, 40, 5, 30, 28, 24, 26, 42, 38, 41, 15, 20, 13, 33, 12, 10, 31, 19];11158.0
[1, 36, 3, 6, 8, 32, 11, 5, 27, 29, 42, 38, 40, 10, 31, 28, 2, 35, 0, 4, 7, 17, 19, 13, 9, 30, 16, 18, 15, 20, 34, 12, 33, 41, 39, 37, 23, 21, 22, 24, 25, 26, 14];11186.0
[2, 24, 23, 25, 41, 39, 4, 0, 3, 36, 7, 19, 26, 42, 38, 40, 16, 20, 17, 18, 15, 12, 34, 14, 28, 1, 27, 22, 21, 35, 37, 10, 6, 11, 31, 9, 32, 8, 5, 30, 13, 33, 29];11194.0
[37, 35, 0, 4, 11, 32, 10, 30, 40, 38, 41, 39, 42, 12, 34, 13, 26, 25, 22, 21, 23, 24, 7, 14, 33, 8, 31, 9, 5, 18, 17, 19, 16, 20, 15, 2, 36, 1, 27, 3, 28, 29, 6];5801.0
[1, 28, 30, 26, 25, 23, 38, 42, 16, 19, 14, 34, 13, 7, 29, 27, 3, 21, 22, 24, 36, 2, 35, 37, 40, 39, 41, 12, 33, 6, 9, 31, 11, 32, 8, 5, 10, 20, 15, 18, 17, 4, 0];11191.0
[1, 35, 37, 0, 4, 14, 33, 5, 13, 34, 12, 40, 38, 41, 39, 42, 36, 3, 28, 30, 11, 7, 31, 9, 29, 6, 10, 32, 8, 19, 17, 20, 16, 18, 15, 26, 25, 23, 21, 24, 22, 2, 27];5823.0
[36, 38, 40, 12, 33, 14, 34, 26, 25, 21, 35, 22, 24, 23, 1, 27, 29, 7, 13, 41, 39, 42, 15, 20, 8, 31, 9, 32, 10, 30, 5, 2, 17, 19, 16, 18, 11, 6, 28, 3, 0, 4, 37];11176.0
[8, 32, 11, 3, 41, 38, 2, 28, 22, 35, 0, 4, 37, 36, 1, 27, 21, 23, 24, 26, 25, 42, 39, 40, 13, 33, 14, 34, 12, 17, 20, 31, 9, 6, 29, 10, 19, 16, 18, 15, 5, 30, 7];11177.0
[37, 4, 0, 23, 35, 21, 22, 24, 30, 12, 10, 31, 11, 32, 9, 25, 26, 42, 38, 41, 19, 16, 14, 34, 13, 33, 28, 2, 5, 29, 7, 40, 39, 6, 8, 20, 15, 18, 17, 27, 3, 36, 1];11195.0
[11, 5, 36, 1, 22, 35, 3, 7, 34, 13, 33, 12, 17, 20, 15, 19, 14, 10, 31, 9, 32, 8, 37, 25, 26, 24, 21, 23, 27, 29, 6, 30, 28, 2, 0, 4, 40, 39, 41, 38, 42, 16, 18];5847.0
[24, 28, 1, 27, 3, 5, 39, 40, 26, 33, 14, 9, 32, 29, 6, 12, 34, 13, 11, 30, 7, 10, 31, 8, 18, 15, 42, 38, 41, 20, 17, 19, 16, 4, 0, 35, 37, 2, 36, 23, 21, 25, 22];11163.0
[19, 15, 14, 33, 28, 2, 36, 24, 25, 23, 21, 22, 35, 4, 0, 3, 27, 1, 8, 18, 16, 10, 31, 9, 32, 11, 5, 29, 7, 30, 6, 37, 12, 26, 42, 38, 41, 39, 40, 34, 13, 20, 17];5827.0
[20, 10, 7, 29, 5, 13, 33, 12, 34, 14, 8, 42, 38, 40, 39, 41, 26, 24, 25, 37, 2, 4, 0, 35, 36, 22, 21, 23, 1, 27, 16, 18, 17, 19, 32, 9, 31, 11, 30, 28, 3, 6, 15];5830.0
[15, 20, 14, 10, 32, 8, 7, 30, 9, 6, 41, 38, 42, 39, 40, 13, 11, 31, 28, 22, 21, 25, 37, 2, 27, 1, 35, 0, 4, 5, 29, 33, 12, 34, 26, 24, 23, 3, 36, 16, 19, 17, 18];5839.0
[28, 2, 22, 21, 23, 25, 41, 38, 40, 39, 42, 13, 33, 14, 29, 34, 12, 10, 32, 8, 27, 1, 7, 11, 31, 9, 6, 3, 26, 24, 36, 35, 0, 4, 37, 5, 30, 18, 16, 19, 17, 20, 15];5837.0
[42, 20, 16, 19, 13, 34, 12, 33, 14, 41, 39, 37, 7, 29, 5, 30, 9, 31, 11, 2, 4, 0, 35, 36, 24, 26, 25, 23, 21, 22, 1, 28, 3, 27, 15, 18, 17, 6, 10, 32, 8, 40, 38];11150.0
[18, 12, 9, 7, 29, 10, 32, 19, 16, 20, 15, 2, 27, 3, 36, 35, 0, 4, 1, 28, 23, 25, 39, 40, 34, 14, 33, 8, 31, 11, 6, 37, 21, 22, 24, 26, 42, 38, 41, 13, 30, 5, 17];11163.0
[3, 30, 34, 13, 31, 8, 37, 35, 21, 22, 24, 25, 23, 28, 29, 14, 9, 6, 27, 2, 0, 4, 41, 39, 42, 26, 15, 20, 16, 33, 12, 11, 7, 38, 40, 19, 17, 18, 32, 10, 5, 1, 36];11198.0
[25, 26, 12, 34, 14, 33, 40, 38, 42, 39, 41, 7, 29, 3, 27, 1, 35, 36, 2, 28, 15, 20, 16, 19, 17, 18, 13, 5, 11, 32, 10, 6, 30, 9, 31, 8, 37, 4, 0, 23, 21, 22, 24];5787.0
