ry48p
[19, 32, 11, 14, 43, 30, 37, 7, 0, 15, 21, 2, 8, 45, 42, 16, 26, 35, 6, 17, 27, 29, 36, 18, 5, 39, 10, 22, 13, 24, 33, 40, 1, 3, 25, 34, 44, 47, 4, 28, 41, 9, 23, 31, 38, 12, 20, 46];17213.0;24112.416666666668;6947111.145833333;320.0;8941.0;144.0
[9, 25, 3, 16, 42, 6, 17, 37, 7, 0, 8, 45, 10, 22, 2, 33, 40, 15, 21, 24, 4, 1, 28, 13, 12, 46, 19, 35, 27, 26, 18, 32, 11, 20, 31, 44, 34, 41, 38, 29, 36, 5, 43, 30, 14, 39, 47, 23];23206.0
[35, 43, 30, 37, 7, 8, 39, 6, 29, 36, 18, 5, 27, 17, 14, 0, 15, 21, 2, 13, 24, 33, 4, 47, 41, 44, 34, 23, 12, 22, 45, 16, 26, 42, 19, 40, 28, 1, 3, 25, 9, 31, 38, 20, 46, 10, 11, 32];20237.0
[47, 4, 41, 23, 9, 44, 31, 38, 20, 11, 43, 30, 14, 22, 33, 1, 25, 34, 3, 28, 13, 24, 12, 10, 26, 42, 16, 29, 35, 2, 40, 15, 0, 21, 7, 37, 6, 17, 8, 39, 45, 32, 36, 18, 5, 27, 19, 46];21774.0
[25, 38, 4, 47, 1, 23, 33, 21, 6, 36, 32, 10, 26, 40, 34, 16, 43, 8, 42, 12, 20, 9, 41, 2, 37, 5, 29, 14, 19, 45, 22, 18, 35, 7, 0, 17, 27, 13, 46, 24, 31, 44, 3, 30, 39, 15, 28, 11];42311.0
[8, 45, 32, 11, 46, 31, 23, 9, 44, 34, 3, 25, 41, 1, 40, 2, 13, 12, 19, 26, 16, 6, 17, 33, 28, 4, 47, 38, 24, 20, 42, 29, 36, 18, 5, 27, 35, 43, 30, 37, 39, 14, 10, 22, 0, 7, 15, 21];19210.0
[16, 23, 46, 43, 39, 32, 25, 13, 11, 31, 9, 40, 42, 8, 30, 18, 2, 34, 29, 45, 44, 17, 12, 3, 20, 38, 0, 14, 19, 47, 33, 6, 7, 10, 37, 24, 35, 41, 4, 36, 21, 22, 1, 28, 27, 26, 15, 5];55645.0
[35, 43, 30, 37, 7, 0, 8, 39, 15, 21, 45, 14, 19, 46, 20, 38, 4, 28, 1, 3, 25, 34, 44, 41, 40, 33, 2, 31, 23, 9, 47, 24, 13, 12, 22, 10, 11, 32, 29, 5, 42, 16, 26, 18, 36, 27, 6, 17];17854.0
[19, 14, 32, 10, 22, 38, 31, 47, 24, 4, 41, 23, 9, 34, 44, 25, 3, 1, 28, 33, 40, 2, 13, 12, 20, 29, 27, 17, 35, 45, 37, 6, 16, 26, 42, 36, 18, 5, 43, 30, 39, 8, 7, 0, 15, 21, 11, 46];18004.0
[15, 21, 7, 8, 0, 37, 43, 30, 45, 17, 26, 18, 5, 14, 39, 2, 40, 33, 28, 1, 3, 25, 41, 23, 31, 19, 6, 27, 29, 36, 35, 32, 11, 9, 34, 44, 16, 42, 46, 20, 38, 47, 4, 24, 13, 12, 22, 10];22167.0
[14, 10, 20, 31, 38, 33, 40, 2, 13, 22, 12, 46, 19, 6, 27, 26, 18, 36, 17, 35, 45, 32, 4, 1, 25, 3, 34, 44, 9, 42, 16, 29, 5, 39, 0, 8, 37, 43, 30, 7, 15, 21, 28, 41, 23, 47, 24, 11];21149.0
[1, 33, 40, 15, 7, 0, 8, 45, 19, 46, 10, 22, 39, 14, 35, 43, 30, 27, 36, 18, 26, 42, 16, 32, 11, 12, 24, 13, 47, 31, 38, 20, 6, 17, 29, 5, 37, 21, 2, 9, 34, 44, 23, 4, 28, 41, 25, 3];20149.0
[8, 2, 15, 33, 40, 28, 1, 25, 3, 41, 31, 38, 20, 12, 22, 13, 4, 34, 44, 9, 23, 47, 24, 11, 32, 45, 21, 7, 37, 6, 5, 16, 26, 18, 36, 42, 29, 27, 17, 14, 10, 46, 19, 35, 43, 30, 39, 0];18831.0
[37, 43, 35, 27, 29, 5, 6, 17, 45, 10, 22, 13, 28, 47, 38, 12, 24, 4, 34, 44, 9, 23, 41, 1, 3, 25, 31, 46, 20, 33, 40, 2, 39, 14, 11, 19, 32, 18, 26, 36, 42, 16, 30, 7, 15, 21, 0, 8];19179.0
[4, 47, 31, 38, 10, 14, 35, 27, 36, 5, 18, 16, 26, 42, 29, 30, 37, 7, 8, 0, 15, 40, 3, 25, 34, 44, 23, 9, 41, 13, 22, 12, 24, 20, 46, 19, 43, 6, 17, 45, 32, 11, 39, 21, 2, 33, 28, 1];18164.0
[1, 3, 25, 4, 2, 14, 27, 42, 16, 26, 18, 36, 29, 5, 43, 30, 39, 8, 0, 15, 40, 28, 41, 34, 44, 9, 23, 24, 11, 45, 37, 7, 21, 33, 47, 38, 31, 20, 12, 46, 32, 17, 35, 6, 19, 10, 22, 13];19912.0
[25, 44, 34, 3, 1, 28, 12, 46, 19, 30, 37, 8, 39, 10, 11, 14, 43, 17, 27, 36, 35, 6, 45, 32, 4, 47, 24, 7, 0, 21, 15, 40, 2, 33, 13, 22, 29, 5, 42, 16, 26, 18, 20, 31, 38, 41, 23, 9];20443.0
[39, 0, 15, 8, 32, 19, 11, 14, 35, 27, 16, 26, 18, 5, 37, 7, 21, 2, 24, 12, 46, 10, 20, 38, 31, 23, 9, 44, 34, 3, 25, 1, 41, 28, 29, 42, 36, 30, 22, 13, 47, 4, 33, 40, 45, 6, 17, 43];20585.0
[42, 29, 35, 31, 23, 9, 38, 24, 2, 21, 7, 0, 39, 14, 11, 32, 45, 37, 8, 15, 40, 33, 47, 28, 1, 3, 25, 34, 44, 41, 4, 13, 10, 22, 30, 43, 6, 17, 27, 36, 18, 26, 19, 12, 20, 46, 5, 16];19671.0
[30, 7, 15, 21, 12, 46, 19, 43, 6, 17, 27, 36, 29, 35, 11, 47, 9, 34, 44, 42, 16, 26, 18, 5, 14, 10, 22, 13, 4, 28, 41, 23, 3, 25, 1, 33, 40, 2, 0, 8, 39, 24, 31, 38, 20, 32, 45, 37];21842.0
[42, 17, 6, 43, 8, 39, 14, 35, 45, 32, 19, 11, 46, 20, 44, 34, 25, 3, 9, 31, 38, 12, 22, 10, 2, 40, 28, 24, 13, 21, 15, 7, 0, 47, 23, 41, 1, 4, 33, 37, 30, 27, 29, 36, 18, 5, 16, 26];20725.0
[35, 32, 11, 10, 22, 28, 1, 3, 25, 41, 47, 31, 38, 9, 34, 44, 23, 4, 33, 40, 39, 6, 27, 16, 26, 42, 46, 19, 20, 12, 24, 13, 2, 15, 21, 14, 45, 43, 30, 37, 7, 0, 8, 17, 29, 5, 18, 36];19450.0
[14, 23, 43, 6, 20, 31, 0, 5, 46, 8, 35, 41, 37, 45, 32, 21, 3, 11, 22, 4, 39, 38, 16, 42, 15, 47, 19, 30, 29, 1, 12, 34, 27, 24, 26, 40, 13, 28, 33, 44, 9, 36, 2, 18, 10, 7, 25, 17];58250.0
[23, 41, 28, 4, 33, 2, 40, 1, 3, 9, 25, 34, 44, 47, 24, 12, 42, 29, 36, 20, 46, 19, 6, 17, 35, 27, 5, 16, 26, 18, 43, 30, 7, 0, 15, 21, 45, 37, 8, 39, 14, 32, 11, 10, 22, 13, 38, 31];19165.0
[4, 28, 1, 25, 3, 9, 41, 38, 31, 24, 13, 22, 2, 21, 15, 40, 34, 44, 23, 29, 5, 16, 26, 42, 18, 36, 27, 6, 19, 46, 12, 20, 11, 32, 14, 45, 17, 35, 43, 30, 37, 7, 0, 8, 39, 10, 33, 47];19368.0
[28, 41, 44, 34, 3, 1, 15, 0, 8, 35, 6, 5, 16, 42, 23, 9, 25, 4, 45, 17, 27, 36, 18, 26, 29, 19, 46, 10, 39, 14, 22, 12, 31, 47, 38, 20, 2, 21, 40, 33, 13, 24, 11, 32, 43, 30, 37, 7];22837.0
[18, 5, 6, 17, 35, 43, 30, 37, 39, 14, 11, 46, 20, 31, 23, 9, 3, 25, 38, 19, 29, 36, 27, 32, 10, 22, 12, 24, 13, 47, 4, 41, 34, 44, 1, 28, 33, 40, 2, 21, 7, 15, 0, 8, 45, 16, 26, 42];18557.0
[41, 34, 44, 20, 42, 16, 26, 29, 35, 43, 40, 33, 28, 1, 25, 3, 9, 23, 47, 4, 31, 38, 24, 12, 10, 14, 11, 32, 30, 45, 22, 2, 15, 21, 0, 37, 7, 8, 39, 46, 19, 36, 18, 5, 6, 27, 17, 13];21677.0
[19, 32, 45, 14, 11, 24, 13, 28, 1, 41, 9, 34, 44, 3, 25, 33, 40, 4, 47, 23, 12, 35, 29, 16, 26, 18, 5, 43, 8, 39, 10, 22, 2, 21, 15, 0, 7, 37, 30, 6, 17, 27, 36, 42, 46, 31, 38, 20];19622.0
[30, 35, 19, 31, 44, 15, 17, 14, 12, 6, 38, 43, 29, 21, 7, 28, 13, 41, 25, 22, 36, 24, 16, 40, 32, 42, 4, 34, 37, 23, 46, 39, 33, 0, 27, 10, 11, 3, 20, 2, 1, 5, 26, 47, 9, 18, 8, 45];53436.0
[37, 23, 29, 27, 40, 1, 12, 41, 8, 24, 2, 5, 28, 31, 20, 32, 34, 10, 45, 35, 46, 38, 22, 44, 17, 11, 4, 25, 18, 39, 9, 15, 36, 14, 13, 26, 30, 47, 21, 19, 43, 0, 6, 42, 3, 33, 7, 16];57273.0
[10, 22, 24, 12, 46, 19, 6, 17, 45, 32, 13, 28, 1, 33, 43, 30, 27, 5, 36, 18, 26, 16, 42, 29, 35, 37, 7, 0, 8, 39, 20, 31, 38, 47, 4, 23, 9, 25, 3, 44, 34, 41, 40, 15, 21, 2, 11, 14];18983.0
[39, 10, 22, 2, 21, 0, 8, 30, 37, 7, 15, 40, 28, 33, 11, 14, 32, 45, 17, 27, 26, 18, 36, 5, 12, 13, 24, 38, 31, 23, 47, 4, 1, 3, 25, 34, 44, 9, 41, 20, 46, 19, 16, 42, 29, 35, 6, 43];18453.0
[38, 47, 24, 12, 10, 22, 33, 40, 2, 21, 27, 6, 17, 35, 43, 14, 9, 25, 3, 1, 15, 7, 0, 8, 39, 37, 30, 45, 32, 11, 13, 4, 28, 41, 44, 34, 23, 19, 29, 5, 18, 26, 36, 42, 16, 46, 20, 31];21553.0
[40, 2, 33, 4, 28, 1, 3, 25, 41, 10, 14, 35, 6, 17, 32, 11, 45, 37, 43, 8, 39, 21, 0, 7, 30, 27, 36, 18, 26, 19, 46, 9, 34, 44, 23, 47, 12, 22, 13, 24, 31, 38, 20, 5, 16, 42, 29, 15];21503.0
[42, 31, 10, 9, 27, 13, 46, 32, 2, 15, 26, 22, 39, 29, 30, 23, 17, 45, 6, 28, 38, 11, 37, 35, 43, 44, 7, 41, 34, 3, 21, 12, 33, 40, 25, 4, 24, 8, 0, 16, 20, 1, 18, 5, 36, 14, 19, 47];49602.0
[18, 36, 5, 6, 17, 30, 7, 37, 39, 10, 11, 14, 0, 15, 22, 13, 33, 40, 28, 1, 4, 47, 41, 3, 25, 34, 44, 9, 23, 31, 38, 20, 24, 12, 46, 19, 32, 27, 29, 35, 45, 21, 2, 8, 43, 42, 16, 26];18050.0
[34, 40, 36, 41, 12, 17, 8, 31, 6, 7, 16, 35, 4, 38, 20, 43, 21, 1, 37, 2, 3, 46, 15, 10, 19, 11, 28, 23, 27, 32, 33, 22, 18, 0, 9, 14, 25, 30, 5, 26, 44, 29, 42, 24, 39, 47, 13, 45];58667.0
[31, 38, 33, 47, 4, 1, 3, 25, 34, 9, 44, 23, 41, 28, 40, 30, 27, 42, 16, 26, 18, 5, 29, 36, 19, 46, 10, 45, 32, 11, 20, 12, 22, 39, 14, 43, 6, 17, 35, 37, 7, 8, 0, 15, 21, 2, 13, 24];18345.0
[38, 10, 39, 14, 45, 32, 19, 46, 28, 4, 1, 3, 25, 34, 44, 9, 41, 23, 47, 11, 17, 43, 30, 7, 21, 15, 2, 40, 33, 13, 24, 12, 22, 0, 8, 37, 6, 27, 42, 16, 26, 18, 5, 29, 36, 35, 20, 31];18766.0
[17, 45, 11, 20, 12, 31, 38, 3, 25, 34, 44, 23, 9, 41, 1, 28, 4, 47, 46, 19, 32, 43, 35, 29, 36, 42, 16, 30, 37, 8, 7, 0, 15, 21, 10, 22, 33, 40, 2, 24, 13, 39, 14, 27, 26, 18, 5, 6];18219.0
[0, 7, 37, 14, 46, 20, 34, 44, 41, 28, 1, 4, 33, 47, 9, 23, 38, 24, 12, 19, 16, 26, 45, 32, 15, 40, 25, 3, 31, 18, 36, 42, 29, 5, 35, 6, 27, 17, 43, 30, 21, 2, 13, 10, 22, 11, 8, 39];23244.0
[42, 16, 36, 5, 29, 30, 37, 6, 27, 17, 35, 43, 14, 10, 22, 12, 20, 46, 32, 45, 11, 24, 47, 41, 25, 3, 1, 28, 4, 13, 39, 8, 2, 33, 40, 21, 15, 0, 7, 18, 26, 19, 38, 9, 34, 44, 23, 31];21441.0
[16, 42, 19, 46, 20, 39, 2, 40, 15, 0, 8, 30, 45, 37, 7, 21, 28, 1, 41, 3, 25, 9, 24, 14, 43, 29, 5, 36, 6, 17, 35, 23, 44, 34, 33, 13, 4, 47, 31, 38, 12, 22, 10, 11, 32, 27, 26, 18];21810.0
[41, 28, 13, 24, 12, 38, 47, 4, 33, 2, 11, 32, 45, 35, 6, 17, 43, 8, 39, 14, 10, 22, 31, 9, 34, 44, 23, 20, 46, 19, 29, 5, 16, 42, 18, 26, 36, 27, 30, 37, 7, 0, 15, 21, 40, 1, 25, 3];18663.0
[3, 44, 34, 9, 41, 36, 42, 16, 26, 18, 46, 31, 23, 47, 4, 19, 43, 17, 30, 37, 7, 15, 21, 2, 0, 8, 39, 14, 11, 32, 45, 10, 12, 24, 38, 20, 35, 6, 27, 29, 5, 22, 33, 13, 40, 28, 1, 25];21720.0
[1, 3, 25, 34, 44, 9, 11, 32, 39, 0, 8, 30, 18, 36, 42, 29, 27, 6, 17, 35, 43, 15, 40, 33, 4, 47, 13, 24, 12, 10, 16, 26, 5, 37, 7, 21, 2, 41, 23, 31, 38, 20, 46, 19, 45, 14, 22, 28];20955.0
[20, 24, 13, 33, 2, 21, 7, 30, 43, 35, 29, 36, 5, 45, 19, 32, 4, 47, 23, 41, 9, 44, 34, 3, 25, 1, 28, 40, 15, 0, 37, 6, 17, 27, 26, 18, 16, 42, 31, 38, 12, 10, 22, 39, 8, 14, 11, 46];19045.0
[21, 15, 2, 11, 32, 39, 0, 7, 8, 43, 35, 29, 5, 26, 18, 16, 42, 19, 46, 20, 38, 47, 4, 28, 33, 13, 24, 12, 27, 36, 6, 17, 30, 45, 37, 14, 10, 22, 31, 23, 34, 44, 25, 3, 9, 41, 1, 40];18944.0
[21, 40, 2, 13, 38, 31, 23, 9, 41, 4, 29, 5, 16, 26, 18, 36, 42, 46, 20, 22, 12, 24, 28, 1, 25, 3, 44, 34, 47, 33, 37, 30, 6, 27, 17, 35, 43, 45, 32, 19, 10, 11, 14, 39, 8, 7, 0, 15];19338.0
[35, 37, 7, 0, 15, 21, 45, 16, 42, 36, 2, 40, 28, 1, 3, 25, 41, 4, 33, 22, 39, 8, 32, 43, 30, 14, 10, 11, 46, 20, 24, 13, 38, 31, 23, 9, 34, 44, 47, 12, 19, 6, 27, 17, 29, 26, 18, 5];19865.0
[13, 28, 1, 3, 25, 41, 15, 21, 0, 7, 37, 43, 17, 45, 35, 6, 27, 36, 18, 26, 29, 19, 32, 14, 39, 8, 30, 5, 16, 42, 11, 47, 4, 33, 40, 2, 24, 31, 23, 9, 34, 44, 38, 20, 46, 10, 22, 12];19893.0
[32, 30, 37, 43, 14, 10, 39, 8, 0, 15, 24, 12, 33, 40, 13, 22, 2, 21, 7, 11, 31, 23, 9, 44, 34, 47, 26, 18, 36, 27, 17, 35, 6, 5, 16, 42, 29, 19, 46, 28, 1, 25, 3, 41, 4, 38, 20, 45];21110.0
[46, 7, 36, 21, 25, 13, 0, 3, 28, 39, 44, 20, 42, 38, 18, 9, 27, 32, 12, 35, 29, 37, 5, 41, 33, 43, 10, 17, 16, 11, 22, 1, 24, 31, 2, 4, 34, 6, 14, 45, 8, 15, 23, 19, 30, 47, 26, 40];56286.0
[31, 46, 19, 45, 32, 39, 14, 10, 22, 2, 40, 13, 24, 38, 20, 12, 11, 42, 29, 36, 5, 4, 1, 28, 15, 8, 37, 43, 35, 6, 17, 27, 16, 26, 18, 30, 7, 0, 21, 33, 47, 23, 9, 34, 44, 3, 25, 41];20527.0
[15, 40, 33, 4, 28, 1, 41, 47, 38, 13, 22, 2, 24, 11, 42, 16, 26, 18, 29, 19, 10, 12, 31, 23, 44, 34, 25, 3, 9, 20, 46, 5, 36, 6, 27, 17, 35, 37, 7, 0, 8, 43, 30, 45, 32, 14, 39, 21];19768.0
[44, 9, 23, 41, 1, 28, 20, 16, 42, 36, 6, 43, 30, 45, 37, 7, 0, 11, 46, 19, 32, 17, 35, 29, 5, 26, 18, 27, 22, 2, 40, 33, 13, 12, 31, 38, 47, 4, 21, 15, 8, 39, 14, 10, 24, 25, 3, 34];19923.0
[1, 3, 25, 15, 21, 11, 32, 17, 35, 6, 27, 36, 26, 18, 5, 14, 2, 40, 34, 44, 9, 23, 24, 12, 19, 16, 42, 29, 46, 31, 38, 20, 22, 33, 28, 41, 47, 4, 13, 10, 39, 8, 45, 43, 30, 37, 7, 0];22546.0
[41, 38, 12, 10, 39, 21, 15, 40, 33, 47, 24, 11, 14, 17, 35, 6, 27, 42, 16, 26, 18, 36, 29, 5, 43, 30, 37, 7, 0, 8, 2, 13, 22, 46, 32, 45, 19, 20, 31, 9, 34, 44, 23, 4, 28, 1, 3, 25];17974.0
[27, 29, 36, 5, 6, 17, 35, 2, 21, 45, 43, 30, 14, 11, 46, 10, 22, 39, 8, 0, 37, 7, 15, 40, 33, 13, 28, 9, 34, 44, 23, 31, 16, 42, 26, 18, 32, 1, 3, 25, 41, 4, 47, 38, 20, 24, 12, 19];20978.0
[9, 23, 11, 43, 30, 14, 32, 45, 35, 6, 27, 17, 15, 40, 2, 21, 8, 39, 37, 7, 0, 33, 13, 24, 4, 47, 31, 38, 12, 20, 46, 19, 26, 18, 36, 5, 16, 42, 29, 10, 22, 1, 28, 41, 25, 3, 34, 44];19865.0
[34, 3, 25, 9, 23, 31, 38, 12, 10, 14, 32, 11, 20, 46, 19, 29, 36, 5, 17, 33, 40, 15, 45, 16, 42, 26, 18, 8, 39, 2, 13, 28, 1, 21, 7, 0, 37, 30, 43, 35, 6, 27, 22, 24, 47, 4, 41, 44];21126.0
[42, 36, 29, 5, 7, 15, 40, 33, 13, 12, 22, 10, 45, 32, 6, 17, 35, 43, 14, 11, 19, 46, 20, 24, 38, 31, 23, 47, 4, 28, 41, 9, 44, 34, 3, 25, 1, 2, 21, 39, 8, 0, 37, 30, 27, 26, 18, 16];17626.0
[13, 41, 34, 3, 25, 1, 28, 33, 2, 21, 7, 0, 15, 40, 4, 47, 9, 44, 23, 24, 12, 31, 38, 20, 10, 22, 42, 16, 26, 18, 5, 29, 36, 27, 14, 11, 46, 19, 32, 45, 6, 17, 35, 43, 30, 37, 8, 39];18704.0
[10, 39, 14, 27, 29, 5, 6, 17, 35, 19, 23, 9, 34, 44, 41, 1, 28, 11, 32, 43, 30, 37, 7, 8, 0, 21, 15, 40, 47, 31, 38, 20, 12, 24, 33, 2, 45, 42, 36, 16, 26, 18, 46, 3, 25, 4, 13, 22];21766.0
[32, 11, 22, 2, 39, 8, 0, 21, 28, 1, 3, 25, 41, 31, 38, 12, 10, 14, 43, 30, 27, 42, 16, 26, 36, 18, 5, 29, 35, 6, 17, 19, 46, 20, 9, 34, 44, 23, 47, 4, 24, 13, 33, 40, 15, 7, 37, 45];18362.0
[38, 23, 19, 44, 0, 42, 24, 34, 29, 31, 1, 6, 45, 12, 10, 14, 35, 5, 7, 16, 20, 32, 39, 3, 8, 17, 11, 26, 13, 15, 33, 47, 36, 28, 18, 46, 9, 43, 37, 40, 30, 22, 25, 21, 27, 2, 41, 4];56180.0
[22, 12, 24, 47, 4, 1, 28, 40, 33, 2, 11, 39, 8, 43, 16, 42, 19, 46, 10, 14, 32, 45, 6, 27, 36, 29, 5, 26, 18, 20, 3, 25, 34, 44, 38, 21, 15, 7, 0, 37, 30, 17, 35, 31, 23, 9, 41, 13];22003.0
[46, 17, 35, 6, 27, 36, 5, 7, 21, 0, 37, 18, 16, 26, 2, 40, 41, 34, 44, 3, 25, 9, 23, 31, 15, 8, 43, 30, 39, 14, 10, 11, 32, 45, 42, 29, 19, 28, 1, 4, 47, 38, 20, 22, 33, 13, 24, 12];22279.0
[37, 7, 0, 8, 45, 30, 27, 29, 35, 6, 17, 46, 20, 4, 47, 24, 12, 38, 31, 41, 28, 33, 40, 2, 15, 21, 39, 14, 11, 32, 10, 22, 13, 1, 3, 25, 34, 44, 9, 23, 19, 36, 42, 16, 26, 18, 5, 43];18930.0
[37, 45, 32, 11, 39, 8, 0, 33, 3, 25, 1, 28, 46, 19, 5, 16, 42, 29, 35, 17, 6, 27, 26, 18, 36, 20, 12, 22, 40, 15, 7, 21, 2, 13, 38, 31, 4, 41, 34, 44, 9, 23, 47, 24, 10, 14, 43, 30];20329.0
[39, 8, 30, 35, 18, 36, 5, 43, 45, 32, 10, 22, 2, 21, 40, 15, 7, 0, 37, 14, 11, 46, 23, 9, 3, 25, 34, 44, 47, 12, 6, 17, 27, 16, 26, 42, 29, 19, 20, 4, 1, 41, 38, 31, 24, 13, 28, 33];20518.0
[44, 34, 41, 4, 47, 38, 20, 22, 2, 21, 7, 37, 30, 43, 16, 26, 42, 6, 27, 29, 5, 17, 19, 46, 23, 9, 31, 18, 36, 35, 45, 32, 33, 40, 15, 0, 8, 39, 11, 14, 10, 12, 24, 13, 28, 1, 3, 25];19979.0
[6, 43, 30, 39, 14, 45, 37, 7, 21, 0, 8, 27, 29, 5, 16, 26, 18, 19, 28, 1, 3, 25, 41, 47, 38, 20, 46, 22, 2, 40, 15, 36, 42, 31, 23, 44, 34, 9, 4, 33, 13, 24, 12, 10, 11, 32, 17, 35];20786.0
[34, 41, 28, 4, 33, 11, 26, 18, 36, 14, 10, 24, 47, 9, 3, 25, 1, 40, 15, 21, 39, 8, 43, 17, 6, 27, 29, 35, 2, 22, 13, 12, 46, 19, 32, 45, 37, 7, 0, 30, 5, 16, 42, 20, 38, 31, 23, 44];21031.0
[34, 44, 23, 9, 41, 4, 2, 21, 0, 15, 40, 28, 1, 33, 39, 14, 11, 46, 19, 26, 18, 36, 30, 37, 7, 8, 43, 27, 5, 16, 42, 29, 22, 13, 24, 12, 35, 6, 17, 45, 32, 10, 20, 31, 38, 47, 25, 3];19910.0
[23, 9, 34, 44, 41, 4, 11, 14, 39, 2, 40, 15, 21, 27, 18, 26, 16, 42, 36, 5, 17, 6, 19, 28, 1, 3, 25, 33, 37, 30, 7, 0, 8, 45, 10, 22, 12, 24, 13, 38, 31, 20, 29, 35, 43, 32, 46, 47];21954.0
[42, 29, 5, 45, 32, 19, 46, 10, 39, 0, 15, 7, 37, 8, 30, 17, 27, 36, 18, 26, 38, 31, 23, 9, 25, 41, 4, 24, 12, 20, 22, 13, 33, 40, 2, 21, 28, 1, 3, 34, 44, 47, 11, 14, 35, 43, 6, 16];20033.0
[9, 44, 34, 3, 1, 25, 41, 12, 22, 46, 16, 42, 29, 5, 17, 45, 32, 7, 0, 2, 13, 24, 38, 31, 20, 26, 18, 36, 6, 27, 19, 11, 21, 15, 40, 28, 4, 33, 39, 8, 37, 30, 35, 43, 14, 10, 47, 23];21005.0
[34, 25, 3, 1, 40, 15, 21, 7, 37, 39, 8, 0, 2, 22, 11, 42, 16, 18, 36, 5, 26, 29, 19, 46, 10, 14, 32, 45, 30, 43, 6, 27, 17, 35, 20, 31, 38, 47, 4, 28, 33, 13, 12, 24, 41, 23, 9, 44];18573.0
[40, 15, 7, 0, 37, 8, 39, 14, 10, 22, 12, 46, 19, 26, 16, 18, 5, 13, 24, 4, 44, 34, 3, 25, 1, 2, 21, 30, 17, 45, 32, 11, 33, 47, 38, 43, 6, 27, 42, 29, 36, 35, 20, 31, 23, 9, 41, 28];21561.0
[19, 12, 24, 8, 14, 7, 27, 42, 47, 41, 11, 1, 10, 2, 38, 37, 39, 5, 32, 28, 21, 3, 26, 40, 17, 25, 15, 33, 20, 23, 16, 4, 34, 18, 30, 29, 45, 31, 35, 13, 0, 9, 22, 44, 36, 6, 43, 46];56122.0
[11, 12, 31, 38, 41, 25, 3, 1, 28, 33, 46, 19, 16, 26, 42, 18, 5, 39, 21, 7, 30, 45, 32, 20, 9, 34, 44, 23, 40, 15, 2, 10, 22, 13, 4, 47, 24, 29, 36, 27, 6, 17, 35, 43, 8, 0, 37, 14];21712.0
[38, 31, 23, 47, 28, 1, 3, 25, 44, 34, 9, 41, 4, 2, 21, 30, 17, 27, 5, 26, 18, 16, 42, 29, 36, 35, 6, 19, 20, 12, 24, 33, 40, 7, 37, 43, 32, 45, 8, 39, 0, 15, 22, 13, 10, 14, 11, 46];18596.0
[4, 33, 39, 8, 37, 14, 32, 27, 17, 35, 43, 30, 7, 0, 15, 21, 2, 13, 24, 22, 10, 11, 19, 46, 12, 20, 29, 36, 5, 18, 16, 26, 42, 6, 45, 40, 28, 1, 9, 44, 34, 3, 25, 41, 23, 31, 38, 47];18166.0
[7, 0, 8, 26, 18, 36, 27, 37, 39, 33, 13, 22, 12, 24, 4, 28, 1, 3, 25, 34, 44, 9, 38, 20, 10, 14, 43, 30, 6, 17, 35, 45, 32, 11, 2, 15, 21, 40, 41, 23, 47, 31, 46, 19, 16, 42, 29, 5];19942.0
[46, 20, 15, 8, 39, 14, 10, 22, 13, 24, 33, 28, 1, 25, 3, 9, 41, 4, 19, 35, 6, 17, 43, 30, 7, 21, 40, 2, 45, 16, 26, 42, 29, 32, 11, 31, 23, 44, 34, 47, 38, 12, 0, 37, 27, 5, 36, 18];21669.0
[42, 46, 24, 12, 22, 0, 8, 37, 39, 41, 9, 25, 3, 1, 28, 33, 2, 21, 7, 15, 40, 13, 47, 4, 38, 20, 10, 14, 11, 45, 32, 17, 35, 43, 30, 23, 34, 44, 31, 19, 36, 6, 27, 29, 5, 26, 18, 16];21878.0
[10, 12, 31, 23, 9, 34, 44, 41, 47, 24, 13, 22, 45, 5, 26, 18, 16, 42, 29, 36, 6, 27, 17, 35, 43, 30, 37, 7, 8, 0, 15, 40, 33, 4, 28, 1, 25, 3, 38, 20, 46, 19, 39, 21, 2, 11, 32, 14];18029.0
[6, 17, 35, 19, 46, 20, 12, 22, 39, 14, 11, 32, 45, 42, 29, 5, 27, 10, 24, 31, 38, 4, 41, 25, 3, 1, 28, 33, 40, 15, 21, 2, 13, 47, 23, 9, 34, 44, 16, 26, 18, 36, 30, 7, 0, 8, 37, 43];19442.0
[37, 8, 39, 14, 11, 10, 22, 4, 41, 3, 25, 1, 28, 33, 40, 15, 21, 0, 7, 29, 42, 16, 26, 19, 32, 2, 13, 24, 12, 46, 20, 31, 38, 47, 23, 9, 44, 34, 35, 6, 27, 36, 18, 5, 17, 43, 30, 45];19606.0
[32, 8, 15, 40, 28, 44, 34, 23, 24, 39, 14, 27, 6, 17, 35, 43, 30, 37, 7, 0, 21, 2, 33, 1, 3, 25, 9, 41, 4, 13, 22, 45, 42, 29, 5, 16, 26, 18, 36, 19, 46, 47, 38, 31, 20, 12, 10, 11];20016.0
[29, 5, 42, 16, 26, 18, 36, 19, 46, 20, 41, 3, 25, 1, 28, 38, 31, 23, 9, 34, 44, 47, 4, 33, 40, 13, 2, 21, 15, 7, 0, 8, 37, 30, 14, 11, 32, 39, 10, 12, 24, 22, 45, 35, 43, 17, 6, 27];18255.0
[1, 3, 25, 33, 37, 6, 27, 29, 36, 5, 18, 26, 16, 42, 14, 4, 41, 47, 38, 31, 9, 34, 44, 23, 2, 11, 32, 19, 46, 20, 24, 12, 13, 22, 10, 39, 0, 7, 15, 8, 45, 17, 35, 43, 30, 21, 40, 28];20921.0
[40, 33, 39, 14, 11, 8, 37, 7, 0, 21, 15, 2, 12, 31, 38, 47, 4, 41, 23, 9, 44, 34, 3, 25, 1, 20, 46, 19, 45, 32, 30, 43, 6, 17, 27, 5, 36, 18, 26, 16, 42, 29, 35, 10, 22, 13, 24, 28];17740.0
[38, 20, 46, 32, 45, 37, 6, 17, 27, 36, 18, 5, 29, 35, 43, 30, 8, 39, 2, 33, 28, 1, 40, 15, 21, 11, 14, 42, 16, 26, 19, 4, 3, 25, 41, 7, 0, 9, 44, 34, 23, 47, 12, 10, 22, 13, 24, 31];22124.0
[33, 11, 14, 45, 32, 19, 46, 38, 31, 23, 44, 34, 41, 20, 42, 16, 26, 18, 36, 5, 29, 27, 21, 2, 22, 13, 24, 12, 10, 39, 0, 8, 37, 35, 6, 17, 43, 30, 7, 15, 40, 4, 47, 9, 25, 3, 1, 28];19187.0
[22, 33, 2, 0, 8, 30, 43, 35, 16, 42, 29, 5, 17, 45, 37, 7, 15, 21, 40, 28, 41, 23, 44, 34, 3, 1, 25, 9, 31, 20, 12, 11, 32, 6, 27, 36, 18, 26, 19, 46, 24, 13, 38, 47, 4, 39, 14, 10];19185.0
[5, 45, 10, 22, 12, 24, 13, 39, 14, 43, 6, 17, 27, 29, 35, 37, 7, 0, 9, 34, 44, 23, 31, 20, 16, 42, 26, 19, 46, 38, 47, 4, 33, 11, 32, 8, 15, 40, 28, 41, 25, 3, 1, 2, 21, 30, 18, 36];22135.0
[36, 29, 35, 43, 16, 42, 6, 17, 45, 10, 9, 23, 47, 24, 12, 22, 39, 8, 7, 0, 15, 21, 40, 1, 3, 25, 28, 13, 33, 2, 11, 37, 30, 14, 44, 34, 41, 4, 38, 31, 20, 46, 19, 32, 27, 5, 26, 18];21141.0
[43, 34, 5, 28, 6, 46, 47, 40, 27, 39, 9, 4, 11, 42, 29, 31, 17, 25, 45, 13, 38, 26, 7, 37, 1, 44, 22, 14, 20, 3, 23, 10, 16, 21, 36, 18, 24, 12, 41, 2, 35, 19, 30, 32, 15, 8, 0, 33];54158.0
[6, 5, 18, 36, 27, 19, 46, 20, 24, 13, 33, 40, 2, 39, 8, 22, 31, 23, 44, 34, 3, 9, 25, 41, 47, 38, 12, 10, 14, 11, 32, 45, 37, 7, 0, 30, 43, 16, 42, 26, 29, 4, 28, 1, 15, 21, 17, 35];20347.0
[17, 35, 19, 38, 47, 9, 3, 25, 41, 28, 1, 40, 15, 2, 22, 13, 24, 12, 32, 27, 29, 42, 16, 26, 18, 36, 5, 6, 43, 30, 37, 21, 7, 0, 8, 39, 14, 11, 46, 20, 31, 23, 34, 44, 4, 33, 10, 45];19427.0
[40, 15, 7, 0, 37, 45, 43, 30, 6, 17, 35, 27, 36, 42, 29, 5, 22, 13, 24, 38, 47, 28, 4, 33, 2, 21, 8, 39, 14, 11, 32, 19, 46, 20, 25, 3, 9, 23, 12, 10, 26, 18, 16, 31, 44, 34, 41, 1];21626.0
[16, 29, 37, 3, 23, 5, 9, 21, 20, 26, 36, 43, 19, 31, 42, 25, 6, 34, 15, 47, 1, 39, 27, 22, 28, 44, 10, 35, 30, 32, 45, 4, 13, 41, 40, 12, 46, 24, 0, 33, 8, 17, 2, 14, 38, 7, 11, 18];52090.0
[36, 5, 26, 18, 16, 42, 29, 19, 46, 20, 12, 31, 38, 33, 2, 21, 0, 7, 37, 30, 8, 39, 10, 22, 13, 47, 4, 41, 1, 3, 9, 25, 34, 44, 23, 14, 45, 35, 43, 15, 40, 28, 24, 11, 32, 17, 6, 27];19225.0
[0, 8, 15, 40, 28, 1, 9, 44, 34, 3, 25, 39, 45, 30, 37, 43, 17, 35, 6, 27, 36, 42, 29, 32, 47, 23, 41, 4, 33, 13, 24, 11, 14, 10, 20, 46, 19, 16, 26, 18, 5, 31, 38, 12, 22, 2, 21, 7];20694.0
[8, 37, 30, 43, 45, 32, 19, 46, 2, 15, 21, 27, 16, 26, 42, 6, 17, 11, 22, 13, 10, 39, 14, 35, 29, 36, 18, 5, 12, 24, 9, 34, 44, 23, 41, 1, 25, 3, 31, 20, 38, 47, 4, 28, 33, 40, 7, 0];20411.0
[13, 12, 19, 29, 36, 35, 32, 11, 46, 20, 38, 23, 9, 44, 34, 25, 3, 1, 28, 15, 40, 33, 4, 41, 47, 31, 6, 27, 26, 42, 16, 18, 5, 17, 45, 14, 10, 22, 2, 21, 7, 0, 37, 43, 30, 8, 39, 24];19608.0
[46, 38, 31, 23, 9, 34, 44, 25, 3, 1, 41, 28, 35, 6, 43, 37, 21, 15, 40, 33, 45, 17, 27, 42, 29, 5, 16, 26, 18, 36, 30, 7, 0, 8, 39, 22, 2, 11, 14, 32, 19, 10, 13, 4, 47, 24, 12, 20];19168.0
[39, 0, 7, 37, 30, 27, 36, 42, 46, 22, 10, 14, 11, 19, 32, 45, 17, 35, 6, 5, 29, 20, 3, 25, 1, 28, 33, 43, 16, 26, 18, 8, 15, 21, 40, 2, 24, 12, 31, 38, 9, 34, 44, 23, 41, 47, 4, 13];21642.0
[41, 13, 24, 12, 19, 46, 20, 38, 47, 4, 33, 0, 7, 30, 37, 8, 39, 22, 9, 44, 34, 23, 31, 10, 14, 35, 6, 45, 32, 11, 2, 21, 17, 27, 29, 36, 42, 16, 26, 18, 5, 43, 15, 40, 28, 1, 25, 3];20706.0
[4, 46, 19, 43, 30, 8, 39, 6, 17, 29, 5, 42, 16, 44, 34, 25, 3, 1, 28, 24, 12, 20, 31, 38, 33, 2, 21, 15, 0, 7, 37, 27, 26, 18, 36, 35, 45, 32, 11, 14, 10, 13, 22, 40, 47, 23, 9, 41];20961.0
[24, 13, 22, 42, 18, 16, 26, 5, 43, 30, 37, 7, 0, 15, 40, 28, 1, 3, 25, 41, 23, 9, 34, 44, 31, 38, 20, 12, 46, 19, 10, 47, 4, 33, 2, 21, 8, 39, 14, 27, 36, 29, 35, 6, 17, 45, 32, 11];17935.0
[28, 4, 33, 2, 21, 7, 0, 15, 38, 31, 23, 34, 44, 20, 29, 36, 30, 37, 8, 45, 14, 11, 46, 32, 43, 35, 6, 17, 27, 26, 18, 5, 16, 42, 19, 13, 1, 3, 25, 9, 41, 47, 24, 12, 22, 10, 39, 40];20902.0
[6, 27, 18, 26, 16, 42, 30, 37, 7, 15, 21, 40, 2, 0, 8, 43, 17, 45, 32, 13, 41, 9, 34, 44, 23, 47, 31, 38, 24, 4, 25, 3, 1, 28, 33, 20, 46, 19, 29, 36, 5, 11, 22, 12, 10, 39, 14, 35];19936.0
[39, 2, 40, 1, 25, 3, 9, 23, 47, 24, 13, 12, 20, 31, 38, 4, 34, 44, 41, 28, 33, 15, 21, 7, 30, 27, 16, 26, 18, 5, 43, 8, 0, 37, 35, 36, 42, 29, 19, 46, 22, 10, 14, 11, 32, 45, 6, 17];19451.0
[4, 41, 28, 33, 13, 12, 31, 23, 47, 38, 20, 16, 42, 10, 22, 1, 3, 25, 9, 34, 44, 40, 2, 21, 15, 37, 7, 0, 8, 45, 35, 29, 26, 18, 36, 5, 43, 30, 14, 11, 46, 19, 32, 6, 27, 17, 39, 24];20776.0
[32, 10, 22, 1, 28, 40, 15, 21, 39, 45, 42, 16, 31, 3, 25, 41, 23, 9, 34, 44, 47, 4, 38, 20, 29, 36, 5, 14, 11, 19, 46, 12, 13, 24, 33, 2, 8, 30, 26, 18, 27, 0, 7, 37, 6, 17, 35, 43];22185.0
[8, 39, 2, 24, 13, 12, 20, 22, 10, 14, 11, 32, 35, 6, 27, 17, 45, 46, 31, 23, 9, 25, 3, 1, 33, 7, 30, 37, 43, 29, 5, 16, 42, 36, 18, 26, 19, 38, 47, 4, 28, 41, 34, 44, 40, 15, 21, 0];20037.0
[31, 44, 35, 45, 17, 20, 4, 37, 26, 36, 43, 19, 9, 40, 41, 25, 2, 7, 3, 14, 33, 15, 22, 38, 18, 39, 0, 6, 8, 47, 32, 42, 29, 5, 23, 13, 12, 1, 34, 28, 11, 24, 10, 16, 30, 21, 46, 27];47689.0
[19, 14, 11, 39, 10, 22, 40, 33, 28, 1, 3, 25, 38, 12, 32, 45, 37, 43, 35, 29, 42, 16, 26, 18, 5, 36, 27, 6, 17, 30, 8, 15, 2, 21, 7, 0, 13, 24, 4, 41, 9, 34, 44, 23, 47, 31, 20, 46];18383.0
[19, 32, 11, 14, 43, 30, 37, 7, 0, 15, 21, 2, 8, 45, 42, 16, 26, 35, 6, 17, 27, 29, 36, 18, 5, 39, 10, 22, 13, 24, 33, 40, 1, 3, 25, 34, 44, 47, 4, 28, 41, 9, 23, 31, 38, 12, 20, 46];17213.0
[28, 1, 41, 44, 34, 3, 25, 9, 23, 47, 24, 11, 14, 35, 6, 17, 43, 30, 32, 45, 37, 7, 0, 8, 27, 36, 18, 5, 26, 16, 42, 29, 19, 46, 20, 31, 38, 4, 33, 40, 2, 13, 12, 10, 22, 39, 21, 15];17858.0
[35, 36, 8, 3, 47, 37, 20, 27, 16, 41, 45, 32, 13, 12, 23, 31, 6, 17, 21, 29, 2, 15, 38, 46, 26, 10, 25, 30, 9, 4, 7, 43, 34, 14, 19, 5, 39, 33, 1, 42, 11, 40, 18, 24, 44, 0, 28, 22];56876.0
[12, 22, 15, 21, 0, 8, 39, 10, 4, 25, 3, 34, 44, 47, 42, 16, 26, 18, 5, 45, 32, 11, 14, 27, 36, 29, 30, 7, 37, 43, 35, 6, 17, 19, 46, 20, 38, 31, 23, 9, 41, 1, 28, 33, 40, 2, 13, 24];19580.0
[17, 43, 30, 45, 14, 22, 13, 12, 20, 46, 10, 11, 32, 19, 39, 24, 4, 1, 3, 25, 44, 34, 41, 28, 40, 21, 2, 33, 47, 9, 23, 31, 38, 29, 16, 42, 18, 26, 5, 37, 7, 0, 15, 8, 35, 27, 36, 6];19967.0
[35, 43, 30, 7, 15, 22, 12, 10, 11, 17, 6, 27, 19, 46, 20, 24, 33, 40, 2, 21, 8, 39, 14, 38, 31, 23, 9, 41, 4, 47, 0, 37, 45, 32, 13, 28, 1, 3, 25, 34, 44, 5, 36, 18, 26, 16, 42, 29];20695.0
[27, 17, 6, 45, 10, 20, 44, 34, 3, 25, 41, 38, 11, 14, 35, 43, 30, 32, 19, 46, 31, 23, 9, 1, 39, 8, 15, 40, 28, 4, 47, 12, 24, 2, 21, 33, 13, 22, 0, 7, 37, 18, 5, 16, 26, 42, 29, 36];20979.0
[41, 28, 47, 38, 26, 18, 5, 17, 45, 14, 11, 15, 21, 0, 7, 37, 43, 35, 6, 27, 29, 36, 42, 16, 31, 23, 9, 34, 44, 3, 25, 1, 40, 33, 2, 46, 20, 19, 32, 30, 8, 39, 10, 22, 12, 13, 24, 4];19871.0
[17, 32, 46, 12, 24, 28, 1, 3, 25, 41, 40, 2, 21, 15, 8, 30, 37, 7, 0, 39, 11, 14, 10, 22, 13, 38, 31, 20, 19, 16, 26, 42, 29, 23, 9, 34, 44, 47, 4, 33, 45, 35, 18, 36, 5, 43, 6, 27];20815.0
[30, 2, 18, 47, 37, 43, 21, 20, 14, 44, 34, 10, 38, 19, 25, 23, 26, 4, 9, 13, 0, 6, 42, 22, 8, 17, 45, 33, 46, 31, 11, 36, 15, 28, 27, 1, 7, 3, 12, 29, 24, 39, 32, 40, 41, 16, 35, 5];54219.0
[4, 35, 17, 24, 11, 42, 31, 21, 43, 16, 27, 44, 30, 0, 28, 8, 23, 36, 34, 33, 47, 29, 2, 32, 38, 40, 41, 22, 5, 6, 19, 3, 7, 45, 13, 10, 39, 25, 12, 1, 14, 37, 15, 9, 46, 20, 18, 26];57212.0
[44, 34, 3, 25, 33, 40, 2, 21, 15, 8, 39, 10, 11, 32, 14, 45, 35, 6, 17, 27, 19, 46, 20, 12, 24, 4, 9, 41, 28, 1, 47, 38, 13, 22, 0, 7, 37, 30, 43, 5, 29, 36, 18, 16, 26, 42, 31, 23];19076.0
[13, 28, 1, 25, 34, 44, 23, 6, 5, 18, 16, 26, 42, 29, 36, 27, 17, 19, 46, 12, 22, 33, 2, 21, 40, 15, 37, 35, 43, 30, 7, 0, 8, 39, 10, 24, 4, 47, 41, 3, 9, 31, 38, 20, 11, 32, 45, 14];19803.0
[36, 42, 4, 34, 44, 41, 40, 15, 2, 21, 24, 13, 12, 10, 22, 33, 28, 1, 3, 25, 9, 23, 47, 11, 32, 19, 46, 20, 31, 38, 45, 30, 37, 8, 7, 0, 39, 14, 43, 35, 29, 5, 16, 26, 18, 6, 17, 27];20606.0
[16, 26, 18, 36, 42, 29, 5, 27, 17, 6, 30, 37, 39, 21, 40, 28, 4, 33, 2, 45, 14, 11, 22, 13, 47, 41, 23, 9, 38, 31, 20, 46, 10, 12, 24, 1, 3, 25, 34, 44, 32, 19, 35, 43, 0, 7, 15, 8];20765.0
[36, 29, 5, 43, 30, 18, 16, 26, 42, 46, 19, 13, 24, 11, 32, 6, 17, 45, 47, 4, 41, 9, 23, 31, 38, 20, 12, 10, 22, 2, 21, 7, 0, 37, 8, 39, 15, 40, 3, 25, 34, 44, 1, 28, 33, 14, 35, 27];20434.0
[4, 47, 38, 12, 22, 2, 21, 7, 37, 30, 6, 17, 27, 18, 26, 36, 5, 43, 8, 39, 33, 34, 44, 23, 16, 42, 29, 35, 32, 45, 0, 15, 40, 1, 3, 25, 9, 24, 13, 10, 11, 14, 19, 46, 20, 31, 41, 28];21294.0
[17, 43, 30, 37, 7, 21, 24, 12, 10, 11, 39, 14, 22, 13, 47, 4, 1, 41, 20, 16, 42, 29, 5, 26, 18, 36, 35, 2, 40, 15, 6, 27, 19, 46, 32, 45, 38, 31, 23, 9, 44, 34, 3, 25, 28, 33, 0, 8];21294.0
[3, 16, 18, 20, 35, 34, 9, 19, 26, 33, 46, 31, 11, 45, 44, 5, 6, 42, 25, 24, 12, 29, 23, 30, 1, 22, 36, 14, 4, 0, 39, 47, 13, 27, 43, 38, 2, 10, 40, 41, 21, 37, 15, 7, 17, 32, 28, 8];54854.0
[13, 24, 33, 28, 1, 3, 9, 25, 41, 4, 46, 19, 26, 18, 16, 42, 36, 27, 6, 17, 35, 32, 11, 12, 31, 23, 44, 34, 47, 38, 20, 29, 5, 43, 45, 30, 37, 7, 0, 8, 14, 39, 21, 15, 40, 2, 10, 22];19421.0
[9, 23, 44, 34, 3, 25, 41, 4, 33, 2, 39, 45, 42, 16, 26, 36, 27, 32, 11, 14, 10, 22, 13, 47, 24, 35, 6, 17, 29, 5, 18, 46, 31, 38, 20, 12, 19, 43, 30, 37, 8, 0, 7, 21, 15, 40, 28, 1];19081.0
[41, 44, 34, 3, 25, 9, 23, 47, 4, 33, 31, 38, 20, 6, 27, 36, 42, 29, 5, 16, 26, 18, 45, 37, 7, 21, 46, 19, 14, 32, 17, 35, 43, 30, 39, 2, 13, 24, 12, 10, 22, 11, 8, 0, 15, 40, 28, 1];18404.0
[26, 36, 27, 37, 39, 10, 20, 23, 9, 41, 34, 44, 25, 3, 1, 28, 24, 12, 14, 35, 6, 17, 43, 30, 7, 0, 38, 31, 47, 4, 33, 40, 15, 21, 2, 13, 22, 46, 19, 45, 32, 11, 8, 29, 5, 42, 16, 18];19264.0
