ftv55
[18, 39, 14, 55, 31, 47, 6, 5, 48, 2, 13, 35, 7, 36, 9, 37, 10, 51, 12, 15, 16, 17, 0, 33, 42, 21, 22, 44, 28, 53, 43, 30, 46, 29, 52, 26, 25, 24, 20, 40, 41, 50, 23, 54, 27, 49, 45, 34, 1, 3, 4, 32, 8, 11, 38, 19];2101.0;2525.3255813953488;1.1653154104651162E7;481.0;13772.0;86.0
[24, 39, 38, 32, 8, 10, 37, 36, 9, 11, 51, 13, 35, 4, 6, 7, 14, 12, 15, 55, 31, 27, 49, 43, 53, 30, 46, 48, 3, 5, 47, 44, 28, 29, 0, 33, 25, 42, 22, 50, 18, 19, 20, 40, 41, 21, 23, 54, 45, 34, 1, 2, 17, 16, 52, 26];2340.0
[20, 18, 13, 35, 32, 8, 7, 14, 1, 3, 4, 12, 52, 26, 25, 54, 45, 44, 28, 30, 46, 34, 37, 36, 9, 15, 16, 17, 0, 33, 55, 31, 47, 6, 5, 48, 2, 42, 21, 50, 43, 53, 24, 40, 41, 22, 19, 39, 11, 38, 10, 51, 49, 29, 27, 23];2713.0
[2, 33, 55, 31, 44, 29, 26, 11, 38, 19, 40, 22, 41, 50, 27, 49, 3, 5, 6, 4, 8, 7, 10, 32, 36, 37, 9, 13, 35, 51, 14, 0, 47, 28, 53, 43, 23, 24, 20, 18, 39, 12, 15, 16, 17, 52, 25, 42, 21, 54, 45, 30, 46, 34, 1, 48];2456.0
[40, 19, 39, 18, 10, 32, 7, 8, 36, 9, 37, 11, 38, 0, 55, 3, 4, 6, 5, 48, 1, 33, 2, 14, 51, 12, 15, 17, 16, 25, 24, 54, 45, 30, 46, 34, 13, 35, 52, 27, 49, 29, 26, 31, 47, 44, 53, 43, 28, 42, 21, 22, 41, 50, 23, 20];2362.0
[54, 34, 48, 46, 29, 52, 5, 6, 7, 11, 19, 20, 40, 18, 0, 33, 2, 1, 3, 4, 51, 12, 15, 16, 17, 25, 24, 39, 38, 10, 37, 9, 13, 35, 32, 8, 36, 14, 26, 27, 49, 43, 45, 30, 55, 31, 47, 44, 28, 53, 42, 22, 21, 41, 50, 23];2593.0
[43, 44, 25, 54, 13, 35, 51, 10, 32, 8, 12, 14, 33, 55, 31, 46, 47, 6, 4, 7, 5, 45, 28, 53, 29, 36, 9, 52, 30, 34, 3, 48, 1, 17, 16, 15, 0, 2, 26, 42, 50, 23, 24, 20, 40, 18, 39, 38, 37, 11, 19, 41, 21, 22, 27, 49];2897.0
[52, 0, 34, 2, 33, 24, 40, 20, 22, 41, 54, 45, 30, 55, 31, 53, 43, 44, 29, 14, 37, 36, 9, 13, 35, 4, 5, 48, 3, 1, 11, 38, 19, 18, 39, 26, 25, 42, 21, 50, 23, 27, 49, 28, 15, 12, 51, 10, 7, 32, 8, 6, 47, 46, 17, 16];2602.0
[31, 44, 28, 53, 43, 29, 52, 0, 33, 55, 34, 1, 2, 14, 11, 19, 23, 54, 49, 30, 46, 13, 35, 4, 6, 7, 51, 26, 25, 20, 40, 41, 21, 50, 24, 42, 22, 18, 39, 38, 37, 9, 36, 10, 32, 8, 12, 15, 16, 17, 27, 45, 3, 48, 5, 47];2394.0
[37, 12, 16, 15, 17, 3, 6, 5, 52, 26, 25, 24, 42, 54, 45, 53, 44, 28, 29, 33, 55, 31, 47, 30, 46, 27, 49, 43, 23, 21, 50, 18, 39, 19, 41, 22, 40, 20, 38, 14, 0, 34, 48, 1, 2, 36, 9, 32, 8, 7, 10, 51, 13, 35, 4, 11];2623.0
[52, 0, 34, 3, 1, 2, 16, 17, 15, 14, 13, 36, 11, 19, 50, 54, 46, 55, 29, 23, 27, 49, 26, 25, 24, 42, 21, 22, 41, 40, 20, 18, 51, 31, 47, 45, 44, 28, 53, 43, 30, 12, 39, 38, 37, 9, 10, 32, 8, 7, 35, 4, 6, 5, 48, 33];2565.0
[29, 13, 35, 7, 10, 14, 0, 55, 34, 1, 3, 32, 8, 36, 9, 37, 11, 38, 19, 18, 41, 22, 20, 40, 21, 54, 27, 49, 43, 44, 45, 30, 46, 31, 47, 48, 2, 26, 52, 17, 16, 15, 12, 51, 39, 4, 6, 5, 33, 25, 24, 42, 50, 23, 28, 53];2361.0
[47, 48, 3, 31, 44, 28, 53, 43, 30, 46, 1, 13, 35, 51, 12, 16, 15, 17, 0, 33, 42, 50, 54, 49, 29, 27, 45, 55, 34, 2, 26, 24, 20, 19, 18, 39, 38, 10, 32, 8, 7, 11, 37, 36, 9, 14, 52, 25, 21, 22, 40, 41, 23, 4, 5, 6];2386.0
[41, 22, 44, 53, 43, 28, 52, 26, 0, 31, 47, 46, 29, 49, 27, 45, 30, 17, 16, 15, 12, 42, 21, 50, 23, 54, 14, 10, 51, 13, 35, 6, 4, 5, 48, 3, 1, 2, 33, 55, 34, 25, 24, 18, 39, 38, 37, 8, 7, 32, 36, 9, 11, 19, 20, 40];2375.0
[16, 17, 20, 41, 50, 13, 35, 54, 23, 25, 24, 18, 51, 32, 8, 14, 15, 0, 33, 2, 55, 34, 1, 3, 48, 46, 31, 47, 28, 53, 29, 27, 49, 43, 44, 45, 30, 52, 26, 42, 21, 22, 40, 19, 10, 7, 4, 5, 6, 12, 39, 38, 11, 37, 36, 9];2713.0
[48, 3, 4, 32, 8, 36, 9, 37, 10, 11, 38, 51, 12, 15, 16, 17, 0, 33, 13, 35, 7, 14, 26, 42, 50, 54, 49, 29, 27, 45, 30, 31, 46, 55, 34, 1, 2, 52, 25, 40, 20, 18, 19, 41, 21, 22, 23, 24, 39, 6, 5, 47, 53, 43, 44, 28];2245.0
[1, 2, 44, 28, 52, 15, 16, 17, 24, 54, 27, 23, 38, 10, 32, 8, 12, 14, 0, 33, 13, 6, 47, 45, 30, 46, 29, 26, 25, 42, 21, 22, 40, 20, 19, 11, 35, 5, 48, 31, 3, 4, 7, 51, 49, 53, 43, 41, 50, 18, 39, 37, 36, 9, 55, 34];2849.0
[23, 54, 49, 14, 10, 51, 13, 35, 6, 48, 26, 25, 24, 27, 53, 43, 30, 55, 31, 46, 17, 15, 16, 52, 0, 33, 2, 36, 37, 9, 11, 38, 4, 5, 47, 44, 28, 29, 18, 19, 20, 42, 21, 22, 50, 45, 34, 1, 3, 32, 8, 7, 12, 39, 40, 41];2652.0
[44, 28, 53, 43, 23, 22, 41, 40, 19, 37, 36, 9, 8, 5, 6, 7, 12, 15, 25, 42, 21, 50, 20, 18, 39, 38, 11, 0, 2, 13, 35, 10, 14, 29, 27, 55, 34, 1, 17, 16, 52, 33, 31, 48, 3, 4, 32, 51, 26, 24, 54, 49, 45, 30, 46, 47];2616.0
[53, 43, 44, 28, 29, 26, 25, 40, 19, 20, 42, 21, 22, 41, 50, 54, 49, 52, 2, 27, 23, 24, 18, 39, 32, 8, 10, 14, 12, 15, 16, 17, 45, 30, 55, 34, 48, 3, 4, 7, 37, 11, 38, 51, 13, 35, 36, 9, 0, 33, 1, 6, 5, 47, 46, 31];2355.0
[53, 43, 25, 42, 22, 50, 23, 24, 19, 18, 39, 11, 38, 32, 36, 9, 37, 10, 13, 35, 6, 5, 47, 26, 40, 20, 41, 21, 54, 29, 17, 16, 15, 12, 14, 52, 27, 49, 45, 30, 46, 55, 34, 1, 0, 2, 33, 31, 48, 3, 4, 8, 7, 51, 44, 28];2351.0
[16, 39, 19, 18, 51, 13, 35, 11, 38, 10, 32, 8, 7, 6, 5, 47, 31, 27, 49, 29, 25, 42, 21, 50, 22, 20, 40, 41, 23, 54, 45, 28, 53, 30, 46, 3, 48, 4, 36, 9, 37, 12, 0, 55, 34, 1, 52, 26, 24, 43, 44, 33, 2, 14, 17, 15];2433.0
[53, 44, 28, 8, 36, 9, 37, 15, 16, 17, 40, 20, 19, 18, 11, 32, 7, 4, 6, 5, 3, 48, 49, 45, 30, 34, 1, 2, 33, 55, 31, 47, 46, 29, 26, 52, 0, 25, 42, 21, 50, 22, 41, 23, 54, 27, 24, 39, 38, 10, 13, 35, 51, 12, 14, 43];2458.0
[12, 15, 16, 43, 28, 44, 53, 22, 41, 21, 50, 23, 54, 49, 29, 26, 52, 0, 33, 55, 34, 2, 51, 7, 14, 17, 25, 42, 27, 45, 30, 46, 3, 5, 47, 31, 48, 1, 24, 40, 19, 20, 18, 39, 10, 13, 35, 4, 6, 32, 8, 36, 11, 38, 37, 9];2374.0
[38, 26, 24, 20, 41, 22, 40, 19, 18, 13, 35, 47, 45, 44, 30, 46, 55, 31, 48, 1, 39, 37, 9, 51, 12, 14, 25, 42, 50, 23, 27, 29, 34, 3, 5, 6, 4, 7, 8, 10, 21, 54, 49, 43, 28, 53, 52, 15, 16, 17, 0, 33, 2, 32, 36, 11];2676.0
[47, 31, 45, 28, 53, 43, 44, 26, 29, 23, 54, 27, 49, 16, 15, 17, 25, 24, 42, 50, 30, 55, 46, 34, 14, 13, 35, 32, 8, 36, 11, 40, 41, 21, 22, 20, 18, 19, 39, 38, 7, 4, 6, 37, 9, 10, 51, 12, 52, 0, 33, 1, 2, 3, 5, 48];2537.0
[7, 4, 5, 6, 32, 8, 14, 26, 49, 43, 44, 29, 55, 34, 31, 46, 3, 48, 37, 36, 9, 51, 0, 33, 47, 28, 53, 20, 40, 21, 50, 23, 54, 12, 15, 16, 17, 52, 25, 24, 42, 22, 41, 27, 45, 30, 1, 2, 13, 35, 11, 19, 18, 39, 38, 10];2584.0
[29, 26, 32, 8, 36, 37, 9, 10, 17, 27, 49, 28, 53, 43, 44, 23, 24, 42, 21, 22, 19, 18, 39, 12, 15, 16, 0, 2, 33, 31, 46, 55, 34, 3, 48, 1, 20, 40, 41, 50, 45, 30, 47, 6, 5, 7, 11, 38, 51, 13, 35, 4, 14, 52, 25, 54];2458.0
[23, 22, 38, 10, 32, 8, 7, 4, 36, 9, 37, 11, 51, 12, 16, 15, 14, 13, 35, 5, 47, 28, 18, 39, 0, 33, 31, 46, 55, 44, 53, 43, 45, 30, 34, 1, 3, 6, 48, 2, 19, 40, 41, 50, 27, 52, 17, 26, 25, 24, 20, 42, 21, 54, 49, 29];2699.0
[16, 15, 17, 52, 0, 55, 1, 2, 14, 12, 51, 37, 9, 7, 10, 49, 45, 30, 46, 31, 47, 44, 28, 29, 32, 8, 36, 26, 25, 42, 21, 50, 53, 43, 22, 41, 24, 18, 39, 38, 13, 35, 5, 33, 34, 48, 3, 6, 4, 11, 19, 20, 40, 23, 54, 27];2661.0
[20, 19, 18, 39, 50, 45, 30, 34, 13, 35, 7, 10, 51, 12, 42, 22, 40, 41, 21, 28, 53, 43, 44, 14, 37, 36, 9, 11, 38, 55, 31, 47, 6, 32, 8, 0, 33, 2, 16, 15, 17, 52, 26, 1, 3, 4, 5, 48, 46, 25, 54, 49, 29, 27, 23, 24];2751.0
[29, 49, 44, 28, 53, 43, 30, 55, 34, 13, 35, 32, 8, 5, 46, 23, 21, 41, 22, 40, 20, 51, 14, 52, 31, 48, 3, 1, 15, 16, 17, 24, 54, 27, 45, 47, 6, 4, 7, 11, 19, 42, 50, 18, 37, 36, 9, 12, 39, 38, 10, 0, 33, 2, 26, 25];2774.0
[51, 13, 35, 4, 6, 5, 47, 53, 43, 44, 10, 32, 7, 12, 15, 16, 28, 45, 30, 55, 1, 17, 52, 25, 24, 42, 50, 34, 3, 48, 46, 31, 29, 23, 54, 27, 49, 26, 18, 39, 38, 11, 19, 41, 21, 22, 20, 40, 37, 9, 8, 36, 0, 33, 2, 14];2610.0
[18, 39, 14, 55, 31, 47, 6, 5, 48, 2, 13, 35, 7, 36, 9, 37, 10, 51, 12, 15, 16, 17, 0, 33, 42, 21, 22, 44, 28, 53, 43, 30, 46, 29, 52, 26, 25, 24, 20, 40, 41, 50, 23, 54, 27, 49, 45, 34, 1, 3, 4, 32, 8, 11, 38, 19];2101.0
[19, 20, 41, 55, 34, 31, 48, 1, 33, 2, 13, 32, 8, 14, 52, 0, 3, 4, 7, 35, 6, 5, 47, 25, 24, 42, 21, 22, 18, 39, 37, 36, 9, 51, 10, 11, 40, 50, 45, 30, 46, 43, 44, 53, 28, 29, 27, 23, 54, 49, 26, 17, 16, 15, 12, 38];2546.0
[20, 41, 22, 38, 10, 37, 9, 13, 35, 5, 6, 48, 3, 4, 7, 32, 8, 36, 33, 55, 31, 46, 29, 25, 40, 21, 50, 23, 54, 16, 17, 24, 18, 39, 12, 15, 42, 27, 49, 45, 30, 34, 1, 47, 53, 43, 28, 44, 26, 52, 0, 2, 14, 51, 11, 19];2680.0
[39, 38, 16, 17, 45, 30, 46, 55, 34, 52, 26, 24, 49, 31, 47, 6, 4, 36, 9, 7, 5, 48, 3, 1, 2, 0, 33, 25, 42, 22, 40, 19, 20, 21, 50, 41, 18, 37, 11, 10, 13, 35, 44, 28, 53, 43, 29, 27, 23, 54, 14, 32, 8, 51, 15, 12];2836.0
[22, 41, 50, 23, 26, 0, 55, 31, 48, 1, 33, 2, 17, 52, 25, 24, 18, 19, 40, 20, 42, 54, 27, 49, 45, 30, 46, 34, 3, 37, 9, 35, 6, 4, 51, 39, 38, 10, 32, 7, 8, 36, 11, 12, 15, 16, 14, 13, 5, 47, 28, 53, 43, 44, 29, 21];2330.0
[37, 36, 9, 27, 45, 46, 55, 34, 3, 4, 7, 51, 10, 14, 52, 26, 41, 22, 23, 54, 49, 43, 30, 31, 48, 47, 44, 53, 28, 29, 0, 2, 11, 38, 18, 19, 40, 20, 5, 6, 33, 1, 13, 35, 32, 8, 12, 15, 16, 17, 25, 42, 21, 50, 24, 39];2777.0
[22, 19, 37, 36, 9, 11, 38, 18, 39, 32, 8, 12, 16, 15, 17, 52, 0, 55, 34, 1, 3, 4, 5, 6, 48, 47, 45, 44, 53, 43, 28, 25, 42, 50, 27, 29, 33, 2, 14, 10, 51, 13, 35, 7, 26, 24, 21, 23, 54, 49, 30, 46, 31, 20, 40, 41];2432.0
[48, 3, 4, 26, 25, 24, 42, 21, 22, 40, 20, 41, 50, 54, 49, 27, 23, 19, 18, 39, 11, 38, 10, 14, 51, 12, 15, 16, 17, 52, 0, 13, 35, 7, 32, 8, 36, 37, 9, 6, 5, 47, 31, 55, 46, 29, 53, 43, 44, 28, 45, 30, 1, 2, 33, 34];2146.0
[54, 49, 29, 26, 17, 16, 15, 12, 52, 0, 33, 46, 55, 31, 47, 30, 34, 1, 2, 51, 14, 32, 7, 8, 36, 11, 19, 20, 40, 41, 21, 50, 23, 27, 53, 43, 44, 28, 45, 3, 5, 6, 48, 25, 42, 22, 18, 39, 38, 13, 35, 4, 10, 37, 9, 24];2416.0
[17, 0, 2, 33, 14, 12, 19, 18, 39, 13, 35, 7, 10, 51, 52, 26, 27, 30, 46, 49, 44, 28, 53, 43, 29, 25, 24, 40, 20, 42, 22, 41, 21, 50, 23, 54, 45, 55, 34, 1, 3, 6, 4, 11, 38, 37, 36, 9, 32, 8, 5, 47, 31, 48, 16, 15];2267.0
[9, 37, 23, 54, 27, 45, 30, 1, 3, 4, 14, 0, 55, 31, 46, 29, 49, 44, 28, 53, 43, 52, 16, 15, 17, 33, 34, 48, 47, 6, 5, 2, 26, 25, 24, 20, 42, 41, 21, 50, 22, 40, 19, 18, 39, 38, 11, 12, 13, 35, 7, 10, 51, 32, 8, 36];2305.0
[7, 6, 5, 47, 55, 31, 46, 34, 2, 17, 15, 16, 12, 39, 38, 37, 11, 10, 51, 25, 24, 54, 49, 45, 30, 52, 0, 33, 1, 3, 48, 44, 53, 28, 29, 23, 18, 19, 20, 42, 22, 40, 41, 21, 50, 27, 43, 26, 14, 8, 32, 36, 9, 13, 35, 4];2324.0
[2, 12, 39, 38, 37, 9, 8, 7, 4, 51, 10, 13, 35, 6, 5, 47, 29, 26, 25, 24, 54, 49, 45, 30, 1, 3, 48, 46, 27, 20, 40, 41, 23, 18, 11, 14, 55, 34, 31, 28, 53, 43, 44, 42, 21, 50, 22, 19, 32, 36, 16, 15, 17, 52, 0, 33];2499.0
[46, 3, 8, 6, 4, 5, 47, 31, 48, 1, 52, 49, 45, 55, 34, 13, 35, 7, 10, 0, 33, 2, 17, 16, 15, 39, 19, 40, 41, 23, 24, 20, 18, 32, 36, 37, 9, 11, 38, 12, 51, 14, 26, 25, 54, 27, 44, 53, 43, 28, 29, 42, 21, 22, 50, 30];2518.0
[55, 46, 27, 21, 22, 41, 40, 20, 18, 19, 23, 54, 43, 44, 53, 29, 12, 13, 35, 7, 10, 51, 26, 25, 24, 42, 50, 49, 0, 1, 3, 6, 48, 31, 34, 2, 52, 17, 16, 15, 39, 38, 32, 8, 5, 47, 28, 45, 30, 4, 36, 9, 37, 11, 14, 33];2704.0
[14, 17, 15, 16, 12, 13, 35, 26, 25, 42, 54, 45, 44, 28, 53, 43, 29, 27, 49, 0, 52, 37, 36, 9, 11, 7, 6, 5, 48, 1, 2, 33, 34, 46, 55, 31, 47, 30, 3, 4, 32, 8, 24, 22, 41, 21, 50, 23, 20, 40, 19, 18, 39, 38, 10, 51];2396.0
[1, 2, 33, 55, 31, 46, 25, 24, 49, 44, 28, 53, 43, 22, 20, 40, 41, 21, 50, 42, 23, 54, 48, 3, 5, 6, 4, 7, 10, 14, 52, 26, 27, 29, 0, 37, 9, 11, 19, 18, 39, 38, 17, 16, 15, 12, 51, 32, 8, 36, 13, 35, 47, 45, 30, 34];2467.0
[31, 47, 48, 1, 33, 2, 0, 25, 42, 21, 22, 20, 40, 19, 18, 39, 38, 37, 9, 8, 36, 11, 10, 45, 30, 46, 13, 35, 5, 6, 3, 4, 32, 7, 15, 17, 16, 12, 51, 14, 52, 27, 44, 53, 43, 28, 29, 26, 24, 41, 50, 23, 54, 49, 55, 34];2374.0
[19, 18, 8, 7, 4, 5, 48, 25, 42, 21, 22, 40, 20, 41, 50, 54, 27, 26, 32, 36, 9, 37, 11, 38, 10, 51, 52, 1, 2, 17, 16, 15, 14, 12, 39, 0, 33, 34, 3, 31, 45, 30, 46, 55, 13, 35, 6, 47, 28, 29, 49, 43, 44, 53, 23, 24];2546.0
[54, 27, 23, 21, 41, 22, 19, 39, 38, 32, 6, 5, 47, 44, 28, 52, 17, 14, 13, 35, 4, 7, 10, 51, 12, 15, 16, 40, 20, 18, 11, 0, 3, 48, 8, 36, 9, 37, 49, 53, 43, 30, 46, 55, 31, 29, 26, 42, 50, 45, 34, 1, 2, 33, 25, 24];2665.0
[20, 40, 19, 37, 11, 38, 51, 14, 55, 34, 1, 2, 26, 52, 0, 33, 42, 22, 41, 18, 39, 49, 45, 28, 46, 13, 35, 5, 47, 31, 48, 3, 10, 32, 8, 7, 6, 53, 43, 44, 30, 4, 36, 9, 12, 27, 23, 21, 50, 54, 29, 17, 15, 16, 25, 24];2901.0
[55, 31, 47, 44, 28, 29, 20, 40, 19, 18, 38, 26, 27, 49, 53, 43, 39, 37, 36, 9, 11, 42, 22, 41, 23, 21, 50, 45, 30, 46, 3, 32, 8, 4, 6, 5, 48, 2, 13, 35, 7, 10, 0, 33, 34, 1, 14, 51, 12, 15, 16, 17, 52, 25, 24, 54];2574.0
[5, 47, 31, 45, 30, 46, 13, 35, 4, 12, 15, 16, 17, 0, 2, 26, 52, 10, 32, 8, 7, 37, 36, 9, 11, 49, 43, 44, 53, 28, 29, 22, 41, 21, 50, 54, 27, 23, 25, 24, 42, 40, 20, 19, 18, 39, 38, 51, 14, 33, 55, 34, 48, 1, 3, 6];2296.0
[31, 46, 34, 3, 48, 1, 2, 13, 35, 14, 25, 24, 40, 20, 18, 32, 8, 10, 51, 17, 27, 54, 49, 43, 28, 29, 26, 33, 44, 53, 22, 41, 21, 19, 39, 38, 11, 7, 4, 5, 47, 6, 36, 37, 9, 12, 15, 16, 42, 50, 23, 45, 30, 52, 0, 55];2674.0
[22, 41, 21, 50, 24, 18, 39, 11, 38, 26, 52, 25, 40, 20, 19, 10, 51, 12, 15, 17, 16, 14, 37, 9, 8, 6, 5, 47, 3, 48, 4, 32, 36, 42, 23, 54, 49, 29, 31, 44, 28, 45, 30, 46, 55, 34, 1, 0, 33, 2, 13, 35, 7, 27, 43, 53];2536.0
[15, 16, 17, 52, 0, 3, 1, 13, 35, 36, 37, 9, 8, 4, 6, 5, 48, 47, 44, 28, 53, 43, 41, 22, 40, 19, 11, 32, 7, 14, 33, 55, 34, 2, 26, 25, 54, 49, 45, 30, 46, 31, 29, 27, 23, 42, 21, 50, 24, 20, 18, 39, 38, 10, 51, 12];2283.0
[16, 17, 49, 43, 41, 23, 21, 50, 54, 27, 45, 34, 1, 2, 25, 20, 40, 19, 4, 5, 6, 48, 3, 32, 8, 36, 9, 37, 13, 35, 7, 24, 42, 22, 18, 39, 11, 38, 0, 33, 31, 47, 28, 53, 44, 30, 55, 46, 29, 26, 52, 14, 10, 51, 12, 15];2579.0
[31, 48, 3, 6, 4, 7, 32, 8, 36, 37, 9, 11, 38, 10, 14, 0, 33, 2, 17, 15, 16, 52, 34, 1, 5, 12, 39, 51, 13, 35, 25, 18, 19, 20, 40, 41, 22, 50, 54, 27, 49, 53, 43, 47, 45, 44, 28, 29, 26, 42, 21, 23, 24, 30, 46, 55];2397.0
[30, 31, 47, 46, 26, 25, 42, 50, 54, 27, 43, 44, 28, 53, 29, 17, 16, 52, 0, 33, 14, 39, 38, 11, 41, 21, 22, 23, 45, 55, 34, 32, 8, 36, 9, 37, 12, 15, 1, 2, 40, 20, 19, 18, 10, 51, 13, 5, 6, 48, 3, 4, 7, 35, 24, 49];2741.0
[27, 23, 40, 20, 37, 11, 38, 14, 0, 33, 46, 29, 49, 45, 55, 34, 1, 2, 26, 25, 42, 22, 41, 21, 19, 18, 39, 13, 35, 5, 3, 48, 4, 6, 47, 31, 44, 28, 53, 43, 30, 51, 32, 7, 8, 36, 9, 10, 12, 16, 15, 17, 52, 24, 50, 54];2434.0
[19, 20, 42, 21, 23, 24, 30, 3, 5, 6, 47, 48, 2, 51, 10, 13, 35, 14, 0, 33, 31, 46, 55, 34, 39, 37, 9, 12, 15, 17, 16, 52, 26, 25, 18, 38, 40, 22, 41, 50, 54, 49, 53, 43, 44, 28, 29, 27, 45, 1, 4, 7, 32, 8, 36, 11];2514.0
[36, 0, 33, 4, 6, 5, 47, 48, 13, 35, 11, 41, 50, 49, 28, 53, 20, 40, 10, 51, 12, 15, 16, 17, 43, 44, 30, 46, 29, 45, 34, 3, 31, 55, 1, 2, 14, 52, 26, 25, 54, 27, 23, 24, 42, 21, 22, 19, 18, 39, 38, 37, 9, 7, 32, 8];2603.0
[24, 42, 45, 3, 48, 31, 44, 30, 34, 4, 32, 36, 9, 37, 8, 7, 6, 47, 28, 53, 22, 19, 20, 18, 39, 38, 11, 10, 0, 40, 21, 41, 50, 23, 54, 27, 49, 43, 26, 33, 55, 1, 2, 14, 52, 17, 15, 16, 12, 51, 13, 35, 5, 46, 29, 25];2681.0
[44, 28, 30, 48, 31, 46, 49, 45, 29, 26, 17, 16, 15, 12, 14, 52, 0, 33, 55, 34, 1, 2, 13, 35, 7, 8, 51, 10, 32, 36, 11, 19, 40, 22, 41, 21, 23, 20, 39, 38, 37, 9, 25, 24, 18, 5, 3, 4, 6, 47, 53, 42, 50, 54, 27, 43];2507.0
[1, 2, 16, 17, 52, 26, 28, 53, 43, 23, 22, 40, 41, 21, 54, 27, 49, 29, 37, 36, 9, 11, 20, 19, 42, 50, 18, 39, 38, 51, 14, 0, 33, 13, 35, 7, 32, 8, 10, 12, 15, 25, 24, 45, 30, 46, 31, 55, 34, 48, 3, 4, 6, 5, 47, 44];2451.0
[15, 52, 42, 21, 50, 22, 40, 13, 35, 7, 51, 32, 8, 5, 6, 47, 28, 53, 44, 43, 23, 27, 49, 45, 30, 34, 1, 3, 48, 4, 10, 37, 11, 19, 20, 41, 54, 0, 33, 2, 55, 31, 46, 29, 26, 17, 16, 12, 36, 9, 14, 25, 24, 18, 39, 38];2580.0
[48, 1, 2, 16, 17, 15, 12, 32, 7, 8, 36, 9, 37, 14, 0, 33, 55, 34, 3, 31, 47, 28, 45, 30, 46, 29, 43, 44, 53, 20, 40, 19, 18, 39, 52, 25, 24, 42, 21, 50, 22, 41, 23, 54, 27, 49, 26, 11, 38, 10, 51, 13, 35, 4, 5, 6];2164.0
[3, 6, 4, 14, 15, 12, 10, 32, 8, 36, 11, 18, 39, 38, 37, 9, 51, 52, 25, 40, 20, 41, 27, 29, 26, 16, 17, 24, 49, 44, 30, 46, 55, 31, 47, 28, 53, 43, 23, 54, 45, 34, 1, 2, 0, 33, 42, 21, 50, 22, 19, 13, 7, 35, 5, 48];2538.0
[13, 35, 6, 3, 1, 25, 40, 19, 20, 42, 21, 41, 50, 23, 24, 54, 30, 29, 26, 27, 49, 43, 44, 28, 45, 53, 22, 18, 39, 38, 7, 4, 5, 47, 48, 31, 46, 34, 33, 52, 0, 55, 2, 37, 36, 9, 11, 32, 8, 10, 51, 12, 15, 17, 16, 14];2452.0
[22, 41, 23, 54, 43, 44, 28, 53, 30, 46, 55, 47, 31, 3, 48, 13, 35, 4, 5, 6, 7, 10, 33, 2, 17, 16, 14, 32, 8, 36, 25, 24, 20, 40, 21, 50, 27, 49, 45, 34, 1, 11, 19, 18, 39, 38, 37, 9, 51, 12, 15, 52, 0, 29, 26, 42];2345.0
[1, 5, 47, 44, 12, 39, 38, 51, 13, 35, 6, 7, 4, 10, 11, 19, 42, 21, 41, 22, 20, 40, 18, 32, 8, 36, 9, 37, 14, 0, 33, 15, 16, 17, 52, 26, 29, 27, 49, 45, 28, 53, 43, 30, 46, 55, 31, 3, 48, 2, 25, 24, 50, 23, 54, 34];2510.0
[42, 19, 38, 10, 51, 14, 33, 55, 47, 53, 43, 44, 28, 29, 40, 20, 18, 39, 52, 0, 2, 1, 3, 5, 6, 32, 8, 36, 9, 37, 11, 12, 15, 16, 17, 13, 35, 4, 7, 26, 25, 54, 49, 45, 30, 46, 34, 48, 31, 27, 23, 22, 41, 21, 50, 24];2376.0
[42, 21, 18, 39, 38, 10, 14, 49, 45, 17, 16, 15, 12, 11, 19, 20, 40, 30, 46, 29, 52, 26, 25, 54, 43, 44, 28, 53, 22, 41, 50, 24, 32, 36, 37, 9, 3, 47, 48, 1, 2, 33, 13, 35, 4, 5, 6, 7, 8, 51, 0, 55, 34, 31, 27, 23];2753.0
[47, 28, 44, 53, 43, 29, 18, 38, 37, 11, 25, 24, 42, 21, 22, 40, 19, 39, 51, 52, 26, 20, 41, 50, 23, 54, 55, 48, 31, 3, 4, 32, 8, 36, 9, 12, 15, 17, 16, 30, 34, 2, 13, 35, 7, 10, 14, 0, 33, 46, 27, 49, 45, 1, 6, 5];2639.0
[5, 47, 44, 45, 30, 4, 11, 19, 18, 39, 38, 10, 12, 15, 16, 3, 48, 1, 2, 0, 33, 55, 34, 46, 31, 53, 43, 28, 13, 35, 37, 9, 27, 49, 26, 25, 42, 21, 22, 41, 54, 29, 52, 17, 14, 51, 32, 8, 36, 50, 23, 24, 40, 20, 7, 6];2857.0
[55, 31, 48, 47, 30, 46, 26, 25, 24, 42, 22, 18, 39, 19, 20, 40, 41, 21, 50, 27, 23, 54, 49, 29, 52, 33, 1, 2, 28, 53, 43, 44, 45, 34, 3, 4, 5, 6, 35, 7, 51, 14, 13, 36, 9, 37, 11, 38, 10, 32, 8, 12, 15, 16, 17, 0];2289.0
[38, 14, 55, 34, 48, 7, 8, 11, 19, 40, 50, 54, 30, 46, 1, 3, 6, 4, 5, 2, 24, 20, 42, 22, 41, 21, 23, 27, 49, 15, 12, 51, 10, 32, 36, 9, 37, 13, 35, 53, 43, 44, 28, 26, 52, 16, 17, 0, 33, 31, 47, 45, 29, 25, 18, 39];2710.0
[32, 8, 7, 14, 52, 26, 27, 49, 43, 23, 50, 54, 45, 44, 28, 53, 30, 46, 1, 2, 17, 24, 42, 41, 21, 22, 40, 19, 0, 33, 55, 34, 31, 47, 29, 25, 20, 18, 39, 51, 13, 35, 5, 6, 48, 3, 4, 36, 37, 9, 10, 11, 38, 12, 15, 16];2416.0
[44, 0, 33, 32, 8, 36, 9, 37, 51, 13, 35, 14, 52, 42, 22, 41, 23, 29, 17, 16, 12, 15, 39, 38, 11, 10, 7, 4, 6, 5, 47, 31, 25, 24, 18, 19, 20, 40, 21, 50, 54, 49, 45, 30, 46, 55, 34, 1, 3, 48, 2, 26, 27, 43, 28, 53];2274.0
[16, 33, 2, 13, 35, 25, 24, 55, 34, 47, 6, 5, 45, 30, 46, 31, 29, 27, 49, 44, 28, 53, 43, 42, 21, 22, 41, 50, 23, 54, 52, 26, 17, 12, 39, 19, 20, 40, 18, 37, 9, 11, 38, 0, 1, 3, 48, 4, 8, 7, 32, 36, 10, 51, 14, 15];2490.0
[18, 14, 33, 55, 31, 46, 34, 1, 3, 48, 29, 49, 30, 4, 5, 6, 47, 28, 0, 2, 26, 52, 27, 45, 53, 44, 15, 16, 17, 25, 24, 54, 43, 22, 41, 40, 20, 32, 36, 9, 37, 42, 21, 50, 23, 39, 13, 35, 8, 7, 10, 12, 51, 11, 38, 19];2827.0
[44, 53, 43, 28, 37, 9, 14, 0, 1, 2, 25, 22, 41, 50, 52, 13, 35, 4, 8, 36, 11, 19, 40, 20, 18, 39, 12, 15, 42, 21, 54, 49, 45, 30, 46, 29, 26, 16, 17, 33, 55, 31, 27, 23, 24, 38, 32, 7, 10, 51, 34, 48, 3, 5, 6, 47];2759.0
[43, 44, 53, 22, 41, 50, 49, 45, 30, 13, 35, 6, 5, 3, 48, 47, 28, 29, 23, 18, 39, 51, 14, 2, 15, 16, 17, 52, 25, 54, 27, 26, 32, 36, 9, 37, 11, 31, 46, 24, 42, 21, 40, 20, 19, 38, 10, 12, 0, 33, 55, 34, 1, 4, 7, 8];2838.0
[48, 3, 31, 46, 34, 55, 1, 52, 26, 42, 21, 22, 45, 30, 2, 14, 15, 16, 17, 27, 28, 53, 43, 44, 12, 39, 10, 51, 25, 24, 20, 18, 19, 40, 41, 50, 23, 54, 49, 29, 0, 33, 13, 35, 7, 32, 36, 9, 11, 38, 37, 8, 6, 4, 5, 47];2398.0
