ft53
[11, 10, 14, 9, 7, 5, 6, 8, 2, 15, 37, 40, 39, 38, 4, 19, 18, 25, 27, 26, 29, 28, 52, 51, 48, 49, 50, 1, 3, 0, 36, 35, 21, 20, 24, 47, 34, 32, 33, 31, 30, 17, 16, 23, 22, 46, 44, 41, 42, 43, 45, 13, 12];9368.0;10833.00892857143;8936392.392857144;339.0;10697.0;112.0
[25, 29, 30, 36, 44, 34, 52, 48, 28, 20, 24, 22, 39, 37, 18, 19, 15, 40, 41, 47, 42, 46, 43, 0, 3, 13, 12, 4, 17, 16, 35, 38, 45, 23, 11, 10, 14, 21, 27, 26, 7, 9, 8, 2, 1, 6, 5, 51, 49, 50, 33, 32, 31];11268.0
[0, 3, 13, 12, 14, 46, 43, 42, 25, 27, 28, 11, 2, 17, 16, 23, 39, 40, 37, 36, 35, 38, 10, 49, 50, 48, 29, 1, 6, 9, 33, 30, 4, 19, 18, 15, 52, 51, 45, 41, 47, 44, 22, 20, 21, 24, 34, 32, 31, 26, 7, 5, 8];11522.0
[25, 26, 50, 48, 49, 52, 51, 45, 34, 32, 21, 24, 19, 16, 11, 10, 12, 7, 5, 8, 6, 9, 3, 13, 17, 33, 30, 4, 41, 47, 44, 23, 22, 39, 36, 37, 35, 40, 38, 42, 46, 43, 2, 15, 18, 1, 0, 14, 20, 27, 29, 28, 31];10475.0
[32, 31, 33, 30, 41, 47, 44, 23, 22, 21, 11, 10, 20, 39, 6, 5, 8, 35, 40, 37, 38, 36, 27, 25, 29, 28, 24, 19, 18, 42, 46, 43, 13, 12, 14, 7, 51, 50, 52, 48, 49, 26, 3, 1, 0, 4, 9, 2, 17, 16, 15, 45, 34];10685.0
[40, 38, 4, 7, 5, 8, 6, 9, 23, 20, 21, 11, 13, 34, 32, 30, 0, 2, 1, 41, 42, 46, 43, 45, 17, 16, 15, 19, 18, 24, 22, 33, 31, 26, 25, 27, 28, 47, 44, 50, 48, 49, 52, 51, 29, 3, 14, 39, 36, 10, 12, 37, 35];10148.0
[45, 3, 13, 14, 10, 12, 36, 40, 1, 8, 7, 5, 48, 49, 52, 51, 50, 33, 21, 24, 20, 39, 38, 2, 17, 11, 16, 15, 37, 32, 31, 26, 41, 42, 47, 46, 44, 23, 19, 18, 6, 9, 25, 27, 29, 28, 35, 4, 34, 30, 0, 22, 43];10701.0
[42, 46, 45, 21, 3, 2, 0, 13, 12, 14, 17, 41, 44, 34, 52, 50, 29, 28, 51, 48, 49, 33, 30, 35, 40, 4, 1, 8, 9, 7, 5, 6, 31, 26, 23, 20, 24, 22, 19, 16, 11, 10, 37, 18, 15, 39, 38, 36, 32, 25, 27, 47, 43];10939.0
[47, 46, 44, 34, 49, 48, 26, 13, 11, 1, 41, 43, 45, 42, 5, 7, 6, 9, 8, 3, 14, 20, 24, 19, 18, 17, 10, 12, 4, 2, 23, 22, 16, 15, 52, 51, 50, 33, 31, 30, 0, 35, 40, 21, 39, 38, 36, 37, 32, 25, 27, 29, 28];10536.0
[0, 26, 25, 3, 2, 1, 6, 5, 8, 9, 7, 48, 49, 51, 45, 42, 47, 28, 52, 50, 29, 27, 44, 41, 43, 46, 37, 40, 38, 35, 4, 33, 31, 21, 24, 22, 19, 18, 15, 16, 11, 13, 17, 23, 20, 39, 36, 10, 12, 14, 34, 32, 30];11109.0
[11, 1, 41, 44, 23, 22, 47, 46, 45, 34, 49, 50, 52, 31, 33, 30, 3, 0, 35, 40, 39, 38, 36, 10, 20, 21, 24, 43, 42, 37, 4, 9, 6, 5, 51, 48, 29, 28, 27, 25, 14, 13, 12, 32, 26, 7, 8, 2, 15, 18, 19, 17, 16];11006.0
[32, 33, 31, 30, 49, 52, 51, 50, 48, 24, 21, 3, 2, 16, 23, 22, 19, 18, 17, 15, 28, 25, 7, 6, 5, 8, 9, 12, 38, 36, 37, 39, 10, 14, 11, 13, 4, 1, 41, 47, 46, 44, 20, 27, 29, 26, 0, 35, 40, 45, 43, 42, 34];10256.0
[42, 41, 47, 46, 43, 7, 5, 51, 49, 28, 25, 26, 13, 12, 11, 3, 0, 36, 35, 40, 38, 45, 44, 34, 30, 4, 2, 17, 16, 23, 20, 21, 22, 19, 18, 8, 1, 6, 9, 33, 32, 31, 27, 29, 52, 50, 48, 15, 37, 39, 10, 14, 24];10280.0
[11, 0, 35, 38, 36, 32, 31, 33, 30, 14, 20, 24, 23, 39, 40, 21, 22, 47, 42, 46, 45, 41, 43, 7, 6, 9, 25, 27, 28, 52, 48, 49, 29, 26, 3, 13, 12, 4, 2, 17, 16, 15, 37, 18, 19, 1, 8, 5, 50, 51, 44, 34, 10];10423.0
[20, 29, 28, 25, 27, 16, 39, 38, 34, 32, 21, 9, 8, 13, 12, 14, 24, 22, 19, 17, 15, 37, 45, 42, 46, 33, 31, 30, 0, 49, 50, 52, 51, 48, 26, 3, 11, 10, 18, 7, 5, 6, 36, 35, 40, 4, 2, 1, 41, 43, 47, 44, 23];11024.0
[17, 33, 30, 0, 35, 21, 27, 28, 25, 13, 11, 10, 12, 4, 1, 40, 37, 38, 42, 7, 5, 3, 43, 41, 47, 46, 45, 23, 22, 44, 34, 6, 8, 9, 14, 24, 19, 16, 15, 18, 52, 51, 50, 49, 48, 29, 20, 39, 36, 32, 31, 26, 2];11064.0
[30, 4, 17, 16, 11, 10, 14, 13, 15, 38, 45, 3, 2, 8, 9, 12, 20, 21, 24, 22, 47, 42, 46, 43, 41, 44, 23, 19, 1, 0, 36, 35, 39, 40, 37, 18, 6, 7, 5, 34, 32, 31, 33, 26, 27, 28, 25, 29, 50, 52, 51, 48, 49];9694.0
[50, 29, 41, 47, 44, 34, 32, 30, 16, 23, 22, 48, 49, 51, 45, 42, 46, 43, 13, 14, 20, 7, 6, 5, 8, 9, 3, 2, 1, 0, 18, 17, 15, 39, 40, 36, 35, 37, 33, 31, 21, 24, 19, 11, 10, 12, 38, 4, 25, 26, 27, 28, 52];11199.0
[7, 5, 3, 14, 13, 12, 11, 10, 36, 35, 39, 40, 38, 18, 17, 23, 22, 19, 16, 15, 37, 48, 49, 50, 52, 51, 45, 44, 43, 42, 46, 34, 30, 33, 31, 25, 27, 28, 0, 4, 2, 1, 41, 47, 32, 26, 29, 24, 21, 20, 9, 8, 6];10261.0
[29, 28, 27, 25, 42, 7, 8, 6, 9, 34, 30, 35, 21, 20, 39, 4, 2, 17, 24, 23, 22, 11, 10, 38, 32, 31, 33, 26, 3, 0, 36, 40, 37, 18, 19, 1, 5, 51, 50, 52, 12, 14, 13, 16, 15, 45, 44, 41, 47, 46, 43, 49, 48];10972.0
[43, 42, 46, 39, 36, 35, 21, 25, 27, 26, 13, 12, 14, 10, 49, 52, 51, 50, 48, 18, 17, 23, 8, 9, 3, 0, 4, 2, 33, 31, 29, 28, 20, 24, 22, 19, 15, 40, 38, 37, 16, 11, 1, 7, 6, 5, 41, 47, 44, 34, 32, 30, 45];10548.0
[30, 0, 2, 17, 16, 23, 22, 1, 4, 20, 21, 11, 36, 35, 19, 18, 8, 7, 6, 9, 13, 12, 43, 45, 44, 46, 34, 32, 3, 10, 14, 41, 47, 42, 5, 51, 50, 52, 48, 49, 29, 27, 26, 25, 28, 24, 15, 37, 40, 39, 38, 33, 31];10419.0
[3, 2, 10, 14, 34, 52, 49, 50, 33, 31, 8, 7, 6, 9, 17, 16, 11, 4, 1, 0, 35, 21, 20, 24, 19, 15, 36, 32, 30, 13, 12, 39, 38, 43, 42, 47, 46, 37, 40, 45, 41, 44, 23, 22, 18, 5, 51, 48, 29, 28, 25, 27, 26];10745.0
[34, 32, 26, 1, 41, 43, 7, 6, 5, 51, 48, 52, 45, 12, 38, 39, 29, 28, 25, 27, 47, 44, 42, 46, 24, 22, 21, 8, 9, 40, 37, 18, 15, 19, 0, 3, 36, 35, 49, 50, 14, 17, 33, 31, 30, 4, 2, 16, 23, 20, 10, 11, 13];12089.0
[13, 10, 14, 12, 35, 26, 25, 27, 29, 28, 39, 4, 34, 52, 51, 3, 2, 1, 0, 38, 45, 41, 43, 42, 46, 22, 19, 18, 17, 16, 15, 37, 40, 36, 32, 31, 21, 6, 8, 9, 23, 20, 24, 47, 44, 50, 48, 49, 7, 5, 33, 30, 11];11693.0
[10, 38, 45, 44, 23, 21, 39, 4, 1, 5, 51, 48, 49, 52, 50, 18, 19, 0, 2, 3, 13, 34, 30, 36, 35, 42, 41, 47, 46, 43, 7, 6, 9, 8, 32, 33, 31, 26, 16, 15, 37, 40, 17, 20, 24, 22, 25, 27, 29, 28, 12, 14, 11];10288.0
[48, 49, 52, 51, 50, 33, 26, 25, 46, 43, 45, 0, 3, 4, 1, 35, 38, 44, 41, 42, 7, 6, 5, 9, 8, 2, 16, 19, 18, 15, 37, 36, 32, 31, 47, 34, 30, 14, 13, 12, 27, 29, 28, 39, 40, 17, 23, 21, 20, 24, 22, 11, 10];10800.0
[34, 32, 31, 25, 27, 26, 11, 10, 48, 49, 29, 28, 20, 39, 35, 40, 21, 6, 9, 8, 13, 12, 14, 24, 19, 18, 33, 30, 0, 36, 38, 4, 2, 17, 52, 51, 50, 3, 1, 7, 5, 16, 15, 37, 45, 41, 43, 23, 22, 47, 42, 46, 44];10974.0
[0, 36, 35, 37, 33, 26, 27, 25, 29, 28, 20, 6, 9, 8, 7, 5, 1, 41, 47, 46, 2, 3, 14, 13, 12, 17, 15, 52, 50, 48, 49, 51, 45, 43, 42, 44, 23, 22, 24, 18, 19, 16, 21, 39, 40, 38, 4, 10, 11, 34, 32, 31, 30];9951.0
[25, 29, 50, 48, 28, 20, 24, 22, 49, 52, 51, 45, 46, 43, 7, 5, 2, 17, 16, 11, 10, 38, 36, 18, 19, 47, 44, 34, 32, 30, 0, 3, 15, 37, 35, 4, 13, 12, 14, 39, 40, 21, 23, 27, 26, 1, 6, 9, 8, 41, 42, 33, 31];11603.0
[34, 30, 13, 10, 49, 52, 51, 41, 47, 42, 46, 23, 22, 21, 39, 38, 35, 4, 2, 0, 3, 6, 9, 8, 7, 5, 14, 12, 45, 44, 43, 18, 1, 36, 32, 31, 33, 24, 19, 15, 37, 40, 26, 25, 27, 28, 50, 48, 29, 17, 16, 20, 11];11690.0
[20, 24, 22, 21, 39, 10, 14, 12, 38, 36, 35, 49, 52, 50, 19, 18, 16, 11, 13, 17, 15, 40, 37, 8, 7, 5, 6, 9, 43, 42, 47, 46, 45, 44, 41, 34, 51, 48, 29, 27, 28, 25, 26, 3, 2, 33, 32, 31, 30, 0, 4, 1, 23];10533.0
[38, 45, 44, 46, 41, 43, 42, 17, 20, 29, 27, 28, 25, 26, 3, 36, 35, 37, 18, 15, 10, 12, 11, 13, 33, 32, 31, 30, 0, 4, 2, 1, 9, 7, 6, 5, 8, 14, 24, 22, 47, 34, 52, 50, 49, 51, 48, 19, 16, 23, 21, 39, 40];9972.0
[2, 15, 18, 9, 8, 51, 48, 28, 29, 25, 7, 6, 5, 49, 52, 50, 33, 24, 19, 17, 16, 22, 46, 43, 42, 32, 31, 21, 11, 14, 13, 10, 12, 37, 35, 40, 38, 45, 34, 30, 36, 27, 26, 41, 47, 44, 23, 20, 39, 1, 3, 0, 4];11549.0
[42, 46, 44, 32, 31, 33, 30, 43, 41, 47, 34, 50, 48, 29, 28, 21, 19, 18, 1, 10, 11, 13, 17, 15, 27, 25, 26, 7, 6, 9, 8, 12, 14, 39, 38, 4, 3, 2, 16, 23, 20, 24, 22, 0, 36, 35, 40, 37, 5, 49, 52, 51, 45];10682.0
[34, 30, 3, 9, 7, 21, 20, 39, 38, 2, 15, 37, 42, 46, 44, 32, 33, 31, 43, 45, 23, 24, 22, 19, 52, 50, 48, 49, 51, 18, 17, 16, 11, 10, 36, 35, 40, 25, 27, 29, 28, 26, 0, 4, 1, 8, 6, 5, 13, 14, 12, 41, 47];10822.0
[14, 11, 2, 0, 10, 12, 36, 35, 21, 22, 19, 16, 32, 31, 20, 6, 7, 5, 28, 25, 27, 46, 43, 42, 45, 3, 13, 17, 33, 26, 29, 48, 49, 24, 23, 39, 38, 37, 40, 18, 9, 8, 1, 41, 47, 44, 34, 30, 4, 15, 52, 51, 50];12264.0
[44, 34, 33, 27, 52, 50, 18, 19, 28, 49, 51, 48, 29, 25, 26, 3, 0, 37, 17, 15, 40, 42, 46, 43, 45, 12, 10, 14, 13, 8, 6, 9, 7, 5, 1, 41, 47, 38, 4, 2, 11, 16, 23, 24, 22, 20, 21, 39, 36, 32, 31, 30, 35];11715.0
[18, 11, 2, 0, 35, 44, 34, 32, 33, 31, 52, 51, 50, 48, 49, 29, 26, 15, 37, 40, 21, 6, 9, 7, 5, 8, 3, 13, 17, 16, 39, 38, 4, 25, 27, 28, 30, 36, 10, 12, 14, 20, 24, 23, 22, 19, 1, 41, 47, 46, 43, 45, 42];9941.0
[14, 20, 24, 22, 47, 46, 43, 1, 9, 8, 12, 44, 34, 32, 21, 4, 2, 17, 23, 27, 29, 50, 48, 49, 52, 51, 25, 26, 7, 6, 5, 3, 13, 10, 11, 16, 15, 37, 40, 39, 36, 35, 38, 45, 41, 42, 18, 19, 28, 33, 31, 30, 0];10366.0
[36, 45, 43, 42, 46, 40, 38, 4, 34, 32, 31, 26, 27, 29, 13, 11, 10, 12, 14, 24, 22, 19, 18, 17, 16, 15, 35, 49, 50, 52, 51, 48, 28, 25, 0, 1, 41, 47, 44, 23, 20, 21, 39, 37, 8, 7, 5, 6, 9, 3, 2, 33, 30];9564.0
[47, 45, 41, 43, 42, 46, 44, 30, 0, 1, 8, 6, 9, 23, 19, 18, 15, 37, 39, 36, 40, 38, 32, 31, 33, 21, 20, 7, 5, 13, 12, 14, 10, 11, 3, 2, 17, 16, 35, 4, 34, 51, 48, 49, 52, 50, 26, 25, 27, 29, 28, 24, 22];9469.0
[11, 10, 14, 9, 7, 5, 6, 8, 2, 15, 37, 40, 39, 38, 4, 19, 18, 25, 27, 26, 29, 28, 52, 51, 48, 49, 50, 1, 3, 0, 36, 35, 21, 20, 24, 47, 34, 32, 33, 31, 30, 17, 16, 23, 22, 46, 44, 41, 42, 43, 45, 13, 12];9368.0
[8, 3, 2, 15, 37, 18, 19, 17, 16, 11, 14, 10, 12, 38, 4, 25, 26, 27, 47, 42, 7, 5, 13, 34, 30, 0, 36, 35, 43, 45, 41, 46, 44, 32, 33, 31, 21, 20, 24, 23, 22, 39, 40, 29, 28, 52, 50, 51, 48, 49, 1, 6, 9];10134.0
[10, 11, 15, 37, 35, 21, 9, 8, 29, 28, 25, 3, 36, 18, 19, 17, 16, 23, 22, 39, 40, 20, 24, 33, 27, 26, 2, 1, 5, 50, 48, 49, 52, 51, 46, 38, 4, 41, 47, 44, 31, 30, 0, 14, 12, 45, 43, 42, 7, 6, 13, 34, 32];12085.0
[42, 46, 41, 43, 18, 17, 11, 10, 13, 12, 14, 20, 39, 40, 38, 37, 16, 15, 19, 6, 8, 9, 33, 26, 7, 5, 0, 35, 4, 34, 50, 52, 51, 49, 48, 28, 29, 25, 27, 1, 3, 2, 23, 32, 31, 30, 36, 45, 44, 22, 21, 24, 47];10232.0
[30, 4, 34, 32, 26, 3, 8, 9, 2, 16, 15, 21, 22, 46, 43, 49, 52, 51, 45, 42, 7, 5, 0, 35, 40, 37, 17, 31, 25, 27, 50, 48, 29, 28, 20, 24, 23, 11, 10, 14, 13, 12, 38, 36, 18, 19, 1, 41, 47, 44, 39, 6, 33];11489.0
[6, 33, 31, 21, 27, 26, 7, 5, 28, 25, 29, 20, 39, 4, 2, 11, 10, 12, 14, 13, 45, 42, 41, 47, 46, 43, 44, 23, 36, 38, 32, 30, 0, 34, 52, 51, 50, 48, 49, 24, 22, 19, 17, 16, 15, 37, 35, 40, 18, 1, 3, 8, 9];10280.0
[10, 4, 2, 15, 37, 39, 35, 40, 38, 1, 6, 8, 9, 33, 30, 0, 41, 47, 46, 45, 34, 31, 28, 50, 52, 51, 48, 49, 29, 25, 27, 44, 43, 42, 7, 5, 14, 12, 36, 32, 26, 3, 13, 23, 20, 21, 24, 22, 18, 19, 17, 16, 11];10137.0
[36, 49, 52, 51, 50, 48, 28, 29, 25, 27, 7, 5, 33, 26, 11, 10, 14, 20, 24, 22, 19, 18, 1, 4, 2, 17, 16, 15, 37, 40, 39, 45, 23, 47, 43, 42, 46, 41, 44, 34, 32, 31, 30, 0, 3, 35, 21, 6, 8, 9, 13, 12, 38];9748.0
[27, 29, 26, 25, 12, 10, 14, 13, 9, 8, 6, 5, 1, 46, 44, 23, 11, 34, 32, 31, 3, 2, 0, 35, 17, 16, 37, 40, 38, 4, 33, 30, 36, 45, 47, 28, 50, 48, 49, 24, 22, 19, 41, 43, 42, 7, 21, 20, 39, 18, 15, 52, 51];11977.0
[4, 2, 23, 21, 20, 9, 8, 41, 47, 27, 28, 52, 50, 29, 3, 1, 7, 6, 5, 51, 48, 49, 33, 30, 0, 36, 18, 17, 11, 13, 15, 39, 32, 25, 26, 16, 24, 22, 19, 10, 14, 12, 45, 42, 44, 34, 31, 43, 46, 37, 35, 40, 38];11676.0
[16, 11, 10, 12, 14, 27, 51, 49, 52, 50, 48, 7, 5, 3, 1, 41, 43, 45, 42, 46, 23, 24, 22, 20, 39, 36, 35, 37, 19, 18, 17, 47, 44, 34, 32, 26, 25, 29, 28, 33, 31, 21, 8, 9, 6, 30, 0, 13, 15, 40, 38, 4, 2];10271.0
[24, 23, 22, 46, 47, 27, 29, 26, 14, 11, 10, 49, 52, 51, 50, 48, 18, 19, 28, 25, 1, 6, 9, 8, 2, 17, 16, 15, 37, 4, 20, 39, 45, 41, 43, 42, 7, 5, 3, 13, 12, 38, 44, 34, 32, 31, 33, 30, 0, 36, 35, 40, 21];10044.0
[34, 26, 27, 25, 29, 28, 50, 52, 51, 48, 49, 12, 14, 7, 6, 5, 9, 33, 31, 21, 24, 22, 19, 8, 3, 36, 32, 30, 0, 16, 23, 20, 11, 13, 10, 38, 4, 2, 17, 15, 37, 35, 40, 39, 18, 1, 41, 47, 42, 46, 43, 45, 44];9591.0
[31, 30, 4, 27, 29, 0, 35, 37, 40, 38, 36, 10, 12, 14, 11, 49, 50, 48, 28, 25, 26, 17, 16, 24, 23, 39, 41, 47, 44, 22, 19, 1, 13, 34, 52, 51, 45, 43, 42, 46, 3, 2, 15, 18, 6, 5, 7, 21, 20, 8, 9, 32, 33];11660.0
[23, 20, 9, 8, 3, 13, 14, 7, 6, 5, 0, 32, 30, 35, 18, 15, 19, 16, 37, 40, 26, 25, 27, 29, 28, 52, 50, 31, 33, 10, 12, 11, 1, 2, 17, 38, 36, 21, 24, 22, 47, 45, 44, 39, 4, 34, 49, 48, 51, 41, 43, 42, 46];11681.0
[0, 36, 4, 2, 17, 11, 34, 18, 6, 9, 8, 7, 5, 51, 52, 50, 49, 48, 19, 1, 13, 14, 24, 23, 32, 31, 33, 30, 21, 29, 28, 25, 27, 26, 3, 16, 15, 38, 45, 41, 43, 47, 44, 42, 46, 39, 37, 35, 40, 10, 12, 20, 22];10160.0
[12, 38, 36, 35, 40, 18, 23, 22, 47, 34, 32, 26, 27, 25, 28, 24, 19, 15, 37, 39, 10, 14, 41, 42, 46, 43, 45, 44, 11, 13, 17, 16, 21, 20, 6, 9, 0, 4, 7, 5, 8, 3, 2, 1, 51, 48, 49, 52, 50, 29, 33, 31, 30];10323.0
[17, 23, 32, 30, 35, 40, 39, 21, 22, 44, 43, 41, 47, 26, 25, 27, 52, 48, 29, 28, 15, 37, 18, 1, 8, 7, 5, 6, 9, 0, 36, 38, 4, 34, 51, 49, 50, 31, 33, 42, 46, 45, 20, 24, 19, 16, 10, 12, 14, 13, 11, 3, 2];11122.0
[5, 51, 52, 50, 48, 49, 29, 41, 47, 28, 27, 0, 35, 21, 22, 19, 16, 15, 39, 40, 38, 45, 44, 46, 43, 42, 7, 9, 3, 4, 1, 13, 12, 11, 10, 14, 24, 23, 20, 34, 32, 31, 25, 26, 2, 17, 33, 30, 36, 37, 18, 8, 6];10291.0
[4, 0, 40, 45, 41, 42, 46, 43, 36, 10, 11, 3, 13, 12, 14, 24, 22, 44, 52, 50, 49, 51, 48, 29, 28, 37, 18, 15, 1, 47, 34, 30, 32, 31, 25, 27, 8, 6, 9, 2, 17, 33, 26, 7, 5, 35, 19, 16, 23, 21, 20, 39, 38];11260.0
[38, 35, 21, 20, 24, 7, 6, 5, 0, 2, 36, 40, 45, 43, 42, 44, 34, 52, 50, 12, 4, 1, 8, 9, 31, 33, 30, 49, 51, 48, 22, 19, 18, 17, 23, 29, 28, 27, 16, 15, 32, 25, 26, 3, 13, 11, 10, 14, 41, 47, 46, 37, 39];12032.0
[6, 9, 33, 30, 4, 0, 36, 10, 14, 13, 12, 11, 3, 2, 15, 37, 35, 49, 50, 31, 21, 19, 28, 26, 25, 34, 32, 27, 29, 52, 51, 48, 24, 22, 18, 17, 16, 23, 20, 39, 40, 38, 45, 44, 41, 47, 46, 43, 42, 1, 8, 7, 5];10963.0
[15, 37, 33, 31, 24, 23, 39, 45, 44, 22, 1, 7, 6, 5, 50, 52, 51, 41, 47, 46, 43, 42, 19, 18, 11, 10, 48, 49, 26, 0, 36, 35, 40, 38, 34, 32, 30, 4, 25, 27, 29, 28, 13, 14, 12, 20, 21, 9, 8, 3, 2, 17, 16];11293.0
[14, 13, 12, 38, 4, 34, 52, 50, 49, 51, 48, 29, 27, 43, 45, 46, 35, 21, 11, 16, 15, 37, 32, 31, 33, 30, 0, 40, 19, 18, 8, 6, 7, 5, 9, 1, 41, 44, 20, 24, 42, 47, 28, 25, 26, 3, 2, 17, 23, 22, 39, 36, 10];10138.0
[51, 48, 49, 28, 27, 29, 2, 34, 32, 31, 30, 0, 4, 1, 8, 9, 41, 47, 44, 43, 7, 33, 25, 26, 3, 13, 12, 14, 20, 39, 38, 45, 42, 46, 37, 36, 35, 40, 11, 10, 21, 24, 19, 16, 23, 22, 18, 17, 15, 52, 50, 6, 5];11117.0
[11, 13, 17, 33, 26, 2, 41, 47, 43, 45, 42, 46, 30, 0, 36, 44, 34, 32, 31, 25, 3, 14, 20, 39, 10, 12, 4, 1, 7, 5, 51, 48, 49, 52, 50, 24, 22, 23, 21, 27, 29, 28, 35, 40, 38, 37, 6, 9, 8, 16, 15, 19, 18];10782.0
[37, 35, 40, 45, 43, 46, 44, 22, 21, 23, 32, 30, 0, 36, 18, 8, 6, 9, 33, 31, 3, 13, 12, 25, 27, 28, 52, 50, 48, 29, 26, 7, 5, 20, 39, 38, 4, 2, 1, 41, 47, 42, 19, 16, 34, 51, 49, 24, 11, 10, 14, 17, 15];11614.0
[25, 3, 9, 8, 7, 6, 5, 48, 49, 29, 27, 28, 50, 52, 51, 41, 43, 46, 45, 39, 37, 18, 15, 40, 38, 36, 35, 21, 24, 42, 47, 44, 23, 22, 20, 11, 34, 32, 30, 0, 4, 2, 16, 19, 1, 10, 14, 12, 13, 17, 31, 33, 26];10697.0
[16, 32, 31, 33, 21, 34, 30, 0, 13, 12, 38, 4, 2, 36, 40, 20, 9, 6, 7, 5, 8, 15, 37, 35, 44, 43, 42, 46, 45, 41, 47, 18, 19, 1, 3, 11, 10, 14, 24, 23, 22, 48, 49, 52, 51, 50, 26, 25, 27, 29, 28, 39, 17];10415.0
[47, 44, 34, 52, 51, 43, 42, 46, 32, 31, 26, 1, 13, 17, 15, 39, 37, 40, 21, 6, 9, 8, 0, 4, 19, 28, 27, 25, 7, 5, 49, 50, 48, 29, 10, 12, 14, 11, 3, 2, 16, 20, 24, 23, 22, 18, 33, 30, 36, 35, 38, 45, 41];11105.0
[52, 50, 30, 0, 32, 33, 31, 27, 29, 28, 26, 25, 36, 35, 40, 39, 6, 9, 8, 2, 15, 37, 18, 17, 16, 21, 11, 10, 12, 14, 20, 24, 22, 19, 47, 46, 45, 44, 23, 38, 4, 1, 41, 43, 42, 7, 5, 3, 13, 34, 51, 48, 49];9515.0
[29, 28, 25, 26, 16, 15, 39, 6, 9, 0, 4, 2, 13, 12, 10, 14, 17, 22, 20, 11, 3, 41, 43, 42, 46, 37, 21, 24, 32, 31, 33, 30, 36, 35, 49, 52, 50, 1, 7, 5, 8, 40, 38, 45, 47, 44, 34, 51, 48, 18, 19, 23, 27];11443.0
[47, 10, 12, 18, 16, 11, 14, 13, 17, 15, 39, 5, 51, 50, 31, 30, 0, 4, 22, 19, 33, 25, 48, 49, 52, 45, 42, 46, 44, 34, 40, 37, 35, 21, 24, 20, 27, 29, 28, 38, 36, 32, 26, 1, 8, 7, 6, 9, 3, 2, 23, 43, 41];12000.0
[8, 37, 18, 19, 11, 10, 20, 21, 39, 5, 51, 49, 50, 33, 30, 36, 35, 40, 41, 43, 45, 23, 38, 4, 1, 9, 2, 17, 16, 15, 27, 29, 28, 52, 48, 24, 22, 46, 44, 34, 32, 31, 0, 3, 13, 12, 14, 26, 25, 47, 42, 7, 6];11339.0
[3, 2, 17, 16, 37, 40, 45, 44, 34, 32, 31, 26, 25, 27, 47, 23, 22, 18, 19, 15, 52, 50, 48, 29, 28, 39, 33, 30, 0, 36, 35, 21, 20, 8, 9, 7, 6, 5, 51, 49, 24, 42, 41, 46, 43, 14, 12, 38, 4, 1, 13, 10, 11];10275.0
[10, 12, 38, 36, 45, 42, 46, 43, 2, 0, 3, 4, 1, 7, 51, 49, 48, 28, 24, 22, 19, 15, 37, 18, 17, 16, 23, 9, 8, 41, 47, 33, 31, 30, 35, 40, 39, 6, 5, 13, 14, 20, 21, 27, 25, 44, 34, 32, 26, 29, 52, 50, 11];11902.0
[33, 31, 21, 11, 13, 38, 45, 44, 23, 27, 26, 36, 39, 4, 2, 0, 3, 1, 43, 41, 47, 7, 9, 40, 37, 8, 6, 5, 48, 50, 29, 28, 25, 34, 30, 35, 18, 17, 15, 19, 16, 10, 12, 14, 20, 24, 22, 49, 52, 51, 42, 46, 32];12094.0
[47, 43, 44, 34, 52, 50, 49, 51, 48, 29, 26, 7, 6, 5, 8, 9, 13, 36, 35, 38, 45, 42, 46, 23, 11, 10, 12, 14, 25, 27, 28, 24, 22, 19, 16, 20, 40, 21, 39, 4, 2, 3, 0, 32, 31, 33, 30, 17, 15, 37, 18, 1, 41];9658.0
[44, 34, 32, 30, 0, 4, 3, 2, 36, 37, 17, 22, 16, 15, 38, 42, 46, 45, 41, 43, 47, 24, 23, 21, 11, 10, 14, 13, 52, 50, 33, 31, 26, 25, 27, 28, 35, 40, 29, 51, 49, 48, 19, 18, 1, 12, 20, 39, 6, 5, 9, 8, 7];11370.0
[36, 35, 40, 38, 10, 11, 3, 0, 21, 24, 22, 18, 19, 15, 37, 27, 25, 26, 2, 33, 31, 30, 4, 1, 17, 16, 23, 29, 28, 47, 46, 43, 49, 51, 48, 52, 50, 14, 41, 44, 34, 32, 45, 42, 7, 5, 8, 6, 9, 13, 12, 20, 39];10914.0
[19, 18, 15, 37, 17, 11, 3, 2, 41, 47, 28, 25, 27, 43, 42, 46, 23, 22, 16, 20, 39, 4, 1, 8, 6, 5, 0, 13, 10, 12, 14, 32, 31, 26, 29, 52, 50, 33, 30, 35, 36, 40, 38, 45, 44, 34, 51, 48, 49, 9, 7, 21, 24];11069.0
[23, 20, 21, 39, 4, 2, 3, 12, 14, 9, 7, 5, 8, 6, 33, 30, 0, 35, 37, 18, 17, 31, 29, 28, 52, 51, 41, 43, 49, 50, 48, 1, 36, 10, 11, 13, 34, 32, 25, 27, 26, 22, 19, 16, 15, 40, 38, 42, 47, 46, 45, 44, 24];11261.0
[25, 27, 4, 2, 1, 9, 8, 17, 16, 15, 37, 19, 33, 30, 35, 45, 41, 47, 42, 46, 43, 18, 11, 3, 0, 13, 14, 6, 51, 49, 52, 44, 23, 24, 22, 21, 20, 39, 40, 10, 12, 38, 36, 31, 26, 7, 5, 50, 48, 29, 28, 34, 32];11844.0
[5, 13, 38, 45, 44, 32, 26, 2, 17, 16, 15, 6, 8, 9, 33, 31, 30, 4, 1, 11, 3, 0, 35, 19, 18, 41, 47, 46, 43, 42, 37, 36, 10, 12, 14, 21, 23, 20, 24, 22, 39, 40, 34, 52, 50, 48, 49, 51, 28, 25, 27, 29, 7];10163.0
[2, 0, 35, 38, 36, 32, 30, 4, 1, 7, 6, 8, 3, 45, 44, 43, 41, 47, 46, 13, 12, 11, 14, 10, 20, 9, 31, 33, 26, 27, 34, 52, 50, 48, 49, 24, 21, 39, 40, 37, 15, 18, 19, 23, 22, 42, 5, 51, 29, 28, 25, 17, 16];11700.0
[20, 11, 10, 32, 31, 33, 30, 0, 12, 14, 13, 34, 52, 51, 50, 49, 48, 29, 16, 15, 39, 38, 45, 44, 43, 46, 37, 40, 18, 19, 1, 4, 2, 41, 28, 27, 25, 26, 3, 36, 35, 21, 24, 47, 42, 7, 6, 5, 8, 9, 17, 23, 22];9937.0
[48, 29, 28, 25, 10, 11, 2, 1, 41, 42, 46, 43, 45, 12, 14, 13, 20, 24, 22, 47, 44, 7, 17, 23, 19, 18, 16, 15, 37, 35, 40, 36, 21, 39, 38, 4, 8, 6, 9, 5, 51, 50, 31, 30, 33, 32, 27, 26, 0, 3, 34, 49, 52];10878.0
[13, 9, 6, 8, 34, 30, 0, 3, 14, 16, 23, 19, 1, 36, 35, 21, 20, 24, 22, 47, 42, 46, 43, 7, 5, 41, 45, 44, 52, 50, 49, 51, 48, 26, 10, 12, 38, 32, 31, 33, 25, 27, 28, 29, 39, 40, 4, 2, 15, 37, 18, 17, 11];10510.0
[30, 7, 6, 5, 51, 49, 24, 23, 22, 21, 20, 8, 9, 17, 16, 19, 28, 25, 26, 27, 47, 42, 46, 37, 39, 36, 35, 40, 4, 2, 1, 0, 10, 11, 3, 13, 15, 18, 41, 43, 45, 44, 34, 52, 50, 48, 29, 12, 14, 38, 32, 33, 31];10583.0
[27, 28, 24, 21, 39, 35, 40, 36, 10, 20, 7, 5, 51, 49, 48, 29, 25, 26, 3, 14, 13, 12, 34, 52, 50, 33, 31, 30, 4, 41, 47, 46, 43, 42, 2, 1, 8, 6, 9, 16, 15, 37, 38, 45, 44, 23, 22, 19, 18, 17, 11, 0, 32];10523.0
[2, 16, 15, 37, 40, 45, 41, 47, 44, 32, 30, 0, 14, 13, 34, 50, 49, 48, 52, 51, 7, 5, 6, 9, 36, 35, 43, 42, 46, 39, 38, 4, 27, 29, 28, 33, 31, 26, 25, 10, 12, 20, 21, 23, 24, 22, 19, 18, 17, 11, 3, 1, 8];10375.0
[24, 19, 18, 1, 3, 4, 22, 15, 52, 50, 51, 48, 49, 26, 25, 27, 29, 28, 47, 42, 46, 7, 5, 8, 6, 9, 13, 38, 44, 43, 45, 12, 14, 20, 39, 40, 37, 17, 16, 41, 34, 32, 31, 33, 30, 0, 2, 11, 10, 36, 35, 21, 23];9818.0
[5, 8, 3, 2, 0, 36, 35, 10, 12, 14, 38, 37, 18, 17, 22, 19, 16, 15, 50, 48, 49, 52, 51, 29, 28, 39, 40, 4, 1, 13, 11, 33, 31, 30, 41, 43, 46, 45, 44, 42, 47, 34, 32, 24, 23, 20, 21, 27, 25, 26, 9, 7, 6];9959.0
[28, 8, 7, 5, 6, 9, 13, 12, 35, 40, 42, 46, 47, 44, 34, 32, 33, 31, 30, 3, 2, 0, 4, 1, 41, 43, 45, 14, 38, 36, 37, 18, 17, 23, 21, 22, 20, 39, 15, 50, 48, 24, 19, 16, 11, 10, 49, 52, 51, 25, 26, 27, 29];10742.0
[48, 25, 0, 36, 35, 40, 39, 32, 30, 33, 31, 26, 2, 3, 1, 8, 9, 13, 12, 38, 45, 41, 43, 46, 44, 24, 20, 7, 6, 5, 17, 23, 22, 47, 42, 18, 19, 16, 15, 37, 21, 27, 29, 28, 11, 10, 14, 4, 34, 52, 50, 49, 51];10497.0
[22, 43, 42, 46, 33, 31, 30, 36, 38, 34, 32, 25, 26, 15, 37, 1, 4, 2, 0, 3, 11, 10, 14, 17, 16, 41, 47, 28, 27, 20, 24, 19, 9, 8, 7, 51, 49, 52, 50, 48, 29, 39, 35, 40, 18, 6, 5, 13, 12, 45, 44, 23, 21];11121.0
[3, 4, 2, 20, 6, 9, 8, 13, 12, 14, 42, 46, 7, 5, 1, 41, 43, 45, 11, 10, 52, 51, 50, 49, 48, 29, 39, 40, 21, 24, 23, 22, 19, 16, 47, 28, 25, 27, 31, 30, 0, 36, 35, 37, 18, 17, 15, 38, 44, 34, 32, 33, 26];10926.0
[50, 52, 51, 45, 41, 43, 46, 13, 14, 12, 38, 10, 11, 3, 2, 33, 30, 36, 49, 48, 24, 20, 39, 35, 40, 27, 29, 0, 4, 34, 32, 31, 21, 19, 18, 17, 15, 37, 1, 8, 9, 28, 25, 26, 16, 23, 22, 47, 44, 42, 7, 6, 5];11447.0
[49, 24, 23, 32, 33, 31, 30, 36, 27, 26, 8, 9, 1, 41, 47, 34, 52, 50, 48, 13, 14, 12, 4, 0, 3, 2, 17, 16, 39, 38, 45, 44, 22, 18, 19, 15, 37, 35, 40, 21, 20, 11, 10, 46, 43, 42, 25, 29, 28, 7, 6, 5, 51];11300.0
[12, 14, 41, 47, 32, 25, 51, 48, 24, 19, 7, 5, 15, 37, 39, 4, 8, 6, 9, 13, 38, 44, 42, 43, 46, 45, 2, 1, 36, 35, 40, 18, 17, 16, 23, 22, 20, 21, 27, 26, 3, 34, 49, 52, 50, 29, 28, 33, 31, 30, 0, 11, 10];11699.0
[16, 11, 33, 31, 3, 2, 17, 22, 21, 20, 24, 23, 32, 30, 0, 36, 35, 27, 25, 29, 28, 49, 51, 45, 41, 43, 47, 44, 42, 46, 39, 37, 40, 38, 4, 9, 8, 7, 6, 5, 15, 18, 19, 1, 13, 34, 52, 50, 48, 26, 10, 12, 14];11010.0
[26, 3, 2, 52, 50, 48, 49, 51, 40, 21, 20, 39, 36, 38, 42, 46, 44, 41, 43, 45, 1, 8, 7, 5, 6, 9, 33, 31, 30, 0, 4, 22, 27, 25, 29, 28, 35, 37, 17, 11, 10, 14, 12, 13, 15, 18, 19, 16, 23, 24, 47, 34, 32];10353.0
[21, 24, 25, 27, 13, 9, 6, 7, 5, 51, 49, 52, 12, 14, 33, 31, 28, 50, 48, 29, 26, 16, 11, 3, 1, 47, 34, 32, 30, 0, 10, 38, 44, 23, 20, 39, 36, 37, 35, 40, 45, 42, 46, 41, 43, 22, 19, 18, 8, 2, 17, 15, 4];11849.0
[29, 39, 38, 4, 8, 6, 5, 1, 41, 43, 45, 42, 46, 23, 22, 47, 44, 34, 52, 50, 33, 31, 3, 2, 17, 11, 10, 14, 12, 37, 18, 28, 27, 25, 26, 36, 35, 40, 21, 20, 24, 19, 16, 15, 32, 30, 0, 13, 9, 7, 51, 48, 49];10673.0
[12, 34, 32, 26, 25, 7, 6, 9, 8, 35, 37, 40, 44, 42, 27, 29, 28, 49, 52, 50, 31, 33, 30, 36, 21, 22, 19, 18, 41, 43, 47, 46, 45, 2, 16, 15, 39, 38, 4, 1, 3, 0, 13, 17, 24, 23, 20, 5, 51, 48, 11, 10, 14];11203.0
[4, 1, 6, 44, 34, 18, 0, 3, 2, 8, 9, 7, 5, 51, 49, 52, 50, 48, 19, 11, 10, 12, 14, 13, 17, 16, 23, 24, 22, 15, 35, 40, 27, 29, 28, 21, 20, 39, 38, 43, 45, 42, 41, 47, 46, 37, 36, 32, 26, 25, 33, 31, 30];10170.0
[45, 34, 32, 21, 8, 7, 6, 44, 41, 47, 25, 26, 3, 12, 14, 38, 4, 22, 19, 18, 51, 48, 49, 52, 50, 33, 31, 30, 0, 35, 42, 46, 17, 16, 15, 24, 23, 20, 39, 37, 40, 36, 10, 11, 13, 9, 5, 29, 28, 27, 2, 1, 43];10928.0
[43, 46, 45, 44, 42, 7, 5, 8, 3, 2, 13, 34, 52, 51, 48, 49, 50, 31, 33, 32, 30, 0, 36, 35, 37, 40, 39, 38, 4, 22, 19, 17, 23, 21, 11, 10, 41, 47, 24, 18, 6, 9, 12, 14, 20, 27, 29, 26, 16, 15, 28, 25, 1];10533.0
[18, 9, 8, 14, 13, 12, 38, 4, 17, 16, 15, 40, 24, 22, 20, 1, 41, 42, 46, 43, 52, 50, 49, 7, 6, 33, 31, 21, 11, 10, 47, 45, 44, 23, 25, 27, 29, 26, 34, 32, 30, 0, 3, 2, 5, 51, 48, 28, 39, 36, 35, 37, 19];11852.0
[7, 6, 5, 28, 25, 27, 44, 34, 30, 2, 15, 37, 40, 38, 4, 1, 9, 8, 3, 18, 19, 17, 16, 22, 21, 11, 13, 20, 24, 32, 33, 31, 39, 10, 12, 14, 43, 41, 47, 23, 29, 26, 0, 36, 35, 42, 46, 52, 50, 48, 49, 51, 45];11615.0
[24, 22, 0, 35, 40, 32, 31, 33, 30, 4, 17, 23, 20, 11, 10, 13, 12, 14, 18, 19, 16, 52, 51, 49, 15, 37, 39, 45, 44, 34, 50, 48, 29, 25, 28, 21, 27, 26, 2, 1, 6, 9, 8, 7, 5, 3, 36, 38, 43, 42, 46, 41, 47];11325.0
