ft70
[67, 63, 65, 68, 66, 64, 48, 43, 49, 47, 33, 15, 46, 45, 62, 61, 59, 57, 4, 8, 11, 7, 3, 28, 21, 26, 6, 0, 1, 60, 34, 32, 22, 25, 5, 20, 17, 55, 51, 50, 18, 31, 52, 13, 14, 12, 10, 9, 54, 44, 23, 41, 40, 29, 27, 24, 56, 53, 30, 39, 37, 16, 19, 58, 2, 38, 35, 36, 42, 69];43389.0;45979.70909090909;1.833160569090909E7;430.0;19052.0;55.0
[7, 3, 18, 0, 1, 23, 21, 26, 2, 28, 54, 44, 49, 67, 63, 64, 48, 47, 46, 43, 34, 30, 41, 37, 60, 59, 57, 31, 62, 61, 4, 15, 5, 6, 16, 19, 51, 52, 50, 33, 32, 29, 68, 69, 65, 66, 36, 40, 39, 42, 55, 53, 20, 17, 22, 25, 45, 58, 27, 24, 56, 12, 14, 10, 9, 8, 11, 35, 38, 13];45195.0
[43, 49, 35, 39, 37, 60, 59, 57, 42, 40, 41, 36, 69, 67, 51, 50, 17, 15, 23, 30, 34, 31, 62, 61, 58, 56, 53, 27, 24, 6, 16, 19, 25, 28, 54, 52, 13, 14, 10, 20, 18, 47, 5, 3, 46, 45, 44, 48, 32, 29, 12, 9, 22, 21, 26, 55, 8, 7, 2, 0, 1, 4, 33, 68, 63, 65, 66, 64, 38, 11];45897.0
[64, 48, 43, 29, 27, 24, 23, 15, 2, 22, 25, 13, 8, 12, 11, 5, 6, 59, 10, 9, 0, 1, 20, 17, 55, 53, 4, 54, 52, 18, 16, 19, 47, 33, 68, 66, 65, 7, 28, 3, 46, 45, 61, 38, 39, 40, 44, 49, 34, 32, 51, 50, 62, 58, 57, 56, 42, 41, 36, 21, 26, 35, 14, 60, 31, 30, 37, 69, 67, 63];45669.0
[52, 13, 12, 3, 20, 16, 18, 19, 57, 44, 48, 47, 55, 51, 33, 31, 62, 61, 59, 34, 32, 29, 69, 68, 66, 65, 37, 60, 58, 2, 0, 1, 5, 46, 45, 49, 67, 63, 64, 28, 54, 56, 50, 17, 22, 25, 24, 30, 39, 41, 40, 14, 10, 43, 6, 4, 27, 21, 26, 23, 15, 11, 9, 8, 7, 38, 35, 36, 42, 53];45284.0
[25, 14, 13, 8, 7, 66, 64, 69, 48, 49, 68, 65, 67, 63, 41, 40, 36, 42, 53, 43, 34, 59, 57, 4, 19, 17, 16, 2, 28, 54, 52, 23, 21, 26, 6, 60, 44, 47, 55, 51, 50, 33, 32, 31, 62, 58, 24, 29, 12, 10, 9, 11, 38, 35, 39, 37, 3, 46, 45, 61, 20, 18, 0, 1, 56, 30, 15, 5, 27, 22];45628.0
[7, 14, 20, 17, 19, 44, 43, 49, 67, 69, 65, 46, 47, 33, 29, 5, 45, 68, 66, 63, 64, 48, 34, 62, 58, 57, 51, 32, 27, 6, 2, 28, 21, 26, 25, 24, 56, 53, 18, 31, 30, 22, 23, 55, 0, 1, 39, 37, 60, 61, 36, 42, 41, 40, 38, 35, 13, 12, 3, 52, 50, 16, 15, 4, 54, 59, 10, 9, 11, 8];45834.0
[48, 6, 60, 44, 51, 50, 52, 21, 24, 27, 22, 25, 3, 5, 36, 42, 33, 31, 62, 61, 32, 34, 23, 26, 28, 58, 68, 65, 67, 63, 16, 15, 7, 46, 45, 69, 64, 66, 19, 55, 54, 56, 53, 11, 8, 20, 18, 17, 4, 2, 0, 1, 30, 37, 35, 38, 39, 41, 40, 9, 13, 14, 59, 57, 29, 12, 10, 43, 49, 47];46735.0
[67, 63, 65, 68, 66, 64, 48, 43, 49, 47, 33, 15, 46, 45, 62, 61, 59, 57, 4, 8, 11, 7, 3, 28, 21, 26, 6, 0, 1, 60, 34, 32, 22, 25, 5, 20, 17, 55, 51, 50, 18, 31, 52, 13, 14, 12, 10, 9, 54, 44, 23, 41, 40, 29, 27, 24, 56, 53, 30, 39, 37, 16, 19, 58, 2, 38, 35, 36, 42, 69];43389.0
[37, 54, 20, 17, 24, 33, 31, 30, 29, 12, 10, 14, 9, 18, 19, 47, 55, 13, 11, 5, 6, 0, 1, 16, 15, 46, 45, 64, 48, 43, 49, 8, 7, 3, 60, 57, 44, 27, 22, 25, 23, 56, 53, 38, 65, 68, 67, 63, 21, 26, 2, 4, 35, 42, 41, 40, 32, 34, 61, 59, 62, 58, 28, 52, 51, 50, 69, 66, 36, 39];45261.0
[16, 28, 35, 38, 39, 69, 64, 48, 31, 30, 15, 5, 27, 22, 14, 10, 20, 18, 19, 36, 40, 25, 24, 54, 52, 21, 26, 3, 60, 59, 57, 56, 50, 17, 42, 41, 1, 0, 44, 49, 47, 33, 13, 8, 11, 12, 9, 7, 2, 4, 46, 45, 58, 23, 55, 29, 51, 53, 37, 63, 66, 65, 68, 67, 43, 6, 34, 32, 62, 61];46227.0
[38, 35, 14, 10, 12, 20, 18, 28, 21, 60, 59, 2, 4, 34, 31, 62, 58, 25, 22, 23, 55, 30, 29, 24, 56, 44, 48, 6, 0, 1, 15, 11, 8, 43, 49, 68, 66, 65, 69, 47, 50, 33, 32, 17, 16, 19, 41, 36, 37, 57, 27, 26, 52, 51, 46, 45, 61, 54, 53, 3, 7, 13, 9, 5, 67, 63, 64, 42, 40, 39];46840.0
[59, 10, 9, 7, 18, 19, 55, 53, 3, 66, 63, 64, 42, 40, 34, 31, 30, 16, 47, 33, 32, 0, 1, 26, 21, 60, 44, 49, 14, 11, 41, 36, 39, 37, 38, 69, 65, 68, 67, 20, 17, 22, 25, 52, 56, 12, 61, 57, 48, 43, 29, 54, 51, 50, 35, 13, 8, 2, 4, 27, 23, 15, 46, 45, 62, 58, 24, 6, 28, 5];46020.0
[34, 33, 32, 31, 30, 50, 18, 62, 61, 53, 20, 17, 25, 3, 5, 4, 2, 28, 54, 57, 23, 52, 46, 45, 58, 56, 19, 47, 29, 24, 59, 44, 49, 8, 7, 38, 35, 41, 13, 10, 14, 63, 66, 36, 42, 40, 39, 37, 69, 65, 67, 64, 68, 48, 21, 26, 27, 22, 55, 51, 16, 15, 6, 0, 1, 60, 9, 12, 11, 43];45352.0
[27, 22, 25, 15, 7, 46, 45, 42, 41, 36, 40, 23, 61, 10, 8, 20, 18, 62, 34, 32, 12, 14, 5, 2, 4, 19, 51, 50, 17, 24, 6, 16, 69, 67, 58, 26, 53, 3, 28, 52, 54, 57, 56, 33, 35, 38, 13, 9, 11, 68, 65, 63, 66, 64, 48, 43, 49, 47, 55, 0, 1, 59, 31, 30, 29, 21, 39, 37, 60, 44];46266.0
[5, 11, 8, 60, 44, 43, 29, 69, 67, 63, 35, 39, 24, 56, 50, 18, 38, 13, 59, 57, 0, 1, 23, 12, 9, 7, 2, 28, 55, 54, 52, 34, 32, 27, 21, 26, 19, 51, 46, 45, 62, 61, 53, 3, 30, 37, 65, 68, 66, 42, 41, 36, 40, 49, 47, 33, 31, 58, 64, 48, 6, 16, 15, 4, 14, 10, 20, 17, 22, 25];46405.0
[59, 4, 13, 9, 66, 64, 48, 62, 61, 57, 23, 55, 51, 46, 45, 58, 24, 6, 0, 1, 15, 2, 28, 26, 21, 27, 22, 25, 32, 44, 49, 43, 29, 12, 11, 7, 34, 31, 19, 47, 50, 18, 16, 38, 35, 14, 10, 8, 54, 52, 56, 39, 41, 37, 40, 36, 42, 33, 30, 63, 65, 68, 69, 67, 53, 3, 20, 17, 5, 60];46494.0
[15, 12, 9, 11, 5, 3, 30, 46, 43, 67, 63, 66, 64, 42, 41, 37, 38, 39, 60, 57, 22, 14, 7, 13, 8, 0, 1, 40, 36, 51, 50, 18, 31, 33, 34, 32, 29, 27, 24, 6, 45, 49, 47, 55, 53, 20, 2, 4, 61, 44, 48, 16, 17, 19, 25, 35, 68, 69, 65, 62, 58, 23, 26, 59, 10, 56, 54, 52, 21, 28];46879.0
[69, 65, 66, 37, 58, 28, 5, 6, 60, 59, 10, 14, 38, 35, 68, 64, 48, 16, 15, 4, 23, 19, 57, 44, 67, 63, 2, 1, 0, 55, 50, 17, 25, 22, 21, 26, 13, 12, 9, 7, 3, 20, 18, 30, 46, 45, 49, 47, 43, 11, 8, 39, 42, 41, 40, 29, 27, 24, 56, 53, 51, 33, 31, 52, 54, 34, 32, 62, 61, 36];46196.0
[50, 20, 17, 56, 53, 3, 18, 47, 29, 21, 24, 60, 34, 23, 28, 54, 52, 13, 26, 35, 37, 27, 22, 25, 5, 4, 30, 39, 41, 40, 8, 7, 38, 69, 65, 68, 67, 32, 12, 10, 9, 66, 64, 63, 43, 49, 14, 11, 36, 42, 33, 31, 15, 46, 45, 58, 6, 2, 1, 0, 62, 61, 59, 57, 44, 48, 16, 19, 55, 51];46342.0
[35, 38, 39, 37, 58, 12, 9, 7, 13, 14, 29, 69, 67, 63, 64, 21, 26, 24, 27, 59, 10, 4, 33, 51, 31, 41, 36, 42, 40, 62, 61, 8, 20, 18, 22, 25, 28, 54, 52, 56, 53, 3, 5, 6, 0, 1, 2, 60, 44, 68, 66, 65, 48, 43, 49, 47, 50, 17, 55, 16, 19, 57, 23, 15, 11, 46, 45, 34, 32, 30];45609.0
[6, 0, 1, 38, 39, 40, 36, 42, 41, 24, 28, 54, 52, 51, 69, 67, 64, 63, 48, 16, 47, 55, 53, 22, 25, 30, 20, 17, 19, 46, 45, 62, 58, 57, 44, 27, 13, 12, 9, 11, 7, 5, 3, 26, 35, 37, 65, 68, 66, 32, 29, 21, 60, 61, 23, 56, 33, 59, 10, 14, 2, 4, 8, 49, 43, 34, 31, 50, 18, 15];45050.0
[27, 59, 60, 34, 61, 4, 23, 55, 51, 50, 24, 28, 54, 52, 69, 67, 1, 0, 6, 16, 19, 18, 47, 33, 32, 26, 13, 12, 10, 9, 31, 58, 44, 48, 49, 43, 29, 21, 56, 53, 25, 3, 11, 7, 2, 22, 14, 8, 30, 15, 5, 20, 17, 36, 42, 41, 40, 35, 38, 39, 37, 63, 66, 64, 68, 65, 46, 45, 62, 57];45339.0
[2, 4, 21, 26, 52, 54, 62, 61, 58, 57, 23, 15, 7, 28, 30, 37, 68, 65, 67, 63, 66, 46, 45, 43, 49, 47, 19, 55, 51, 50, 18, 31, 34, 32, 69, 64, 39, 40, 36, 42, 41, 38, 35, 59, 10, 0, 1, 56, 53, 20, 17, 22, 25, 3, 60, 44, 48, 29, 12, 9, 11, 8, 13, 14, 5, 6, 16, 33, 27, 24];44198.0
[18, 31, 19, 57, 23, 56, 20, 17, 16, 15, 65, 68, 67, 63, 48, 0, 1, 51, 46, 45, 58, 2, 4, 28, 26, 39, 40, 36, 35, 11, 7, 5, 59, 10, 3, 60, 44, 49, 43, 29, 9, 8, 12, 14, 6, 38, 42, 41, 37, 69, 66, 64, 47, 55, 50, 53, 22, 21, 24, 33, 30, 34, 32, 27, 54, 52, 25, 13, 62, 61];45642.0
[37, 67, 65, 63, 41, 36, 39, 54, 57, 44, 27, 22, 25, 13, 12, 8, 20, 18, 31, 30, 50, 17, 55, 51, 46, 43, 6, 0, 1, 19, 47, 53, 52, 56, 33, 32, 69, 68, 66, 64, 48, 29, 23, 26, 21, 24, 3, 28, 15, 4, 2, 45, 49, 14, 60, 34, 59, 10, 9, 7, 5, 16, 11, 38, 35, 42, 40, 62, 61, 58];45170.0
[11, 7, 28, 26, 33, 31, 30, 35, 69, 68, 66, 38, 39, 37, 60, 2, 0, 1, 3, 46, 45, 61, 19, 18, 62, 58, 24, 65, 67, 63, 36, 51, 52, 56, 54, 57, 44, 43, 59, 14, 10, 8, 6, 15, 47, 53, 23, 55, 50, 20, 17, 5, 4, 13, 12, 9, 49, 64, 48, 16, 42, 41, 40, 34, 32, 29, 21, 27, 22, 25];46850.0
[51, 46, 45, 58, 25, 13, 7, 5, 6, 2, 4, 14, 12, 10, 9, 8, 49, 35, 41, 36, 42, 28, 15, 11, 68, 67, 38, 39, 40, 29, 24, 56, 53, 50, 17, 16, 31, 33, 34, 32, 27, 23, 62, 61, 54, 52, 22, 21, 63, 66, 64, 48, 30, 37, 69, 65, 3, 60, 59, 57, 44, 43, 20, 18, 19, 47, 1, 0, 26, 55];46094.0
[51, 46, 45, 58, 44, 49, 35, 38, 40, 14, 11, 7, 13, 5, 6, 16, 15, 4, 2, 0, 1, 30, 37, 69, 67, 65, 63, 64, 33, 12, 10, 9, 8, 20, 17, 22, 21, 26, 18, 31, 29, 68, 66, 19, 47, 48, 43, 62, 61, 59, 57, 27, 52, 55, 25, 3, 60, 34, 32, 24, 28, 54, 50, 36, 39, 42, 41, 23, 56, 53];45015.0
[14, 8, 60, 59, 57, 44, 33, 31, 38, 69, 67, 63, 36, 0, 1, 5, 6, 3, 20, 17, 16, 15, 4, 35, 42, 41, 40, 39, 37, 68, 65, 66, 32, 30, 34, 61, 53, 2, 62, 58, 24, 56, 46, 45, 49, 64, 48, 43, 29, 27, 22, 54, 52, 18, 25, 13, 11, 7, 28, 21, 26, 23, 55, 51, 50, 19, 47, 9, 12, 10];45797.0
[7, 20, 18, 15, 2, 28, 55, 13, 12, 8, 11, 44, 49, 47, 33, 31, 30, 29, 23, 52, 24, 56, 53, 5, 4, 54, 59, 62, 61, 58, 34, 32, 27, 25, 35, 42, 40, 36, 51, 22, 21, 1, 0, 26, 46, 45, 68, 65, 64, 48, 43, 6, 50, 17, 16, 69, 67, 63, 66, 19, 57, 38, 39, 41, 37, 3, 60, 14, 10, 9];45273.0
[63, 66, 64, 36, 42, 52, 50, 17, 5, 4, 23, 12, 10, 14, 9, 13, 8, 34, 32, 26, 56, 55, 51, 62, 61, 54, 20, 18, 19, 47, 53, 3, 60, 59, 7, 2, 33, 31, 44, 49, 35, 41, 40, 29, 24, 6, 0, 1, 46, 45, 48, 16, 15, 11, 43, 65, 68, 67, 58, 57, 28, 21, 27, 22, 25, 30, 38, 39, 37, 69];45451.0
[6, 55, 53, 25, 14, 5, 3, 28, 51, 50, 18, 16, 19, 58, 27, 23, 15, 47, 39, 40, 34, 32, 62, 44, 48, 49, 43, 31, 30, 41, 37, 60, 61, 54, 52, 13, 10, 12, 9, 7, 0, 1, 11, 8, 20, 17, 22, 26, 46, 45, 68, 67, 63, 36, 59, 57, 38, 69, 64, 66, 65, 4, 2, 56, 33, 29, 21, 35, 42, 24];46763.0
[5, 4, 33, 31, 58, 2, 23, 26, 28, 15, 0, 1, 60, 59, 57, 27, 21, 10, 9, 8, 39, 37, 68, 69, 67, 65, 63, 66, 64, 38, 36, 14, 49, 35, 40, 32, 34, 42, 41, 19, 50, 17, 22, 25, 24, 56, 53, 3, 6, 7, 46, 45, 62, 44, 48, 43, 29, 51, 61, 16, 20, 18, 47, 55, 30, 54, 52, 13, 12, 11];45334.0
[65, 66, 36, 42, 24, 34, 62, 61, 58, 59, 10, 9, 11, 60, 63, 64, 48, 43, 29, 12, 3, 28, 54, 52, 50, 17, 16, 33, 31, 30, 39, 37, 57, 22, 25, 5, 4, 21, 27, 26, 13, 8, 7, 14, 6, 38, 35, 41, 40, 32, 44, 46, 49, 47, 55, 20, 18, 0, 1, 2, 23, 56, 53, 15, 19, 51, 45, 68, 69, 67];45647.0
[9, 8, 49, 47, 33, 62, 61, 58, 6, 0, 1, 3, 30, 50, 18, 31, 29, 26, 13, 12, 52, 54, 60, 59, 44, 48, 16, 19, 25, 11, 7, 28, 35, 37, 57, 27, 24, 56, 53, 5, 4, 22, 21, 20, 17, 15, 2, 23, 55, 51, 46, 45, 68, 65, 69, 67, 63, 66, 64, 38, 36, 39, 42, 41, 40, 43, 34, 32, 10, 14];44425.0
[8, 7, 46, 67, 63, 13, 9, 49, 64, 69, 48, 45, 61, 54, 52, 18, 19, 51, 15, 4, 23, 62, 59, 57, 58, 28, 39, 37, 6, 50, 17, 5, 27, 22, 25, 3, 60, 34, 32, 20, 24, 2, 1, 0, 56, 42, 41, 40, 38, 35, 43, 29, 21, 26, 55, 53, 16, 47, 33, 31, 30, 44, 68, 65, 66, 36, 14, 10, 12, 11];47383.0
[42, 41, 36, 40, 65, 68, 66, 64, 63, 48, 34, 32, 29, 27, 22, 56, 53, 26, 6, 51, 50, 31, 62, 16, 47, 33, 13, 12, 10, 14, 1, 0, 21, 24, 5, 11, 9, 8, 7, 28, 54, 52, 55, 30, 15, 23, 61, 59, 57, 44, 46, 45, 43, 69, 67, 58, 25, 3, 4, 2, 20, 17, 19, 18, 37, 60, 49, 35, 38, 39];45506.0
[52, 50, 18, 19, 41, 68, 66, 65, 36, 13, 9, 8, 57, 44, 49, 6, 0, 1, 56, 53, 20, 17, 16, 22, 25, 35, 40, 45, 5, 3, 60, 2, 28, 21, 24, 12, 14, 10, 34, 42, 59, 62, 61, 4, 46, 48, 43, 11, 7, 38, 39, 37, 63, 64, 69, 67, 58, 27, 26, 55, 51, 32, 29, 23, 15, 47, 33, 31, 30, 54];47056.0
[25, 44, 48, 43, 62, 61, 49, 47, 29, 12, 10, 68, 67, 63, 66, 53, 30, 51, 50, 52, 54, 57, 56, 55, 16, 11, 9, 7, 38, 69, 65, 64, 13, 8, 39, 40, 32, 58, 28, 5, 3, 6, 0, 1, 60, 59, 18, 19, 41, 36, 42, 23, 15, 2, 4, 27, 26, 21, 24, 33, 31, 46, 45, 34, 37, 35, 14, 20, 17, 22];47666.0
[5, 6, 0, 1, 60, 44, 49, 47, 20, 18, 62, 58, 25, 13, 8, 4, 2, 45, 61, 41, 40, 36, 39, 37, 34, 32, 22, 21, 27, 23, 46, 48, 43, 31, 30, 15, 54, 52, 51, 11, 10, 14, 63, 65, 67, 17, 26, 55, 50, 69, 68, 66, 64, 16, 19, 33, 59, 57, 56, 53, 38, 35, 42, 24, 29, 9, 7, 28, 12, 3];46780.0
[26, 13, 46, 45, 61, 54, 53, 52, 3, 60, 59, 57, 44, 49, 6, 0, 1, 4, 2, 56, 55, 16, 15, 23, 62, 58, 22, 25, 24, 27, 9, 8, 12, 65, 66, 64, 63, 48, 43, 29, 21, 19, 47, 5, 11, 7, 38, 35, 39, 36, 37, 69, 68, 67, 10, 14, 20, 17, 42, 41, 40, 34, 32, 33, 31, 30, 51, 50, 18, 28];45489.0
[44, 26, 13, 9, 38, 35, 3, 52, 51, 20, 18, 47, 62, 61, 4, 54, 33, 34, 31, 30, 16, 15, 28, 17, 19, 32, 12, 10, 8, 11, 7, 46, 45, 58, 22, 21, 27, 14, 63, 66, 36, 39, 42, 41, 37, 40, 59, 57, 48, 49, 64, 69, 65, 68, 67, 43, 29, 55, 25, 23, 24, 2, 56, 50, 53, 0, 1, 5, 6, 60];46813.0
[11, 44, 48, 16, 51, 31, 46, 45, 43, 29, 23, 36, 69, 68, 67, 58, 2, 1, 0, 56, 12, 8, 14, 10, 9, 7, 66, 65, 63, 64, 42, 41, 37, 60, 59, 4, 15, 28, 26, 6, 20, 17, 38, 35, 13, 49, 47, 55, 33, 34, 32, 27, 50, 18, 19, 54, 52, 21, 24, 30, 39, 40, 62, 61, 57, 22, 53, 25, 3, 5];46297.0
[7, 11, 13, 8, 46, 45, 58, 4, 22, 21, 27, 59, 3, 5, 6, 0, 56, 53, 2, 28, 35, 37, 65, 68, 67, 63, 66, 19, 57, 44, 49, 14, 9, 16, 47, 55, 51, 32, 69, 64, 12, 10, 20, 18, 30, 39, 40, 48, 43, 54, 52, 25, 24, 29, 23, 26, 33, 34, 1, 60, 31, 62, 61, 38, 42, 41, 36, 50, 17, 15];47133.0
[54, 52, 46, 43, 29, 65, 68, 58, 23, 55, 51, 50, 18, 31, 59, 57, 2, 28, 56, 69, 67, 64, 49, 14, 12, 11, 8, 7, 1, 0, 21, 26, 39, 37, 35, 13, 10, 9, 19, 25, 3, 20, 17, 45, 62, 61, 44, 6, 60, 27, 24, 33, 34, 32, 47, 48, 16, 53, 38, 42, 41, 40, 36, 63, 66, 30, 15, 5, 4, 22];48105.0
[36, 42, 69, 67, 63, 0, 1, 2, 28, 9, 7, 20, 17, 25, 11, 5, 6, 51, 50, 52, 46, 45, 58, 57, 23, 29, 21, 24, 27, 22, 35, 38, 13, 56, 55, 30, 15, 19, 18, 62, 61, 34, 32, 12, 10, 14, 8, 4, 39, 37, 65, 68, 66, 64, 49, 47, 16, 54, 53, 3, 60, 59, 26, 33, 31, 44, 48, 43, 41, 40];45278.0
[35, 42, 40, 36, 51, 46, 43, 49, 14, 16, 15, 0, 1, 25, 13, 12, 10, 9, 18, 19, 47, 55, 29, 11, 8, 7, 38, 65, 69, 32, 27, 24, 6, 50, 17, 45, 61, 59, 44, 48, 68, 67, 63, 66, 64, 54, 52, 34, 5, 4, 23, 56, 33, 31, 62, 58, 53, 3, 20, 30, 39, 41, 37, 60, 2, 28, 57, 22, 21, 26];46135.0
[64, 48, 43, 65, 68, 66, 46, 45, 35, 38, 16, 15, 23, 52, 55, 2, 4, 54, 57, 44, 49, 14, 6, 20, 18, 47, 39, 42, 41, 36, 21, 26, 13, 8, 62, 61, 53, 5, 27, 22, 25, 24, 28, 34, 32, 69, 67, 19, 51, 50, 17, 12, 10, 9, 0, 1, 59, 58, 56, 33, 31, 30, 37, 40, 29, 11, 7, 3, 60, 63];46384.0
[13, 8, 38, 35, 39, 0, 1, 60, 9, 7, 5, 3, 10, 14, 63, 66, 64, 47, 55, 51, 46, 45, 6, 2, 4, 21, 33, 29, 27, 22, 23, 17, 19, 50, 20, 18, 31, 41, 40, 36, 42, 28, 54, 52, 25, 24, 59, 57, 44, 16, 15, 56, 53, 26, 49, 48, 43, 34, 32, 30, 37, 69, 67, 68, 65, 62, 61, 58, 12, 11];45965.0
[0, 4, 37, 69, 64, 47, 46, 45, 16, 15, 2, 28, 5, 11, 7, 3, 18, 20, 17, 19, 44, 48, 43, 29, 9, 8, 49, 67, 65, 68, 58, 57, 27, 39, 41, 40, 25, 23, 26, 6, 51, 53, 52, 55, 30, 50, 36, 42, 24, 56, 54, 22, 21, 33, 62, 59, 61, 10, 63, 66, 32, 12, 14, 60, 34, 31, 35, 38, 13, 1];48282.0
[2, 28, 15, 46, 45, 49, 47, 29, 21, 26, 56, 53, 25, 3, 5, 60, 44, 43, 6, 0, 1, 69, 66, 19, 17, 55, 51, 33, 31, 58, 59, 57, 23, 24, 12, 11, 7, 27, 22, 35, 13, 10, 9, 8, 14, 50, 52, 54, 20, 30, 37, 38, 39, 41, 36, 42, 40, 34, 32, 68, 65, 67, 63, 64, 48, 16, 18, 62, 61, 4];45462.0
[65, 68, 34, 32, 29, 54, 52, 50, 18, 31, 9, 7, 28, 26, 35, 38, 69, 64, 42, 41, 21, 24, 56, 53, 33, 15, 5, 6, 60, 19, 61, 59, 57, 23, 55, 51, 46, 45, 58, 44, 48, 16, 11, 3, 27, 22, 25, 13, 8, 20, 17, 47, 0, 1, 2, 4, 30, 40, 36, 39, 37, 67, 49, 43, 62, 10, 12, 14, 63, 66];45656.0
[49, 47, 34, 32, 38, 39, 37, 69, 67, 63, 64, 68, 19, 17, 22, 21, 51, 53, 15, 0, 1, 35, 41, 23, 55, 29, 27, 26, 5, 2, 45, 6, 50, 18, 16, 54, 52, 25, 65, 66, 36, 42, 40, 62, 61, 44, 48, 43, 31, 58, 57, 4, 28, 12, 10, 14, 13, 11, 7, 3, 60, 59, 9, 8, 20, 24, 56, 33, 30, 46];46126.0
[31, 62, 59, 60, 58, 57, 23, 24, 56, 12, 9, 8, 11, 0, 1, 3, 5, 4, 39, 40, 32, 27, 22, 25, 13, 10, 14, 50, 20, 17, 2, 28, 15, 7, 38, 67, 63, 66, 36, 51, 61, 54, 44, 48, 43, 29, 69, 64, 47, 46, 45, 49, 35, 42, 41, 37, 65, 68, 19, 55, 53, 30, 52, 21, 26, 6, 16, 18, 33, 34];46073.0
[66, 38, 35, 42, 41, 40, 10, 9, 8, 7, 18, 19, 47, 29, 33, 31, 62, 61, 59, 60, 34, 1, 45, 49, 32, 30, 36, 58, 44, 27, 24, 56, 55, 53, 52, 13, 14, 5, 2, 28, 54, 57, 0, 4, 39, 37, 68, 69, 64, 48, 43, 12, 11, 3, 6, 16, 51, 50, 20, 17, 22, 25, 21, 26, 23, 15, 46, 67, 65, 63];45725.0
