ftv64
[13, 46, 45, 48, 49, 23, 22, 59, 25, 55, 62, 52, 53, 31, 32, 28, 50, 54, 64, 39, 5, 41, 9, 11, 42, 43, 44, 12, 35, 20, 21, 19, 60, 1, 37, 2, 3, 0, 61, 18, 27, 26, 63, 29, 24, 51, 30, 33, 38, 14, 47, 6, 56, 34, 57, 58, 4, 36, 8, 40, 7, 10, 15, 16, 17];2662.0;3196.5666666666666;1.7029600783333335E7;582.0;19522.0;60.0
[34, 29, 55, 53, 31, 62, 52, 32, 54, 28, 21, 48, 46, 14, 47, 6, 58, 4, 39, 8, 40, 41, 9, 18, 63, 33, 56, 38, 3, 37, 50, 51, 24, 30, 61, 0, 15, 42, 11, 45, 10, 60, 13, 16, 17, 1, 64, 2, 43, 44, 12, 49, 27, 26, 22, 59, 25, 23, 35, 20, 19, 36, 7, 5, 57];3120.0
[5, 29, 37, 53, 64, 61, 1, 62, 39, 32, 20, 35, 10, 3, 51, 6, 47, 21, 15, 17, 54, 18, 40, 28, 60, 33, 31, 14, 23, 41, 12, 36, 48, 46, 7, 25, 22, 58, 49, 4, 30, 27, 34, 11, 16, 56, 43, 26, 52, 8, 63, 57, 44, 0, 38, 2, 19, 42, 45, 55, 9, 13, 50, 59, 24];9217.0
[62, 52, 31, 32, 54, 21, 49, 22, 23, 35, 20, 48, 59, 24, 51, 30, 53, 57, 4, 6, 58, 34, 56, 29, 55, 33, 38, 39, 5, 28, 27, 26, 63, 25, 19, 12, 44, 11, 16, 17, 18, 61, 37, 64, 2, 13, 46, 45, 0, 1, 3, 60, 10, 36, 7, 8, 42, 43, 9, 14, 47, 40, 41, 15, 50];3005.0
[56, 32, 63, 29, 53, 31, 55, 34, 57, 58, 64, 38, 3, 0, 61, 28, 50, 54, 22, 59, 25, 27, 26, 46, 45, 20, 19, 10, 11, 42, 43, 41, 44, 12, 35, 48, 21, 1, 37, 14, 7, 47, 5, 6, 4, 2, 39, 36, 8, 40, 9, 60, 13, 15, 16, 17, 18, 23, 49, 24, 51, 30, 62, 52, 33];2844.0
[43, 9, 8, 7, 6, 58, 34, 56, 64, 3, 37, 4, 39, 5, 42, 11, 10, 13, 16, 59, 25, 63, 29, 18, 17, 36, 40, 41, 15, 0, 50, 54, 1, 57, 31, 62, 52, 53, 33, 2, 14, 47, 27, 26, 48, 49, 22, 23, 35, 46, 60, 61, 28, 21, 20, 19, 12, 44, 45, 51, 24, 30, 32, 55, 38];3326.0
[53, 31, 32, 29, 51, 24, 49, 22, 23, 35, 12, 44, 11, 10, 60, 15, 0, 28, 61, 18, 17, 16, 13, 14, 47, 40, 41, 42, 43, 9, 1, 50, 62, 52, 25, 59, 63, 54, 56, 64, 38, 2, 19, 46, 45, 36, 8, 7, 5, 6, 58, 57, 55, 33, 34, 4, 39, 37, 3, 27, 26, 20, 21, 48, 30];2978.0
[57, 58, 34, 56, 2, 4, 39, 7, 8, 40, 41, 9, 43, 60, 14, 47, 36, 44, 12, 35, 20, 21, 59, 55, 33, 38, 3, 15, 13, 16, 17, 18, 1, 6, 5, 10, 42, 11, 48, 22, 32, 28, 50, 54, 29, 51, 30, 53, 62, 24, 23, 49, 25, 19, 46, 45, 0, 27, 26, 63, 52, 31, 61, 37, 64];2904.0
[47, 36, 40, 41, 42, 44, 11, 13, 0, 1, 3, 27, 26, 21, 48, 12, 43, 9, 8, 7, 15, 61, 54, 28, 50, 32, 55, 33, 57, 6, 58, 31, 62, 52, 30, 53, 25, 22, 59, 63, 4, 39, 5, 60, 37, 64, 38, 34, 56, 2, 16, 18, 17, 29, 51, 24, 23, 49, 35, 20, 19, 46, 45, 10, 14];2979.0
[28, 61, 16, 46, 12, 44, 11, 60, 10, 13, 14, 47, 40, 41, 42, 43, 9, 6, 57, 58, 0, 17, 18, 50, 54, 64, 34, 25, 22, 59, 63, 33, 56, 3, 1, 37, 38, 2, 4, 39, 5, 7, 36, 8, 15, 29, 31, 55, 32, 27, 26, 21, 35, 20, 19, 45, 48, 49, 23, 24, 51, 30, 62, 52, 53];2860.0
[29, 55, 53, 33, 2, 3, 0, 1, 37, 28, 27, 21, 48, 12, 43, 9, 10, 13, 60, 7, 36, 8, 40, 41, 42, 44, 11, 16, 18, 17, 50, 30, 31, 54, 61, 14, 47, 5, 6, 57, 62, 52, 51, 24, 23, 49, 22, 35, 20, 59, 25, 26, 19, 46, 45, 15, 64, 38, 4, 39, 58, 34, 56, 32, 63];2769.0
[6, 58, 4, 39, 57, 53, 62, 30, 48, 21, 60, 14, 47, 8, 41, 43, 44, 10, 52, 51, 24, 25, 46, 45, 36, 40, 9, 50, 33, 56, 2, 3, 37, 61, 1, 64, 38, 34, 55, 31, 32, 54, 28, 18, 17, 13, 16, 15, 0, 27, 26, 63, 29, 23, 49, 22, 59, 19, 42, 11, 12, 35, 20, 7, 5];3181.0
[32, 27, 21, 48, 35, 19, 20, 36, 8, 7, 60, 16, 18, 17, 13, 14, 47, 6, 2, 46, 12, 43, 44, 42, 11, 45, 10, 1, 56, 29, 25, 26, 63, 55, 53, 33, 4, 39, 5, 15, 0, 37, 3, 40, 41, 9, 61, 28, 50, 54, 64, 38, 57, 58, 34, 31, 62, 52, 51, 23, 49, 22, 59, 24, 30];2936.0
[1, 37, 64, 57, 34, 55, 53, 31, 62, 52, 32, 27, 21, 48, 20, 49, 24, 51, 30, 33, 38, 15, 36, 7, 0, 61, 26, 22, 59, 23, 25, 63, 29, 28, 3, 13, 60, 14, 47, 39, 5, 6, 58, 4, 8, 44, 11, 19, 12, 35, 46, 45, 40, 41, 9, 10, 50, 54, 56, 2, 42, 43, 16, 17, 18];3114.0
[0, 1, 37, 28, 50, 54, 64, 57, 58, 34, 4, 41, 44, 11, 42, 43, 9, 8, 40, 7, 36, 39, 5, 6, 53, 31, 55, 33, 56, 25, 26, 12, 35, 20, 21, 19, 46, 45, 60, 15, 27, 22, 59, 63, 32, 18, 16, 17, 61, 29, 30, 62, 52, 23, 48, 10, 14, 47, 13, 49, 24, 51, 38, 2, 3];3165.0
[22, 24, 51, 30, 33, 38, 36, 40, 41, 44, 11, 12, 43, 9, 15, 1, 37, 4, 39, 6, 56, 28, 50, 54, 29, 55, 32, 27, 23, 49, 59, 25, 63, 53, 31, 62, 52, 64, 34, 57, 58, 2, 3, 0, 42, 45, 14, 47, 5, 7, 8, 60, 13, 46, 48, 35, 20, 19, 10, 16, 17, 18, 61, 26, 21];2934.0
[60, 13, 16, 17, 18, 28, 25, 22, 59, 24, 51, 23, 48, 35, 21, 49, 63, 55, 57, 58, 46, 20, 42, 43, 9, 15, 64, 34, 62, 31, 32, 54, 27, 26, 19, 12, 44, 11, 45, 14, 47, 6, 7, 36, 8, 40, 41, 10, 50, 29, 52, 30, 53, 33, 56, 38, 3, 0, 61, 1, 37, 2, 4, 39, 5];2916.0
[4, 39, 7, 60, 14, 47, 50, 28, 27, 21, 48, 19, 20, 42, 43, 26, 59, 25, 29, 32, 54, 64, 34, 53, 31, 55, 38, 3, 0, 13, 46, 45, 12, 35, 22, 24, 30, 62, 52, 51, 23, 49, 63, 33, 56, 57, 58, 6, 5, 36, 8, 40, 41, 9, 44, 11, 10, 15, 17, 16, 18, 61, 1, 37, 2];2897.0
[16, 13, 14, 47, 39, 7, 5, 6, 4, 52, 53, 30, 31, 62, 54, 64, 57, 58, 34, 56, 38, 2, 27, 23, 49, 59, 25, 22, 35, 19, 12, 9, 61, 51, 24, 26, 46, 36, 8, 40, 41, 42, 43, 44, 11, 10, 60, 1, 37, 3, 28, 50, 29, 63, 55, 33, 32, 21, 48, 20, 45, 15, 0, 18, 17];3013.0
[34, 32, 54, 27, 63, 51, 24, 23, 48, 49, 22, 59, 29, 61, 1, 37, 50, 55, 53, 31, 25, 19, 45, 12, 44, 36, 8, 40, 41, 9, 16, 17, 18, 28, 62, 52, 30, 33, 56, 38, 4, 39, 47, 7, 42, 11, 10, 64, 57, 58, 2, 3, 13, 46, 43, 60, 15, 0, 26, 21, 35, 20, 14, 5, 6];3075.0
[0, 27, 26, 21, 48, 23, 49, 30, 53, 55, 33, 32, 54, 28, 64, 57, 31, 62, 52, 51, 24, 46, 45, 10, 13, 16, 17, 18, 42, 43, 44, 11, 5, 6, 58, 34, 56, 38, 4, 39, 12, 35, 20, 19, 1, 37, 2, 3, 50, 25, 22, 59, 63, 29, 61, 14, 47, 36, 40, 41, 9, 8, 7, 60, 15];2886.0
[34, 57, 33, 56, 32, 27, 26, 19, 46, 14, 47, 6, 58, 38, 2, 37, 12, 35, 25, 4, 39, 5, 41, 9, 63, 29, 51, 24, 30, 53, 31, 55, 3, 18, 17, 16, 15, 60, 13, 45, 20, 21, 49, 22, 59, 62, 52, 23, 48, 42, 11, 43, 44, 36, 40, 8, 7, 10, 0, 61, 50, 54, 28, 1, 64];3268.0
[22, 49, 24, 30, 33, 38, 2, 3, 37, 50, 59, 25, 46, 60, 14, 47, 57, 53, 31, 55, 64, 34, 56, 29, 51, 23, 35, 19, 61, 27, 26, 63, 32, 1, 39, 5, 6, 58, 4, 62, 52, 54, 28, 0, 15, 13, 16, 17, 18, 21, 48, 12, 44, 11, 42, 43, 9, 8, 7, 10, 36, 40, 41, 45, 20];3246.0
[50, 29, 55, 38, 4, 39, 7, 41, 10, 15, 0, 61, 28, 23, 49, 59, 63, 52, 53, 62, 30, 33, 56, 31, 32, 54, 1, 37, 64, 34, 57, 58, 2, 27, 26, 48, 21, 35, 20, 22, 51, 24, 25, 19, 46, 60, 13, 16, 17, 18, 36, 8, 40, 9, 42, 11, 45, 12, 43, 44, 14, 47, 5, 6, 3];2821.0
[31, 62, 52, 24, 51, 30, 54, 14, 47, 6, 32, 28, 50, 2, 4, 39, 5, 0, 19, 12, 44, 11, 36, 40, 41, 9, 42, 43, 60, 1, 37, 3, 64, 34, 56, 22, 23, 49, 59, 25, 63, 26, 46, 10, 8, 7, 15, 61, 27, 21, 48, 35, 20, 45, 13, 16, 18, 17, 29, 55, 53, 33, 38, 57, 58];3043.0
[34, 56, 64, 57, 58, 2, 3, 46, 45, 14, 47, 7, 36, 8, 10, 42, 11, 60, 27, 26, 48, 35, 20, 21, 49, 25, 63, 55, 4, 5, 40, 41, 44, 19, 12, 43, 9, 13, 16, 17, 18, 28, 50, 61, 0, 15, 1, 37, 39, 6, 53, 62, 31, 54, 32, 29, 52, 51, 30, 24, 23, 22, 59, 33, 38];2920.0
[11, 45, 28, 61, 64, 57, 4, 39, 7, 42, 43, 9, 18, 17, 16, 15, 5, 6, 58, 2, 3, 0, 1, 37, 50, 54, 27, 22, 23, 59, 25, 26, 29, 55, 38, 14, 47, 36, 8, 40, 41, 10, 60, 13, 46, 48, 24, 30, 31, 62, 51, 35, 20, 21, 49, 63, 52, 53, 33, 56, 34, 32, 19, 12, 44];3011.0
[41, 44, 28, 27, 23, 35, 48, 20, 19, 10, 60, 15, 13, 46, 45, 42, 11, 49, 22, 59, 63, 32, 54, 29, 55, 33, 36, 7, 0, 61, 1, 64, 38, 4, 2, 3, 37, 57, 58, 34, 56, 14, 47, 5, 6, 39, 16, 17, 18, 50, 30, 31, 53, 62, 52, 51, 24, 25, 26, 21, 12, 43, 9, 8, 40];2935.0
[15, 13, 16, 17, 18, 61, 28, 26, 23, 22, 59, 24, 51, 30, 25, 63, 29, 31, 62, 52, 53, 32, 54, 27, 21, 48, 35, 49, 55, 57, 58, 2, 14, 47, 7, 8, 44, 12, 43, 50, 33, 56, 34, 64, 38, 4, 39, 6, 5, 10, 36, 40, 41, 9, 42, 11, 45, 20, 19, 46, 60, 0, 1, 37, 3];2758.0
[28, 61, 1, 38, 2, 3, 37, 26, 21, 35, 20, 46, 45, 48, 49, 22, 23, 19, 42, 11, 12, 44, 43, 9, 8, 5, 6, 58, 54, 27, 59, 25, 63, 29, 53, 31, 55, 33, 56, 64, 34, 57, 4, 50, 52, 62, 51, 24, 30, 32, 18, 17, 16, 13, 60, 36, 40, 41, 14, 47, 39, 7, 10, 15, 0];2819.0
[5, 13, 46, 45, 35, 20, 19, 10, 16, 17, 18, 27, 48, 21, 12, 44, 53, 31, 62, 52, 30, 55, 61, 28, 50, 29, 51, 24, 25, 63, 32, 54, 0, 60, 36, 40, 41, 43, 9, 42, 11, 1, 37, 3, 64, 57, 58, 34, 56, 2, 14, 47, 7, 8, 15, 26, 23, 49, 22, 59, 33, 38, 4, 39, 6];2982.0
[1, 37, 64, 34, 25, 23, 35, 19, 46, 11, 45, 60, 50, 53, 31, 52, 30, 62, 51, 24, 32, 54, 28, 27, 63, 29, 55, 33, 56, 38, 0, 15, 13, 14, 7, 47, 6, 4, 39, 5, 10, 36, 8, 40, 41, 42, 44, 12, 43, 9, 16, 17, 26, 20, 21, 48, 49, 22, 59, 57, 58, 2, 3, 18, 61];2862.0
[51, 25, 63, 29, 55, 4, 6, 39, 5, 27, 26, 52, 53, 50, 28, 21, 49, 22, 23, 59, 33, 56, 32, 54, 61, 1, 8, 7, 60, 13, 15, 14, 47, 58, 34, 57, 3, 37, 64, 38, 2, 0, 18, 17, 16, 46, 11, 45, 12, 35, 20, 19, 36, 40, 41, 9, 10, 42, 43, 44, 48, 24, 30, 31, 62];3049.0
[33, 32, 28, 27, 29, 52, 53, 31, 26, 19, 12, 44, 11, 42, 43, 9, 6, 58, 4, 39, 5, 15, 37, 64, 34, 57, 56, 3, 14, 47, 7, 13, 16, 1, 38, 2, 0, 61, 50, 30, 62, 51, 24, 23, 48, 35, 20, 21, 49, 25, 63, 54, 18, 17, 46, 10, 60, 36, 8, 40, 41, 45, 22, 59, 55];2974.0
[37, 3, 18, 16, 17, 28, 27, 21, 48, 51, 24, 26, 19, 45, 9, 40, 41, 12, 35, 20, 46, 13, 14, 47, 39, 6, 4, 2, 0, 15, 42, 43, 44, 11, 60, 10, 36, 8, 7, 5, 58, 38, 34, 57, 53, 31, 55, 62, 52, 30, 33, 64, 56, 32, 25, 23, 49, 22, 59, 63, 29, 54, 50, 61, 1];2810.0
[33, 64, 57, 58, 39, 36, 8, 13, 16, 17, 18, 27, 48, 21, 49, 23, 35, 10, 7, 5, 6, 31, 55, 32, 29, 22, 59, 25, 63, 51, 24, 62, 52, 26, 12, 44, 42, 11, 61, 28, 50, 54, 38, 4, 2, 0, 46, 45, 20, 19, 43, 9, 60, 14, 47, 40, 41, 15, 1, 37, 3, 34, 56, 30, 53];3221.0
[29, 51, 24, 23, 48, 20, 46, 45, 43, 44, 13, 17, 16, 18, 61, 1, 37, 26, 63, 33, 56, 38, 3, 0, 15, 14, 47, 5, 6, 30, 62, 52, 53, 31, 32, 55, 2, 4, 7, 36, 8, 60, 64, 34, 57, 58, 39, 40, 41, 9, 10, 42, 11, 28, 50, 54, 27, 21, 19, 12, 35, 49, 22, 59, 25];2820.0
[27, 52, 62, 51, 24, 23, 35, 12, 44, 1, 37, 3, 26, 21, 20, 48, 22, 49, 59, 25, 63, 29, 55, 56, 14, 47, 7, 11, 45, 42, 43, 9, 8, 40, 6, 53, 30, 31, 33, 34, 57, 58, 32, 19, 46, 15, 61, 50, 54, 28, 18, 0, 60, 10, 36, 41, 64, 38, 2, 4, 39, 5, 13, 16, 17];3112.0
[39, 5, 7, 8, 47, 6, 2, 0, 61, 29, 52, 51, 24, 30, 53, 33, 34, 57, 58, 27, 26, 19, 46, 45, 20, 49, 59, 25, 63, 55, 31, 62, 22, 23, 48, 21, 35, 12, 44, 36, 40, 41, 43, 9, 42, 11, 10, 15, 1, 37, 64, 38, 3, 14, 60, 13, 17, 16, 18, 28, 50, 54, 32, 56, 4];2757.0
[54, 27, 26, 63, 29, 25, 52, 62, 51, 21, 43, 9, 15, 0, 61, 28, 19, 46, 1, 2, 4, 39, 5, 6, 58, 57, 14, 47, 42, 11, 12, 35, 20, 48, 49, 23, 22, 59, 24, 30, 31, 53, 55, 33, 56, 38, 3, 18, 17, 16, 13, 60, 36, 8, 7, 40, 41, 44, 45, 10, 37, 64, 34, 32, 50];2871.0
[3, 37, 2, 14, 47, 7, 27, 21, 19, 12, 44, 11, 15, 28, 26, 22, 24, 25, 63, 33, 56, 57, 58, 34, 53, 30, 31, 62, 52, 51, 23, 35, 45, 42, 43, 9, 8, 40, 5, 6, 4, 39, 36, 41, 10, 60, 16, 18, 17, 61, 50, 54, 29, 55, 64, 38, 0, 13, 46, 20, 48, 49, 59, 32, 1];2930.0
[12, 35, 20, 49, 23, 48, 21, 45, 37, 3, 61, 28, 0, 15, 60, 14, 47, 1, 64, 38, 2, 57, 58, 34, 56, 63, 33, 4, 39, 5, 6, 8, 40, 41, 9, 51, 24, 30, 62, 52, 53, 55, 31, 32, 29, 50, 54, 18, 17, 16, 13, 36, 7, 10, 27, 26, 22, 59, 25, 19, 46, 42, 43, 44, 11];2984.0
[15, 28, 50, 54, 61, 0, 18, 27, 59, 25, 29, 32, 17, 16, 13, 10, 42, 43, 9, 49, 22, 63, 52, 30, 31, 62, 53, 55, 33, 51, 24, 23, 35, 20, 12, 44, 11, 45, 47, 14, 5, 6, 58, 56, 64, 38, 2, 3, 37, 26, 21, 48, 19, 46, 1, 34, 57, 4, 39, 7, 36, 40, 8, 41, 60];2840.0
[36, 8, 7, 60, 15, 28, 29, 25, 22, 23, 24, 51, 30, 53, 31, 32, 50, 54, 61, 40, 41, 9, 10, 27, 26, 33, 56, 2, 4, 39, 6, 57, 58, 55, 62, 52, 18, 17, 16, 13, 46, 12, 35, 20, 48, 49, 59, 63, 38, 3, 0, 1, 37, 64, 34, 21, 19, 45, 42, 43, 44, 11, 14, 47, 5];2852.0
[16, 3, 23, 54, 40, 22, 57, 11, 37, 43, 49, 42, 35, 50, 60, 32, 41, 6, 9, 46, 64, 1, 44, 28, 0, 4, 12, 24, 17, 20, 2, 33, 59, 31, 56, 7, 14, 34, 26, 39, 8, 48, 52, 25, 38, 55, 36, 61, 62, 47, 10, 19, 58, 5, 15, 29, 30, 18, 45, 51, 21, 13, 27, 53, 63];9343.0
[10, 60, 1, 37, 64, 34, 57, 58, 4, 39, 40, 41, 42, 49, 59, 55, 33, 56, 38, 2, 27, 22, 23, 36, 7, 8, 26, 48, 35, 19, 43, 9, 14, 47, 5, 6, 53, 30, 31, 54, 16, 17, 18, 61, 28, 50, 52, 62, 51, 24, 25, 63, 29, 32, 3, 0, 15, 13, 46, 45, 12, 44, 11, 20, 21];3132.0
[49, 59, 63, 29, 55, 31, 32, 54, 18, 17, 64, 38, 3, 42, 43, 44, 11, 52, 30, 33, 2, 39, 5, 6, 4, 56, 34, 57, 58, 53, 62, 51, 24, 45, 10, 36, 40, 41, 8, 7, 60, 15, 0, 25, 22, 23, 35, 20, 19, 46, 12, 9, 16, 28, 50, 61, 14, 47, 13, 1, 37, 27, 26, 48, 21];3094.0
[14, 47, 5, 6, 7, 28, 27, 12, 43, 44, 11, 45, 15, 1, 2, 4, 34, 32, 51, 24, 30, 53, 31, 62, 52, 48, 21, 19, 46, 61, 50, 54, 56, 64, 38, 3, 37, 22, 59, 23, 35, 13, 16, 17, 18, 0, 60, 10, 36, 8, 40, 42, 20, 49, 63, 29, 25, 26, 55, 33, 57, 58, 39, 41, 9];3079.0
[13, 46, 45, 48, 49, 23, 22, 59, 25, 55, 62, 52, 53, 31, 32, 28, 50, 54, 64, 39, 5, 41, 9, 11, 42, 43, 44, 12, 35, 20, 21, 19, 60, 1, 37, 2, 3, 0, 61, 18, 27, 26, 63, 29, 24, 51, 30, 33, 38, 14, 47, 6, 56, 34, 57, 58, 4, 36, 8, 40, 7, 10, 15, 16, 17];2662.0
[49, 22, 59, 19, 45, 60, 15, 0, 28, 50, 30, 62, 52, 31, 54, 14, 47, 13, 12, 35, 23, 51, 24, 46, 42, 43, 44, 11, 7, 36, 8, 40, 41, 9, 10, 1, 37, 64, 2, 3, 27, 26, 63, 25, 29, 55, 53, 33, 56, 38, 4, 39, 5, 6, 57, 58, 34, 32, 61, 16, 17, 18, 48, 20, 21];2840.0
[9, 36, 8, 7, 10, 42, 43, 64, 38, 2, 4, 39, 11, 20, 48, 59, 55, 33, 56, 28, 50, 29, 25, 63, 52, 53, 14, 47, 5, 6, 58, 34, 32, 54, 27, 26, 21, 35, 46, 15, 1, 37, 3, 0, 23, 49, 22, 24, 51, 19, 12, 44, 45, 13, 16, 18, 17, 57, 62, 30, 31, 61, 60, 40, 41];3211.0
[18, 27, 26, 63, 55, 62, 30, 53, 31, 32, 29, 52, 51, 42, 11, 14, 47, 0, 28, 21, 49, 24, 57, 58, 34, 23, 35, 12, 43, 9, 10, 60, 15, 36, 44, 19, 46, 45, 20, 48, 22, 59, 25, 33, 56, 64, 2, 7, 8, 40, 41, 61, 1, 37, 3, 50, 54, 38, 4, 39, 6, 5, 13, 16, 17];3261.0
[40, 41, 9, 50, 29, 55, 2, 4, 6, 58, 3, 37, 27, 21, 48, 49, 33, 56, 54, 28, 18, 17, 16, 42, 11, 45, 43, 44, 14, 47, 36, 8, 60, 61, 26, 53, 62, 51, 23, 20, 19, 46, 12, 35, 24, 30, 39, 5, 7, 10, 13, 15, 1, 64, 38, 57, 34, 22, 59, 25, 63, 52, 31, 32, 0];3434.0
[51, 25, 19, 46, 12, 20, 45, 42, 43, 41, 44, 11, 10, 1, 37, 57, 6, 58, 2, 3, 0, 61, 15, 14, 47, 36, 8, 40, 9, 13, 16, 17, 18, 4, 39, 5, 7, 60, 28, 50, 63, 32, 29, 52, 30, 53, 62, 31, 55, 33, 64, 38, 34, 56, 54, 27, 26, 21, 22, 23, 35, 48, 49, 59, 24];2759.0
[32, 54, 50, 29, 51, 24, 23, 49, 63, 55, 17, 16, 18, 28, 61, 0, 15, 60, 13, 46, 45, 12, 35, 48, 22, 30, 31, 1, 37, 3, 14, 47, 39, 5, 7, 27, 26, 59, 25, 52, 53, 62, 33, 57, 58, 4, 34, 56, 64, 38, 2, 10, 42, 43, 9, 8, 40, 41, 44, 11, 20, 21, 19, 36, 6];2946.0
[49, 59, 35, 12, 44, 11, 45, 10, 13, 16, 17, 18, 20, 21, 19, 46, 60, 14, 47, 28, 61, 37, 3, 15, 42, 43, 41, 9, 0, 1, 34, 57, 58, 4, 5, 6, 29, 52, 53, 33, 64, 31, 62, 51, 30, 24, 25, 63, 55, 38, 2, 39, 7, 36, 8, 40, 50, 54, 56, 32, 27, 26, 22, 23, 48];2959.0
[8, 47, 7, 10, 60, 13, 16, 17, 18, 50, 29, 32, 54, 61, 28, 37, 3, 14, 6, 34, 25, 22, 23, 48, 35, 20, 43, 9, 0, 15, 27, 63, 51, 24, 26, 21, 19, 46, 1, 64, 57, 58, 31, 62, 30, 55, 4, 39, 5, 40, 41, 49, 59, 52, 53, 33, 56, 38, 2, 42, 45, 12, 44, 11, 36];3173.0
[42, 43, 44, 11, 49, 22, 59, 23, 48, 21, 20, 46, 36, 7, 57, 55, 31, 62, 52, 19, 12, 35, 25, 33, 56, 38, 14, 47, 8, 40, 41, 9, 10, 15, 60, 0, 1, 2, 3, 37, 50, 54, 28, 61, 18, 27, 26, 63, 29, 64, 4, 39, 5, 6, 58, 34, 32, 51, 24, 30, 53, 17, 16, 13, 45];3009.0
[45, 13, 16, 17, 14, 47, 6, 31, 62, 52, 51, 24, 63, 29, 55, 64, 34, 57, 4, 39, 5, 10, 18, 28, 27, 21, 48, 49, 59, 25, 30, 53, 33, 56, 38, 15, 36, 8, 7, 40, 58, 32, 54, 22, 23, 35, 20, 46, 61, 50, 0, 60, 42, 11, 12, 44, 43, 41, 9, 1, 2, 3, 37, 26, 19];3079.0
[13, 16, 50, 54, 28, 1, 37, 56, 32, 18, 17, 61, 27, 21, 48, 49, 24, 30, 62, 51, 23, 59, 63, 29, 52, 31, 55, 53, 33, 64, 38, 2, 3, 0, 43, 44, 20, 46, 36, 40, 9, 42, 11, 45, 10, 7, 8, 41, 12, 35, 22, 25, 26, 19, 60, 15, 14, 47, 6, 58, 34, 57, 4, 39, 5];2824.0
[14, 47, 16, 18, 17, 50, 54, 52, 24, 51, 30, 57, 58, 34, 64, 38, 39, 5, 6, 4, 29, 25, 63, 53, 62, 31, 32, 13, 7, 36, 8, 40, 41, 9, 26, 21, 46, 45, 10, 60, 15, 0, 1, 37, 61, 28, 27, 22, 59, 23, 49, 48, 35, 20, 19, 12, 44, 11, 42, 43, 55, 33, 56, 2, 3];2985.0
