ftv38
[17, 18, 28, 27, 20, 11, 37, 9, 10, 14, 15, 8, 16, 1, 3, 2, 4, 5, 6, 7, 12, 13, 36, 21, 22, 26, 23, 24, 25, 31, 32, 30, 34, 38, 35, 33, 29, 0, 19];1810.0;2139.5143884892086;3606622.1258992804;271.0;5367.0;278.0
[31, 32, 29, 13, 10, 12, 21, 22, 34, 33, 1, 38, 35, 4, 2, 3, 15, 6, 7, 5, 37, 8, 9, 11, 16, 30, 26, 36, 20, 14, 18, 17, 19, 0, 28, 27, 23, 24, 25];2151.0
[31, 32, 34, 26, 23, 25, 24, 36, 21, 13, 12, 11, 16, 0, 1, 3, 37, 9, 10, 38, 2, 15, 5, 8, 6, 7, 4, 35, 33, 28, 27, 22, 20, 14, 17, 19, 18, 29, 30];2061.0
[19, 17, 14, 37, 9, 16, 1, 38, 15, 5, 8, 12, 22, 21, 20, 11, 29, 28, 27, 25, 31, 32, 26, 23, 24, 36, 13, 10, 35, 33, 30, 34, 4, 7, 6, 2, 3, 0, 18];2194.0
[0, 15, 5, 6, 7, 11, 12, 21, 22, 25, 31, 32, 28, 27, 20, 37, 9, 10, 16, 17, 18, 19, 29, 1, 38, 35, 4, 8, 14, 13, 36, 24, 23, 26, 30, 33, 34, 2, 3];1976.0
[25, 36, 13, 10, 12, 1, 38, 35, 26, 30, 31, 32, 34, 33, 29, 2, 4, 7, 5, 6, 3, 20, 11, 37, 9, 15, 8, 14, 16, 17, 18, 19, 0, 28, 27, 21, 22, 24, 23];2203.0
[18, 12, 13, 36, 21, 20, 16, 1, 35, 33, 34, 38, 2, 4, 7, 5, 6, 8, 11, 37, 9, 10, 0, 30, 26, 27, 22, 19, 29, 28, 23, 24, 25, 31, 32, 3, 15, 14, 17];2181.0
[23, 26, 27, 20, 16, 0, 1, 2, 4, 9, 8, 5, 7, 6, 35, 38, 34, 3, 29, 28, 13, 12, 11, 17, 19, 18, 14, 15, 37, 10, 21, 22, 36, 24, 25, 31, 32, 33, 30];2114.0
[22, 20, 13, 12, 0, 29, 28, 23, 25, 31, 32, 34, 35, 4, 8, 11, 15, 7, 5, 6, 33, 24, 36, 21, 1, 38, 2, 3, 18, 19, 17, 14, 16, 37, 9, 10, 30, 26, 27];2155.0
[35, 33, 29, 19, 14, 17, 18, 0, 1, 15, 37, 9, 10, 28, 27, 23, 24, 26, 30, 20, 16, 11, 12, 21, 22, 25, 31, 32, 34, 38, 5, 8, 13, 36, 7, 6, 4, 2, 3];2350.0
[31, 25, 20, 13, 12, 0, 29, 28, 23, 24, 32, 34, 38, 5, 6, 35, 33, 19, 17, 18, 14, 16, 11, 8, 37, 9, 10, 15, 7, 4, 2, 3, 1, 27, 22, 36, 21, 26, 30];2217.0
[36, 7, 6, 34, 30, 31, 32, 0, 16, 12, 13, 10, 11, 37, 9, 15, 8, 14, 17, 21, 22, 20, 1, 3, 2, 4, 5, 18, 19, 38, 35, 33, 29, 28, 26, 27, 23, 25, 24];2474.0
[4, 35, 38, 33, 29, 28, 27, 22, 23, 24, 20, 21, 31, 32, 1, 3, 0, 16, 19, 18, 17, 14, 15, 5, 6, 7, 37, 9, 10, 8, 11, 12, 13, 36, 25, 26, 30, 34, 2];1962.0
[20, 13, 36, 11, 15, 7, 6, 35, 33, 29, 19, 1, 3, 0, 27, 22, 21, 23, 25, 24, 26, 30, 31, 32, 34, 38, 4, 2, 5, 37, 8, 9, 10, 12, 16, 14, 17, 18, 28];2026.0
[27, 22, 15, 7, 5, 6, 32, 26, 23, 24, 25, 31, 34, 2, 3, 0, 29, 30, 33, 19, 18, 14, 13, 36, 21, 20, 37, 8, 9, 10, 1, 38, 35, 4, 11, 12, 16, 17, 28];2199.0
[22, 23, 26, 27, 13, 12, 37, 9, 8, 7, 6, 4, 5, 10, 11, 16, 1, 2, 3, 28, 20, 15, 14, 17, 18, 19, 0, 29, 34, 38, 35, 33, 30, 31, 32, 25, 24, 36, 21];2022.0
[27, 22, 37, 9, 10, 11, 15, 5, 8, 12, 13, 36, 21, 20, 14, 16, 18, 17, 19, 29, 0, 28, 23, 24, 25, 31, 32, 33, 1, 3, 38, 35, 2, 4, 7, 6, 34, 30, 26];1935.0
[0, 16, 15, 8, 7, 5, 6, 35, 4, 2, 3, 1, 29, 20, 12, 13, 10, 11, 37, 9, 14, 17, 19, 18, 28, 27, 23, 26, 34, 38, 30, 24, 36, 22, 21, 25, 31, 32, 33];2127.0
[25, 31, 32, 1, 4, 5, 8, 9, 16, 0, 19, 17, 18, 14, 15, 7, 6, 33, 29, 28, 27, 22, 20, 11, 37, 10, 12, 21, 24, 23, 26, 30, 34, 38, 35, 2, 3, 13, 36];2064.0
[3, 15, 5, 14, 17, 18, 19, 28, 27, 22, 21, 20, 16, 0, 29, 26, 23, 24, 25, 31, 32, 11, 37, 9, 10, 8, 12, 13, 36, 1, 2, 4, 7, 6, 33, 30, 34, 35, 38];2124.0
[10, 12, 36, 23, 26, 33, 29, 1, 38, 35, 34, 4, 8, 37, 9, 6, 7, 5, 14, 17, 19, 2, 3, 16, 15, 11, 21, 22, 20, 0, 28, 27, 24, 25, 30, 31, 32, 18, 13];2388.0
[18, 19, 17, 1, 3, 16, 14, 12, 13, 10, 0, 28, 27, 23, 25, 31, 32, 26, 24, 22, 36, 21, 20, 30, 34, 2, 4, 5, 8, 37, 9, 11, 15, 6, 7, 38, 35, 33, 29];2082.0
[7, 6, 32, 28, 22, 20, 16, 19, 0, 11, 12, 13, 25, 26, 23, 27, 24, 36, 21, 14, 17, 18, 29, 30, 31, 34, 35, 33, 1, 3, 38, 2, 4, 9, 8, 37, 10, 15, 5];2269.0
[16, 0, 30, 26, 22, 23, 24, 25, 31, 32, 34, 35, 4, 5, 6, 7, 14, 17, 18, 1, 3, 15, 8, 19, 28, 27, 33, 29, 38, 2, 37, 9, 10, 12, 13, 36, 21, 20, 11];2004.0
[4, 7, 5, 6, 35, 2, 3, 1, 15, 8, 37, 9, 10, 14, 0, 31, 32, 33, 18, 17, 19, 24, 36, 13, 12, 11, 16, 29, 28, 27, 25, 26, 20, 21, 22, 23, 30, 34, 38];2128.0
[29, 17, 18, 19, 27, 25, 31, 34, 2, 4, 3, 0, 16, 11, 14, 8, 37, 9, 10, 12, 13, 36, 20, 15, 5, 7, 6, 32, 33, 1, 38, 35, 28, 22, 21, 24, 23, 26, 30];2098.0
[17, 18, 4, 8, 12, 13, 10, 14, 16, 0, 29, 1, 28, 21, 22, 23, 24, 25, 30, 26, 27, 36, 20, 11, 37, 9, 15, 5, 7, 6, 35, 33, 31, 32, 34, 38, 2, 3, 19];2018.0
[11, 14, 17, 18, 30, 31, 32, 19, 16, 0, 1, 38, 3, 12, 21, 20, 13, 24, 23, 25, 26, 34, 7, 6, 2, 4, 35, 33, 29, 27, 28, 22, 36, 15, 8, 5, 37, 9, 10];2273.0
[27, 20, 16, 0, 18, 19, 17, 14, 11, 12, 21, 22, 26, 23, 24, 36, 13, 10, 15, 5, 8, 37, 9, 7, 6, 35, 4, 34, 33, 1, 38, 2, 3, 29, 28, 30, 31, 32, 25];2049.0
[10, 12, 21, 22, 37, 9, 16, 0, 1, 29, 28, 34, 2, 4, 7, 6, 3, 35, 38, 32, 31, 24, 36, 20, 15, 5, 8, 11, 14, 17, 27, 23, 25, 26, 30, 33, 19, 18, 13];2348.0
[13, 10, 17, 19, 18, 14, 15, 5, 8, 37, 9, 6, 7, 35, 4, 2, 3, 1, 29, 28, 27, 22, 23, 26, 33, 30, 24, 25, 31, 32, 34, 38, 0, 16, 11, 12, 36, 21, 20];1926.0
[9, 10, 22, 25, 31, 32, 33, 19, 29, 28, 27, 17, 18, 1, 3, 0, 16, 12, 13, 36, 24, 23, 26, 30, 34, 38, 35, 2, 4, 6, 7, 5, 8, 21, 20, 11, 14, 15, 37];2135.0
[18, 19, 27, 13, 10, 12, 1, 33, 0, 29, 28, 23, 24, 36, 21, 22, 25, 26, 20, 7, 6, 35, 38, 2, 3, 16, 15, 5, 8, 37, 9, 30, 31, 32, 34, 4, 11, 14, 17];2240.0
[14, 16, 15, 7, 6, 2, 4, 5, 11, 37, 9, 8, 10, 12, 13, 24, 23, 25, 26, 33, 19, 18, 17, 28, 36, 21, 22, 31, 32, 30, 34, 3, 0, 29, 1, 38, 35, 27, 20];2149.0
[34, 38, 35, 4, 6, 2, 28, 23, 27, 24, 25, 26, 31, 32, 33, 29, 0, 16, 14, 15, 7, 5, 9, 8, 37, 10, 11, 1, 3, 19, 18, 17, 21, 20, 12, 13, 36, 22, 30];2143.0
[7, 8, 16, 0, 1, 38, 35, 4, 5, 10, 12, 20, 13, 36, 25, 26, 31, 32, 33, 3, 29, 28, 27, 22, 23, 24, 21, 11, 14, 18, 17, 19, 30, 34, 2, 15, 37, 9, 6];2143.0
[28, 23, 30, 34, 33, 26, 27, 20, 13, 21, 22, 36, 24, 25, 31, 32, 29, 1, 3, 0, 38, 2, 4, 35, 6, 7, 5, 9, 10, 12, 37, 8, 14, 17, 18, 15, 11, 16, 19];2080.0
[36, 21, 22, 15, 8, 5, 6, 7, 14, 18, 17, 19, 1, 38, 2, 3, 0, 16, 27, 24, 25, 31, 32, 33, 29, 28, 23, 26, 30, 34, 35, 4, 9, 11, 37, 10, 12, 20, 13];1982.0
[22, 0, 19, 18, 17, 14, 13, 36, 23, 25, 24, 21, 20, 12, 11, 16, 8, 37, 9, 10, 15, 5, 6, 7, 2, 4, 35, 38, 3, 29, 1, 33, 30, 31, 32, 34, 26, 28, 27];2061.0
[8, 5, 6, 7, 28, 27, 24, 23, 25, 26, 12, 13, 36, 21, 20, 22, 31, 32, 38, 35, 4, 29, 1, 33, 30, 34, 2, 3, 0, 19, 17, 18, 37, 10, 11, 16, 14, 15, 9];2180.0
[35, 4, 6, 7, 5, 11, 12, 13, 36, 24, 25, 31, 32, 33, 19, 29, 30, 34, 2, 3, 22, 21, 14, 17, 18, 28, 23, 26, 27, 20, 15, 8, 37, 9, 10, 16, 0, 1, 38];2073.0
[24, 25, 26, 30, 13, 36, 21, 22, 20, 16, 14, 37, 9, 10, 12, 11, 15, 8, 5, 7, 6, 33, 31, 32, 34, 38, 35, 4, 2, 3, 0, 18, 17, 19, 1, 29, 28, 27, 23];1834.0
[12, 20, 22, 24, 36, 21, 23, 26, 30, 32, 33, 19, 17, 18, 29, 27, 28, 25, 31, 34, 38, 2, 3, 13, 10, 15, 5, 6, 7, 8, 11, 14, 0, 16, 1, 4, 35, 37, 9];2247.0
[24, 25, 31, 32, 33, 29, 28, 23, 26, 34, 35, 30, 27, 22, 20, 11, 37, 9, 10, 17, 18, 19, 0, 1, 3, 38, 16, 14, 15, 7, 6, 2, 4, 5, 8, 12, 21, 13, 36];2035.0
[31, 25, 23, 24, 34, 6, 7, 5, 8, 28, 27, 22, 36, 21, 20, 11, 14, 17, 18, 19, 1, 38, 35, 4, 2, 3, 32, 33, 15, 37, 9, 10, 16, 29, 30, 26, 13, 12, 0];2379.0
[13, 36, 21, 20, 14, 17, 18, 19, 29, 3, 15, 37, 9, 10, 16, 28, 27, 22, 24, 25, 31, 32, 33, 30, 23, 26, 34, 2, 4, 6, 7, 8, 11, 0, 1, 38, 35, 5, 12];1978.0
[27, 25, 26, 23, 24, 13, 36, 21, 22, 20, 37, 9, 10, 12, 11, 8, 5, 7, 17, 19, 18, 14, 15, 6, 35, 38, 2, 4, 33, 30, 31, 32, 34, 29, 1, 3, 0, 16, 28];1962.0
[26, 27, 33, 18, 19, 29, 28, 23, 24, 22, 20, 14, 37, 9, 5, 7, 6, 35, 32, 25, 31, 34, 2, 4, 3, 0, 16, 15, 8, 10, 11, 12, 13, 36, 21, 17, 1, 38, 30];2193.0
[27, 23, 26, 24, 36, 21, 22, 25, 31, 19, 14, 15, 8, 11, 16, 29, 30, 32, 34, 38, 2, 3, 0, 1, 35, 33, 20, 13, 10, 12, 17, 18, 4, 6, 7, 5, 37, 9, 28];2203.0
[29, 1, 3, 38, 2, 7, 4, 35, 33, 28, 27, 23, 25, 24, 36, 21, 22, 20, 37, 9, 10, 11, 16, 15, 8, 5, 6, 34, 31, 32, 30, 26, 13, 12, 14, 17, 18, 19, 0];2085.0
[37, 9, 10, 12, 16, 19, 29, 28, 27, 30, 26, 23, 24, 25, 13, 36, 22, 21, 20, 11, 0, 1, 33, 31, 32, 34, 38, 35, 4, 2, 3, 18, 17, 14, 15, 6, 7, 5, 8];1842.0
[18, 19, 26, 34, 35, 38, 15, 6, 7, 5, 37, 9, 8, 29, 28, 27, 24, 23, 25, 31, 32, 30, 33, 36, 21, 22, 11, 17, 14, 12, 20, 13, 10, 16, 1, 2, 4, 3, 0];2248.0
[16, 0, 28, 23, 26, 34, 33, 18, 17, 19, 29, 27, 30, 31, 32, 25, 24, 36, 21, 22, 20, 13, 38, 35, 4, 6, 7, 5, 37, 9, 10, 12, 14, 1, 2, 3, 15, 8, 11];2060.0
[1, 3, 0, 16, 29, 28, 27, 13, 36, 25, 26, 30, 34, 2, 4, 38, 35, 33, 31, 32, 15, 8, 5, 6, 7, 11, 14, 18, 17, 19, 23, 24, 22, 21, 20, 37, 9, 10, 12];2117.0
[2, 3, 37, 8, 11, 16, 0, 30, 31, 32, 34, 29, 28, 27, 23, 24, 22, 21, 20, 13, 36, 25, 26, 12, 9, 10, 14, 17, 18, 19, 15, 5, 7, 6, 35, 4, 33, 1, 38];2073.0
[20, 22, 24, 25, 31, 34, 2, 4, 7, 6, 32, 33, 37, 9, 14, 16, 0, 18, 17, 19, 1, 38, 35, 29, 28, 27, 13, 10, 36, 23, 26, 30, 3, 15, 5, 8, 11, 12, 21];2278.0
[26, 30, 34, 33, 29, 19, 18, 17, 27, 24, 25, 31, 32, 16, 37, 9, 10, 12, 15, 8, 14, 28, 22, 21, 20, 38, 35, 4, 5, 6, 7, 11, 0, 1, 2, 3, 13, 36, 23];2253.0
[32, 25, 24, 36, 22, 21, 12, 11, 16, 37, 9, 6, 35, 33, 30, 26, 20, 13, 10, 0, 1, 38, 3, 2, 15, 8, 14, 17, 19, 18, 29, 28, 27, 23, 34, 4, 5, 7, 31];2328.0
[1, 29, 26, 23, 25, 24, 21, 22, 20, 11, 15, 7, 6, 35, 38, 2, 3, 28, 27, 30, 34, 4, 5, 10, 12, 13, 36, 16, 14, 17, 18, 19, 31, 32, 33, 37, 8, 9, 0];2205.0
[33, 30, 25, 24, 22, 20, 14, 17, 18, 16, 15, 8, 11, 37, 9, 10, 13, 36, 21, 23, 26, 19, 0, 1, 4, 35, 31, 32, 34, 38, 2, 3, 29, 27, 28, 12, 5, 7, 6];2264.0
[19, 17, 18, 13, 10, 16, 14, 15, 8, 12, 21, 23, 30, 34, 35, 38, 33, 26, 24, 36, 20, 7, 6, 4, 2, 5, 37, 9, 11, 1, 3, 0, 28, 27, 22, 25, 31, 32, 29];2295.0
[34, 2, 4, 8, 12, 23, 24, 36, 21, 20, 37, 9, 14, 18, 17, 19, 31, 32, 29, 28, 27, 22, 13, 10, 16, 30, 25, 26, 11, 15, 5, 7, 6, 0, 1, 3, 38, 35, 33];2302.0
[17, 14, 16, 3, 1, 2, 4, 5, 37, 9, 10, 0, 28, 27, 30, 26, 23, 25, 24, 22, 20, 15, 8, 11, 12, 13, 36, 21, 31, 34, 38, 35, 7, 6, 32, 33, 29, 19, 18];2092.0
[2, 3, 27, 22, 23, 24, 25, 31, 32, 33, 1, 4, 7, 5, 17, 18, 14, 15, 8, 16, 19, 0, 37, 9, 10, 11, 12, 20, 13, 36, 21, 6, 35, 38, 29, 28, 26, 30, 34];2253.0
[38, 35, 4, 27, 20, 12, 13, 10, 11, 37, 9, 7, 5, 8, 14, 28, 23, 26, 24, 36, 21, 22, 25, 31, 32, 29, 16, 15, 6, 2, 3, 17, 18, 19, 0, 1, 33, 30, 34];2114.0
[38, 33, 30, 31, 32, 34, 4, 5, 11, 14, 17, 18, 28, 27, 36, 20, 21, 22, 23, 24, 25, 26, 29, 19, 0, 16, 12, 13, 10, 1, 2, 3, 15, 8, 37, 9, 6, 7, 35];2046.0
[21, 22, 25, 31, 32, 33, 1, 3, 0, 28, 27, 20, 37, 9, 10, 11, 14, 15, 6, 7, 4, 35, 38, 2, 19, 18, 17, 12, 13, 36, 26, 30, 34, 5, 8, 16, 29, 23, 24];2134.0
[38, 33, 30, 34, 2, 4, 5, 8, 0, 1, 3, 31, 32, 25, 27, 21, 22, 26, 23, 24, 36, 20, 12, 11, 37, 9, 16, 29, 28, 13, 10, 14, 17, 19, 18, 15, 7, 6, 35];2166.0
[13, 10, 12, 23, 26, 24, 25, 31, 32, 34, 22, 36, 21, 11, 29, 1, 35, 38, 4, 7, 5, 6, 2, 3, 0, 16, 15, 8, 37, 9, 14, 17, 18, 19, 30, 33, 28, 27, 20];2104.0
[4, 5, 6, 7, 8, 11, 29, 28, 27, 33, 30, 25, 26, 23, 24, 22, 20, 13, 36, 21, 12, 38, 35, 32, 31, 34, 15, 37, 9, 10, 14, 17, 19, 18, 16, 0, 1, 3, 2];2031.0
[8, 37, 9, 5, 7, 6, 32, 30, 31, 25, 24, 23, 26, 27, 21, 22, 36, 20, 13, 10, 12, 11, 15, 14, 17, 18, 19, 1, 3, 16, 0, 28, 34, 38, 35, 33, 29, 2, 4];1983.0
[28, 27, 24, 23, 25, 30, 26, 22, 13, 36, 21, 20, 14, 16, 0, 1, 35, 38, 32, 31, 34, 4, 5, 8, 11, 37, 9, 10, 12, 15, 7, 6, 2, 3, 33, 29, 17, 18, 19];2026.0
[33, 30, 26, 31, 25, 28, 27, 5, 7, 6, 4, 38, 2, 3, 16, 11, 12, 13, 36, 21, 22, 23, 24, 20, 15, 8, 37, 9, 10, 14, 17, 19, 18, 0, 29, 1, 35, 32, 34];2023.0
[33, 30, 31, 32, 18, 17, 19, 1, 2, 4, 7, 5, 8, 37, 9, 12, 21, 20, 11, 16, 14, 15, 6, 34, 3, 29, 28, 27, 23, 24, 25, 26, 22, 36, 13, 10, 0, 38, 35];2077.0
[33, 30, 34, 2, 15, 5, 7, 6, 4, 35, 29, 1, 38, 3, 0, 16, 14, 17, 18, 19, 22, 36, 21, 37, 9, 10, 13, 24, 23, 25, 26, 28, 27, 20, 12, 11, 8, 31, 32];2111.0
[3, 0, 12, 13, 36, 24, 22, 21, 20, 11, 16, 19, 1, 4, 5, 37, 8, 9, 10, 17, 18, 14, 15, 6, 7, 35, 30, 33, 29, 28, 27, 26, 23, 25, 31, 32, 34, 38, 2];1964.0
[19, 28, 24, 23, 36, 20, 11, 15, 5, 8, 38, 35, 34, 4, 7, 6, 32, 30, 31, 25, 26, 27, 33, 29, 1, 2, 3, 0, 14, 16, 12, 21, 22, 13, 10, 9, 37, 17, 18];2284.0
[33, 28, 22, 36, 21, 20, 13, 12, 9, 8, 6, 4, 26, 23, 24, 31, 32, 25, 30, 34, 38, 2, 3, 29, 27, 11, 1, 0, 16, 19, 18, 17, 14, 37, 10, 15, 5, 7, 35];2231.0
[30, 34, 35, 38, 2, 3, 16, 15, 8, 31, 32, 33, 29, 28, 27, 20, 11, 14, 17, 19, 18, 0, 1, 4, 5, 6, 7, 13, 36, 21, 37, 9, 10, 12, 22, 24, 23, 25, 26];2053.0
[0, 1, 3, 28, 20, 10, 12, 37, 9, 8, 11, 18, 17, 13, 36, 21, 22, 23, 24, 25, 27, 26, 30, 34, 35, 38, 16, 14, 15, 5, 7, 6, 2, 4, 31, 32, 33, 29, 19];2086.0
[19, 1, 3, 35, 38, 2, 0, 28, 22, 20, 13, 36, 21, 11, 37, 8, 9, 10, 12, 15, 5, 6, 7, 4, 33, 30, 31, 32, 34, 29, 27, 23, 24, 25, 26, 14, 16, 17, 18];2013.0
[14, 37, 9, 10, 8, 16, 0, 28, 26, 27, 22, 21, 36, 20, 11, 15, 5, 12, 13, 24, 23, 25, 31, 32, 34, 2, 7, 6, 35, 38, 4, 3, 1, 29, 30, 33, 19, 18, 17];2138.0
[19, 12, 13, 36, 21, 24, 25, 34, 38, 35, 4, 2, 15, 5, 6, 7, 9, 8, 11, 37, 10, 30, 31, 32, 33, 28, 27, 23, 26, 1, 3, 16, 0, 29, 22, 20, 14, 17, 18];2145.0
[36, 21, 20, 1, 35, 4, 16, 11, 14, 15, 9, 8, 5, 7, 6, 34, 38, 2, 3, 0, 19, 18, 17, 29, 31, 32, 37, 10, 12, 13, 24, 25, 27, 23, 26, 30, 33, 28, 22];2207.0
[30, 34, 38, 3, 28, 27, 25, 31, 32, 33, 23, 24, 36, 13, 12, 10, 11, 14, 17, 19, 18, 16, 15, 5, 6, 7, 37, 9, 8, 0, 1, 2, 4, 35, 29, 20, 21, 22, 26];1980.0
[21, 22, 23, 25, 31, 32, 33, 29, 1, 35, 30, 34, 38, 4, 8, 17, 18, 19, 0, 2, 3, 28, 26, 24, 36, 15, 5, 6, 7, 13, 12, 37, 9, 10, 11, 14, 16, 27, 20];2196.0
[15, 8, 1, 38, 35, 33, 31, 32, 30, 34, 2, 3, 17, 18, 19, 29, 23, 25, 26, 0, 16, 14, 12, 13, 10, 37, 9, 5, 7, 6, 4, 28, 27, 24, 36, 22, 21, 20, 11];2156.0
[25, 31, 32, 34, 38, 35, 26, 24, 36, 23, 30, 33, 29, 3, 1, 2, 4, 6, 7, 5, 15, 8, 14, 17, 18, 19, 28, 27, 22, 20, 13, 10, 11, 37, 9, 0, 16, 12, 21];2077.0
[0, 29, 28, 27, 23, 24, 22, 36, 21, 26, 34, 38, 2, 15, 11, 14, 17, 33, 30, 31, 25, 32, 35, 4, 5, 6, 7, 8, 18, 19, 1, 3, 37, 9, 10, 12, 20, 13, 16];2225.0
[8, 10, 13, 12, 22, 26, 33, 29, 1, 3, 16, 0, 19, 17, 18, 30, 31, 32, 34, 2, 11, 14, 15, 5, 7, 6, 4, 38, 35, 28, 27, 23, 25, 24, 36, 21, 20, 37, 9];2058.0
[10, 16, 14, 21, 25, 26, 27, 30, 34, 38, 35, 4, 5, 8, 11, 12, 13, 36, 20, 15, 7, 6, 1, 2, 3, 0, 19, 17, 18, 29, 31, 32, 33, 28, 23, 24, 22, 37, 9];2114.0
[12, 11, 0, 20, 13, 36, 21, 16, 1, 29, 24, 25, 38, 2, 3, 15, 9, 8, 7, 5, 6, 4, 30, 31, 34, 35, 32, 33, 28, 27, 22, 23, 26, 19, 18, 17, 14, 37, 10];2377.0
[11, 14, 37, 9, 10, 28, 27, 22, 20, 13, 12, 16, 29, 23, 25, 31, 32, 33, 30, 26, 24, 36, 21, 15, 7, 6, 2, 3, 0, 19, 18, 17, 1, 35, 34, 38, 4, 5, 8];1961.0
[32, 34, 38, 2, 3, 15, 8, 37, 9, 5, 7, 10, 12, 19, 18, 17, 14, 13, 36, 21, 16, 1, 28, 27, 22, 23, 24, 20, 11, 0, 29, 31, 25, 30, 26, 33, 4, 6, 35];2274.0
[17, 18, 19, 29, 1, 3, 28, 27, 22, 20, 13, 36, 23, 25, 31, 32, 34, 35, 33, 38, 2, 4, 6, 7, 30, 26, 24, 21, 37, 9, 10, 12, 11, 16, 0, 15, 5, 8, 14];1995.0
[9, 8, 11, 14, 16, 0, 1, 3, 17, 18, 19, 29, 30, 32, 33, 15, 5, 6, 7, 28, 27, 22, 24, 23, 25, 31, 34, 38, 2, 4, 35, 26, 36, 21, 20, 13, 10, 12, 37];1989.0
[35, 38, 4, 2, 3, 0, 16, 19, 17, 18, 14, 11, 12, 13, 36, 23, 26, 30, 33, 28, 27, 21, 22, 20, 8, 37, 9, 10, 1, 29, 24, 25, 31, 32, 34, 15, 5, 7, 6];1982.0
[1, 2, 4, 3, 0, 16, 17, 19, 18, 14, 21, 22, 36, 34, 38, 35, 30, 26, 24, 23, 25, 31, 32, 33, 13, 12, 11, 29, 28, 27, 20, 37, 10, 15, 6, 7, 5, 9, 8];2182.0
[31, 32, 33, 28, 13, 36, 22, 23, 26, 30, 34, 38, 4, 5, 6, 2, 3, 29, 1, 10, 12, 20, 21, 11, 37, 9, 8, 18, 17, 19, 0, 16, 14, 15, 7, 35, 27, 24, 25];2221.0
[38, 3, 1, 29, 28, 27, 20, 13, 12, 11, 15, 7, 5, 6, 35, 4, 2, 0, 14, 21, 22, 36, 26, 23, 24, 25, 31, 19, 17, 18, 8, 37, 9, 10, 16, 30, 32, 33, 34];2162.0
[4, 35, 26, 28, 27, 33, 1, 29, 30, 34, 38, 2, 3, 19, 18, 17, 14, 15, 5, 23, 24, 36, 22, 25, 31, 32, 0, 16, 11, 37, 10, 9, 8, 12, 21, 20, 13, 7, 6];2249.0
[28, 27, 23, 24, 25, 26, 34, 38, 2, 3, 1, 35, 4, 5, 6, 7, 16, 0, 19, 18, 13, 10, 12, 36, 21, 22, 20, 11, 15, 37, 9, 8, 14, 17, 30, 31, 32, 33, 29];1936.0
[37, 10, 11, 16, 12, 13, 36, 21, 22, 24, 23, 25, 31, 32, 34, 38, 4, 9, 8, 14, 17, 18, 19, 1, 0, 29, 28, 27, 20, 7, 6, 35, 26, 33, 30, 2, 3, 15, 5];2065.0
[14, 18, 17, 19, 1, 28, 20, 7, 6, 4, 35, 38, 15, 8, 5, 37, 9, 12, 21, 13, 10, 11, 16, 29, 27, 23, 24, 22, 36, 25, 31, 32, 33, 26, 30, 34, 2, 3, 0];2164.0
[3, 19, 18, 17, 16, 14, 15, 7, 6, 4, 5, 37, 9, 8, 10, 13, 24, 25, 23, 26, 28, 27, 30, 31, 32, 29, 0, 12, 21, 22, 36, 20, 11, 1, 38, 35, 33, 34, 2];2058.0
[33, 30, 25, 31, 32, 34, 38, 18, 17, 14, 15, 8, 37, 9, 5, 7, 6, 2, 3, 16, 12, 21, 22, 36, 13, 10, 0, 19, 29, 28, 23, 24, 26, 27, 20, 11, 1, 35, 4];2059.0
[1, 28, 27, 30, 34, 38, 15, 5, 8, 37, 9, 7, 6, 3, 11, 16, 0, 19, 18, 17, 14, 13, 10, 12, 36, 21, 22, 20, 2, 4, 35, 26, 24, 23, 25, 31, 32, 33, 29];2070.0
[0, 19, 18, 1, 2, 4, 37, 9, 10, 12, 13, 36, 20, 21, 23, 24, 22, 11, 16, 17, 14, 15, 8, 5, 7, 6, 35, 30, 26, 25, 31, 32, 33, 29, 28, 27, 34, 38, 3];1902.0
[7, 5, 8, 9, 14, 18, 17, 19, 27, 30, 34, 4, 6, 35, 31, 32, 33, 29, 1, 38, 2, 3, 28, 22, 24, 23, 25, 26, 13, 36, 21, 20, 11, 37, 10, 12, 0, 16, 15];2075.0
[4, 19, 17, 18, 14, 8, 37, 9, 10, 12, 13, 36, 22, 20, 21, 11, 16, 15, 5, 7, 6, 35, 38, 33, 31, 32, 1, 3, 0, 29, 30, 26, 27, 28, 23, 24, 25, 34, 2];2025.0
[33, 31, 34, 2, 3, 19, 18, 17, 14, 11, 12, 13, 36, 21, 23, 25, 24, 26, 28, 27, 30, 29, 22, 20, 16, 0, 1, 38, 35, 4, 5, 37, 9, 10, 8, 15, 6, 7, 32];2074.0
[24, 36, 21, 15, 7, 6, 2, 3, 0, 19, 28, 22, 20, 13, 12, 17, 18, 14, 11, 37, 9, 10, 30, 31, 25, 32, 34, 35, 38, 4, 5, 8, 16, 1, 33, 29, 27, 23, 26];2121.0
[8, 37, 9, 16, 38, 2, 3, 0, 1, 4, 7, 5, 6, 35, 32, 34, 33, 30, 31, 29, 27, 22, 36, 21, 14, 18, 17, 19, 28, 24, 23, 25, 26, 20, 13, 10, 12, 11, 15];2074.0
[35, 2, 3, 15, 5, 7, 6, 4, 8, 37, 9, 11, 28, 27, 13, 10, 12, 16, 0, 29, 36, 21, 22, 20, 23, 24, 26, 30, 31, 25, 32, 33, 19, 18, 14, 17, 1, 34, 38];2126.0
[9, 14, 17, 18, 19, 28, 26, 27, 13, 10, 12, 16, 30, 31, 34, 2, 3, 15, 6, 32, 25, 24, 23, 36, 21, 22, 20, 11, 38, 35, 33, 29, 0, 1, 4, 5, 7, 8, 37];2257.0
[17, 18, 19, 29, 28, 27, 30, 34, 2, 4, 35, 38, 3, 15, 6, 7, 5, 8, 1, 33, 31, 32, 26, 13, 12, 11, 37, 9, 10, 23, 24, 25, 36, 21, 22, 20, 16, 0, 14];2114.0
[26, 30, 31, 32, 34, 38, 35, 25, 23, 24, 36, 21, 22, 20, 13, 12, 11, 15, 6, 7, 5, 8, 16, 14, 29, 28, 27, 33, 18, 17, 19, 1, 2, 3, 4, 37, 9, 10, 0];2029.0
[21, 25, 31, 32, 34, 38, 35, 4, 2, 1, 3, 15, 5, 6, 7, 9, 10, 11, 14, 16, 17, 18, 19, 30, 33, 26, 20, 13, 12, 37, 8, 0, 29, 28, 27, 23, 24, 22, 36];1895.0
[30, 32, 33, 24, 36, 21, 22, 25, 31, 34, 35, 4, 5, 6, 7, 0, 1, 38, 2, 3, 15, 12, 13, 20, 37, 9, 10, 8, 11, 14, 16, 17, 18, 19, 29, 28, 23, 26, 27];2043.0
[0, 1, 35, 30, 26, 23, 24, 36, 21, 22, 20, 25, 34, 38, 4, 2, 3, 16, 12, 13, 10, 9, 29, 31, 32, 33, 18, 19, 17, 15, 5, 6, 7, 37, 8, 28, 27, 11, 14];2283.0
[28, 22, 20, 21, 23, 25, 26, 24, 36, 13, 10, 12, 30, 31, 34, 35, 38, 32, 33, 29, 18, 14, 15, 5, 7, 6, 4, 8, 11, 37, 9, 17, 19, 1, 2, 3, 16, 0, 27];2123.0
[29, 17, 18, 19, 0, 1, 3, 38, 2, 4, 12, 13, 36, 21, 26, 28, 27, 22, 20, 11, 37, 9, 10, 15, 5, 6, 7, 8, 14, 16, 30, 34, 35, 32, 31, 25, 24, 23, 33];2049.0
[11, 16, 14, 17, 18, 19, 1, 38, 0, 31, 32, 34, 2, 3, 29, 23, 24, 36, 21, 20, 15, 37, 9, 10, 8, 5, 6, 7, 4, 35, 33, 30, 25, 26, 28, 27, 22, 13, 12];2001.0
[15, 37, 9, 8, 11, 16, 30, 31, 32, 34, 0, 29, 1, 38, 3, 2, 4, 5, 7, 6, 35, 33, 26, 22, 20, 13, 10, 12, 14, 17, 19, 18, 28, 27, 25, 23, 24, 36, 21];2034.0
[36, 20, 11, 0, 19, 17, 18, 14, 15, 6, 2, 3, 29, 1, 16, 37, 9, 38, 35, 4, 5, 7, 8, 10, 12, 21, 22, 24, 25, 31, 32, 34, 33, 30, 27, 23, 26, 28, 13];2100.0
[34, 7, 5, 6, 3, 28, 23, 24, 36, 21, 13, 12, 11, 14, 16, 15, 8, 37, 9, 10, 25, 26, 27, 22, 20, 0, 1, 38, 35, 2, 4, 32, 33, 29, 19, 17, 18, 30, 31];2267.0
[30, 31, 25, 26, 28, 27, 13, 12, 15, 5, 7, 6, 4, 35, 23, 24, 36, 22, 21, 20, 37, 9, 10, 8, 11, 14, 16, 17, 18, 1, 2, 3, 0, 19, 29, 32, 34, 38, 33];1980.0
[5, 8, 11, 1, 2, 4, 3, 0, 16, 29, 28, 36, 21, 22, 23, 24, 25, 26, 30, 33, 27, 20, 13, 12, 37, 9, 10, 17, 19, 18, 14, 15, 7, 6, 35, 31, 32, 34, 38];1987.0
[16, 17, 19, 30, 34, 27, 22, 36, 21, 20, 3, 2, 4, 5, 6, 7, 11, 0, 1, 38, 35, 33, 29, 28, 24, 23, 25, 26, 31, 32, 18, 14, 15, 37, 8, 9, 12, 13, 10];2199.0
[18, 19, 17, 31, 32, 34, 3, 1, 29, 23, 25, 26, 27, 20, 13, 10, 12, 11, 37, 9, 8, 14, 16, 0, 28, 22, 21, 38, 35, 4, 33, 30, 24, 36, 15, 5, 7, 6, 2];2286.0
[21, 13, 36, 25, 31, 32, 34, 38, 3, 1, 2, 4, 5, 11, 0, 16, 18, 17, 14, 37, 8, 9, 10, 15, 6, 7, 35, 33, 19, 29, 28, 27, 20, 12, 30, 26, 23, 24, 22];2081.0
[27, 34, 2, 4, 35, 38, 0, 18, 17, 19, 28, 22, 20, 21, 25, 31, 32, 30, 33, 1, 3, 16, 29, 23, 24, 36, 13, 10, 12, 14, 11, 37, 9, 8, 15, 5, 7, 6, 26];2123.0
[31, 32, 29, 19, 18, 17, 37, 10, 12, 14, 0, 28, 30, 34, 38, 35, 2, 4, 8, 9, 16, 1, 3, 27, 23, 25, 26, 24, 22, 20, 13, 36, 21, 11, 15, 5, 7, 6, 33];2095.0
[31, 32, 34, 35, 33, 22, 36, 15, 7, 6, 3, 19, 18, 17, 14, 11, 16, 12, 21, 20, 13, 10, 0, 28, 23, 27, 24, 25, 26, 30, 29, 1, 38, 2, 4, 5, 8, 37, 9];2271.0
[21, 20, 37, 9, 10, 12, 13, 36, 23, 24, 26, 29, 19, 0, 1, 3, 14, 15, 7, 6, 4, 5, 8, 11, 16, 38, 35, 33, 30, 25, 31, 32, 34, 2, 17, 18, 28, 27, 22];1986.0
[24, 36, 13, 10, 16, 1, 2, 3, 0, 18, 19, 29, 31, 32, 33, 23, 25, 26, 20, 15, 7, 6, 5, 8, 37, 9, 11, 14, 17, 28, 27, 30, 34, 38, 35, 4, 12, 22, 21];2147.0
[7, 6, 35, 3, 30, 33, 29, 1, 2, 4, 5, 8, 14, 17, 18, 19, 28, 22, 36, 21, 25, 31, 32, 20, 13, 12, 11, 15, 37, 9, 10, 16, 0, 27, 24, 23, 26, 34, 38];2182.0
[7, 17, 19, 1, 3, 0, 29, 30, 25, 26, 13, 12, 37, 8, 9, 10, 14, 18, 28, 27, 22, 23, 24, 36, 20, 21, 11, 16, 2, 4, 35, 33, 31, 32, 34, 38, 15, 5, 6];2110.0
[10, 11, 14, 15, 5, 6, 7, 23, 26, 22, 21, 20, 2, 4, 35, 29, 28, 27, 30, 34, 38, 3, 16, 12, 13, 36, 24, 25, 31, 32, 33, 0, 1, 19, 18, 17, 37, 8, 9];2213.0
[32, 29, 3, 15, 6, 7, 5, 21, 22, 13, 12, 11, 2, 4, 8, 9, 14, 17, 16, 0, 19, 18, 28, 27, 30, 34, 38, 26, 23, 24, 36, 20, 37, 10, 1, 35, 33, 25, 31];2342.0
[1, 2, 4, 5, 10, 12, 37, 9, 8, 7, 6, 35, 33, 27, 20, 13, 36, 31, 32, 29, 19, 14, 17, 18, 30, 34, 38, 3, 15, 11, 16, 28, 25, 26, 23, 24, 22, 21, 0];2250.0
[21, 22, 25, 26, 20, 16, 14, 17, 18, 19, 2, 4, 33, 30, 31, 34, 35, 32, 29, 28, 27, 23, 24, 11, 37, 9, 8, 5, 6, 7, 0, 1, 38, 3, 15, 10, 12, 13, 36];2134.0
[18, 28, 24, 36, 23, 25, 31, 34, 35, 38, 2, 4, 5, 8, 29, 30, 26, 27, 22, 20, 11, 37, 9, 10, 12, 13, 21, 15, 7, 6, 32, 33, 1, 3, 0, 16, 14, 17, 19];2053.0
[8, 37, 9, 14, 17, 18, 19, 29, 30, 25, 31, 32, 34, 38, 4, 35, 33, 1, 0, 16, 12, 13, 10, 15, 5, 6, 7, 2, 3, 28, 27, 21, 22, 26, 23, 24, 36, 20, 11];1985.0
[15, 7, 6, 2, 3, 19, 17, 18, 14, 8, 37, 9, 10, 0, 1, 28, 27, 22, 20, 11, 16, 29, 31, 32, 33, 34, 38, 35, 4, 5, 12, 13, 36, 23, 25, 26, 30, 24, 21];2098.0
[12, 13, 36, 21, 20, 11, 37, 9, 10, 28, 24, 25, 30, 33, 16, 15, 5, 7, 6, 29, 27, 22, 23, 26, 34, 2, 3, 0, 1, 38, 35, 4, 8, 17, 19, 31, 32, 18, 14];2259.0
[22, 20, 14, 18, 17, 19, 30, 25, 31, 32, 33, 28, 27, 23, 26, 34, 3, 29, 1, 38, 2, 4, 7, 5, 9, 8, 37, 11, 12, 13, 10, 16, 0, 15, 6, 35, 24, 36, 21];2102.0
[24, 26, 34, 38, 2, 4, 3, 35, 33, 29, 22, 36, 21, 20, 16, 11, 12, 13, 10, 14, 17, 19, 18, 0, 1, 15, 37, 9, 8, 5, 7, 6, 28, 27, 30, 32, 31, 25, 23];2102.0
[17, 18, 28, 27, 20, 11, 37, 9, 10, 14, 15, 8, 16, 1, 3, 2, 4, 5, 6, 7, 12, 13, 36, 21, 22, 26, 23, 24, 25, 31, 32, 30, 34, 38, 35, 33, 29, 0, 19];1810.0
[6, 7, 37, 9, 8, 11, 14, 17, 23, 25, 26, 24, 36, 13, 10, 12, 16, 28, 27, 22, 21, 20, 15, 35, 38, 33, 1, 2, 3, 0, 18, 19, 29, 31, 32, 30, 34, 4, 5];2190.0
[38, 2, 15, 5, 37, 8, 9, 10, 17, 18, 29, 25, 31, 32, 33, 1, 3, 0, 16, 12, 13, 36, 22, 20, 21, 11, 14, 19, 28, 27, 24, 23, 26, 30, 34, 4, 7, 6, 35];2021.0
[0, 27, 23, 26, 30, 34, 38, 7, 6, 35, 28, 13, 36, 22, 24, 25, 31, 32, 33, 29, 19, 18, 15, 5, 12, 21, 20, 11, 37, 9, 8, 10, 14, 17, 16, 1, 2, 4, 3];2143.0
[9, 10, 27, 24, 23, 25, 31, 32, 30, 26, 34, 38, 35, 2, 4, 7, 6, 33, 29, 28, 11, 16, 15, 5, 8, 1, 3, 0, 19, 17, 18, 14, 12, 13, 36, 21, 22, 20, 37];2043.0
[20, 37, 8, 9, 10, 12, 13, 36, 24, 23, 25, 31, 32, 30, 34, 38, 17, 18, 14, 15, 5, 7, 6, 4, 35, 33, 26, 22, 21, 11, 16, 1, 2, 3, 0, 19, 29, 28, 27];1906.0
[15, 37, 9, 8, 10, 16, 1, 38, 35, 4, 34, 2, 3, 23, 24, 25, 26, 28, 27, 22, 20, 5, 6, 7, 18, 17, 19, 29, 30, 31, 32, 33, 0, 14, 13, 36, 21, 12, 11];2189.0
[10, 17, 18, 19, 30, 31, 32, 34, 38, 3, 12, 13, 36, 21, 0, 1, 35, 33, 29, 28, 27, 24, 23, 25, 26, 22, 20, 16, 2, 4, 6, 7, 5, 14, 15, 8, 11, 37, 9];2078.0
[3, 15, 5, 8, 16, 28, 27, 22, 21, 20, 13, 36, 23, 24, 25, 31, 32, 33, 29, 19, 18, 17, 30, 34, 26, 9, 10, 12, 1, 35, 38, 0, 14, 11, 37, 6, 7, 4, 2];2202.0
[22, 21, 13, 12, 37, 9, 17, 18, 19, 29, 34, 35, 30, 33, 0, 11, 14, 28, 23, 25, 31, 32, 27, 20, 15, 7, 3, 38, 8, 10, 16, 1, 2, 4, 5, 6, 26, 24, 36];2582.0
[27, 13, 10, 11, 23, 24, 36, 20, 15, 8, 37, 9, 7, 6, 35, 33, 30, 31, 34, 3, 0, 1, 38, 2, 4, 5, 12, 21, 22, 25, 26, 32, 19, 18, 17, 14, 16, 29, 28];2177.0
[30, 31, 32, 34, 5, 9, 8, 37, 10, 12, 21, 20, 11, 16, 14, 18, 17, 1, 38, 3, 0, 15, 7, 6, 2, 4, 35, 28, 27, 22, 13, 36, 24, 23, 25, 26, 33, 19, 29];2083.0
[16, 15, 0, 29, 28, 24, 36, 23, 26, 27, 20, 37, 9, 10, 14, 18, 17, 19, 1, 2, 3, 35, 38, 33, 12, 13, 21, 22, 25, 31, 32, 30, 34, 4, 6, 7, 5, 8, 11];2176.0
[37, 8, 11, 0, 1, 35, 38, 30, 33, 19, 18, 17, 3, 29, 28, 27, 31, 32, 34, 2, 4, 5, 6, 7, 9, 10, 12, 13, 36, 22, 21, 23, 24, 25, 26, 20, 14, 16, 15];2047.0
[29, 32, 34, 33, 30, 23, 26, 1, 2, 3, 0, 16, 15, 6, 7, 35, 38, 14, 13, 12, 11, 37, 9, 18, 17, 19, 28, 27, 20, 21, 22, 36, 24, 25, 31, 4, 5, 8, 10];2340.0
[14, 15, 8, 11, 12, 13, 36, 23, 26, 28, 27, 22, 5, 7, 6, 4, 2, 3, 29, 32, 34, 30, 31, 25, 24, 21, 20, 37, 9, 10, 17, 18, 19, 1, 38, 35, 33, 0, 16];2098.0
[23, 24, 36, 16, 28, 27, 21, 22, 20, 13, 12, 11, 1, 4, 7, 5, 6, 35, 34, 33, 38, 2, 3, 15, 8, 37, 9, 10, 14, 17, 18, 19, 0, 29, 31, 32, 25, 26, 30];2070.0
[4, 5, 6, 7, 8, 37, 9, 10, 12, 0, 1, 28, 27, 23, 24, 21, 22, 25, 26, 13, 36, 20, 15, 11, 14, 16, 17, 19, 18, 29, 30, 31, 32, 33, 34, 35, 38, 3, 2];1976.0
[12, 11, 9, 37, 10, 1, 3, 16, 14, 17, 18, 19, 28, 27, 25, 26, 33, 30, 31, 32, 15, 6, 7, 5, 8, 0, 29, 23, 24, 36, 21, 22, 34, 38, 2, 4, 35, 20, 13];2181.0
[25, 26, 23, 24, 22, 15, 8, 12, 13, 36, 21, 20, 16, 30, 34, 6, 7, 37, 9, 10, 11, 14, 18, 17, 19, 2, 4, 5, 0, 1, 3, 38, 35, 33, 31, 32, 29, 28, 27];2169.0
[21, 22, 25, 31, 32, 33, 34, 7, 6, 35, 4, 5, 8, 15, 37, 9, 10, 17, 18, 19, 0, 16, 1, 38, 2, 3, 29, 28, 27, 30, 23, 26, 24, 36, 20, 13, 12, 11, 14];2023.0
[24, 36, 21, 22, 11, 0, 29, 28, 32, 33, 30, 31, 25, 26, 34, 38, 2, 3, 1, 35, 4, 5, 8, 37, 9, 12, 20, 13, 10, 14, 17, 18, 19, 16, 15, 6, 7, 27, 23];2081.0
[22, 37, 9, 8, 10, 11, 15, 7, 6, 35, 34, 38, 2, 4, 5, 16, 14, 20, 13, 12, 0, 31, 32, 33, 1, 29, 3, 18, 17, 19, 28, 27, 25, 30, 26, 23, 24, 36, 21];2125.0
[29, 30, 25, 26, 34, 38, 3, 28, 27, 31, 32, 16, 15, 5, 6, 4, 2, 0, 19, 17, 18, 14, 11, 37, 9, 10, 13, 12, 21, 22, 23, 24, 36, 20, 8, 7, 35, 33, 1];2183.0
[28, 22, 36, 21, 13, 12, 11, 16, 30, 33, 26, 27, 20, 14, 17, 18, 1, 3, 15, 6, 35, 38, 2, 4, 7, 5, 37, 9, 10, 8, 23, 24, 25, 31, 32, 34, 0, 19, 29];2116.0
[16, 14, 17, 18, 2, 4, 5, 6, 7, 37, 9, 10, 15, 8, 12, 21, 13, 36, 0, 19, 29, 1, 3, 38, 35, 34, 33, 30, 31, 32, 28, 27, 23, 26, 24, 25, 22, 20, 11];2095.0
[31, 25, 32, 33, 34, 38, 35, 26, 27, 16, 0, 1, 3, 18, 19, 17, 13, 36, 21, 14, 15, 6, 2, 4, 7, 5, 8, 28, 23, 24, 22, 20, 12, 11, 37, 9, 10, 29, 30];2277.0
[1, 3, 16, 14, 11, 12, 13, 36, 24, 22, 21, 20, 15, 7, 6, 32, 34, 35, 38, 2, 4, 5, 37, 9, 10, 8, 0, 29, 28, 27, 23, 25, 26, 30, 31, 33, 19, 17, 18];1954.0
[19, 8, 37, 9, 10, 16, 1, 3, 38, 2, 0, 15, 5, 6, 4, 7, 34, 35, 33, 31, 32, 30, 26, 23, 24, 25, 29, 28, 27, 22, 20, 11, 12, 13, 36, 21, 14, 17, 18];2134.0
[19, 17, 18, 14, 16, 12, 11, 15, 7, 5, 6, 4, 35, 30, 31, 32, 34, 22, 36, 21, 20, 37, 8, 9, 0, 1, 38, 2, 3, 28, 27, 23, 24, 25, 26, 13, 10, 29, 33];2173.0
[26, 33, 35, 4, 37, 9, 8, 10, 11, 12, 21, 22, 25, 31, 32, 0, 19, 18, 29, 30, 34, 38, 2, 3, 1, 15, 5, 6, 7, 14, 17, 13, 36, 20, 16, 28, 27, 23, 24];2177.0
[5, 6, 7, 3, 18, 17, 14, 15, 16, 0, 1, 29, 28, 27, 13, 36, 22, 21, 20, 19, 26, 24, 23, 25, 31, 32, 33, 30, 35, 34, 38, 2, 4, 9, 10, 11, 12, 37, 8];2147.0
[20, 13, 10, 11, 14, 12, 22, 36, 21, 15, 7, 5, 6, 38, 35, 23, 24, 25, 26, 33, 18, 17, 31, 32, 30, 34, 4, 1, 2, 3, 19, 0, 16, 37, 9, 8, 29, 28, 27];2341.0
[26, 27, 24, 23, 34, 3, 16, 15, 7, 6, 0, 29, 28, 22, 20, 13, 10, 12, 21, 36, 5, 8, 37, 9, 11, 14, 18, 17, 19, 1, 38, 2, 4, 35, 32, 33, 30, 31, 25];2119.0
[20, 11, 12, 13, 36, 14, 0, 17, 18, 19, 29, 3, 15, 6, 34, 2, 4, 7, 5, 30, 31, 32, 26, 23, 24, 25, 22, 21, 37, 8, 9, 10, 16, 1, 38, 35, 33, 28, 27];2302.0
[37, 10, 12, 13, 36, 22, 24, 23, 26, 34, 38, 35, 4, 9, 8, 16, 0, 27, 25, 31, 32, 33, 30, 29, 1, 3, 2, 17, 18, 19, 28, 20, 21, 11, 14, 15, 5, 6, 7];2022.0
[19, 29, 20, 15, 5, 6, 3, 28, 27, 13, 36, 21, 1, 38, 35, 30, 32, 33, 25, 31, 34, 2, 4, 7, 8, 16, 0, 12, 9, 10, 26, 23, 24, 22, 37, 11, 14, 17, 18];2491.0
[18, 17, 16, 14, 21, 20, 22, 24, 23, 26, 33, 30, 29, 0, 15, 7, 6, 28, 27, 25, 31, 32, 34, 35, 4, 5, 8, 12, 13, 36, 11, 37, 9, 10, 1, 38, 2, 3, 19];2123.0
[11, 0, 1, 3, 16, 17, 14, 18, 19, 28, 27, 32, 31, 34, 38, 2, 37, 9, 8, 15, 5, 7, 6, 4, 35, 33, 29, 30, 25, 26, 23, 24, 22, 36, 20, 21, 13, 10, 12];1956.0
[28, 27, 30, 34, 33, 23, 24, 25, 26, 22, 20, 13, 12, 16, 1, 38, 2, 4, 3, 17, 18, 19, 35, 31, 32, 36, 21, 37, 9, 10, 11, 14, 15, 6, 7, 5, 8, 0, 29];2162.0
[33, 25, 24, 36, 14, 17, 18, 19, 22, 21, 20, 15, 5, 8, 11, 37, 6, 7, 12, 13, 9, 10, 16, 0, 29, 28, 23, 26, 27, 30, 1, 2, 4, 3, 31, 32, 34, 38, 35];2319.0
[37, 10, 38, 2, 3, 28, 36, 21, 20, 13, 12, 16, 0, 1, 33, 29, 30, 34, 15, 7, 6, 35, 4, 5, 8, 9, 23, 24, 31, 32, 25, 26, 27, 22, 17, 19, 18, 14, 11];2357.0
[4, 6, 35, 33, 0, 19, 18, 29, 28, 23, 25, 24, 26, 27, 22, 21, 20, 13, 36, 15, 5, 7, 8, 11, 37, 9, 10, 12, 1, 38, 2, 3, 16, 14, 17, 30, 31, 32, 34];2052.0
[25, 24, 15, 8, 37, 9, 16, 1, 3, 2, 4, 5, 6, 7, 11, 38, 35, 34, 33, 29, 19, 18, 17, 28, 23, 26, 27, 20, 12, 21, 22, 36, 13, 10, 14, 0, 30, 32, 31];2275.0
[13, 36, 30, 31, 34, 2, 4, 3, 0, 16, 17, 1, 38, 35, 33, 32, 18, 19, 29, 28, 27, 23, 25, 26, 24, 22, 21, 20, 11, 37, 8, 15, 6, 7, 5, 9, 10, 12, 14];2095.0
[34, 38, 3, 0, 19, 16, 12, 13, 36, 31, 32, 28, 27, 23, 24, 22, 21, 15, 6, 4, 35, 2, 1, 33, 25, 26, 20, 8, 7, 5, 37, 9, 10, 11, 14, 17, 18, 29, 30];2296.0
[15, 5, 8, 37, 9, 16, 0, 23, 24, 22, 36, 14, 17, 19, 18, 33, 30, 25, 26, 31, 32, 34, 38, 2, 1, 3, 29, 28, 27, 20, 7, 6, 35, 4, 12, 21, 13, 10, 11];2257.0
[15, 8, 14, 18, 19, 25, 31, 34, 38, 35, 29, 28, 23, 24, 22, 36, 26, 27, 13, 10, 16, 1, 4, 2, 3, 0, 17, 21, 20, 12, 11, 37, 9, 5, 7, 6, 32, 30, 33];2364.0
[0, 16, 29, 2, 4, 7, 6, 32, 34, 3, 1, 38, 35, 33, 28, 20, 21, 22, 23, 24, 36, 13, 10, 12, 14, 18, 17, 19, 27, 30, 31, 25, 26, 15, 5, 37, 9, 8, 11];2105.0
[15, 8, 37, 9, 16, 0, 29, 28, 23, 26, 22, 10, 12, 13, 36, 21, 20, 11, 5, 6, 7, 14, 18, 17, 19, 27, 24, 25, 31, 32, 33, 30, 34, 38, 35, 4, 2, 3, 1];1994.0
[20, 15, 5, 6, 7, 14, 17, 18, 19, 30, 34, 38, 35, 33, 26, 23, 24, 25, 31, 32, 2, 4, 11, 12, 13, 36, 1, 3, 0, 37, 8, 9, 10, 16, 29, 28, 27, 21, 22];2114.0
[38, 3, 15, 6, 35, 33, 25, 31, 32, 37, 9, 5, 7, 4, 2, 0, 16, 14, 17, 27, 22, 20, 13, 36, 21, 8, 10, 12, 11, 29, 28, 23, 24, 26, 30, 34, 18, 19, 1];2308.0
[4, 5, 6, 7, 8, 14, 29, 28, 27, 22, 20, 11, 16, 0, 30, 33, 19, 17, 18, 15, 10, 12, 13, 36, 23, 24, 21, 37, 9, 26, 25, 31, 32, 34, 38, 3, 1, 35, 2];2207.0
[24, 25, 26, 19, 18, 17, 13, 36, 37, 10, 12, 11, 16, 1, 4, 6, 35, 33, 31, 32, 30, 34, 38, 2, 3, 0, 15, 7, 5, 8, 9, 14, 21, 20, 29, 28, 23, 27, 22];2334.0
[27, 30, 34, 38, 35, 4, 33, 31, 32, 37, 9, 10, 12, 11, 15, 8, 5, 6, 7, 2, 1, 3, 16, 0, 19, 29, 28, 23, 24, 22, 20, 14, 17, 18, 13, 36, 21, 25, 26];2117.0
[37, 9, 10, 31, 32, 38, 2, 4, 5, 16, 28, 22, 36, 20, 21, 13, 12, 11, 17, 18, 1, 3, 0, 29, 27, 23, 25, 24, 26, 34, 35, 33, 30, 19, 14, 15, 6, 7, 8];2199.0
[16, 0, 31, 32, 33, 29, 1, 3, 28, 27, 21, 20, 13, 12, 14, 17, 18, 37, 9, 10, 15, 7, 5, 8, 19, 25, 26, 30, 34, 38, 2, 6, 4, 35, 23, 24, 22, 36, 11];2290.0
[25, 20, 12, 37, 9, 11, 28, 22, 21, 13, 10, 19, 18, 17, 14, 15, 8, 16, 0, 1, 38, 2, 4, 35, 29, 30, 31, 32, 34, 33, 26, 23, 24, 36, 5, 6, 7, 3, 27];2340.0
[34, 38, 2, 3, 19, 18, 14, 17, 1, 35, 32, 25, 26, 23, 24, 21, 22, 20, 15, 5, 6, 7, 4, 33, 29, 28, 27, 13, 36, 37, 9, 8, 10, 12, 11, 0, 16, 30, 31];2091.0
[25, 26, 15, 7, 6, 34, 38, 35, 2, 3, 18, 17, 14, 37, 9, 16, 30, 31, 32, 33, 29, 12, 13, 10, 8, 11, 0, 1, 4, 5, 21, 20, 19, 28, 27, 36, 22, 23, 24];2419.0
[0, 13, 36, 26, 34, 38, 3, 1, 22, 21, 20, 12, 11, 8, 5, 37, 9, 10, 14, 16, 29, 28, 27, 23, 24, 25, 31, 32, 4, 35, 30, 33, 18, 19, 17, 15, 7, 6, 2];2253.0
[24, 36, 21, 13, 12, 0, 34, 38, 35, 22, 20, 17, 18, 14, 15, 5, 6, 7, 8, 9, 37, 10, 11, 16, 1, 2, 4, 3, 19, 29, 30, 31, 32, 33, 28, 27, 23, 25, 26];2088.0
[2, 5, 12, 13, 36, 21, 20, 11, 16, 28, 27, 22, 14, 17, 18, 19, 0, 8, 37, 9, 10, 29, 33, 30, 26, 24, 23, 25, 31, 1, 3, 15, 7, 6, 4, 35, 32, 34, 38];2092.0
[13, 10, 11, 37, 9, 16, 0, 30, 32, 29, 28, 27, 22, 36, 24, 23, 25, 31, 34, 33, 26, 20, 21, 15, 5, 7, 6, 35, 38, 3, 14, 17, 18, 19, 1, 2, 4, 8, 12];2040.0
[30, 31, 32, 34, 38, 1, 2, 3, 0, 19, 18, 17, 14, 16, 11, 37, 9, 15, 5, 7, 6, 35, 4, 8, 10, 12, 21, 22, 26, 27, 20, 13, 36, 23, 24, 25, 33, 29, 28];1922.0
[12, 21, 20, 37, 10, 13, 36, 22, 24, 23, 26, 25, 31, 32, 34, 38, 2, 3, 0, 19, 28, 27, 30, 33, 15, 6, 7, 5, 8, 9, 11, 16, 29, 1, 35, 4, 18, 17, 14];2059.0
[21, 22, 20, 12, 11, 15, 8, 37, 9, 5, 7, 6, 19, 17, 18, 13, 10, 14, 16, 32, 33, 29, 28, 27, 26, 23, 25, 30, 31, 34, 38, 35, 4, 2, 3, 0, 1, 24, 36];2120.0
[10, 17, 19, 18, 1, 38, 32, 25, 31, 34, 3, 16, 14, 11, 0, 28, 27, 23, 30, 33, 29, 37, 9, 12, 15, 8, 5, 7, 6, 2, 4, 35, 26, 24, 22, 36, 21, 20, 13];2197.0
[10, 29, 31, 32, 30, 33, 26, 27, 20, 14, 18, 17, 19, 28, 23, 24, 22, 36, 21, 25, 34, 5, 7, 6, 2, 4, 3, 13, 12, 16, 0, 1, 35, 38, 15, 9, 8, 11, 37];2382.0
[2, 3, 18, 19, 17, 27, 22, 24, 25, 31, 34, 38, 4, 35, 32, 33, 30, 1, 15, 5, 8, 37, 9, 10, 14, 16, 0, 29, 28, 23, 26, 13, 36, 21, 20, 12, 11, 7, 6];2055.0
[18, 14, 15, 37, 9, 10, 11, 12, 20, 21, 22, 23, 26, 27, 13, 36, 24, 25, 31, 32, 30, 33, 29, 28, 34, 4, 5, 8, 7, 6, 35, 38, 16, 0, 1, 2, 3, 19, 17];1988.0
[27, 11, 15, 5, 6, 7, 37, 8, 12, 36, 21, 22, 20, 13, 10, 9, 16, 14, 17, 18, 0, 19, 1, 2, 3, 4, 35, 32, 30, 31, 34, 38, 33, 29, 28, 23, 24, 25, 26];2034.0
[7, 5, 10, 31, 32, 33, 27, 22, 13, 12, 11, 8, 14, 18, 17, 19, 28, 23, 26, 34, 3, 15, 6, 4, 35, 38, 2, 16, 0, 1, 29, 30, 25, 24, 36, 21, 20, 37, 9];2272.0
[23, 26, 27, 28, 13, 10, 12, 1, 38, 35, 34, 4, 5, 37, 9, 8, 6, 7, 2, 3, 15, 11, 16, 14, 18, 17, 19, 0, 29, 33, 30, 31, 32, 25, 36, 21, 20, 22, 24];2129.0
[1, 35, 38, 0, 14, 37, 10, 16, 30, 31, 34, 4, 5, 9, 8, 11, 15, 7, 6, 2, 3, 22, 36, 21, 17, 19, 18, 29, 32, 33, 28, 27, 24, 23, 25, 26, 20, 13, 12];2344.0
[2, 3, 16, 8, 5, 6, 30, 31, 32, 25, 23, 24, 36, 1, 4, 37, 9, 10, 17, 18, 19, 22, 21, 20, 13, 12, 11, 14, 15, 7, 35, 33, 29, 0, 28, 27, 26, 34, 38];2354.0
[21, 15, 7, 6, 35, 28, 27, 22, 20, 11, 37, 8, 14, 16, 1, 3, 19, 17, 18, 2, 4, 5, 9, 10, 12, 13, 25, 31, 32, 34, 38, 0, 29, 30, 33, 26, 23, 24, 36];2100.0
[13, 12, 11, 18, 17, 19, 30, 34, 38, 35, 4, 2, 0, 28, 20, 15, 6, 7, 5, 8, 37, 9, 10, 27, 22, 36, 21, 25, 31, 32, 33, 26, 23, 24, 29, 1, 3, 16, 14];2145.0
[33, 29, 0, 1, 4, 2, 3, 15, 11, 14, 17, 31, 32, 19, 18, 28, 27, 36, 20, 21, 22, 25, 26, 23, 24, 13, 10, 12, 37, 9, 8, 5, 6, 7, 16, 30, 34, 38, 35];2165.0
[27, 20, 16, 0, 1, 15, 6, 35, 32, 33, 26, 30, 38, 4, 7, 5, 17, 19, 18, 14, 13, 12, 21, 22, 36, 24, 23, 25, 31, 34, 2, 3, 11, 37, 8, 9, 10, 29, 28];2206.0
[28, 27, 23, 25, 24, 36, 20, 15, 6, 7, 5, 8, 11, 14, 37, 9, 35, 4, 10, 12, 13, 16, 0, 29, 1, 3, 22, 21, 26, 30, 31, 32, 33, 34, 38, 2, 19, 17, 18];2251.0
[17, 19, 18, 15, 11, 16, 0, 1, 38, 35, 2, 3, 29, 28, 27, 23, 24, 36, 21, 22, 26, 30, 33, 31, 25, 32, 34, 4, 5, 6, 7, 12, 20, 13, 10, 37, 9, 8, 14];1959.0
[9, 14, 17, 18, 29, 30, 26, 25, 31, 32, 34, 38, 35, 33, 28, 27, 22, 23, 24, 21, 10, 12, 11, 13, 36, 20, 1, 2, 3, 19, 16, 0, 15, 6, 7, 4, 5, 8, 37];2063.0
[0, 28, 27, 34, 38, 4, 35, 5, 7, 6, 2, 3, 18, 19, 1, 15, 8, 29, 31, 32, 30, 33, 17, 14, 37, 9, 10, 13, 36, 21, 20, 22, 23, 24, 25, 26, 12, 11, 16];2181.0
[22, 23, 24, 25, 31, 15, 5, 6, 7, 4, 2, 16, 14, 37, 8, 9, 10, 12, 11, 29, 33, 30, 32, 34, 38, 35, 1, 3, 0, 19, 17, 18, 28, 26, 27, 20, 13, 36, 21];2058.0
[4, 33, 28, 27, 23, 26, 24, 36, 13, 10, 14, 16, 1, 3, 18, 19, 17, 29, 30, 34, 35, 38, 15, 6, 7, 5, 12, 21, 25, 31, 32, 22, 20, 37, 8, 9, 11, 0, 2];2298.0
[6, 34, 23, 24, 25, 26, 27, 20, 37, 9, 10, 8, 11, 14, 17, 18, 19, 2, 4, 35, 33, 30, 31, 32, 22, 36, 21, 16, 0, 1, 38, 3, 29, 28, 13, 12, 15, 7, 5];2202.0
[13, 36, 20, 29, 33, 30, 26, 23, 25, 31, 32, 34, 4, 7, 6, 35, 38, 3, 0, 19, 17, 18, 28, 27, 24, 21, 22, 16, 1, 2, 5, 8, 37, 9, 10, 14, 15, 11, 12];2073.0
[27, 24, 25, 26, 20, 11, 37, 8, 6, 7, 9, 10, 14, 16, 1, 38, 35, 4, 19, 17, 18, 15, 5, 12, 13, 22, 36, 21, 23, 34, 2, 3, 0, 29, 30, 31, 32, 33, 28];2160.0
[10, 12, 21, 22, 20, 13, 36, 14, 17, 18, 26, 30, 34, 2, 15, 9, 8, 0, 1, 3, 38, 35, 33, 29, 4, 5, 6, 7, 11, 28, 27, 24, 23, 25, 31, 32, 19, 16, 37];2230.0
[38, 3, 28, 22, 21, 23, 25, 26, 30, 31, 32, 33, 24, 36, 20, 11, 14, 17, 18, 15, 8, 37, 9, 12, 13, 10, 1, 2, 4, 6, 7, 5, 16, 0, 19, 29, 27, 34, 35];2107.0
[17, 18, 30, 26, 33, 14, 12, 13, 36, 20, 15, 7, 5, 10, 11, 1, 38, 2, 3, 0, 16, 19, 29, 28, 27, 21, 22, 24, 23, 25, 31, 32, 34, 35, 6, 4, 37, 9, 8];2201.0
[3, 19, 18, 29, 30, 25, 31, 32, 33, 0, 15, 8, 5, 6, 7, 11, 12, 13, 20, 16, 17, 14, 37, 9, 10, 28, 27, 23, 24, 36, 21, 22, 26, 34, 38, 35, 4, 1, 2];2101.0
[38, 35, 26, 27, 24, 36, 21, 16, 28, 22, 20, 11, 37, 9, 5, 8, 14, 17, 31, 25, 32, 33, 29, 10, 12, 13, 23, 30, 34, 2, 15, 7, 6, 4, 3, 0, 18, 19, 1];2407.0
[9, 10, 1, 38, 35, 33, 30, 31, 32, 34, 7, 6, 2, 4, 3, 19, 18, 17, 15, 5, 16, 29, 0, 28, 27, 21, 22, 26, 23, 25, 24, 36, 20, 11, 14, 13, 12, 8, 37];2133.0
[21, 23, 24, 36, 13, 10, 15, 5, 6, 7, 8, 11, 14, 17, 18, 19, 16, 0, 27, 20, 12, 37, 9, 1, 3, 38, 2, 4, 35, 32, 34, 33, 29, 28, 30, 31, 25, 26, 22];1989.0
[17, 19, 18, 28, 24, 23, 25, 31, 32, 30, 33, 29, 1, 38, 3, 15, 8, 37, 9, 10, 12, 13, 36, 21, 26, 34, 35, 27, 22, 20, 16, 0, 2, 4, 5, 6, 7, 11, 14];2018.0
[17, 14, 15, 5, 6, 7, 8, 11, 16, 1, 3, 0, 13, 36, 22, 21, 20, 29, 28, 27, 31, 32, 34, 38, 2, 35, 4, 37, 9, 10, 12, 23, 24, 25, 26, 30, 33, 19, 18];2015.0
[10, 2, 4, 30, 26, 28, 27, 22, 23, 24, 25, 31, 32, 34, 3, 0, 29, 1, 38, 35, 33, 13, 36, 21, 20, 12, 11, 15, 5, 6, 7, 8, 14, 17, 18, 19, 16, 37, 9];1987.0
[7, 4, 5, 6, 32, 31, 25, 26, 30, 17, 18, 14, 12, 13, 36, 21, 11, 37, 9, 8, 10, 16, 0, 1, 38, 2, 3, 19, 28, 27, 24, 23, 34, 35, 33, 29, 22, 20, 15];2222.0
[21, 13, 12, 7, 6, 4, 35, 33, 30, 31, 32, 34, 38, 2, 15, 5, 37, 9, 8, 10, 11, 14, 29, 28, 20, 16, 1, 3, 0, 19, 18, 17, 27, 23, 25, 26, 24, 36, 22];1989.0
[26, 27, 0, 19, 17, 18, 14, 11, 12, 21, 20, 22, 23, 24, 25, 32, 31, 33, 29, 1, 3, 37, 9, 10, 30, 34, 38, 35, 4, 2, 15, 5, 6, 7, 8, 16, 28, 13, 36];2249.0
[18, 17, 19, 24, 25, 31, 34, 3, 37, 9, 10, 12, 16, 28, 30, 32, 33, 15, 7, 6, 38, 35, 29, 20, 21, 22, 23, 26, 27, 13, 36, 11, 0, 1, 2, 4, 5, 8, 14];2337.0
[9, 8, 11, 15, 7, 6, 4, 5, 14, 17, 28, 13, 36, 0, 16, 37, 10, 12, 21, 24, 23, 25, 31, 32, 29, 19, 18, 1, 38, 35, 33, 30, 26, 34, 2, 3, 27, 22, 20];2227.0
[0, 34, 38, 35, 2, 4, 30, 33, 29, 28, 27, 22, 21, 23, 24, 25, 26, 37, 6, 7, 9, 10, 12, 14, 17, 20, 13, 36, 31, 32, 19, 18, 1, 3, 15, 5, 8, 11, 16];2346.0
[2, 3, 29, 27, 30, 34, 7, 6, 35, 38, 4, 5, 0, 17, 18, 19, 28, 23, 26, 24, 21, 22, 25, 31, 32, 33, 20, 13, 36, 11, 14, 16, 15, 8, 37, 9, 10, 12, 1];2194.0
[23, 24, 36, 11, 16, 17, 14, 37, 9, 31, 32, 33, 1, 38, 3, 19, 18, 15, 6, 2, 4, 7, 5, 8, 12, 20, 13, 10, 0, 29, 25, 26, 30, 34, 35, 28, 27, 22, 21];2345.0
[20, 13, 10, 12, 21, 22, 11, 15, 5, 7, 6, 4, 35, 38, 33, 29, 30, 34, 2, 3, 0, 16, 14, 37, 9, 8, 17, 18, 19, 1, 28, 27, 31, 32, 26, 23, 25, 24, 36];1957.0
[36, 21, 20, 37, 9, 8, 5, 7, 6, 4, 35, 29, 28, 27, 31, 32, 33, 26, 23, 25, 24, 22, 10, 11, 14, 17, 18, 19, 30, 34, 38, 2, 1, 3, 16, 0, 15, 12, 13];1973.0
[2, 3, 19, 0, 28, 26, 27, 22, 23, 24, 25, 31, 32, 1, 29, 30, 33, 15, 8, 5, 14, 17, 18, 16, 11, 12, 13, 36, 21, 20, 37, 10, 9, 6, 7, 4, 35, 34, 38];2099.0
[8, 9, 29, 27, 28, 23, 26, 20, 13, 10, 11, 17, 19, 18, 1, 38, 35, 2, 3, 0, 14, 16, 15, 6, 4, 7, 5, 12, 21, 22, 31, 32, 34, 33, 30, 25, 24, 36, 37];2245.0
[25, 26, 27, 22, 20, 37, 8, 15, 7, 6, 34, 33, 28, 13, 10, 9, 11, 14, 17, 16, 0, 1, 38, 35, 2, 3, 19, 18, 29, 4, 5, 12, 36, 21, 31, 32, 30, 23, 24];2279.0
[3, 28, 24, 36, 21, 11, 37, 9, 8, 31, 32, 27, 13, 10, 12, 22, 23, 25, 26, 20, 15, 5, 7, 14, 17, 19, 18, 16, 0, 1, 4, 6, 35, 33, 29, 30, 34, 38, 2];2321.0
[13, 12, 10, 9, 8, 16, 19, 31, 32, 33, 30, 34, 35, 38, 3, 29, 28, 23, 25, 24, 26, 1, 15, 6, 4, 2, 0, 27, 22, 20, 11, 37, 5, 7, 14, 17, 18, 36, 21];2409.0
[5, 8, 11, 15, 7, 6, 30, 26, 27, 20, 13, 12, 37, 9, 10, 16, 0, 1, 35, 32, 33, 29, 19, 18, 17, 14, 28, 36, 21, 22, 23, 24, 25, 31, 34, 38, 3, 2, 4];1964.0
[12, 16, 17, 19, 18, 14, 15, 8, 0, 29, 31, 32, 34, 2, 4, 5, 7, 6, 28, 27, 22, 37, 9, 11, 3, 1, 38, 35, 33, 30, 26, 23, 25, 24, 36, 21, 20, 13, 10];2021.0
[23, 25, 26, 34, 3, 0, 19, 29, 28, 27, 22, 21, 20, 15, 8, 7, 5, 6, 4, 2, 16, 37, 9, 10, 1, 38, 35, 33, 30, 31, 32, 18, 17, 14, 11, 12, 13, 36, 24];2014.0
[5, 8, 0, 16, 29, 31, 32, 34, 33, 28, 13, 12, 9, 10, 11, 14, 17, 19, 18, 1, 35, 38, 2, 4, 3, 15, 6, 7, 30, 26, 23, 24, 36, 21, 25, 27, 22, 20, 37];2218.0
[14, 17, 19, 18, 4, 7, 5, 8, 10, 15, 6, 34, 33, 28, 27, 31, 32, 20, 13, 12, 37, 9, 16, 1, 38, 35, 2, 3, 0, 29, 30, 26, 23, 24, 25, 36, 22, 21, 11];2269.0
[8, 26, 23, 25, 31, 1, 2, 4, 5, 11, 16, 0, 9, 10, 15, 7, 6, 3, 29, 28, 27, 22, 21, 20, 14, 17, 19, 18, 30, 32, 34, 38, 35, 33, 24, 36, 13, 12, 37];2267.0
[28, 27, 32, 33, 30, 31, 25, 26, 34, 38, 35, 4, 2, 3, 15, 6, 7, 5, 8, 23, 24, 36, 21, 12, 11, 16, 0, 29, 22, 20, 13, 10, 37, 9, 14, 17, 18, 19, 1];2011.0
[34, 2, 3, 1, 0, 16, 19, 29, 28, 23, 25, 31, 32, 33, 26, 27, 20, 11, 14, 17, 18, 4, 5, 8, 12, 13, 36, 21, 24, 22, 37, 9, 10, 15, 7, 6, 38, 35, 30];2107.0
[24, 36, 21, 15, 5, 6, 7, 4, 35, 33, 30, 31, 32, 34, 20, 13, 10, 12, 17, 19, 18, 14, 37, 8, 9, 11, 1, 2, 3, 38, 0, 16, 29, 28, 27, 22, 25, 26, 23];2059.0
[13, 24, 23, 31, 34, 35, 38, 2, 3, 0, 18, 19, 17, 14, 15, 5, 7, 6, 4, 32, 25, 26, 30, 33, 29, 1, 16, 11, 28, 27, 22, 36, 21, 20, 37, 9, 8, 10, 12];1973.0
[32, 34, 2, 16, 11, 14, 1, 3, 38, 35, 33, 29, 0, 19, 18, 17, 21, 36, 20, 13, 10, 12, 37, 9, 15, 7, 6, 4, 5, 8, 28, 27, 22, 23, 25, 24, 26, 30, 31];2063.0
[38, 35, 33, 22, 20, 13, 12, 11, 37, 8, 9, 10, 1, 3, 0, 16, 28, 27, 26, 23, 24, 25, 31, 32, 30, 34, 29, 19, 18, 17, 14, 36, 21, 15, 5, 7, 6, 2, 4];2067.0
[38, 4, 7, 6, 2, 13, 36, 8, 37, 9, 10, 12, 16, 14, 17, 18, 0, 19, 3, 29, 30, 26, 20, 11, 15, 5, 28, 27, 21, 22, 23, 24, 25, 31, 32, 34, 33, 1, 35];2238.0
[5, 8, 10, 12, 16, 0, 29, 28, 20, 13, 36, 14, 15, 7, 6, 34, 2, 3, 27, 22, 21, 11, 37, 9, 17, 18, 19, 26, 23, 24, 25, 30, 31, 32, 33, 1, 38, 35, 4];2130.0
[33, 23, 24, 36, 26, 30, 32, 28, 27, 29, 16, 0, 14, 13, 10, 1, 2, 4, 6, 7, 5, 11, 19, 18, 17, 15, 37, 9, 8, 12, 21, 20, 22, 25, 31, 34, 38, 3, 35];2321.0
[21, 13, 10, 1, 4, 2, 3, 0, 16, 25, 31, 34, 38, 33, 30, 26, 27, 23, 24, 36, 5, 7, 6, 35, 32, 29, 19, 28, 22, 20, 37, 8, 9, 11, 14, 17, 18, 15, 12];2375.0
[23, 24, 36, 21, 20, 8, 5, 7, 6, 0, 1, 38, 32, 34, 3, 15, 37, 9, 10, 11, 16, 14, 13, 12, 22, 28, 27, 25, 31, 29, 18, 17, 19, 2, 4, 35, 33, 30, 26];2210.0
