ftv47
[26, 22, 42, 41, 19, 44, 0, 25, 1, 9, 33, 27, 28, 10, 18, 17, 13, 34, 35, 15, 16, 45, 39, 21, 40, 20, 37, 38, 46, 36, 14, 23, 12, 6, 24, 4, 29, 30, 8, 11, 32, 7, 31, 5, 3, 2, 43, 47];2194.0;2608.0205479452056;6866674.506849315;354.0;8794.0;146.0
[27, 29, 30, 5, 31, 10, 11, 38, 37, 21, 20, 18, 13, 46, 36, 14, 15, 16, 17, 12, 2, 41, 43, 22, 42, 28, 3, 8, 32, 7, 23, 34, 35, 45, 39, 19, 44, 0, 25, 40, 47, 26, 1, 24, 4, 6, 9, 33];2370.0
[31, 4, 29, 30, 5, 6, 8, 11, 10, 0, 25, 18, 13, 34, 39, 21, 40, 41, 43, 20, 37, 38, 17, 46, 36, 14, 16, 12, 7, 23, 35, 45, 1, 9, 3, 24, 33, 27, 28, 2, 42, 47, 26, 22, 19, 44, 15, 32];2447.0
[22, 41, 43, 47, 40, 20, 38, 46, 36, 14, 34, 35, 16, 45, 21, 26, 9, 3, 33, 6, 24, 4, 29, 30, 37, 39, 19, 44, 15, 23, 32, 10, 0, 25, 1, 11, 8, 7, 31, 5, 18, 17, 13, 12, 27, 28, 2, 42];2540.0
[10, 37, 47, 19, 44, 39, 21, 36, 14, 35, 15, 16, 17, 46, 45, 20, 38, 13, 34, 23, 12, 32, 9, 33, 2, 42, 22, 41, 43, 40, 26, 1, 27, 28, 6, 8, 11, 0, 25, 18, 7, 31, 5, 4, 3, 24, 29, 30];2465.0
[15, 16, 45, 0, 1, 25, 18, 12, 13, 35, 14, 34, 23, 32, 7, 31, 6, 8, 11, 37, 38, 19, 44, 39, 21, 40, 47, 41, 43, 22, 26, 42, 10, 9, 33, 24, 29, 30, 5, 4, 27, 28, 3, 2, 20, 17, 46, 36];2445.0
[4, 8, 11, 18, 17, 45, 37, 38, 22, 41, 19, 44, 15, 39, 21, 47, 26, 42, 40, 20, 16, 14, 35, 34, 13, 46, 36, 23, 12, 6, 9, 33, 2, 43, 1, 10, 32, 7, 31, 5, 29, 30, 0, 25, 28, 3, 27, 24];2508.0
[7, 31, 30, 5, 33, 27, 3, 36, 23, 12, 6, 0, 25, 2, 42, 28, 4, 8, 11, 18, 34, 13, 35, 14, 15, 44, 19, 20, 38, 22, 41, 43, 1, 9, 24, 29, 10, 37, 16, 17, 46, 45, 39, 21, 40, 47, 26, 32];2801.0
[30, 5, 10, 0, 46, 36, 45, 38, 47, 41, 22, 20, 15, 16, 12, 24, 4, 29, 6, 9, 33, 27, 3, 28, 2, 43, 42, 25, 37, 39, 19, 44, 21, 40, 26, 1, 8, 11, 18, 17, 7, 23, 34, 35, 14, 13, 32, 31];2597.0
[19, 39, 20, 10, 32, 31, 5, 0, 25, 37, 38, 18, 21, 47, 44, 15, 16, 7, 30, 29, 3, 24, 4, 33, 2, 41, 43, 22, 42, 40, 26, 1, 34, 13, 35, 23, 12, 9, 27, 28, 6, 8, 11, 17, 46, 36, 14, 45];2689.0
[40, 20, 19, 44, 15, 35, 14, 23, 34, 46, 36, 16, 47, 26, 1, 11, 8, 32, 3, 2, 41, 43, 22, 42, 30, 5, 10, 18, 45, 38, 0, 25, 17, 13, 12, 7, 31, 4, 29, 24, 6, 9, 33, 27, 28, 37, 39, 21];2553.0
[33, 9, 27, 28, 2, 41, 43, 42, 22, 40, 47, 13, 34, 35, 14, 23, 12, 6, 3, 24, 4, 0, 25, 1, 10, 11, 8, 32, 7, 31, 29, 30, 5, 37, 15, 19, 44, 20, 38, 18, 46, 36, 16, 17, 45, 39, 21, 26];2401.0
[38, 47, 26, 11, 8, 9, 33, 6, 0, 18, 17, 12, 7, 23, 34, 35, 14, 44, 15, 46, 36, 13, 32, 31, 27, 28, 30, 5, 29, 2, 19, 20, 16, 45, 39, 41, 43, 22, 21, 40, 42, 25, 1, 10, 24, 4, 3, 37];2843.0
[18, 17, 14, 15, 44, 12, 32, 6, 10, 19, 20, 37, 38, 31, 5, 23, 34, 13, 46, 36, 16, 45, 39, 21, 42, 28, 24, 29, 30, 4, 3, 2, 41, 43, 22, 40, 47, 26, 1, 33, 9, 27, 0, 25, 11, 8, 7, 35];2789.0
[16, 45, 20, 24, 3, 8, 11, 25, 1, 18, 17, 13, 12, 9, 33, 27, 2, 4, 29, 30, 5, 10, 0, 47, 41, 43, 22, 38, 46, 36, 14, 23, 34, 35, 39, 19, 44, 21, 40, 26, 42, 28, 32, 7, 31, 6, 37, 15];2637.0
[26, 22, 42, 41, 19, 44, 0, 25, 1, 9, 33, 27, 28, 10, 18, 17, 13, 34, 35, 15, 16, 45, 39, 21, 40, 20, 37, 38, 46, 36, 14, 23, 12, 6, 24, 4, 29, 30, 8, 11, 32, 7, 31, 5, 3, 2, 43, 47];2194.0
[35, 16, 45, 21, 40, 20, 37, 38, 11, 8, 9, 33, 3, 6, 24, 29, 4, 30, 10, 0, 18, 44, 15, 19, 39, 47, 26, 41, 42, 25, 1, 27, 28, 2, 43, 22, 31, 5, 7, 23, 13, 34, 46, 36, 14, 17, 12, 32];2622.0
[10, 9, 3, 24, 4, 29, 33, 27, 2, 28, 8, 11, 0, 25, 22, 44, 15, 13, 34, 46, 36, 17, 12, 32, 30, 31, 5, 6, 37, 19, 20, 38, 7, 23, 35, 14, 16, 18, 45, 39, 21, 41, 43, 42, 40, 47, 26, 1];2466.0
[9, 24, 4, 3, 33, 27, 2, 43, 41, 19, 44, 20, 38, 18, 17, 45, 21, 22, 40, 47, 26, 1, 0, 25, 13, 34, 35, 39, 42, 28, 29, 30, 5, 31, 8, 7, 46, 36, 15, 16, 14, 23, 12, 32, 6, 10, 11, 37];2536.0
[14, 34, 23, 46, 36, 15, 16, 45, 20, 38, 47, 22, 26, 1, 11, 8, 32, 24, 4, 29, 30, 5, 0, 39, 21, 40, 18, 12, 7, 31, 6, 10, 37, 44, 19, 9, 27, 28, 3, 33, 2, 41, 43, 42, 25, 17, 13, 35];2521.0
[27, 3, 37, 39, 20, 38, 11, 6, 8, 10, 18, 46, 36, 17, 12, 32, 34, 23, 7, 31, 5, 4, 2, 47, 26, 42, 22, 41, 43, 28, 24, 29, 30, 0, 1, 25, 19, 44, 15, 45, 16, 13, 35, 14, 21, 40, 9, 33];2728.0
[44, 19, 39, 41, 43, 42, 24, 30, 5, 31, 7, 23, 34, 35, 21, 40, 28, 2, 3, 9, 33, 27, 4, 29, 10, 22, 47, 26, 1, 11, 8, 32, 6, 0, 25, 18, 17, 45, 20, 38, 37, 16, 12, 13, 46, 36, 14, 15];2587.0
[12, 46, 16, 36, 14, 13, 34, 35, 15, 44, 19, 20, 38, 22, 41, 43, 42, 10, 9, 33, 27, 3, 37, 18, 17, 45, 39, 21, 40, 26, 11, 8, 32, 6, 24, 4, 30, 5, 31, 0, 1, 25, 47, 28, 2, 29, 7, 23];2529.0
[14, 16, 17, 34, 13, 46, 23, 12, 32, 47, 22, 43, 42, 29, 30, 31, 5, 7, 35, 15, 18, 45, 21, 40, 20, 38, 37, 10, 9, 33, 27, 28, 2, 41, 44, 19, 39, 26, 6, 3, 24, 4, 8, 11, 0, 25, 1, 36];2647.0
[20, 38, 47, 26, 22, 42, 2, 28, 6, 10, 9, 33, 27, 3, 24, 4, 29, 31, 30, 5, 8, 11, 18, 45, 44, 15, 35, 14, 16, 17, 34, 13, 46, 36, 23, 7, 12, 32, 41, 43, 1, 0, 25, 37, 39, 19, 21, 40];2427.0
[17, 45, 41, 43, 42, 28, 2, 22, 47, 26, 9, 33, 27, 6, 8, 32, 7, 31, 4, 29, 3, 24, 30, 5, 10, 35, 15, 16, 14, 23, 12, 13, 34, 46, 36, 39, 21, 40, 0, 25, 1, 11, 38, 37, 19, 44, 20, 18];2532.0
[35, 34, 32, 10, 0, 47, 26, 1, 25, 37, 38, 18, 17, 12, 9, 33, 27, 28, 2, 43, 22, 40, 20, 11, 8, 6, 24, 4, 3, 45, 39, 21, 41, 42, 29, 30, 5, 31, 7, 23, 13, 46, 36, 14, 16, 19, 44, 15];2421.0
[10, 9, 33, 27, 3, 8, 32, 34, 35, 14, 23, 12, 7, 31, 5, 6, 24, 2, 43, 42, 28, 4, 29, 30, 11, 26, 1, 0, 25, 37, 18, 17, 21, 40, 47, 22, 16, 45, 20, 39, 41, 19, 44, 15, 13, 46, 36, 38];2636.0
[18, 17, 12, 32, 6, 31, 7, 23, 8, 11, 10, 9, 27, 2, 19, 39, 44, 24, 3, 33, 13, 35, 14, 34, 46, 36, 15, 16, 45, 21, 40, 26, 42, 41, 43, 28, 4, 29, 30, 5, 37, 38, 47, 22, 20, 0, 1, 25];2731.0
[37, 21, 26, 22, 40, 20, 36, 14, 15, 16, 12, 7, 23, 46, 35, 45, 18, 17, 34, 13, 32, 24, 30, 31, 5, 4, 29, 2, 28, 8, 11, 47, 41, 43, 42, 39, 44, 19, 38, 0, 1, 25, 33, 9, 27, 3, 6, 10];2641.0
[14, 35, 23, 34, 13, 46, 15, 16, 17, 12, 0, 47, 26, 28, 2, 44, 19, 20, 11, 32, 7, 31, 30, 5, 9, 33, 27, 6, 8, 45, 39, 21, 40, 22, 41, 43, 42, 1, 24, 29, 4, 3, 10, 37, 38, 25, 18, 36];2546.0
[24, 4, 2, 43, 20, 38, 47, 26, 22, 42, 1, 11, 37, 19, 39, 21, 40, 41, 44, 15, 16, 18, 17, 46, 36, 29, 30, 13, 34, 12, 32, 31, 5, 6, 10, 8, 9, 33, 27, 3, 7, 23, 35, 14, 45, 0, 25, 28];2720.0
[0, 47, 41, 43, 42, 28, 3, 29, 30, 31, 5, 6, 8, 11, 18, 32, 10, 9, 2, 22, 40, 26, 1, 25, 37, 39, 19, 44, 21, 20, 38, 17, 13, 34, 35, 14, 15, 16, 12, 24, 4, 33, 27, 7, 23, 46, 36, 45];2481.0
[16, 18, 17, 32, 33, 27, 13, 34, 23, 12, 8, 11, 37, 38, 47, 26, 3, 30, 5, 22, 21, 40, 1, 9, 28, 2, 41, 43, 42, 10, 6, 24, 4, 29, 31, 7, 46, 39, 44, 19, 20, 0, 25, 36, 45, 15, 35, 14];3017.0
[38, 34, 23, 12, 32, 30, 5, 4, 29, 3, 27, 28, 2, 42, 19, 44, 21, 41, 43, 22, 40, 47, 10, 8, 11, 13, 46, 36, 14, 15, 35, 16, 45, 39, 26, 9, 33, 24, 6, 18, 17, 7, 31, 0, 1, 25, 20, 37];2585.0
[19, 20, 0, 25, 26, 1, 10, 8, 11, 37, 38, 46, 36, 14, 35, 23, 12, 32, 33, 27, 24, 3, 6, 39, 21, 47, 9, 28, 2, 43, 42, 40, 22, 41, 44, 15, 13, 34, 7, 31, 4, 29, 30, 5, 18, 17, 45, 16];2599.0
[35, 14, 13, 46, 15, 16, 45, 12, 32, 6, 39, 21, 26, 28, 4, 29, 2, 43, 40, 47, 22, 42, 9, 33, 27, 3, 24, 41, 44, 19, 20, 38, 37, 11, 8, 10, 0, 1, 25, 18, 17, 36, 23, 7, 30, 31, 5, 34];2747.0
[41, 43, 42, 12, 32, 47, 26, 1, 0, 25, 37, 38, 10, 24, 29, 30, 5, 6, 8, 11, 9, 33, 3, 27, 28, 44, 19, 39, 21, 40, 22, 20, 18, 17, 36, 14, 34, 13, 46, 16, 45, 15, 35, 23, 7, 31, 4, 2];2605.0
[29, 30, 5, 7, 23, 12, 32, 31, 4, 2, 43, 42, 11, 8, 9, 33, 18, 17, 45, 39, 21, 26, 27, 28, 3, 10, 0, 47, 22, 41, 19, 44, 20, 37, 38, 40, 16, 14, 35, 34, 13, 46, 36, 15, 25, 1, 6, 24];2663.0
[21, 40, 9, 33, 27, 28, 3, 24, 4, 29, 30, 5, 31, 10, 8, 32, 7, 23, 6, 2, 41, 43, 22, 44, 19, 20, 0, 1, 25, 47, 26, 42, 18, 17, 46, 36, 35, 14, 34, 13, 12, 38, 11, 37, 15, 16, 45, 39];2413.0
[8, 10, 6, 9, 33, 2, 22, 41, 43, 20, 16, 14, 23, 34, 35, 15, 19, 44, 12, 32, 24, 4, 27, 3, 7, 31, 37, 38, 0, 25, 26, 42, 28, 29, 30, 5, 18, 17, 13, 46, 36, 45, 39, 21, 40, 47, 1, 11];2531.0
[21, 22, 40, 25, 47, 26, 1, 9, 33, 27, 3, 4, 2, 41, 43, 42, 28, 24, 29, 30, 0, 37, 38, 18, 17, 12, 32, 6, 31, 5, 10, 8, 11, 7, 23, 13, 15, 44, 19, 20, 46, 36, 34, 35, 14, 16, 45, 39];2388.0
[7, 31, 5, 13, 34, 12, 6, 0, 25, 47, 22, 19, 44, 41, 42, 1, 11, 8, 10, 27, 28, 3, 18, 17, 14, 35, 23, 32, 9, 33, 2, 43, 20, 38, 37, 45, 39, 21, 40, 26, 24, 4, 29, 30, 46, 36, 15, 16];2855.0
[36, 35, 14, 34, 13, 12, 9, 2, 43, 22, 41, 33, 27, 28, 3, 0, 25, 11, 18, 7, 23, 46, 21, 40, 47, 26, 42, 1, 37, 38, 20, 39, 19, 44, 15, 16, 45, 10, 6, 24, 4, 29, 30, 8, 32, 31, 5, 17];2695.0
[13, 35, 14, 18, 17, 7, 31, 29, 30, 5, 6, 10, 9, 33, 27, 3, 8, 32, 46, 36, 45, 39, 21, 26, 11, 24, 4, 0, 1, 25, 28, 2, 42, 40, 47, 41, 43, 22, 20, 38, 37, 19, 44, 15, 16, 34, 23, 12];2476.0
[11, 25, 1, 10, 24, 29, 5, 6, 37, 38, 0, 9, 33, 41, 21, 40, 20, 19, 18, 17, 46, 36, 13, 12, 4, 30, 31, 7, 23, 34, 35, 14, 32, 27, 2, 43, 42, 47, 22, 44, 15, 16, 45, 39, 26, 28, 3, 8];2819.0
[19, 44, 39, 21, 40, 10, 37, 0, 1, 25, 47, 26, 22, 41, 43, 20, 38, 46, 36, 16, 32, 9, 33, 27, 28, 6, 7, 23, 34, 13, 12, 2, 42, 24, 4, 3, 29, 30, 31, 5, 8, 11, 18, 17, 35, 14, 15, 45];2503.0
[35, 14, 23, 12, 7, 5, 31, 37, 38, 39, 21, 28, 3, 24, 4, 29, 30, 0, 25, 47, 22, 40, 20, 46, 36, 15, 19, 44, 10, 9, 33, 27, 11, 8, 32, 6, 2, 41, 43, 42, 26, 1, 18, 45, 16, 17, 13, 34];2617.0
[43, 42, 6, 24, 29, 30, 5, 0, 25, 1, 9, 33, 27, 28, 41, 22, 47, 40, 20, 13, 34, 12, 10, 37, 38, 18, 17, 46, 36, 14, 35, 16, 45, 39, 19, 44, 15, 21, 26, 11, 8, 32, 7, 23, 31, 4, 3, 2];2480.0
[27, 2, 41, 43, 20, 38, 18, 17, 7, 31, 5, 44, 19, 21, 40, 47, 22, 42, 1, 37, 13, 46, 36, 14, 23, 34, 35, 15, 16, 45, 39, 11, 8, 24, 29, 4, 30, 12, 32, 10, 0, 25, 26, 28, 3, 6, 9, 33];2550.0
[33, 27, 28, 2, 3, 24, 4, 0, 1, 25, 45, 39, 21, 40, 47, 26, 20, 18, 35, 14, 23, 12, 7, 5, 31, 8, 11, 37, 44, 19, 38, 22, 41, 43, 42, 29, 30, 6, 10, 46, 36, 15, 16, 17, 13, 34, 32, 9];2604.0
[4, 33, 3, 6, 10, 0, 25, 47, 26, 37, 38, 18, 46, 36, 16, 12, 24, 29, 30, 8, 17, 34, 13, 35, 14, 15, 45, 21, 41, 43, 42, 1, 9, 27, 28, 2, 22, 40, 39, 19, 44, 20, 11, 32, 7, 23, 31, 5];2518.0
[11, 8, 7, 34, 23, 12, 32, 6, 10, 37, 38, 22, 40, 47, 26, 42, 41, 43, 29, 30, 31, 5, 4, 3, 24, 18, 17, 39, 44, 19, 20, 16, 14, 35, 21, 2, 28, 33, 9, 27, 13, 46, 36, 15, 45, 0, 1, 25];2865.0
[24, 4, 3, 41, 19, 44, 15, 45, 39, 21, 40, 0, 25, 47, 26, 1, 10, 37, 42, 22, 20, 38, 11, 8, 30, 29, 5, 31, 7, 23, 34, 13, 35, 16, 17, 32, 6, 9, 33, 27, 28, 2, 43, 18, 46, 36, 14, 12];2527.0
[18, 12, 7, 31, 5, 46, 36, 21, 47, 26, 1, 25, 22, 40, 20, 0, 10, 9, 6, 32, 13, 23, 34, 14, 35, 15, 16, 24, 4, 33, 27, 3, 29, 30, 8, 11, 37, 17, 45, 41, 43, 42, 28, 2, 19, 39, 44, 38];2906.0
[3, 32, 34, 13, 16, 45, 21, 47, 26, 18, 46, 36, 35, 14, 23, 24, 4, 27, 28, 2, 42, 41, 43, 22, 19, 39, 40, 20, 38, 11, 8, 29, 5, 30, 6, 10, 0, 25, 1, 37, 44, 15, 17, 12, 7, 31, 9, 33];2656.0
[19, 44, 21, 40, 9, 33, 24, 4, 29, 30, 5, 31, 10, 8, 32, 7, 23, 35, 14, 15, 16, 45, 39, 47, 42, 1, 11, 37, 38, 18, 17, 13, 12, 6, 2, 43, 22, 20, 0, 26, 25, 46, 36, 34, 3, 27, 28, 41];2649.0
[5, 30, 0, 42, 1, 10, 6, 8, 11, 37, 17, 46, 36, 15, 16, 32, 9, 33, 27, 28, 2, 41, 44, 19, 20, 39, 21, 40, 47, 26, 25, 18, 45, 38, 22, 43, 3, 24, 4, 29, 23, 34, 13, 35, 14, 12, 7, 31];2653.0
[40, 42, 22, 19, 44, 15, 23, 35, 45, 39, 20, 38, 10, 6, 8, 24, 4, 29, 30, 32, 7, 31, 5, 37, 47, 26, 11, 0, 25, 1, 9, 33, 27, 3, 18, 17, 34, 12, 13, 46, 36, 14, 16, 21, 28, 2, 41, 43];2549.0
[13, 46, 36, 39, 21, 40, 22, 42, 19, 0, 25, 1, 47, 26, 32, 12, 7, 31, 5, 18, 17, 45, 44, 16, 15, 35, 14, 23, 27, 2, 41, 43, 28, 6, 10, 9, 33, 3, 4, 24, 29, 30, 8, 11, 37, 20, 38, 34];2809.0
[25, 26, 1, 37, 38, 29, 30, 5, 13, 46, 14, 35, 19, 44, 15, 45, 39, 21, 20, 17, 36, 16, 47, 40, 22, 41, 43, 24, 4, 8, 11, 18, 12, 2, 42, 28, 3, 33, 9, 27, 32, 34, 23, 7, 31, 6, 10, 0];2965.0
[18, 46, 15, 13, 34, 12, 32, 24, 4, 3, 33, 27, 17, 36, 14, 35, 23, 7, 31, 5, 6, 39, 19, 44, 38, 37, 1, 11, 0, 25, 9, 28, 2, 41, 21, 47, 26, 42, 43, 22, 40, 20, 16, 45, 8, 29, 30, 10];2785.0
[22, 41, 21, 47, 26, 42, 40, 20, 16, 45, 17, 12, 32, 3, 2, 43, 11, 8, 9, 33, 27, 28, 6, 18, 35, 14, 15, 34, 13, 46, 36, 38, 0, 25, 1, 10, 24, 4, 29, 30, 5, 31, 7, 23, 39, 19, 44, 37];2664.0
[31, 5, 8, 11, 37, 19, 44, 39, 21, 20, 38, 18, 13, 35, 15, 45, 16, 17, 46, 36, 14, 23, 34, 7, 12, 0, 25, 47, 26, 40, 22, 41, 43, 28, 24, 4, 3, 33, 27, 2, 42, 1, 32, 6, 10, 9, 29, 30];2461.0
[9, 27, 36, 35, 14, 16, 45, 39, 19, 44, 15, 20, 38, 18, 17, 13, 12, 7, 23, 34, 46, 21, 40, 47, 26, 41, 43, 22, 42, 29, 30, 5, 31, 6, 10, 37, 0, 25, 1, 11, 8, 32, 3, 2, 28, 24, 4, 33];2424.0
[0, 25, 45, 39, 21, 20, 38, 37, 10, 24, 29, 30, 6, 8, 11, 17, 46, 36, 23, 12, 32, 9, 33, 27, 28, 42, 40, 47, 26, 1, 18, 13, 34, 35, 14, 16, 4, 3, 2, 43, 22, 41, 19, 44, 15, 7, 31, 5];2545.0
[35, 16, 20, 11, 10, 4, 3, 6, 18, 17, 45, 47, 41, 44, 19, 15, 46, 36, 14, 23, 34, 13, 12, 24, 29, 30, 31, 5, 37, 39, 21, 38, 0, 25, 22, 40, 26, 1, 9, 27, 28, 33, 2, 43, 42, 8, 32, 7];2733.0
[19, 20, 38, 11, 8, 6, 24, 4, 29, 30, 32, 13, 23, 34, 35, 0, 1, 25, 18, 12, 7, 31, 5, 37, 47, 22, 26, 28, 3, 10, 17, 46, 36, 14, 39, 21, 40, 9, 33, 27, 2, 42, 41, 43, 44, 15, 16, 45];2647.0
[36, 20, 9, 33, 27, 3, 24, 2, 41, 43, 42, 40, 26, 28, 8, 11, 18, 12, 7, 23, 34, 35, 13, 32, 31, 5, 4, 29, 30, 6, 10, 1, 0, 25, 37, 39, 19, 44, 15, 16, 14, 45, 21, 47, 22, 38, 17, 46];2532.0
[17, 12, 7, 31, 8, 11, 38, 37, 19, 44, 20, 15, 35, 14, 16, 45, 39, 21, 26, 28, 2, 42, 18, 13, 34, 23, 32, 6, 10, 9, 33, 27, 24, 4, 3, 29, 30, 5, 0, 47, 22, 41, 43, 40, 1, 25, 46, 36];2483.0
[33, 27, 28, 0, 25, 1, 18, 34, 13, 46, 35, 45, 20, 40, 47, 26, 22, 37, 12, 7, 23, 16, 17, 32, 24, 29, 30, 6, 11, 8, 9, 2, 43, 42, 4, 3, 10, 36, 14, 15, 44, 39, 21, 41, 19, 38, 31, 5];2939.0
[9, 33, 27, 8, 11, 37, 38, 40, 0, 25, 47, 26, 1, 18, 46, 36, 16, 45, 44, 15, 17, 34, 35, 14, 21, 42, 28, 30, 5, 4, 3, 24, 29, 2, 43, 22, 41, 39, 19, 20, 10, 7, 23, 13, 12, 32, 31, 6];2542.0
[35, 45, 0, 25, 18, 46, 36, 14, 15, 16, 17, 4, 29, 27, 3, 37, 39, 21, 40, 20, 38, 11, 10, 9, 33, 28, 2, 43, 42, 26, 1, 47, 22, 41, 19, 44, 13, 34, 12, 6, 24, 30, 31, 5, 8, 32, 7, 23];2541.0
[31, 5, 27, 28, 4, 2, 22, 38, 11, 8, 9, 33, 3, 10, 0, 46, 36, 35, 14, 34, 23, 12, 13, 16, 20, 37, 19, 44, 15, 18, 17, 45, 39, 21, 40, 47, 41, 43, 42, 1, 25, 26, 32, 7, 6, 24, 29, 30];2657.0
[28, 3, 46, 36, 14, 16, 45, 19, 44, 15, 17, 13, 12, 32, 6, 8, 7, 23, 33, 27, 29, 30, 5, 31, 10, 11, 0, 25, 37, 38, 47, 26, 1, 9, 24, 4, 2, 43, 41, 22, 20, 18, 34, 35, 39, 21, 40, 42];2581.0
[8, 13, 35, 16, 17, 45, 39, 44, 21, 47, 26, 42, 28, 33, 27, 2, 43, 41, 19, 37, 38, 1, 10, 11, 0, 25, 22, 40, 20, 12, 32, 9, 3, 18, 46, 36, 14, 15, 34, 23, 7, 31, 30, 5, 6, 24, 4, 29];2590.0
[46, 14, 18, 17, 36, 15, 12, 32, 0, 25, 1, 9, 24, 30, 4, 29, 33, 27, 3, 8, 7, 23, 34, 35, 16, 45, 39, 21, 26, 28, 2, 41, 43, 42, 22, 40, 47, 19, 44, 20, 38, 11, 31, 5, 6, 10, 37, 13];2450.0
[9, 33, 2, 43, 42, 28, 24, 29, 30, 4, 27, 3, 8, 7, 23, 31, 5, 10, 11, 37, 38, 18, 17, 6, 0, 25, 26, 1, 46, 36, 19, 44, 15, 16, 13, 34, 35, 14, 45, 39, 21, 47, 41, 22, 40, 20, 12, 32];2577.0
[5, 10, 0, 25, 26, 22, 41, 39, 21, 16, 6, 9, 33, 27, 18, 17, 32, 24, 4, 29, 30, 8, 11, 13, 46, 36, 14, 34, 12, 3, 2, 42, 1, 45, 44, 19, 38, 37, 47, 28, 43, 40, 20, 15, 35, 23, 7, 31];3021.0
[47, 26, 1, 25, 35, 14, 16, 17, 46, 36, 23, 7, 31, 4, 24, 29, 30, 5, 6, 11, 10, 8, 9, 33, 2, 39, 21, 40, 22, 37, 38, 41, 43, 42, 19, 44, 15, 45, 20, 18, 34, 13, 12, 32, 27, 28, 3, 0];2540.0
[6, 11, 8, 32, 24, 4, 30, 31, 5, 7, 12, 37, 47, 26, 28, 2, 43, 22, 40, 41, 42, 1, 0, 25, 18, 46, 36, 35, 14, 23, 13, 34, 15, 19, 44, 21, 20, 16, 17, 45, 39, 38, 10, 9, 27, 29, 3, 33];2638.0
[45, 16, 20, 38, 37, 24, 3, 4, 29, 30, 6, 9, 33, 2, 41, 43, 19, 44, 39, 21, 40, 47, 26, 27, 28, 10, 11, 0, 22, 42, 1, 25, 18, 17, 13, 46, 36, 35, 14, 15, 12, 31, 5, 8, 32, 7, 23, 34];2439.0
[43, 20, 38, 18, 13, 34, 35, 44, 15, 19, 47, 26, 9, 33, 27, 28, 10, 0, 25, 1, 32, 24, 6, 8, 11, 37, 17, 46, 36, 14, 23, 12, 7, 31, 5, 4, 29, 30, 3, 2, 42, 22, 40, 16, 45, 39, 21, 41];2493.0
[29, 30, 5, 6, 8, 11, 37, 21, 40, 41, 43, 42, 22, 13, 32, 0, 25, 47, 26, 1, 18, 36, 16, 45, 39, 20, 38, 10, 9, 27, 28, 3, 24, 4, 33, 2, 19, 44, 15, 17, 46, 14, 35, 34, 23, 12, 7, 31];2489.0
[4, 3, 33, 9, 27, 28, 7, 23, 35, 34, 12, 32, 37, 19, 44, 15, 16, 36, 14, 39, 22, 41, 20, 38, 18, 17, 13, 46, 45, 21, 40, 0, 1, 25, 47, 26, 10, 11, 8, 6, 31, 5, 2, 43, 42, 24, 29, 30];2695.0
[38, 11, 9, 3, 30, 8, 32, 13, 34, 35, 21, 40, 47, 26, 42, 28, 33, 27, 2, 22, 41, 43, 20, 39, 1, 10, 6, 24, 4, 29, 5, 31, 7, 23, 46, 19, 44, 15, 16, 45, 17, 36, 14, 18, 12, 0, 25, 37];2688.0
[31, 5, 8, 0, 25, 47, 41, 2, 43, 22, 40, 20, 18, 17, 46, 36, 14, 34, 13, 35, 45, 21, 26, 42, 1, 37, 38, 11, 32, 9, 33, 27, 28, 3, 6, 24, 4, 29, 30, 10, 39, 19, 44, 15, 16, 23, 12, 7];2322.0
[16, 15, 35, 14, 23, 12, 32, 8, 11, 10, 9, 33, 27, 28, 6, 24, 29, 30, 37, 38, 17, 7, 31, 5, 4, 3, 2, 1, 0, 25, 26, 42, 40, 47, 20, 18, 13, 34, 46, 36, 45, 41, 43, 22, 19, 44, 39, 21];2528.0
[37, 38, 18, 17, 13, 12, 32, 6, 47, 22, 41, 42, 27, 28, 29, 30, 7, 23, 34, 46, 36, 14, 15, 35, 39, 21, 26, 1, 0, 25, 9, 33, 24, 4, 3, 8, 11, 10, 31, 5, 2, 43, 40, 20, 16, 45, 19, 44];2550.0
[7, 23, 35, 14, 15, 16, 45, 17, 12, 32, 31, 29, 30, 5, 6, 24, 4, 3, 0, 47, 26, 22, 41, 43, 42, 25, 1, 37, 38, 18, 34, 13, 46, 36, 44, 19, 20, 11, 10, 33, 9, 27, 2, 39, 21, 40, 28, 8];2498.0
[12, 6, 31, 5, 10, 11, 8, 32, 7, 23, 34, 35, 14, 13, 46, 36, 16, 21, 40, 24, 29, 30, 4, 0, 25, 47, 22, 41, 19, 39, 26, 27, 28, 2, 43, 42, 1, 9, 33, 3, 37, 38, 20, 18, 17, 45, 44, 15];2597.0
[25, 19, 39, 21, 40, 42, 2, 28, 29, 30, 5, 10, 36, 15, 44, 41, 43, 22, 18, 34, 35, 14, 17, 12, 32, 31, 24, 4, 6, 9, 33, 27, 3, 8, 7, 23, 13, 46, 16, 45, 20, 37, 38, 47, 26, 1, 11, 0];2616.0
[24, 29, 30, 5, 31, 32, 7, 23, 12, 10, 18, 17, 45, 21, 42, 28, 2, 41, 43, 13, 46, 36, 14, 34, 35, 15, 16, 0, 25, 26, 1, 37, 38, 47, 22, 40, 39, 19, 44, 20, 11, 8, 9, 33, 4, 3, 27, 6];2544.0
[9, 27, 28, 3, 10, 0, 38, 37, 39, 21, 41, 22, 40, 26, 25, 47, 32, 6, 24, 30, 8, 11, 18, 34, 13, 46, 36, 14, 15, 16, 7, 23, 35, 45, 19, 44, 20, 17, 12, 31, 5, 4, 29, 33, 2, 43, 42, 1];2584.0
[38, 37, 10, 24, 29, 30, 5, 18, 46, 36, 14, 35, 15, 16, 45, 12, 32, 7, 31, 43, 22, 19, 44, 42, 28, 33, 27, 3, 4, 17, 34, 13, 23, 6, 8, 11, 0, 47, 26, 25, 1, 9, 2, 41, 39, 21, 40, 20];2766.0
[45, 17, 7, 31, 5, 8, 11, 19, 44, 21, 40, 9, 3, 24, 4, 33, 27, 28, 0, 47, 22, 41, 2, 43, 42, 10, 32, 6, 29, 30, 23, 12, 46, 39, 26, 1, 25, 20, 38, 37, 18, 36, 14, 15, 13, 34, 35, 16];2849.0
[10, 8, 11, 37, 38, 24, 29, 30, 5, 13, 46, 39, 21, 1, 9, 33, 2, 42, 25, 0, 18, 34, 23, 12, 32, 6, 3, 27, 28, 36, 14, 15, 35, 16, 45, 44, 19, 20, 17, 7, 31, 4, 41, 43, 22, 40, 47, 26];2850.0
[16, 17, 12, 7, 31, 6, 8, 11, 32, 24, 29, 30, 5, 4, 3, 33, 27, 0, 25, 47, 22, 41, 21, 40, 42, 28, 2, 43, 19, 39, 44, 15, 45, 26, 1, 9, 10, 18, 13, 46, 36, 23, 34, 35, 14, 20, 37, 38];2558.0
[17, 46, 36, 12, 24, 4, 3, 8, 11, 38, 22, 21, 40, 0, 25, 47, 26, 1, 9, 33, 27, 32, 7, 31, 6, 37, 39, 19, 44, 15, 16, 20, 18, 13, 23, 34, 35, 14, 45, 41, 43, 2, 42, 28, 29, 30, 5, 10];2715.0
[36, 45, 39, 21, 40, 47, 20, 38, 0, 26, 43, 22, 42, 10, 27, 28, 3, 2, 41, 19, 44, 15, 16, 14, 23, 12, 32, 11, 25, 1, 9, 33, 6, 8, 7, 31, 30, 5, 29, 24, 4, 37, 18, 17, 13, 34, 35, 46];2520.0
[21, 47, 26, 28, 3, 24, 29, 30, 4, 6, 8, 11, 0, 25, 15, 16, 45, 17, 32, 12, 7, 31, 5, 10, 37, 19, 44, 41, 43, 22, 1, 9, 33, 27, 2, 42, 40, 20, 38, 18, 13, 34, 35, 23, 46, 36, 14, 39];2488.0
[11, 8, 9, 27, 2, 28, 24, 4, 29, 30, 5, 3, 33, 6, 10, 37, 38, 0, 47, 41, 43, 18, 12, 32, 31, 7, 23, 46, 36, 14, 35, 15, 44, 19, 39, 21, 40, 26, 22, 42, 1, 25, 17, 13, 34, 16, 45, 20];2345.0
[0, 25, 1, 47, 41, 19, 39, 44, 15, 45, 21, 40, 26, 42, 28, 29, 30, 5, 31, 6, 7, 23, 35, 14, 16, 12, 32, 8, 11, 18, 13, 46, 17, 36, 34, 9, 27, 2, 43, 22, 20, 38, 37, 24, 4, 33, 3, 10];2625.0
[7, 31, 5, 10, 37, 18, 13, 46, 36, 34, 24, 4, 29, 30, 6, 39, 21, 47, 11, 8, 0, 25, 42, 22, 40, 26, 1, 9, 27, 28, 2, 43, 38, 17, 12, 32, 3, 33, 41, 44, 19, 20, 16, 45, 15, 35, 14, 23];2739.0
[11, 47, 26, 28, 2, 3, 24, 4, 29, 30, 5, 45, 39, 21, 40, 20, 19, 44, 15, 16, 35, 23, 7, 31, 0, 22, 41, 43, 42, 1, 25, 37, 38, 46, 36, 14, 34, 13, 12, 10, 18, 17, 32, 9, 33, 27, 6, 8];2536.0
[14, 23, 7, 37, 38, 8, 11, 9, 33, 2, 41, 21, 40, 42, 22, 3, 31, 5, 6, 24, 4, 29, 30, 17, 39, 19, 44, 15, 46, 36, 45, 16, 12, 32, 10, 0, 47, 26, 25, 1, 27, 28, 43, 20, 18, 13, 34, 35];2826.0
[24, 29, 30, 5, 6, 0, 47, 26, 41, 43, 22, 40, 42, 28, 8, 13, 46, 14, 34, 32, 31, 4, 3, 2, 20, 38, 37, 11, 10, 18, 12, 7, 23, 35, 17, 36, 15, 16, 45, 39, 19, 44, 21, 1, 25, 9, 33, 27];2599.0
[28, 37, 39, 21, 1, 9, 2, 44, 19, 20, 38, 46, 36, 23, 34, 13, 12, 32, 10, 35, 15, 16, 45, 41, 43, 40, 0, 25, 47, 26, 22, 42, 11, 18, 14, 17, 7, 31, 6, 8, 3, 24, 4, 29, 30, 5, 33, 27];2845.0
[3, 29, 30, 5, 6, 31, 24, 4, 8, 11, 37, 20, 38, 18, 17, 46, 36, 21, 47, 40, 26, 41, 43, 42, 1, 9, 33, 27, 2, 22, 45, 19, 39, 44, 15, 16, 13, 34, 35, 14, 7, 23, 12, 32, 10, 0, 25, 28];2491.0
[32, 6, 9, 33, 3, 46, 36, 14, 15, 45, 38, 47, 22, 41, 44, 19, 37, 0, 25, 26, 1, 18, 35, 23, 7, 31, 27, 28, 8, 11, 10, 24, 29, 30, 5, 4, 2, 43, 42, 39, 21, 40, 20, 16, 17, 34, 13, 12];2629.0
[12, 32, 24, 4, 27, 28, 42, 18, 46, 36, 6, 8, 11, 10, 37, 45, 38, 0, 9, 33, 13, 35, 16, 14, 15, 7, 31, 30, 5, 29, 3, 2, 43, 26, 1, 25, 47, 22, 41, 44, 19, 39, 21, 40, 20, 17, 34, 23];2871.0
[32, 7, 23, 34, 13, 12, 0, 1, 25, 6, 31, 5, 11, 35, 14, 16, 45, 47, 26, 42, 9, 33, 27, 28, 2, 3, 37, 38, 24, 4, 29, 30, 10, 18, 17, 46, 36, 15, 19, 44, 20, 39, 21, 40, 22, 41, 43, 8];2640.0
[40, 43, 42, 28, 3, 37, 38, 17, 45, 20, 18, 34, 13, 23, 9, 33, 46, 36, 14, 35, 15, 16, 12, 7, 31, 5, 4, 27, 2, 41, 44, 19, 39, 21, 1, 6, 24, 29, 30, 8, 32, 10, 11, 0, 25, 47, 26, 22];2634.0
[36, 14, 34, 23, 13, 12, 32, 6, 8, 7, 31, 9, 33, 27, 3, 0, 25, 1, 11, 10, 30, 5, 26, 42, 28, 24, 29, 4, 2, 39, 19, 44, 35, 15, 16, 38, 37, 17, 45, 21, 40, 47, 22, 41, 43, 20, 18, 46];2675.0
[32, 6, 8, 11, 47, 26, 41, 43, 42, 28, 2, 3, 45, 19, 44, 15, 16, 12, 24, 4, 29, 46, 36, 14, 35, 31, 5, 10, 0, 25, 1, 37, 38, 22, 40, 20, 39, 21, 18, 17, 34, 13, 9, 33, 27, 30, 7, 23];2872.0
[36, 14, 16, 45, 39, 19, 44, 15, 35, 34, 12, 24, 29, 30, 5, 31, 32, 7, 23, 41, 43, 22, 21, 20, 37, 38, 40, 47, 26, 33, 27, 28, 2, 42, 1, 25, 9, 4, 3, 6, 10, 8, 11, 0, 18, 17, 13, 46];2477.0
[34, 35, 14, 45, 39, 21, 40, 22, 41, 19, 44, 15, 16, 20, 47, 26, 1, 24, 30, 7, 23, 46, 36, 17, 31, 5, 8, 11, 9, 33, 3, 6, 10, 18, 12, 32, 27, 2, 43, 42, 28, 4, 29, 0, 25, 37, 38, 13];2592.0
[41, 43, 42, 28, 3, 33, 27, 29, 30, 5, 31, 0, 1, 25, 18, 17, 46, 36, 14, 34, 13, 12, 7, 23, 35, 21, 40, 47, 26, 22, 44, 15, 16, 45, 39, 19, 37, 20, 38, 32, 24, 4, 6, 10, 11, 8, 9, 2];2349.0
[0, 25, 1, 37, 36, 15, 45, 20, 38, 17, 12, 7, 24, 4, 3, 29, 30, 31, 5, 9, 27, 28, 33, 2, 43, 42, 47, 26, 11, 8, 32, 6, 10, 22, 41, 44, 19, 39, 21, 40, 18, 13, 34, 35, 23, 46, 14, 16];2588.0
[23, 46, 36, 14, 37, 38, 47, 26, 42, 28, 2, 39, 21, 40, 41, 43, 22, 20, 16, 45, 19, 44, 15, 13, 34, 35, 17, 12, 32, 6, 24, 30, 31, 5, 4, 29, 3, 33, 9, 27, 8, 10, 11, 0, 25, 1, 18, 7];2394.0
[45, 21, 47, 22, 19, 20, 39, 44, 15, 16, 17, 32, 31, 6, 10, 8, 11, 37, 38, 0, 1, 25, 24, 29, 30, 5, 3, 4, 33, 2, 41, 40, 26, 9, 27, 28, 43, 42, 18, 12, 7, 23, 13, 34, 46, 36, 14, 35];2478.0
[4, 6, 10, 18, 17, 46, 36, 23, 7, 31, 8, 11, 39, 19, 44, 15, 45, 21, 40, 47, 22, 26, 1, 37, 38, 12, 32, 2, 41, 43, 42, 20, 16, 13, 34, 35, 14, 0, 25, 24, 29, 30, 5, 9, 33, 27, 28, 3];2524.0
[19, 44, 21, 9, 33, 27, 2, 41, 43, 28, 30, 29, 22, 42, 1, 17, 14, 23, 7, 31, 5, 46, 36, 16, 20, 38, 0, 25, 18, 12, 32, 10, 37, 40, 47, 26, 24, 4, 3, 6, 8, 11, 13, 34, 35, 15, 45, 39];2813.0
[35, 14, 23, 7, 12, 32, 24, 29, 30, 31, 5, 6, 8, 0, 25, 26, 42, 47, 22, 20, 16, 45, 15, 17, 13, 34, 46, 39, 19, 44, 21, 40, 1, 10, 9, 33, 27, 2, 41, 43, 28, 4, 3, 11, 38, 37, 18, 36];2471.0
[8, 10, 0, 25, 47, 26, 9, 27, 28, 2, 43, 42, 1, 37, 14, 15, 16, 45, 39, 22, 41, 44, 19, 21, 40, 18, 13, 34, 46, 36, 17, 12, 31, 5, 24, 4, 29, 30, 33, 3, 6, 32, 7, 23, 35, 20, 38, 11];2474.0
[30, 4, 8, 11, 14, 15, 17, 12, 7, 31, 5, 10, 47, 22, 40, 26, 1, 33, 27, 28, 2, 41, 44, 19, 9, 3, 43, 42, 20, 0, 25, 37, 13, 34, 35, 16, 45, 39, 21, 38, 18, 46, 36, 23, 32, 6, 24, 29];2712.0
[36, 45, 24, 4, 3, 18, 13, 34, 35, 14, 7, 23, 32, 6, 10, 8, 11, 39, 21, 26, 1, 0, 25, 47, 19, 44, 15, 16, 17, 12, 31, 30, 5, 29, 33, 9, 27, 28, 2, 42, 40, 22, 41, 43, 20, 38, 37, 46];2564.0
[22, 42, 25, 9, 33, 27, 28, 37, 18, 17, 12, 32, 6, 8, 11, 13, 46, 36, 14, 15, 31, 29, 30, 5, 7, 23, 34, 35, 16, 45, 21, 40, 26, 1, 10, 24, 4, 3, 2, 43, 41, 39, 19, 44, 20, 38, 0, 47];2457.0
[41, 39, 44, 19, 20, 38, 18, 36, 14, 35, 15, 45, 21, 47, 22, 40, 16, 12, 32, 6, 24, 37, 0, 25, 1, 11, 8, 10, 9, 27, 28, 4, 3, 33, 2, 43, 42, 26, 17, 13, 46, 34, 23, 7, 5, 31, 30, 29];2646.0
[33, 27, 28, 2, 42, 1, 47, 26, 19, 44, 15, 36, 14, 23, 12, 24, 29, 30, 5, 0, 25, 22, 41, 43, 3, 4, 10, 37, 18, 17, 7, 31, 6, 34, 35, 16, 39, 21, 40, 11, 8, 32, 13, 46, 45, 20, 38, 9];2711.0
[22, 42, 28, 29, 30, 7, 35, 16, 14, 45, 39, 19, 21, 40, 20, 38, 46, 36, 23, 12, 31, 5, 6, 9, 33, 27, 2, 24, 4, 3, 8, 11, 10, 37, 0, 47, 26, 1, 25, 44, 15, 18, 17, 13, 34, 32, 41, 43];2666.0
[17, 46, 36, 15, 19, 44, 20, 38, 18, 13, 23, 34, 35, 45, 39, 21, 47, 4, 3, 8, 11, 37, 40, 26, 42, 28, 2, 41, 43, 22, 12, 7, 31, 0, 25, 1, 10, 32, 24, 29, 30, 5, 6, 9, 33, 27, 14, 16];2594.0
[43, 4, 27, 28, 2, 42, 37, 38, 11, 8, 32, 6, 24, 29, 30, 5, 31, 9, 33, 3, 10, 39, 19, 44, 21, 40, 20, 18, 12, 7, 23, 13, 46, 36, 15, 17, 34, 35, 14, 16, 45, 0, 25, 1, 47, 26, 22, 41];2358.0
[5, 3, 2, 42, 22, 40, 47, 41, 43, 34, 35, 16, 45, 21, 26, 1, 10, 8, 11, 18, 17, 13, 12, 7, 31, 0, 25, 20, 39, 19, 44, 15, 32, 9, 33, 27, 28, 6, 37, 38, 46, 36, 14, 23, 24, 4, 29, 30];2547.0
[0, 1, 25, 37, 11, 8, 7, 23, 34, 35, 39, 21, 40, 47, 26, 9, 33, 27, 28, 2, 43, 22, 42, 41, 44, 15, 46, 36, 45, 19, 20, 38, 10, 6, 24, 4, 3, 29, 30, 5, 31, 13, 14, 16, 18, 17, 12, 32];2411.0
[43, 42, 8, 32, 7, 35, 14, 23, 46, 47, 26, 22, 41, 39, 44, 19, 10, 11, 0, 25, 31, 30, 5, 18, 15, 45, 21, 40, 1, 9, 33, 3, 27, 28, 37, 38, 20, 16, 17, 36, 34, 13, 12, 6, 24, 4, 29, 2];2929.0
[21, 40, 26, 37, 16, 14, 34, 12, 32, 33, 2, 41, 43, 42, 1, 9, 27, 28, 4, 3, 31, 7, 23, 35, 45, 20, 38, 10, 11, 8, 24, 29, 30, 5, 6, 0, 25, 18, 17, 13, 46, 36, 15, 19, 44, 47, 22, 39];2503.0
[19, 21, 40, 47, 26, 20, 16, 17, 12, 7, 31, 5, 18, 46, 36, 13, 34, 35, 14, 45, 38, 41, 43, 22, 42, 28, 24, 4, 30, 29, 2, 44, 15, 23, 32, 9, 27, 3, 33, 6, 0, 25, 1, 8, 11, 10, 37, 39];2636.0
[29, 7, 35, 14, 23, 12, 9, 33, 27, 28, 42, 1, 6, 3, 2, 43, 47, 26, 22, 19, 44, 15, 45, 16, 34, 13, 32, 10, 0, 25, 41, 21, 40, 37, 46, 36, 39, 20, 38, 31, 30, 5, 8, 11, 18, 17, 24, 4];2936.0
[19, 38, 17, 13, 34, 23, 12, 7, 31, 0, 25, 11, 8, 9, 33, 3, 24, 29, 30, 5, 4, 2, 41, 42, 1, 10, 32, 6, 27, 28, 43, 22, 40, 20, 39, 21, 47, 26, 37, 18, 46, 36, 16, 35, 14, 15, 45, 44];2464.0
[9, 33, 27, 37, 19, 44, 12, 32, 10, 18, 17, 45, 20, 38, 11, 8, 24, 29, 30, 35, 16, 39, 21, 40, 22, 28, 2, 41, 43, 42, 1, 36, 14, 15, 34, 13, 46, 23, 7, 31, 5, 4, 3, 6, 0, 25, 47, 26];2717.0
[41, 43, 42, 1, 18, 13, 34, 35, 15, 44, 19, 20, 0, 25, 17, 36, 14, 23, 12, 10, 37, 38, 47, 26, 9, 3, 6, 8, 32, 7, 31, 4, 33, 27, 28, 2, 24, 29, 30, 5, 11, 46, 16, 45, 39, 21, 40, 22];2421.0
[37, 18, 7, 23, 13, 46, 36, 14, 15, 16, 39, 33, 27, 28, 4, 3, 0, 25, 17, 35, 34, 12, 32, 2, 40, 38, 11, 8, 24, 29, 30, 31, 5, 47, 26, 42, 1, 9, 6, 10, 45, 21, 22, 41, 43, 19, 44, 20];2940.0
[36, 35, 14, 46, 15, 16, 45, 47, 26, 1, 11, 8, 32, 6, 37, 19, 39, 44, 21, 40, 20, 38, 18, 17, 31, 5, 7, 23, 34, 13, 12, 24, 29, 30, 0, 25, 10, 4, 27, 28, 2, 43, 22, 41, 42, 9, 33, 3];2737.0
[31, 7, 23, 12, 32, 3, 2, 43, 22, 42, 39, 19, 44, 15, 46, 36, 14, 0, 1, 25, 47, 40, 26, 28, 41, 21, 18, 13, 35, 16, 45, 20, 37, 38, 10, 9, 33, 27, 30, 5, 8, 11, 17, 34, 6, 24, 4, 29];2737.0
[13, 23, 7, 31, 5, 29, 30, 6, 24, 4, 33, 27, 3, 37, 19, 44, 15, 35, 14, 34, 46, 36, 45, 16, 17, 32, 10, 47, 41, 43, 22, 40, 26, 9, 2, 28, 42, 39, 21, 20, 38, 18, 12, 8, 11, 0, 1, 25];2664.0
[27, 28, 2, 42, 22, 40, 47, 39, 21, 26, 41, 43, 44, 15, 35, 14, 16, 19, 20, 0, 25, 1, 10, 11, 8, 24, 30, 4, 29, 3, 33, 37, 38, 18, 13, 34, 23, 12, 7, 31, 5, 6, 46, 36, 45, 17, 32, 9];2501.0
