ftv70
[38, 36, 37, 63, 40, 68, 47, 39, 48, 50, 52, 2, 5, 45, 53, 70, 3, 4, 59, 8, 7, 9, 66, 14, 15, 12, 20, 21, 24, 29, 30, 31, 0, 18, 19, 16, 64, 25, 27, 6, 13, 28, 65, 44, 43, 42, 34, 35, 32, 26, 23, 60, 33, 22, 17, 1, 57, 58, 11, 10, 61, 62, 54, 51, 67, 49, 55, 56, 46, 69, 41];2847.0;3858.521739130435;2.2085949804347824E7;657.0;24699.0;46.0
[35, 34, 36, 63, 26, 17, 18, 21, 19, 15, 16, 64, 54, 50, 67, 48, 52, 3, 9, 66, 13, 28, 1, 5, 2, 44, 43, 42, 32, 22, 23, 20, 25, 11, 10, 61, 47, 39, 40, 37, 38, 60, 33, 69, 41, 68, 46, 62, 49, 51, 55, 56, 70, 57, 58, 59, 4, 8, 7, 14, 12, 27, 6, 24, 29, 31, 30, 0, 45, 53, 65];3178.0
[46, 49, 67, 47, 48, 51, 50, 52, 53, 31, 30, 29, 24, 26, 22, 17, 18, 19, 16, 15, 1, 4, 8, 7, 66, 12, 14, 6, 13, 25, 27, 9, 11, 10, 59, 70, 3, 5, 2, 43, 69, 41, 38, 37, 63, 32, 64, 28, 0, 65, 44, 45, 40, 42, 34, 36, 39, 68, 55, 56, 62, 54, 58, 61, 57, 35, 60, 33, 23, 20, 21];3186.0
[22, 23, 60, 41, 63, 68, 55, 56, 52, 40, 35, 34, 33, 32, 66, 10, 61, 59, 8, 20, 21, 69, 38, 36, 37, 46, 54, 57, 15, 16, 18, 19, 14, 12, 13, 43, 42, 62, 49, 51, 50, 65, 30, 29, 31, 2, 44, 45, 53, 1, 70, 3, 28, 0, 27, 9, 11, 67, 47, 39, 48, 58, 4, 5, 25, 6, 7, 17, 64, 24, 26];3649.0
[2, 5, 31, 65, 43, 68, 46, 47, 48, 39, 42, 35, 34, 69, 41, 40, 62, 54, 4, 25, 10, 11, 9, 27, 6, 13, 66, 14, 26, 32, 23, 19, 20, 60, 33, 36, 38, 37, 63, 50, 67, 49, 51, 55, 56, 70, 58, 61, 57, 52, 53, 44, 45, 3, 59, 8, 7, 12, 15, 16, 64, 17, 28, 29, 30, 24, 18, 21, 22, 0, 1];3002.0
[58, 50, 52, 53, 44, 65, 6, 7, 9, 18, 19, 16, 15, 17, 1, 2, 8, 59, 5, 43, 42, 41, 37, 63, 47, 39, 40, 68, 62, 70, 3, 4, 25, 27, 13, 64, 28, 0, 45, 46, 35, 34, 60, 32, 33, 26, 22, 69, 38, 36, 23, 20, 21, 24, 29, 30, 31, 66, 14, 12, 11, 10, 61, 51, 67, 49, 48, 54, 55, 56, 57];3147.0
[48, 52, 44, 46, 62, 49, 67, 40, 17, 64, 25, 9, 10, 11, 61, 59, 4, 5, 28, 65, 45, 53, 43, 69, 63, 68, 54, 3, 8, 7, 14, 12, 15, 16, 18, 24, 1, 2, 57, 58, 51, 50, 55, 56, 70, 0, 31, 30, 29, 66, 13, 27, 6, 42, 41, 37, 38, 34, 35, 33, 32, 26, 22, 19, 20, 21, 23, 60, 36, 39, 47];3148.0
[40, 68, 54, 55, 56, 52, 44, 45, 62, 49, 47, 32, 19, 16, 17, 13, 27, 6, 24, 29, 30, 31, 43, 42, 69, 41, 38, 39, 48, 50, 67, 51, 28, 64, 15, 20, 23, 60, 36, 46, 53, 65, 1, 25, 58, 61, 57, 59, 5, 2, 70, 3, 4, 0, 34, 35, 26, 22, 66, 14, 12, 11, 9, 10, 8, 7, 18, 21, 33, 37, 63];3333.0
[1, 2, 58, 61, 4, 5, 0, 65, 44, 45, 46, 40, 32, 23, 60, 33, 69, 54, 52, 53, 42, 35, 34, 26, 66, 14, 12, 15, 20, 21, 17, 13, 9, 64, 24, 28, 43, 41, 38, 37, 36, 63, 68, 62, 49, 48, 51, 55, 56, 70, 3, 57, 59, 8, 11, 10, 50, 67, 47, 39, 22, 25, 27, 6, 7, 18, 19, 16, 29, 30, 31];3036.0
[68, 25, 41, 0, 22, 64, 58, 6, 47, 49, 29, 53, 36, 14, 46, 63, 44, 65, 8, 70, 35, 52, 40, 55, 1, 50, 42, 59, 21, 57, 62, 33, 45, 34, 38, 37, 60, 16, 48, 67, 30, 10, 3, 11, 56, 26, 20, 23, 18, 12, 7, 5, 24, 19, 17, 27, 43, 54, 9, 31, 4, 39, 2, 13, 32, 61, 51, 66, 15, 69, 28];9398.0
[50, 11, 47, 35, 30, 4, 1, 25, 51, 53, 36, 67, 16, 10, 27, 17, 8, 34, 65, 6, 20, 33, 39, 68, 46, 9, 58, 60, 62, 49, 70, 69, 66, 29, 31, 12, 26, 56, 52, 40, 22, 13, 32, 19, 41, 37, 42, 21, 64, 23, 38, 44, 55, 7, 24, 48, 5, 59, 15, 28, 63, 45, 54, 18, 57, 2, 0, 14, 43, 61, 3];9151.0
[46, 62, 55, 56, 70, 59, 57, 58, 11, 9, 10, 61, 67, 49, 50, 54, 53, 65, 1, 3, 4, 8, 7, 13, 17, 24, 29, 31, 30, 23, 20, 21, 19, 16, 18, 33, 36, 60, 26, 25, 27, 6, 64, 2, 5, 0, 28, 44, 34, 35, 32, 22, 66, 14, 12, 15, 69, 41, 37, 39, 38, 47, 48, 51, 52, 45, 43, 42, 63, 40, 68];3225.0
[39, 47, 42, 32, 26, 22, 23, 20, 21, 17, 64, 28, 24, 29, 30, 31, 44, 43, 35, 69, 41, 38, 60, 18, 19, 0, 45, 48, 50, 67, 49, 52, 53, 65, 5, 25, 27, 6, 9, 10, 11, 13, 66, 14, 33, 34, 36, 63, 68, 46, 62, 54, 51, 55, 3, 4, 8, 7, 12, 15, 16, 1, 2, 70, 57, 58, 61, 59, 56, 40, 37];2892.0
[38, 36, 37, 63, 40, 68, 47, 39, 48, 50, 52, 2, 5, 45, 53, 70, 3, 4, 59, 8, 7, 9, 66, 14, 15, 12, 20, 21, 24, 29, 30, 31, 0, 18, 19, 16, 64, 25, 27, 6, 13, 28, 65, 44, 43, 42, 34, 35, 32, 26, 23, 60, 33, 22, 17, 1, 57, 58, 11, 10, 61, 62, 54, 51, 67, 49, 55, 56, 46, 69, 41];2847.0
[58, 59, 8, 7, 9, 64, 29, 30, 68, 54, 55, 56, 46, 40, 42, 26, 22, 11, 10, 61, 57, 53, 65, 1, 5, 45, 62, 47, 38, 60, 33, 32, 23, 19, 16, 14, 12, 13, 31, 43, 69, 41, 37, 63, 39, 48, 50, 67, 49, 51, 52, 44, 0, 25, 27, 6, 17, 24, 28, 35, 34, 36, 70, 3, 4, 66, 15, 20, 18, 21, 2];3407.0
[43, 32, 26, 14, 13, 9, 11, 61, 57, 58, 54, 67, 47, 39, 68, 46, 42, 23, 60, 34, 36, 37, 38, 33, 19, 20, 21, 45, 49, 48, 55, 56, 3, 8, 59, 4, 35, 69, 41, 63, 40, 62, 1, 2, 5, 70, 51, 50, 52, 53, 0, 28, 64, 17, 25, 27, 6, 10, 7, 18, 22, 66, 12, 15, 16, 24, 29, 31, 30, 65, 44];3175.0
[64, 44, 45, 46, 62, 52, 53, 65, 1, 2, 0, 66, 6, 13, 18, 33, 69, 41, 55, 3, 4, 5, 25, 27, 11, 10, 20, 23, 60, 36, 37, 38, 63, 67, 48, 51, 50, 54, 57, 56, 70, 59, 58, 61, 8, 7, 9, 14, 12, 15, 19, 16, 21, 34, 35, 26, 22, 17, 28, 29, 24, 30, 31, 43, 42, 68, 49, 47, 39, 40, 32];3213.0
[4, 8, 57, 59, 5, 0, 31, 29, 30, 24, 19, 20, 33, 35, 69, 41, 63, 40, 68, 51, 67, 47, 39, 48, 54, 7, 12, 15, 16, 64, 45, 62, 52, 53, 44, 43, 42, 32, 26, 22, 23, 60, 37, 38, 36, 34, 17, 66, 14, 13, 25, 27, 6, 9, 11, 10, 61, 58, 55, 56, 46, 49, 50, 65, 28, 18, 21, 1, 2, 70, 3];3072.0
[50, 67, 49, 48, 52, 44, 42, 69, 37, 38, 36, 60, 33, 32, 22, 23, 20, 18, 21, 0, 58, 61, 59, 57, 56, 54, 55, 70, 3, 4, 5, 31, 30, 43, 35, 34, 26, 17, 66, 12, 11, 10, 8, 7, 9, 13, 24, 29, 41, 63, 39, 47, 40, 68, 53, 65, 1, 2, 25, 27, 6, 14, 15, 16, 19, 64, 28, 45, 46, 62, 51];2976.0
[44, 45, 62, 54, 70, 3, 4, 5, 31, 30, 29, 19, 16, 27, 6, 15, 20, 23, 60, 34, 36, 38, 32, 18, 21, 66, 14, 24, 26, 22, 17, 64, 25, 11, 10, 8, 59, 7, 9, 33, 35, 69, 39, 47, 48, 55, 56, 58, 61, 57, 43, 42, 41, 37, 63, 40, 68, 46, 53, 1, 2, 51, 67, 49, 50, 52, 0, 12, 13, 28, 65];3214.0
[20, 21, 66, 14, 9, 10, 61, 59, 4, 0, 29, 30, 31, 35, 32, 33, 18, 19, 15, 16, 69, 63, 41, 37, 40, 68, 44, 65, 45, 46, 47, 39, 38, 36, 54, 55, 56, 3, 5, 28, 24, 64, 26, 22, 17, 1, 2, 70, 57, 8, 7, 13, 25, 27, 6, 23, 60, 34, 48, 50, 52, 53, 43, 42, 62, 49, 51, 67, 58, 11, 12];3502.0
[14, 38, 21, 0, 60, 7, 27, 34, 3, 56, 53, 54, 52, 25, 69, 9, 31, 43, 2, 47, 57, 49, 46, 20, 15, 6, 62, 44, 59, 41, 35, 55, 67, 63, 12, 61, 22, 8, 30, 42, 70, 28, 1, 36, 48, 24, 19, 17, 33, 68, 40, 5, 4, 66, 18, 50, 32, 10, 64, 16, 23, 58, 45, 29, 51, 11, 37, 26, 13, 39, 65];10082.0
[13, 27, 11, 10, 61, 39, 40, 68, 46, 52, 65, 2, 45, 62, 54, 70, 3, 5, 43, 42, 41, 37, 38, 36, 63, 32, 18, 64, 25, 6, 7, 9, 17, 24, 28, 49, 47, 48, 51, 67, 50, 53, 44, 69, 22, 66, 14, 12, 15, 16, 21, 29, 30, 31, 0, 1, 8, 59, 57, 58, 55, 56, 4, 19, 20, 23, 60, 33, 34, 35, 26];3342.0
[14, 12, 13, 9, 10, 58, 57, 65, 43, 42, 63, 40, 49, 50, 67, 47, 39, 68, 46, 62, 53, 44, 45, 48, 51, 52, 69, 41, 37, 38, 36, 34, 35, 25, 27, 6, 7, 11, 61, 8, 59, 30, 31, 29, 24, 64, 18, 19, 20, 23, 60, 33, 32, 26, 22, 1, 70, 3, 17, 15, 16, 21, 28, 0, 54, 55, 56, 4, 2, 5, 66];3143.0
[14, 13, 12, 15, 16, 21, 23, 20, 33, 34, 35, 26, 64, 28, 46, 48, 50, 1, 5, 0, 65, 45, 53, 44, 43, 68, 40, 42, 69, 41, 37, 63, 36, 38, 60, 32, 22, 25, 27, 6, 7, 11, 9, 10, 58, 61, 57, 59, 8, 4, 2, 52, 62, 54, 55, 56, 70, 3, 31, 30, 29, 24, 18, 19, 17, 49, 51, 67, 47, 39, 66];3022.0
[18, 21, 22, 32, 23, 20, 17, 24, 29, 31, 30, 65, 44, 45, 46, 47, 40, 42, 41, 37, 34, 60, 28, 0, 1, 2, 4, 5, 35, 33, 69, 68, 3, 59, 57, 49, 48, 50, 53, 43, 26, 19, 16, 25, 27, 6, 9, 11, 10, 7, 13, 14, 64, 62, 52, 54, 51, 67, 39, 38, 36, 63, 55, 56, 70, 58, 61, 8, 66, 12, 15];3337.0
[8, 57, 56, 52, 1, 2, 25, 27, 6, 10, 7, 9, 11, 61, 58, 51, 50, 68, 46, 47, 39, 38, 32, 17, 66, 14, 13, 12, 20, 23, 60, 69, 41, 37, 36, 63, 40, 19, 15, 16, 64, 62, 49, 48, 67, 53, 31, 30, 29, 24, 28, 0, 65, 45, 43, 42, 35, 34, 33, 26, 22, 18, 21, 70, 3, 4, 5, 44, 54, 55, 59];3222.0
[28, 29, 30, 31, 44, 65, 43, 42, 69, 41, 37, 46, 62, 54, 55, 70, 3, 4, 8, 59, 7, 13, 64, 1, 58, 61, 57, 56, 52, 53, 35, 60, 33, 32, 24, 26, 22, 17, 0, 45, 47, 39, 48, 2, 5, 25, 9, 10, 11, 66, 14, 12, 16, 18, 21, 23, 19, 15, 20, 34, 36, 38, 63, 40, 68, 67, 49, 51, 50, 27, 6];3114.0
[26, 22, 17, 66, 14, 12, 15, 16, 18, 19, 28, 0, 56, 70, 58, 54, 55, 3, 8, 11, 10, 61, 59, 57, 46, 40, 42, 69, 41, 39, 47, 38, 36, 37, 34, 35, 32, 23, 20, 21, 64, 29, 31, 30, 45, 62, 49, 48, 67, 51, 50, 52, 53, 44, 65, 43, 63, 68, 60, 33, 1, 5, 2, 4, 25, 6, 7, 9, 13, 27, 24];3059.0
[9, 11, 61, 46, 40, 68, 62, 52, 0, 28, 64, 17, 20, 23, 19, 14, 12, 15, 16, 44, 45, 53, 1, 2, 5, 31, 30, 29, 24, 18, 21, 33, 36, 37, 63, 55, 70, 57, 56, 3, 8, 59, 4, 65, 43, 42, 32, 26, 25, 27, 13, 6, 7, 10, 58, 54, 51, 67, 49, 48, 50, 35, 69, 41, 47, 39, 38, 34, 60, 22, 66];3160.0
[29, 24, 22, 35, 34, 36, 70, 3, 59, 58, 61, 57, 67, 47, 39, 48, 51, 54, 45, 53, 44, 1, 2, 7, 13, 27, 25, 6, 9, 10, 11, 4, 5, 0, 60, 33, 32, 26, 18, 19, 16, 65, 43, 42, 69, 41, 38, 37, 63, 68, 55, 56, 8, 66, 12, 15, 14, 46, 62, 49, 50, 52, 40, 23, 20, 21, 17, 64, 28, 31, 30];3295.0
[39, 47, 48, 51, 55, 3, 5, 38, 36, 37, 63, 40, 42, 32, 26, 18, 21, 22, 17, 66, 6, 7, 10, 11, 9, 29, 31, 45, 62, 52, 53, 65, 0, 44, 43, 69, 41, 68, 46, 54, 4, 8, 59, 61, 58, 67, 50, 30, 24, 25, 27, 13, 19, 20, 23, 60, 33, 35, 34, 14, 12, 15, 16, 64, 28, 1, 2, 70, 57, 56, 49];3114.0
[56, 70, 58, 10, 61, 57, 37, 63, 40, 23, 60, 34, 48, 51, 67, 47, 39, 32, 25, 11, 9, 27, 6, 66, 14, 12, 16, 19, 15, 20, 21, 28, 45, 53, 52, 44, 65, 0, 1, 5, 2, 43, 69, 41, 38, 36, 8, 7, 13, 17, 68, 49, 50, 46, 62, 54, 55, 42, 35, 33, 26, 22, 18, 64, 3, 59, 4, 31, 24, 29, 30];3797.0
[70, 3, 59, 4, 5, 41, 38, 36, 37, 63, 40, 43, 42, 68, 46, 52, 44, 0, 64, 28, 24, 22, 66, 12, 15, 19, 16, 18, 21, 1, 2, 57, 61, 8, 17, 25, 27, 6, 14, 13, 9, 10, 7, 11, 58, 51, 50, 67, 47, 39, 34, 60, 33, 35, 32, 26, 23, 20, 69, 54, 53, 65, 30, 29, 31, 45, 62, 49, 48, 55, 56];3085.0
[21, 41, 47, 2, 18, 1, 11, 44, 22, 66, 55, 59, 49, 62, 52, 32, 24, 17, 13, 14, 15, 69, 57, 30, 43, 23, 34, 40, 42, 9, 7, 6, 0, 48, 27, 36, 28, 68, 35, 39, 38, 56, 65, 16, 50, 54, 12, 5, 10, 53, 45, 31, 29, 67, 60, 58, 61, 4, 25, 51, 70, 46, 63, 33, 26, 19, 3, 20, 37, 8, 64];8723.0
[52, 16, 15, 19, 68, 55, 53, 23, 2, 18, 60, 31, 42, 49, 17, 22, 67, 64, 28, 50, 12, 33, 9, 29, 62, 3, 48, 39, 35, 10, 24, 37, 36, 8, 6, 25, 20, 41, 47, 57, 58, 26, 43, 34, 4, 30, 21, 59, 45, 63, 32, 70, 0, 38, 66, 40, 46, 51, 54, 69, 61, 5, 11, 65, 13, 7, 44, 27, 56, 14, 1];9413.0
[27, 6, 7, 9, 20, 21, 22, 32, 23, 36, 63, 42, 41, 37, 39, 40, 62, 70, 58, 61, 11, 10, 51, 48, 50, 67, 47, 35, 34, 69, 38, 60, 33, 26, 28, 0, 43, 68, 46, 49, 52, 53, 1, 2, 5, 65, 45, 44, 31, 30, 29, 24, 64, 13, 66, 14, 12, 15, 4, 8, 59, 57, 54, 55, 56, 3, 18, 19, 16, 17, 25];3230.0
[45, 40, 68, 54, 56, 4, 7, 9, 13, 66, 15, 16, 18, 19, 20, 21, 24, 29, 35, 34, 36, 63, 39, 47, 48, 51, 55, 5, 31, 30, 65, 44, 43, 69, 41, 37, 38, 60, 33, 17, 28, 46, 62, 49, 67, 26, 22, 64, 25, 27, 6, 10, 11, 61, 42, 32, 23, 14, 12, 0, 1, 2, 70, 3, 8, 59, 57, 58, 50, 52, 53];3238.0
[39, 48, 67, 49, 38, 34, 60, 33, 66, 12, 15, 16, 18, 20, 21, 23, 19, 24, 29, 30, 31, 43, 42, 35, 69, 41, 37, 36, 63, 40, 55, 70, 56, 52, 53, 32, 26, 22, 17, 25, 27, 13, 28, 44, 68, 46, 62, 51, 50, 54, 8, 7, 10, 11, 9, 6, 14, 64, 1, 2, 58, 61, 59, 57, 3, 4, 5, 0, 65, 45, 47];3036.0
[46, 62, 47, 39, 32, 22, 19, 16, 66, 14, 12, 15, 13, 27, 25, 6, 17, 28, 31, 57, 50, 67, 49, 48, 58, 54, 51, 55, 70, 3, 4, 59, 8, 7, 9, 11, 10, 61, 56, 52, 43, 41, 63, 40, 42, 69, 38, 34, 60, 33, 26, 18, 21, 23, 20, 64, 24, 29, 30, 1, 2, 5, 0, 65, 45, 53, 44, 35, 36, 37, 68];2905.0
[10, 8, 57, 59, 4, 31, 29, 30, 1, 2, 5, 0, 45, 37, 63, 40, 35, 34, 36, 54, 55, 56, 69, 41, 68, 70, 3, 7, 11, 58, 61, 46, 62, 39, 38, 60, 33, 32, 26, 22, 24, 28, 65, 44, 43, 42, 23, 19, 15, 20, 21, 18, 17, 64, 25, 27, 6, 14, 12, 16, 50, 67, 49, 47, 48, 51, 52, 53, 66, 13, 9];3313.0
[40, 37, 38, 60, 23, 16, 28, 46, 54, 51, 55, 56, 59, 8, 7, 29, 30, 24, 64, 12, 15, 19, 20, 36, 63, 68, 52, 53, 44, 43, 42, 26, 17, 25, 27, 6, 11, 9, 10, 58, 61, 57, 1, 2, 70, 3, 4, 5, 45, 47, 48, 39, 66, 14, 13, 33, 35, 69, 41, 34, 32, 22, 18, 21, 0, 31, 65, 62, 49, 50, 67];3460.0
[64, 28, 1, 2, 70, 58, 61, 11, 10, 7, 9, 21, 33, 32, 26, 22, 18, 19, 16, 17, 54, 67, 49, 55, 3, 4, 5, 25, 27, 6, 13, 14, 24, 29, 30, 8, 59, 57, 56, 52, 46, 47, 39, 48, 51, 50, 31, 0, 65, 41, 37, 63, 40, 68, 62, 45, 53, 44, 43, 42, 69, 38, 36, 35, 34, 60, 23, 20, 66, 12, 15];2989.0
[34, 35, 69, 41, 63, 40, 37, 60, 23, 20, 18, 21, 22, 28, 0, 1, 57, 58, 67, 47, 39, 38, 36, 62, 55, 56, 44, 45, 49, 48, 51, 50, 64, 17, 66, 14, 12, 15, 16, 19, 24, 65, 42, 68, 46, 54, 52, 53, 43, 32, 26, 11, 10, 61, 59, 5, 29, 30, 31, 2, 70, 3, 4, 8, 7, 9, 27, 25, 6, 13, 33];3087.0
[34, 33, 35, 69, 41, 63, 38, 60, 22, 13, 61, 57, 49, 47, 39, 62, 54, 55, 56, 70, 59, 8, 7, 9, 64, 26, 17, 25, 27, 6, 11, 10, 58, 51, 50, 67, 48, 52, 0, 28, 45, 53, 3, 4, 1, 2, 5, 24, 30, 29, 31, 65, 44, 43, 42, 68, 46, 40, 32, 23, 15, 16, 66, 14, 12, 18, 19, 20, 21, 36, 37];3049.0
[30, 29, 43, 42, 41, 63, 40, 68, 62, 53, 65, 25, 27, 6, 7, 9, 13, 44, 45, 49, 48, 55, 3, 4, 5, 28, 64, 17, 15, 19, 20, 23, 16, 24, 26, 22, 33, 32, 18, 21, 0, 1, 2, 8, 66, 12, 14, 61, 57, 56, 52, 46, 54, 51, 50, 67, 47, 39, 37, 38, 36, 60, 35, 34, 69, 70, 58, 11, 10, 59, 31];3241.0
[48, 55, 56, 52, 39, 38, 36, 37, 63, 42, 35, 69, 40, 68, 54, 9, 13, 18, 22, 23, 60, 32, 25, 27, 6, 31, 53, 58, 61, 43, 41, 34, 33, 26, 64, 24, 29, 30, 17, 66, 14, 15, 12, 16, 19, 20, 21, 28, 0, 65, 45, 46, 62, 70, 3, 5, 2, 44, 1, 4, 8, 7, 11, 10, 59, 57, 50, 51, 67, 49, 47];3285.0
