ftv44
[8, 7, 10, 14, 43, 11, 16, 18, 28, 30, 29, 26, 42, 22, 23, 24, 25, 27, 33, 34, 35, 32, 36, 37, 38, 44, 3, 4, 6, 41, 5, 20, 12, 13, 15, 17, 19, 21, 0, 31, 1, 2, 39, 40, 9];1950.0;2348.9464285714284;5971671.69047619;337.0;7864.0;168.0
[17, 14, 21, 19, 0, 1, 2, 5, 3, 4, 30, 29, 25, 26, 42, 23, 24, 33, 44, 39, 41, 6, 12, 13, 15, 20, 10, 43, 11, 7, 9, 8, 40, 34, 27, 28, 32, 36, 37, 38, 35, 31, 22, 18, 16];2183.0
[42, 23, 22, 18, 16, 17, 15, 13, 12, 14, 43, 11, 20, 8, 9, 40, 41, 39, 30, 29, 24, 25, 28, 36, 34, 37, 38, 44, 3, 6, 7, 10, 21, 19, 31, 0, 1, 2, 4, 5, 35, 32, 33, 27, 26];2078.0
[3, 41, 6, 7, 8, 9, 40, 39, 38, 35, 32, 25, 26, 27, 33, 34, 36, 37, 4, 15, 16, 18, 42, 24, 23, 43, 10, 20, 11, 12, 13, 17, 19, 0, 2, 5, 31, 30, 29, 28, 22, 14, 21, 1, 44];2255.0
[2, 44, 3, 41, 39, 6, 7, 10, 20, 43, 12, 16, 17, 31, 30, 29, 23, 24, 25, 26, 36, 37, 38, 40, 9, 8, 4, 5, 0, 32, 33, 34, 27, 28, 35, 15, 18, 42, 22, 11, 13, 14, 19, 21, 1];2417.0
[29, 25, 27, 33, 34, 44, 39, 35, 32, 36, 28, 26, 42, 24, 23, 22, 21, 1, 3, 41, 6, 7, 9, 8, 40, 37, 38, 4, 2, 5, 19, 20, 14, 10, 43, 11, 12, 15, 16, 17, 18, 13, 0, 31, 30];2202.0
[43, 11, 19, 0, 44, 41, 39, 38, 40, 36, 37, 3, 4, 6, 10, 12, 13, 21, 31, 33, 34, 27, 35, 32, 28, 25, 26, 24, 42, 23, 22, 1, 2, 30, 29, 15, 14, 20, 7, 9, 8, 5, 18, 16, 17];2467.0
[37, 4, 7, 11, 12, 13, 9, 8, 38, 25, 26, 42, 18, 16, 17, 0, 2, 44, 32, 28, 30, 29, 24, 22, 14, 43, 10, 21, 19, 20, 15, 23, 27, 33, 34, 35, 31, 1, 5, 3, 41, 6, 39, 40, 36];2493.0
[38, 35, 32, 33, 34, 30, 29, 24, 42, 23, 22, 14, 19, 21, 15, 18, 16, 17, 43, 11, 10, 31, 2, 5, 20, 12, 13, 0, 1, 44, 3, 6, 7, 9, 8, 40, 39, 41, 4, 25, 26, 27, 28, 36, 37];2123.0
[30, 29, 1, 2, 4, 6, 7, 8, 9, 43, 11, 12, 13, 19, 14, 31, 38, 44, 40, 39, 27, 32, 33, 34, 36, 37, 3, 41, 35, 28, 25, 26, 24, 22, 15, 16, 18, 42, 23, 17, 21, 0, 5, 20, 10];2457.0
[38, 35, 32, 28, 26, 25, 27, 33, 34, 31, 43, 12, 21, 1, 3, 41, 6, 9, 8, 40, 39, 36, 37, 44, 4, 5, 20, 15, 13, 11, 7, 10, 14, 19, 30, 29, 18, 16, 17, 23, 24, 42, 22, 0, 2];2349.0
[5, 30, 29, 20, 8, 6, 9, 7, 10, 14, 15, 13, 19, 31, 34, 35, 18, 16, 17, 0, 32, 28, 25, 26, 24, 43, 11, 12, 3, 41, 39, 40, 36, 37, 38, 33, 27, 42, 23, 22, 21, 1, 2, 44, 4];2714.0
[18, 42, 25, 28, 32, 33, 34, 36, 9, 7, 19, 21, 1, 2, 29, 22, 23, 24, 26, 27, 37, 44, 3, 4, 5, 0, 15, 17, 43, 12, 13, 11, 8, 40, 6, 41, 38, 39, 35, 30, 31, 20, 10, 14, 16];2556.0
[10, 15, 14, 20, 43, 11, 12, 13, 31, 30, 32, 36, 44, 4, 5, 21, 19, 0, 1, 2, 40, 37, 38, 39, 35, 28, 29, 26, 27, 33, 34, 22, 18, 16, 17, 23, 24, 42, 25, 3, 6, 41, 8, 9, 7];2435.0
[33, 27, 28, 12, 13, 16, 18, 25, 26, 42, 20, 10, 14, 43, 11, 19, 3, 41, 6, 39, 40, 9, 8, 7, 15, 17, 23, 22, 24, 36, 34, 37, 44, 4, 5, 2, 1, 38, 31, 30, 29, 32, 35, 21, 0];2731.0
[14, 20, 9, 8, 40, 41, 38, 3, 4, 5, 18, 42, 24, 36, 37, 6, 7, 10, 30, 29, 32, 33, 34, 35, 31, 0, 15, 16, 17, 23, 22, 19, 21, 1, 2, 44, 39, 25, 26, 27, 28, 11, 43, 12, 13];2518.0
[18, 16, 17, 1, 44, 39, 41, 6, 10, 20, 7, 8, 9, 40, 4, 5, 31, 30, 29, 33, 34, 36, 37, 38, 32, 35, 25, 26, 27, 28, 22, 14, 43, 11, 13, 12, 15, 21, 2, 3, 0, 19, 23, 24, 42];2339.0
[9, 8, 40, 39, 38, 31, 30, 29, 32, 34, 35, 28, 25, 26, 27, 33, 0, 21, 1, 2, 5, 19, 14, 20, 11, 13, 12, 16, 18, 24, 42, 23, 22, 15, 17, 43, 10, 36, 37, 44, 3, 4, 41, 6, 7];2222.0
[3, 4, 5, 0, 19, 43, 11, 12, 13, 30, 29, 26, 42, 25, 27, 28, 33, 34, 35, 32, 36, 37, 44, 6, 41, 7, 10, 15, 14, 21, 31, 1, 2, 24, 23, 22, 18, 16, 17, 20, 9, 8, 40, 39, 38];2080.0
[31, 30, 18, 13, 12, 14, 15, 16, 17, 22, 0, 1, 3, 4, 5, 2, 29, 42, 23, 24, 26, 25, 28, 36, 44, 39, 40, 41, 38, 35, 32, 27, 33, 34, 37, 6, 7, 43, 11, 10, 19, 20, 8, 9, 21];2402.0
[0, 30, 29, 24, 42, 23, 22, 18, 16, 19, 1, 44, 39, 40, 6, 41, 4, 5, 2, 36, 34, 35, 31, 32, 28, 25, 26, 27, 33, 37, 38, 3, 20, 7, 8, 9, 11, 10, 43, 12, 13, 15, 17, 14, 21];1990.0
[34, 36, 37, 44, 3, 4, 5, 2, 19, 43, 11, 10, 7, 14, 15, 12, 13, 21, 0, 1, 38, 35, 31, 30, 29, 42, 22, 23, 24, 25, 26, 18, 16, 17, 20, 9, 8, 40, 6, 41, 39, 32, 27, 28, 33];2102.0
[30, 29, 22, 18, 16, 19, 44, 3, 4, 31, 32, 36, 37, 41, 6, 7, 8, 9, 40, 34, 33, 27, 26, 42, 23, 24, 28, 25, 1, 2, 5, 20, 12, 13, 43, 11, 10, 15, 17, 14, 21, 0, 39, 38, 35];2313.0
[21, 1, 5, 35, 31, 32, 28, 25, 26, 23, 43, 12, 13, 11, 8, 40, 39, 41, 0, 19, 16, 18, 42, 27, 33, 37, 38, 34, 36, 44, 3, 20, 10, 15, 17, 2, 4, 6, 9, 7, 14, 30, 29, 24, 22];2690.0
[19, 31, 27, 25, 26, 42, 23, 18, 16, 17, 1, 44, 40, 41, 5, 2, 3, 4, 6, 39, 32, 33, 34, 36, 37, 38, 35, 28, 22, 14, 20, 7, 8, 9, 21, 0, 30, 29, 24, 43, 10, 11, 12, 13, 15];2310.0
[27, 26, 25, 28, 36, 37, 44, 39, 38, 35, 30, 29, 24, 18, 16, 42, 23, 22, 15, 17, 20, 9, 41, 5, 0, 31, 1, 2, 19, 43, 11, 10, 7, 8, 40, 3, 4, 6, 12, 13, 14, 21, 32, 34, 33];2297.0
[9, 8, 41, 6, 4, 5, 0, 33, 34, 35, 32, 28, 25, 26, 27, 42, 23, 20, 10, 14, 19, 21, 1, 2, 3, 39, 44, 40, 36, 37, 38, 31, 30, 29, 24, 22, 18, 13, 43, 11, 12, 15, 16, 17, 7];2168.0
[8, 40, 39, 41, 6, 7, 0, 31, 30, 26, 27, 33, 34, 1, 5, 2, 44, 3, 4, 21, 19, 18, 16, 17, 15, 23, 25, 28, 29, 32, 36, 37, 38, 35, 24, 42, 22, 43, 12, 13, 11, 10, 14, 20, 9];2177.0
[35, 28, 32, 37, 38, 31, 30, 24, 42, 26, 25, 29, 3, 6, 10, 43, 11, 12, 14, 19, 20, 7, 8, 9, 21, 15, 13, 17, 22, 18, 16, 23, 27, 33, 34, 36, 40, 41, 4, 0, 1, 5, 2, 44, 39];2497.0
[44, 4, 5, 0, 29, 24, 27, 33, 34, 36, 31, 30, 32, 37, 38, 3, 41, 39, 35, 28, 25, 26, 42, 23, 20, 43, 11, 10, 7, 8, 9, 40, 6, 12, 13, 14, 19, 15, 17, 22, 18, 16, 21, 1, 2];2262.0
[21, 0, 31, 30, 34, 35, 32, 33, 27, 28, 29, 24, 25, 36, 37, 9, 8, 40, 41, 6, 39, 26, 42, 22, 23, 18, 16, 17, 19, 38, 44, 3, 7, 14, 20, 10, 43, 11, 12, 13, 15, 1, 2, 4, 5];2417.0
[38, 32, 28, 25, 26, 42, 22, 18, 16, 14, 43, 10, 9, 8, 40, 6, 41, 39, 44, 3, 4, 5, 1, 2, 20, 7, 11, 13, 12, 15, 17, 23, 24, 33, 34, 35, 31, 0, 21, 19, 27, 30, 29, 36, 37];2184.0
[8, 9, 7, 10, 11, 13, 25, 28, 26, 42, 22, 14, 15, 17, 19, 21, 0, 31, 29, 30, 18, 16, 23, 24, 20, 43, 12, 1, 2, 40, 37, 38, 44, 3, 5, 4, 6, 41, 39, 35, 32, 27, 33, 34, 36];2550.0
[1, 2, 0, 19, 18, 42, 23, 22, 15, 17, 20, 10, 43, 11, 13, 12, 16, 21, 30, 29, 26, 25, 27, 28, 36, 44, 3, 6, 7, 9, 8, 40, 41, 4, 5, 32, 33, 37, 38, 39, 34, 35, 31, 24, 14];2318.0
[35, 0, 15, 17, 43, 10, 11, 19, 31, 32, 36, 37, 38, 39, 41, 4, 25, 26, 27, 28, 44, 3, 6, 7, 12, 13, 23, 24, 42, 22, 18, 16, 14, 21, 30, 29, 1, 2, 5, 20, 9, 8, 40, 34, 33];2498.0
[8, 9, 40, 6, 41, 4, 44, 3, 39, 34, 36, 37, 38, 35, 32, 33, 27, 26, 42, 22, 14, 21, 19, 15, 17, 23, 24, 25, 28, 30, 29, 10, 43, 11, 12, 16, 18, 13, 0, 31, 1, 2, 5, 20, 7];2114.0
[22, 0, 21, 19, 14, 43, 12, 13, 15, 17, 18, 16, 24, 25, 36, 34, 37, 44, 3, 5, 20, 10, 11, 7, 9, 8, 40, 33, 27, 28, 32, 35, 31, 1, 2, 4, 6, 41, 39, 38, 30, 29, 26, 42, 23];2073.0
[38, 3, 4, 6, 7, 18, 42, 25, 26, 22, 43, 11, 12, 16, 17, 23, 24, 27, 33, 34, 35, 40, 9, 8, 41, 5, 1, 2, 0, 21, 19, 15, 13, 14, 20, 10, 31, 30, 29, 28, 32, 36, 37, 44, 39];2311.0
[6, 7, 10, 18, 42, 23, 22, 43, 11, 12, 13, 14, 31, 1, 2, 0, 21, 19, 15, 16, 17, 20, 9, 8, 41, 4, 5, 30, 29, 28, 24, 25, 26, 27, 44, 39, 40, 35, 32, 33, 34, 36, 37, 38, 3];2208.0
[22, 23, 20, 9, 8, 39, 40, 36, 37, 38, 44, 3, 41, 4, 5, 15, 17, 19, 1, 2, 32, 35, 31, 6, 7, 11, 12, 13, 14, 0, 21, 10, 43, 16, 18, 42, 26, 27, 33, 34, 30, 29, 25, 28, 24];2347.0
[20, 10, 11, 43, 12, 27, 33, 34, 37, 4, 5, 2, 25, 26, 28, 32, 36, 35, 31, 1, 44, 39, 41, 6, 7, 8, 9, 40, 38, 3, 19, 21, 0, 30, 29, 23, 24, 42, 22, 18, 16, 17, 15, 13, 14];2279.0
[21, 31, 30, 23, 22, 43, 11, 12, 16, 17, 18, 42, 15, 13, 39, 38, 28, 29, 24, 25, 26, 27, 33, 34, 36, 32, 37, 6, 41, 7, 10, 19, 14, 20, 9, 8, 40, 4, 5, 2, 35, 1, 44, 3, 0];2404.0
[10, 43, 11, 12, 13, 15, 23, 24, 26, 42, 22, 14, 20, 9, 8, 40, 39, 41, 7, 18, 16, 17, 30, 29, 3, 4, 5, 21, 19, 0, 31, 32, 37, 38, 35, 1, 2, 25, 27, 28, 33, 34, 36, 44, 6];2408.0
[37, 44, 3, 4, 5, 20, 43, 11, 10, 21, 30, 29, 32, 1, 2, 41, 6, 9, 7, 15, 23, 24, 42, 22, 18, 16, 17, 28, 26, 25, 27, 33, 34, 31, 0, 19, 14, 12, 13, 8, 40, 39, 38, 35, 36];2329.0
[10, 11, 12, 0, 31, 1, 2, 4, 5, 44, 39, 38, 3, 6, 41, 30, 29, 22, 24, 23, 25, 27, 28, 26, 42, 15, 13, 21, 19, 14, 20, 7, 8, 9, 40, 34, 36, 33, 37, 35, 32, 18, 16, 17, 43];2345.0
[10, 14, 19, 2, 3, 4, 5, 0, 31, 1, 41, 6, 11, 12, 13, 15, 17, 21, 44, 39, 38, 30, 29, 25, 28, 32, 33, 34, 27, 26, 24, 42, 23, 22, 43, 40, 36, 37, 35, 18, 16, 20, 8, 9, 7];2463.0
[43, 13, 15, 18, 12, 16, 17, 19, 21, 31, 30, 26, 27, 33, 37, 39, 40, 41, 7, 14, 20, 9, 8, 4, 5, 35, 32, 34, 28, 29, 22, 42, 23, 24, 25, 36, 38, 3, 0, 1, 2, 44, 6, 10, 11];2484.0
[1, 2, 39, 6, 7, 8, 40, 37, 38, 35, 32, 28, 26, 25, 27, 33, 34, 36, 44, 3, 4, 0, 31, 30, 29, 42, 23, 24, 22, 14, 19, 18, 16, 17, 15, 13, 9, 41, 5, 20, 10, 11, 43, 12, 21];2157.0
[35, 26, 42, 23, 22, 11, 10, 7, 8, 6, 41, 39, 38, 44, 3, 4, 5, 19, 0, 31, 1, 2, 21, 14, 15, 17, 43, 12, 13, 20, 9, 40, 37, 30, 29, 24, 25, 27, 28, 18, 16, 32, 33, 34, 36];2324.0
[42, 23, 22, 18, 16, 17, 10, 14, 19, 20, 7, 8, 9, 40, 44, 39, 38, 33, 34, 35, 31, 1, 2, 5, 43, 11, 12, 15, 13, 21, 0, 3, 4, 6, 41, 36, 37, 32, 26, 25, 27, 28, 30, 29, 24];2106.0
[23, 22, 0, 32, 36, 37, 44, 3, 4, 5, 6, 9, 7, 1, 2, 31, 30, 28, 29, 24, 25, 27, 33, 34, 35, 21, 20, 43, 11, 10, 14, 19, 15, 18, 16, 17, 12, 13, 8, 40, 41, 39, 38, 26, 42];2387.0
[27, 33, 37, 3, 6, 43, 12, 16, 23, 18, 13, 11, 8, 9, 41, 4, 5, 0, 21, 31, 1, 2, 44, 39, 40, 34, 36, 38, 35, 32, 28, 29, 24, 22, 15, 17, 20, 7, 10, 14, 19, 30, 26, 42, 25];2328.0
[2, 30, 25, 26, 27, 28, 32, 36, 44, 4, 6, 5, 21, 14, 15, 17, 23, 24, 33, 37, 38, 3, 39, 40, 41, 16, 18, 42, 20, 9, 7, 43, 12, 13, 11, 8, 34, 35, 31, 29, 22, 10, 19, 0, 1];2600.0
[30, 25, 28, 1, 2, 5, 0, 29, 27, 33, 34, 35, 32, 36, 37, 3, 7, 12, 13, 15, 23, 24, 22, 20, 9, 8, 40, 6, 41, 4, 44, 39, 38, 26, 42, 18, 16, 17, 14, 43, 11, 10, 19, 21, 31];2298.0
[44, 3, 4, 6, 7, 14, 1, 2, 5, 39, 38, 41, 35, 33, 34, 32, 28, 30, 29, 22, 15, 17, 0, 31, 36, 37, 20, 12, 13, 10, 43, 11, 9, 8, 40, 27, 26, 25, 24, 42, 23, 18, 16, 19, 21];2514.0
[13, 17, 43, 11, 1, 2, 39, 40, 34, 37, 38, 44, 3, 41, 35, 32, 36, 4, 5, 12, 16, 18, 42, 26, 24, 23, 22, 14, 20, 9, 8, 6, 7, 10, 19, 0, 21, 31, 30, 25, 28, 29, 33, 27, 15];2491.0
[35, 32, 33, 34, 31, 30, 29, 15, 16, 18, 42, 25, 27, 26, 22, 23, 24, 28, 36, 37, 4, 5, 2, 44, 3, 41, 6, 9, 7, 11, 12, 13, 17, 14, 21, 43, 10, 19, 0, 1, 20, 8, 40, 39, 38];2220.0
[1, 2, 5, 0, 21, 20, 7, 10, 8, 9, 40, 41, 12, 13, 15, 22, 18, 42, 23, 24, 25, 28, 32, 36, 37, 38, 3, 4, 6, 44, 39, 31, 30, 29, 26, 27, 33, 34, 35, 14, 43, 11, 16, 17, 19];2172.0
[19, 43, 12, 13, 31, 30, 29, 36, 38, 44, 41, 39, 25, 26, 23, 24, 18, 42, 22, 14, 15, 16, 17, 20, 8, 40, 34, 35, 32, 28, 27, 33, 37, 5, 1, 2, 3, 4, 6, 9, 7, 10, 11, 21, 0];2369.0
[41, 38, 25, 26, 42, 23, 18, 16, 14, 0, 1, 2, 44, 4, 5, 21, 12, 13, 19, 30, 27, 33, 34, 35, 31, 43, 11, 10, 9, 32, 28, 29, 24, 22, 15, 17, 20, 7, 8, 40, 39, 36, 37, 3, 6];2430.0
[2, 0, 31, 30, 29, 24, 25, 26, 42, 23, 28, 36, 44, 39, 38, 3, 41, 6, 7, 9, 33, 27, 22, 18, 16, 15, 17, 43, 10, 11, 12, 13, 14, 21, 19, 20, 8, 40, 34, 35, 32, 37, 4, 5, 1];2220.0
[4, 6, 7, 15, 24, 28, 29, 22, 23, 18, 16, 32, 34, 35, 19, 43, 12, 13, 17, 42, 26, 25, 27, 33, 37, 40, 9, 8, 41, 0, 21, 31, 1, 2, 39, 38, 44, 5, 20, 11, 10, 14, 30, 36, 3];2701.0
[34, 32, 36, 37, 7, 12, 13, 16, 18, 42, 23, 14, 20, 9, 8, 40, 6, 41, 39, 35, 25, 28, 29, 24, 22, 15, 17, 1, 38, 44, 3, 4, 5, 2, 0, 21, 43, 11, 10, 19, 31, 30, 26, 27, 33];2273.0
[19, 21, 0, 31, 30, 29, 26, 27, 33, 34, 37, 3, 4, 5, 38, 35, 1, 2, 44, 39, 40, 41, 6, 12, 13, 17, 20, 8, 9, 7, 14, 15, 16, 18, 42, 23, 25, 28, 32, 36, 24, 22, 43, 11, 10];2207.0
[43, 11, 10, 14, 17, 18, 16, 20, 8, 9, 39, 40, 41, 5, 0, 30, 24, 42, 23, 22, 19, 21, 37, 38, 29, 25, 27, 26, 28, 32, 33, 34, 36, 35, 31, 1, 2, 44, 3, 4, 6, 7, 12, 13, 15];2257.0
[40, 41, 25, 26, 27, 28, 32, 33, 34, 36, 37, 5, 0, 1, 2, 20, 7, 11, 16, 18, 42, 24, 23, 22, 43, 10, 12, 13, 15, 17, 14, 19, 21, 38, 44, 39, 35, 31, 30, 29, 3, 4, 6, 9, 8];2245.0
[37, 38, 44, 39, 40, 34, 36, 3, 4, 5, 0, 1, 2, 31, 22, 15, 17, 14, 19, 21, 35, 32, 28, 30, 29, 25, 26, 27, 33, 6, 41, 20, 7, 8, 9, 10, 43, 13, 11, 12, 16, 18, 42, 23, 24];2262.0
[10, 7, 9, 8, 40, 27, 26, 42, 23, 24, 18, 16, 19, 21, 30, 29, 25, 28, 37, 38, 35, 31, 1, 3, 5, 2, 32, 33, 34, 36, 44, 39, 6, 41, 4, 0, 14, 43, 11, 12, 13, 15, 17, 22, 20];2221.0
[34, 36, 37, 39, 40, 41, 8, 9, 7, 14, 31, 30, 25, 26, 22, 19, 1, 2, 6, 38, 35, 29, 24, 42, 23, 18, 16, 17, 20, 10, 43, 11, 12, 13, 15, 21, 44, 3, 4, 5, 0, 32, 27, 28, 33];2300.0
[32, 33, 34, 36, 37, 35, 39, 6, 8, 40, 41, 4, 0, 15, 13, 14, 20, 9, 7, 10, 31, 30, 29, 25, 26, 27, 28, 24, 23, 22, 18, 42, 21, 19, 11, 43, 12, 16, 17, 38, 44, 3, 5, 1, 2];2403.0
[9, 43, 11, 14, 15, 17, 18, 16, 42, 26, 25, 28, 31, 1, 2, 44, 41, 6, 10, 12, 13, 23, 22, 19, 21, 39, 40, 34, 36, 37, 38, 35, 32, 27, 33, 3, 4, 5, 0, 30, 29, 24, 20, 7, 8];2407.0
[10, 12, 13, 15, 16, 17, 20, 8, 40, 9, 7, 43, 11, 29, 28, 32, 35, 21, 14, 19, 31, 30, 24, 23, 22, 18, 42, 25, 26, 27, 33, 34, 44, 39, 36, 37, 38, 3, 5, 0, 1, 2, 4, 6, 41];2301.0
[20, 9, 7, 8, 40, 4, 1, 2, 6, 41, 39, 38, 35, 28, 25, 27, 26, 42, 23, 24, 22, 0, 44, 3, 5, 43, 11, 10, 19, 31, 32, 36, 37, 30, 29, 33, 34, 21, 12, 13, 14, 15, 18, 16, 17];2361.0
[8, 40, 28, 26, 24, 42, 23, 22, 15, 17, 43, 12, 13, 1, 2, 41, 6, 39, 38, 35, 18, 16, 14, 21, 30, 29, 25, 27, 33, 37, 44, 3, 4, 5, 31, 32, 36, 34, 0, 19, 20, 11, 10, 7, 9];2323.0
[32, 33, 34, 35, 30, 29, 25, 26, 42, 23, 22, 19, 44, 39, 38, 18, 16, 17, 15, 14, 21, 0, 24, 27, 28, 36, 37, 3, 20, 9, 8, 40, 41, 6, 7, 43, 11, 12, 13, 10, 1, 4, 5, 2, 31];2335.0
[35, 30, 29, 24, 42, 23, 18, 16, 22, 15, 17, 14, 19, 21, 0, 25, 26, 27, 28, 32, 36, 37, 3, 4, 5, 44, 39, 38, 40, 6, 7, 9, 8, 41, 43, 11, 12, 13, 20, 10, 1, 2, 31, 33, 34];2168.0
[26, 42, 22, 18, 16, 15, 17, 23, 24, 12, 13, 43, 11, 10, 9, 40, 38, 25, 27, 33, 37, 44, 3, 7, 8, 41, 6, 4, 20, 14, 19, 21, 0, 2, 39, 36, 34, 35, 28, 29, 32, 1, 5, 31, 30];2519.0
[42, 23, 22, 24, 36, 37, 44, 39, 41, 5, 0, 21, 19, 43, 11, 13, 31, 1, 2, 3, 4, 6, 10, 14, 20, 9, 7, 8, 40, 38, 32, 28, 29, 26, 25, 27, 33, 34, 35, 30, 15, 17, 12, 16, 18];2250.0
[12, 13, 14, 43, 11, 10, 19, 21, 0, 27, 28, 22, 20, 7, 8, 9, 40, 39, 44, 5, 1, 2, 32, 36, 37, 38, 3, 4, 6, 41, 33, 34, 35, 15, 17, 31, 30, 29, 24, 25, 26, 42, 23, 18, 16];2311.0
[33, 34, 31, 1, 2, 6, 41, 44, 3, 4, 5, 0, 32, 35, 36, 37, 21, 19, 15, 14, 43, 11, 10, 20, 7, 9, 8, 40, 39, 38, 28, 26, 42, 23, 22, 18, 12, 13, 16, 17, 30, 29, 24, 25, 27];2167.0
[13, 15, 42, 18, 16, 17, 19, 20, 8, 9, 7, 10, 21, 44, 39, 38, 28, 32, 33, 34, 35, 1, 2, 29, 26, 25, 27, 36, 3, 4, 5, 0, 31, 30, 37, 40, 6, 41, 23, 24, 22, 14, 43, 12, 11];2557.0
[27, 28, 36, 37, 38, 3, 0, 1, 2, 44, 41, 4, 5, 31, 25, 26, 24, 23, 22, 18, 42, 20, 7, 9, 8, 6, 15, 16, 17, 14, 19, 43, 11, 10, 12, 13, 21, 30, 29, 39, 40, 34, 35, 32, 33];2297.0
[8, 7, 10, 14, 43, 11, 16, 18, 28, 30, 29, 26, 42, 22, 23, 24, 25, 27, 33, 34, 35, 32, 36, 37, 38, 44, 3, 4, 6, 41, 5, 20, 12, 13, 15, 17, 19, 21, 0, 31, 1, 2, 39, 40, 9];1950.0
[29, 26, 25, 27, 28, 36, 37, 18, 16, 17, 14, 43, 15, 24, 42, 23, 22, 19, 2, 5, 0, 1, 44, 3, 38, 35, 32, 33, 34, 31, 20, 10, 9, 7, 8, 40, 39, 41, 4, 6, 11, 12, 13, 21, 30];2403.0
[34, 36, 37, 4, 2, 5, 1, 44, 3, 39, 38, 35, 31, 30, 22, 23, 17, 14, 20, 8, 40, 41, 6, 9, 7, 12, 13, 43, 11, 10, 0, 29, 24, 25, 28, 32, 21, 19, 15, 16, 18, 42, 26, 27, 33];2257.0
[23, 25, 28, 32, 34, 36, 37, 38, 39, 44, 3, 7, 9, 8, 40, 41, 6, 4, 5, 0, 31, 30, 29, 26, 27, 33, 1, 2, 35, 24, 22, 14, 19, 21, 20, 10, 11, 16, 43, 12, 13, 15, 17, 18, 42];2137.0
[36, 37, 38, 3, 39, 40, 6, 41, 4, 5, 2, 30, 25, 27, 33, 34, 35, 32, 28, 26, 42, 23, 15, 17, 18, 16, 14, 20, 7, 8, 9, 43, 12, 13, 11, 10, 19, 29, 24, 22, 21, 0, 31, 1, 44];2102.0
[8, 9, 7, 15, 17, 43, 13, 14, 3, 4, 20, 10, 11, 12, 16, 18, 42, 26, 24, 23, 22, 19, 1, 2, 5, 21, 0, 31, 25, 27, 33, 34, 36, 35, 30, 29, 28, 32, 37, 38, 44, 39, 40, 41, 6];2229.0
[17, 44, 40, 39, 38, 3, 1, 2, 4, 6, 41, 5, 30, 29, 27, 33, 34, 36, 37, 25, 28, 32, 35, 31, 20, 8, 9, 7, 10, 16, 18, 26, 42, 22, 14, 43, 11, 12, 13, 23, 24, 19, 21, 0, 15];2493.0
[18, 16, 14, 43, 11, 21, 0, 31, 1, 4, 5, 2, 38, 44, 3, 39, 41, 6, 15, 17, 42, 23, 25, 26, 24, 22, 20, 7, 8, 40, 9, 10, 12, 13, 19, 30, 36, 37, 35, 32, 33, 34, 27, 28, 29];2315.0
[6, 38, 3, 5, 21, 0, 31, 30, 29, 24, 23, 22, 18, 16, 17, 15, 14, 43, 11, 10, 12, 13, 19, 1, 2, 44, 39, 34, 33, 27, 28, 32, 36, 37, 35, 25, 26, 42, 20, 7, 9, 8, 40, 41, 4];2013.0
[28, 27, 33, 34, 36, 6, 7, 10, 15, 17, 11, 12, 13, 14, 19, 0, 1, 44, 40, 37, 4, 5, 20, 21, 31, 30, 29, 25, 26, 42, 23, 22, 24, 18, 16, 43, 9, 8, 41, 39, 38, 3, 2, 35, 32];2255.0
[18, 16, 17, 35, 32, 33, 34, 36, 37, 38, 3, 41, 39, 44, 4, 6, 7, 43, 12, 13, 14, 1, 5, 2, 31, 29, 25, 26, 42, 24, 19, 0, 21, 30, 27, 28, 20, 8, 40, 9, 10, 11, 15, 23, 22];2439.0
[26, 27, 33, 20, 7, 8, 9, 40, 36, 34, 37, 38, 44, 3, 4, 6, 41, 39, 35, 32, 28, 25, 29, 15, 16, 17, 43, 12, 13, 19, 21, 14, 11, 10, 1, 2, 5, 0, 31, 30, 24, 42, 23, 22, 18];2199.0
[43, 11, 42, 23, 22, 24, 28, 1, 2, 39, 38, 3, 6, 8, 40, 41, 25, 26, 27, 33, 34, 15, 17, 18, 16, 19, 36, 37, 35, 31, 12, 13, 14, 30, 29, 32, 44, 4, 5, 0, 21, 20, 7, 9, 10];2746.0
[13, 1, 44, 3, 5, 2, 32, 34, 36, 4, 6, 41, 35, 28, 25, 26, 27, 33, 37, 38, 39, 40, 0, 21, 20, 8, 9, 7, 10, 30, 24, 42, 23, 22, 18, 16, 15, 17, 14, 19, 31, 29, 43, 11, 12];2325.0
[5, 39, 38, 32, 25, 26, 42, 15, 17, 18, 16, 31, 30, 24, 22, 43, 11, 12, 13, 20, 7, 10, 14, 1, 2, 35, 0, 21, 19, 23, 27, 33, 34, 28, 29, 36, 37, 44, 3, 6, 9, 8, 40, 41, 4];2372.0
[33, 34, 36, 37, 38, 39, 40, 27, 28, 29, 24, 22, 18, 42, 23, 15, 12, 16, 17, 32, 35, 31, 0, 21, 19, 1, 2, 5, 44, 3, 20, 11, 13, 14, 43, 10, 7, 9, 8, 41, 6, 4, 30, 25, 26];2294.0
[14, 19, 1, 35, 28, 25, 26, 27, 33, 37, 38, 0, 21, 31, 30, 29, 42, 23, 24, 32, 34, 36, 44, 39, 41, 4, 5, 2, 3, 6, 7, 12, 13, 15, 16, 17, 22, 18, 8, 40, 9, 43, 11, 10, 20];2465.0
[15, 17, 43, 12, 13, 29, 36, 37, 38, 44, 4, 6, 10, 11, 16, 18, 14, 20, 7, 8, 9, 40, 34, 33, 27, 26, 22, 0, 21, 1, 2, 3, 41, 39, 30, 24, 42, 23, 25, 28, 32, 35, 31, 5, 19];2478.0
[37, 38, 35, 33, 34, 41, 9, 15, 17, 18, 16, 20, 8, 40, 39, 32, 28, 22, 23, 43, 11, 12, 13, 4, 5, 21, 0, 1, 2, 29, 25, 26, 42, 24, 27, 36, 44, 3, 6, 7, 10, 14, 19, 31, 30];2624.0
[40, 39, 32, 33, 36, 34, 35, 31, 0, 21, 1, 2, 4, 5, 43, 13, 11, 30, 37, 44, 3, 25, 26, 24, 23, 22, 20, 10, 12, 16, 17, 15, 14, 19, 6, 41, 38, 27, 28, 29, 18, 42, 7, 8, 9];2783.0
[28, 25, 26, 42, 23, 22, 14, 19, 21, 0, 1, 3, 4, 5, 20, 7, 43, 11, 2, 41, 6, 8, 9, 10, 12, 13, 15, 30, 29, 24, 18, 16, 17, 31, 38, 35, 32, 33, 27, 34, 36, 37, 44, 40, 39];2313.0
[11, 12, 13, 14, 10, 43, 16, 18, 42, 22, 1, 44, 3, 39, 32, 35, 28, 29, 36, 37, 38, 4, 6, 40, 41, 2, 5, 0, 30, 24, 23, 15, 17, 19, 21, 31, 25, 26, 27, 33, 34, 20, 7, 8, 9];2408.0
[38, 35, 25, 27, 28, 26, 33, 34, 37, 44, 39, 41, 6, 7, 12, 16, 18, 42, 19, 21, 0, 31, 30, 32, 36, 3, 4, 1, 2, 5, 20, 10, 43, 11, 13, 15, 17, 29, 23, 24, 22, 14, 9, 8, 40];2358.0
[36, 3, 4, 41, 6, 9, 7, 10, 11, 13, 19, 1, 5, 20, 43, 12, 16, 18, 42, 24, 23, 33, 34, 31, 0, 30, 22, 15, 17, 8, 40, 37, 35, 25, 26, 27, 28, 29, 14, 21, 2, 44, 39, 38, 32];2550.0
[36, 28, 26, 25, 27, 33, 34, 35, 29, 18, 16, 1, 2, 4, 5, 20, 10, 7, 8, 40, 9, 6, 41, 39, 37, 38, 44, 3, 31, 30, 42, 23, 24, 22, 21, 0, 19, 15, 17, 14, 43, 11, 12, 13, 32];2368.0
[37, 35, 31, 21, 14, 19, 0, 1, 2, 5, 3, 4, 6, 7, 12, 13, 15, 17, 18, 16, 20, 9, 8, 41, 39, 38, 44, 40, 36, 34, 33, 27, 26, 42, 23, 24, 22, 25, 28, 29, 43, 11, 10, 30, 32];2253.0
[44, 39, 40, 41, 4, 6, 7, 10, 14, 21, 0, 36, 37, 38, 3, 5, 20, 43, 11, 12, 13, 23, 24, 42, 28, 32, 35, 1, 2, 30, 29, 22, 18, 16, 17, 15, 8, 9, 19, 31, 25, 26, 27, 33, 34];2327.0
[17, 21, 0, 31, 30, 24, 27, 33, 37, 4, 6, 41, 20, 7, 10, 14, 43, 12, 13, 11, 9, 8, 39, 40, 38, 44, 3, 35, 32, 36, 34, 28, 29, 25, 26, 42, 23, 22, 19, 1, 2, 5, 18, 16, 15];2265.0
[13, 15, 17, 14, 43, 19, 20, 10, 7, 8, 5, 2, 31, 1, 28, 25, 26, 24, 27, 33, 34, 35, 3, 41, 39, 40, 9, 12, 16, 18, 42, 23, 22, 21, 0, 30, 29, 32, 36, 37, 38, 44, 4, 6, 11];2264.0
[25, 27, 11, 12, 13, 24, 26, 42, 23, 0, 1, 2, 4, 5, 19, 20, 7, 9, 8, 40, 39, 35, 21, 15, 17, 14, 31, 30, 29, 22, 18, 16, 43, 10, 33, 34, 36, 37, 6, 41, 38, 44, 3, 32, 28];2542.0
[26, 42, 27, 33, 37, 38, 44, 3, 5, 0, 21, 19, 15, 17, 20, 7, 14, 36, 34, 35, 31, 30, 29, 24, 22, 18, 23, 43, 11, 10, 12, 13, 16, 1, 2, 41, 4, 6, 9, 8, 40, 39, 32, 28, 25];2312.0
[44, 39, 40, 41, 6, 7, 11, 43, 12, 13, 19, 0, 30, 29, 32, 4, 5, 15, 18, 16, 17, 24, 25, 27, 33, 34, 36, 35, 1, 2, 28, 26, 42, 23, 22, 14, 20, 8, 9, 10, 21, 31, 37, 38, 3];2375.0
[36, 37, 3, 4, 6, 41, 5, 1, 2, 44, 38, 35, 33, 34, 42, 23, 22, 18, 16, 11, 10, 0, 19, 21, 20, 7, 8, 9, 29, 26, 25, 27, 28, 32, 31, 30, 24, 14, 43, 12, 13, 15, 17, 39, 40];2437.0
[12, 16, 18, 42, 23, 22, 2, 44, 3, 41, 6, 7, 9, 8, 40, 39, 38, 4, 43, 13, 14, 21, 19, 1, 5, 0, 31, 30, 28, 29, 24, 25, 26, 15, 17, 35, 32, 27, 33, 34, 36, 37, 20, 10, 11];2377.0
[44, 39, 35, 29, 22, 23, 43, 12, 13, 17, 14, 30, 32, 36, 31, 1, 2, 5, 21, 0, 19, 20, 7, 9, 8, 40, 41, 3, 4, 6, 11, 10, 15, 16, 18, 42, 24, 25, 28, 26, 27, 33, 34, 37, 38];2199.0
[10, 19, 21, 0, 44, 3, 41, 40, 8, 9, 43, 13, 15, 17, 23, 28, 35, 1, 2, 4, 5, 31, 32, 33, 27, 37, 38, 39, 34, 36, 6, 7, 11, 12, 16, 18, 42, 25, 26, 30, 29, 24, 22, 14, 20];2516.0
[31, 25, 28, 32, 36, 37, 26, 27, 33, 34, 35, 30, 29, 42, 23, 24, 22, 14, 43, 10, 11, 19, 18, 16, 20, 7, 9, 8, 6, 12, 13, 15, 17, 21, 1, 5, 2, 3, 41, 39, 40, 38, 44, 4, 0];2257.0
[36, 37, 38, 44, 40, 39, 34, 35, 3, 43, 11, 10, 12, 13, 15, 17, 23, 24, 26, 27, 33, 21, 19, 0, 31, 30, 29, 42, 22, 18, 16, 14, 20, 7, 8, 9, 6, 41, 4, 5, 1, 2, 32, 25, 28];2290.0
[33, 37, 38, 44, 43, 11, 12, 13, 10, 14, 19, 1, 5, 2, 30, 29, 24, 25, 28, 32, 35, 20, 7, 9, 8, 40, 39, 34, 36, 3, 4, 6, 41, 0, 15, 42, 22, 23, 18, 16, 17, 21, 31, 26, 27];2377.0
[9, 10, 43, 11, 7, 8, 36, 37, 38, 41, 6, 12, 13, 15, 20, 14, 1, 3, 4, 5, 21, 0, 31, 30, 29, 26, 42, 23, 24, 28, 25, 27, 33, 34, 35, 32, 22, 18, 16, 17, 19, 2, 44, 39, 40];2276.0
[7, 11, 10, 14, 19, 21, 3, 4, 9, 8, 40, 6, 41, 38, 44, 39, 35, 32, 28, 27, 33, 34, 36, 37, 30, 29, 25, 26, 42, 18, 16, 17, 24, 23, 22, 43, 12, 13, 15, 0, 31, 1, 2, 5, 20];2118.0
[26, 43, 13, 21, 0, 24, 22, 14, 20, 9, 8, 40, 34, 36, 37, 38, 35, 31, 2, 5, 30, 29, 25, 28, 32, 4, 6, 7, 10, 11, 12, 16, 18, 42, 23, 15, 17, 19, 1, 3, 41, 44, 39, 33, 27];2467.0
[24, 22, 19, 21, 20, 7, 8, 41, 4, 5, 2, 31, 30, 29, 25, 26, 42, 23, 18, 16, 9, 40, 34, 36, 37, 44, 3, 6, 11, 12, 13, 14, 43, 10, 15, 17, 0, 1, 39, 38, 35, 33, 32, 27, 28];2259.0
[24, 22, 23, 19, 21, 0, 31, 30, 32, 28, 25, 27, 26, 42, 18, 16, 17, 14, 40, 38, 35, 33, 34, 36, 37, 44, 3, 41, 5, 1, 2, 20, 7, 8, 9, 43, 10, 11, 12, 13, 15, 4, 6, 39, 29];2345.0
[2, 39, 34, 35, 36, 31, 1, 0, 30, 29, 15, 13, 14, 21, 32, 28, 26, 24, 22, 18, 42, 20, 8, 40, 38, 44, 3, 41, 6, 9, 7, 10, 12, 16, 17, 43, 11, 19, 23, 25, 27, 33, 37, 4, 5];2522.0
[44, 39, 41, 9, 8, 4, 6, 7, 10, 43, 11, 12, 13, 15, 14, 20, 40, 33, 27, 28, 29, 25, 26, 42, 18, 16, 17, 19, 32, 34, 36, 37, 3, 5, 1, 38, 35, 31, 30, 24, 23, 22, 21, 0, 2];2285.0
[3, 4, 5, 0, 1, 2, 25, 26, 42, 18, 16, 17, 15, 23, 24, 27, 28, 44, 39, 38, 35, 32, 36, 37, 30, 29, 22, 43, 10, 7, 8, 41, 6, 11, 12, 13, 14, 31, 33, 34, 19, 21, 20, 9, 40];2442.0
[21, 32, 34, 35, 28, 25, 26, 27, 33, 4, 6, 7, 12, 13, 43, 11, 19, 1, 2, 3, 41, 39, 0, 31, 30, 29, 18, 16, 23, 24, 42, 22, 9, 8, 40, 36, 37, 38, 44, 5, 20, 10, 15, 17, 14];2428.0
[30, 29, 42, 23, 24, 22, 18, 16, 43, 11, 12, 13, 39, 40, 34, 35, 36, 37, 38, 44, 3, 41, 6, 7, 8, 9, 14, 20, 10, 19, 21, 33, 27, 26, 25, 28, 32, 31, 15, 17, 0, 1, 5, 2, 4];2315.0
[15, 17, 18, 42, 32, 36, 37, 39, 40, 41, 6, 4, 5, 2, 31, 30, 29, 27, 33, 34, 28, 25, 26, 23, 24, 22, 1, 44, 3, 38, 35, 0, 19, 21, 14, 43, 11, 13, 12, 16, 20, 8, 9, 7, 10];2246.0
[2, 30, 29, 26, 25, 27, 36, 44, 6, 4, 7, 8, 40, 37, 35, 33, 34, 0, 43, 12, 13, 11, 9, 41, 39, 38, 3, 5, 31, 32, 28, 22, 14, 21, 19, 20, 10, 15, 23, 24, 42, 18, 16, 17, 1];2516.0
[13, 12, 14, 43, 11, 10, 7, 30, 24, 22, 18, 16, 17, 21, 19, 20, 8, 9, 40, 6, 41, 39, 44, 3, 38, 35, 32, 33, 34, 36, 37, 1, 2, 4, 5, 0, 31, 29, 25, 27, 28, 26, 42, 23, 15];2114.0
[17, 19, 21, 0, 31, 32, 36, 35, 28, 25, 27, 33, 34, 37, 38, 44, 39, 3, 6, 41, 4, 5, 30, 29, 22, 14, 43, 11, 20, 10, 26, 42, 24, 23, 18, 16, 1, 2, 40, 9, 8, 7, 12, 13, 15];2306.0
[30, 32, 33, 27, 34, 35, 28, 25, 29, 24, 26, 42, 23, 22, 21, 1, 2, 5, 44, 3, 41, 6, 7, 43, 11, 36, 37, 38, 4, 19, 14, 15, 18, 16, 17, 20, 8, 39, 40, 9, 10, 12, 13, 0, 31];2395.0
[9, 8, 40, 39, 44, 3, 41, 6, 10, 12, 16, 17, 15, 22, 18, 42, 23, 14, 43, 11, 13, 19, 21, 1, 2, 5, 4, 0, 30, 29, 25, 28, 32, 37, 38, 35, 31, 24, 26, 27, 33, 36, 34, 20, 7];2214.0
[28, 26, 42, 18, 16, 21, 0, 1, 6, 41, 7, 10, 15, 17, 32, 34, 33, 27, 23, 24, 22, 14, 19, 20, 9, 8, 4, 5, 43, 11, 12, 13, 2, 40, 36, 37, 38, 44, 3, 39, 35, 31, 30, 29, 25];2416.0
[29, 25, 28, 36, 6, 41, 7, 21, 31, 30, 24, 23, 22, 0, 1, 44, 39, 34, 37, 38, 3, 4, 2, 5, 20, 9, 8, 40, 35, 32, 33, 27, 26, 42, 43, 11, 10, 12, 13, 15, 18, 16, 17, 14, 19];2350.0
[21, 43, 12, 13, 31, 33, 34, 36, 37, 38, 35, 32, 27, 26, 42, 19, 1, 30, 29, 22, 23, 24, 25, 28, 6, 7, 10, 11, 14, 15, 18, 16, 17, 20, 9, 8, 41, 4, 5, 2, 44, 39, 40, 3, 0];2351.0
[25, 26, 27, 28, 32, 33, 24, 22, 14, 20, 7, 10, 9, 8, 40, 37, 38, 34, 36, 35, 31, 21, 11, 16, 0, 1, 2, 4, 5, 6, 41, 39, 44, 3, 15, 17, 18, 42, 23, 43, 12, 13, 19, 30, 29];2474.0
[3, 0, 21, 31, 30, 29, 36, 37, 44, 5, 2, 24, 43, 12, 13, 19, 1, 4, 6, 41, 9, 15, 17, 14, 20, 7, 10, 11, 32, 33, 34, 35, 28, 25, 26, 27, 42, 23, 22, 18, 16, 8, 40, 39, 38];2491.0
[41, 6, 12, 13, 23, 22, 20, 7, 8, 9, 15, 24, 25, 28, 32, 36, 37, 38, 4, 5, 21, 43, 11, 10, 14, 0, 31, 1, 2, 44, 3, 30, 29, 27, 26, 42, 18, 16, 17, 19, 33, 34, 35, 40, 39];2451.0
[8, 40, 4, 5, 35, 29, 18, 16, 12, 13, 15, 17, 21, 1, 2, 41, 6, 43, 11, 10, 23, 24, 28, 44, 39, 25, 27, 26, 42, 22, 14, 19, 0, 31, 30, 33, 34, 32, 36, 37, 38, 3, 20, 7, 9];2570.0
[43, 11, 2, 44, 3, 5, 30, 29, 24, 42, 26, 27, 33, 34, 37, 40, 41, 39, 38, 35, 28, 22, 18, 16, 17, 23, 20, 9, 8, 15, 12, 13, 1, 4, 6, 7, 10, 14, 19, 21, 0, 31, 25, 32, 36];2576.0
[12, 13, 14, 43, 16, 17, 15, 27, 33, 34, 36, 39, 40, 31, 30, 42, 23, 24, 22, 18, 26, 25, 28, 29, 35, 32, 37, 38, 44, 3, 5, 2, 0, 19, 21, 20, 7, 10, 9, 8, 41, 1, 4, 6, 11];2402.0
[37, 44, 41, 6, 39, 40, 34, 36, 32, 35, 1, 38, 3, 4, 2, 5, 0, 21, 31, 30, 29, 43, 11, 20, 10, 7, 8, 9, 12, 13, 15, 17, 18, 16, 42, 23, 22, 14, 19, 24, 25, 28, 26, 27, 33];2320.0
[15, 17, 13, 14, 11, 10, 20, 9, 8, 40, 41, 39, 31, 29, 25, 28, 26, 27, 33, 34, 30, 42, 22, 18, 16, 23, 24, 36, 37, 38, 6, 7, 1, 2, 32, 35, 44, 3, 4, 5, 0, 19, 21, 43, 12];2434.0
[20, 7, 43, 11, 12, 13, 15, 17, 14, 10, 21, 1, 2, 3, 41, 4, 6, 9, 8, 40, 39, 31, 0, 19, 18, 16, 23, 22, 24, 42, 26, 25, 28, 36, 37, 38, 44, 35, 32, 30, 29, 27, 33, 34, 5];2234.0
[29, 25, 26, 42, 15, 13, 14, 19, 0, 1, 44, 3, 5, 2, 31, 30, 22, 23, 24, 27, 37, 38, 39, 41, 4, 20, 9, 8, 40, 6, 7, 17, 18, 16, 43, 11, 12, 10, 21, 33, 34, 36, 35, 32, 28];2333.0
[24, 42, 23, 22, 19, 21, 14, 15, 18, 16, 17, 2, 44, 3, 4, 6, 43, 11, 12, 13, 0, 25, 26, 27, 34, 33, 36, 37, 40, 41, 39, 38, 35, 32, 28, 29, 20, 7, 8, 9, 10, 1, 5, 31, 30];2339.0
[2, 4, 9, 8, 40, 41, 6, 7, 19, 23, 24, 42, 22, 14, 43, 11, 10, 25, 26, 27, 33, 34, 36, 35, 1, 0, 20, 12, 13, 15, 17, 18, 16, 21, 31, 30, 28, 29, 32, 37, 38, 39, 44, 3, 5];2327.0
[6, 41, 36, 37, 20, 7, 10, 11, 19, 21, 2, 31, 30, 29, 22, 1, 4, 5, 43, 12, 13, 14, 15, 17, 18, 16, 0, 32, 33, 27, 25, 26, 42, 23, 24, 28, 34, 35, 40, 9, 8, 39, 38, 44, 3];2450.0
[12, 13, 15, 17, 21, 36, 34, 37, 38, 5, 20, 7, 10, 43, 11, 9, 8, 40, 41, 6, 39, 35, 32, 33, 27, 28, 29, 25, 26, 14, 19, 1, 2, 31, 30, 24, 42, 23, 22, 18, 16, 0, 44, 3, 4];2280.0
[21, 31, 30, 29, 23, 24, 22, 15, 17, 8, 9, 41, 4, 5, 20, 10, 14, 19, 27, 33, 3, 6, 7, 43, 13, 11, 12, 16, 18, 42, 25, 26, 28, 1, 2, 38, 44, 39, 40, 34, 32, 36, 37, 35, 0];2521.0
[13, 18, 16, 17, 21, 19, 29, 36, 37, 44, 3, 5, 0, 31, 1, 2, 4, 7, 10, 15, 23, 25, 28, 32, 33, 34, 30, 24, 22, 14, 20, 9, 8, 40, 41, 6, 39, 38, 35, 27, 26, 42, 11, 43, 12];2375.0
[34, 30, 24, 22, 19, 21, 31, 32, 36, 37, 4, 6, 8, 9, 40, 41, 5, 2, 20, 7, 10, 13, 15, 17, 43, 11, 12, 16, 18, 42, 23, 14, 0, 1, 44, 3, 39, 38, 35, 28, 29, 26, 25, 27, 33];2179.0
[35, 30, 29, 25, 28, 36, 3, 0, 21, 15, 12, 13, 16, 17, 14, 19, 20, 7, 9, 8, 40, 41, 6, 4, 5, 31, 32, 33, 27, 26, 24, 42, 23, 22, 18, 34, 37, 38, 10, 43, 11, 1, 2, 44, 39];2410.0
[20, 10, 9, 40, 34, 36, 37, 35, 33, 27, 26, 42, 25, 32, 28, 29, 24, 23, 19, 21, 1, 2, 44, 41, 6, 7, 8, 39, 38, 3, 4, 5, 0, 31, 30, 22, 18, 12, 16, 17, 15, 13, 14, 43, 11];2236.0
[14, 43, 30, 29, 32, 34, 36, 44, 3, 28, 25, 26, 11, 12, 13, 0, 1, 5, 20, 10, 7, 9, 8, 40, 39, 38, 35, 31, 2, 4, 21, 19, 23, 22, 16, 18, 42, 24, 27, 33, 37, 6, 41, 15, 17];2635.0
[0, 1, 31, 30, 25, 26, 22, 20, 7, 15, 17, 18, 16, 14, 43, 10, 11, 19, 2, 44, 3, 5, 35, 32, 33, 27, 29, 24, 42, 23, 28, 36, 4, 9, 8, 41, 39, 40, 34, 37, 38, 6, 12, 13, 21];2493.0
[1, 2, 35, 31, 30, 24, 42, 23, 22, 15, 18, 16, 17, 14, 20, 43, 11, 12, 13, 33, 34, 36, 40, 9, 8, 39, 32, 28, 29, 25, 26, 27, 37, 38, 44, 41, 6, 7, 10, 19, 0, 21, 3, 4, 5];2278.0
[40, 33, 27, 28, 29, 32, 44, 3, 39, 34, 35, 36, 37, 38, 31, 30, 14, 20, 10, 9, 41, 4, 5, 2, 16, 18, 42, 23, 25, 26, 24, 22, 43, 11, 12, 13, 15, 17, 19, 21, 0, 1, 6, 7, 8];2401.0
[17, 14, 44, 40, 9, 19, 21, 26, 25, 28, 3, 7, 8, 41, 6, 4, 5, 20, 10, 11, 43, 12, 13, 15, 42, 22, 23, 24, 27, 33, 37, 38, 39, 32, 36, 34, 35, 31, 1, 2, 0, 30, 29, 18, 16];2524.0
[0, 21, 19, 20, 7, 9, 8, 6, 41, 38, 35, 27, 26, 25, 42, 23, 22, 18, 16, 17, 1, 2, 31, 30, 29, 14, 43, 32, 33, 34, 36, 37, 28, 24, 15, 12, 13, 11, 10, 40, 39, 44, 3, 4, 5];2317.0
[17, 43, 11, 10, 21, 0, 31, 32, 33, 34, 1, 20, 9, 7, 30, 29, 25, 26, 27, 28, 36, 37, 3, 4, 5, 2, 44, 39, 41, 6, 8, 40, 38, 35, 24, 42, 15, 13, 12, 14, 19, 23, 22, 18, 16];2313.0
[43, 11, 12, 13, 1, 2, 0, 31, 30, 25, 27, 26, 42, 22, 21, 38, 44, 39, 36, 37, 3, 20, 10, 9, 7, 8, 40, 41, 6, 4, 5, 24, 23, 28, 29, 32, 33, 34, 35, 19, 18, 16, 17, 15, 14];2433.0
[38, 44, 3, 0, 31, 21, 20, 10, 19, 14, 15, 13, 17, 43, 11, 12, 16, 18, 42, 36, 4, 2, 5, 1, 39, 40, 41, 6, 8, 9, 7, 23, 24, 22, 25, 28, 32, 33, 34, 35, 30, 29, 26, 27, 37];2486.0
[14, 3, 4, 6, 9, 8, 40, 41, 5, 21, 0, 30, 25, 28, 32, 37, 44, 39, 38, 29, 22, 23, 24, 42, 26, 27, 33, 34, 36, 35, 31, 1, 2, 19, 15, 13, 17, 18, 16, 20, 7, 43, 11, 10, 12];2269.0
